# Tier 7 (Very Large) - Instance 28
# Generated with config: N=396, K=5, topology=random_dag, calendar=staggered

# HEADER: <num_tasks> <num_types> <num_units>
398 5 21

# RESOURCE TYPES
# Format: <type_id> <num_units> <unit_id1> <unit_id2> ...
0 4 0 1 2 3
1 4 4 5 6 7
2 4 8 9 10 11
3 4 12 13 14 15
4 5 16 17 18 19 20

# RESOURCE UNITS (Calendars)
# Format: <unit_id> <num_steps> <t1> <v1> <t2> <v2> ...
0 22 0 100 1 0 39 100 320 0 356 100 635 0 671 100 955 0 992 100 1272 0 1310 100 1589 0 1626 100 1905 0 1944 100 2226 0 2264 100 2547 0 2585 100 2866 0 2903 100 3519 0
1 22 0 100 15 0 40 100 334 0 360 100 651 0 679 100 970 0 995 100 1290 0 1316 100 1610 0 1635 100 1927 0 1955 100 2247 0 2275 100 2565 0 2591 100 2885 0 2913 100 3519 0
2 22 0 100 28 0 57 100 346 0 377 100 664 0 694 100 985 0 1015 100 1303 0 1334 100 1624 0 1653 100 1941 0 1972 100 2259 0 2290 100 2581 0 2613 100 2902 0 2931 100 3519 0
3 22 0 100 46 0 80 100 365 0 400 100 682 0 717 100 1000 0 1037 100 1323 0 1360 100 1643 0 1679 100 1960 0 1995 100 2278 0 2315 100 2599 0 2633 100 2914 0 2950 100 3519 0
4 22 0 100 61 0 117 100 380 0 435 100 698 0 751 100 1018 0 1071 100 1338 0 1391 100 1653 0 1706 100 1970 0 2026 100 2290 0 2343 100 2609 0 2663 100 2927 0 2983 100 3519 0
5 22 0 100 77 0 117 100 397 0 436 100 717 0 756 100 1036 0 1077 100 1357 0 1396 100 1678 0 1717 100 1996 0 2035 100 2314 0 2352 100 2634 0 2674 100 2954 0 2994 100 3519 0
6 22 0 100 89 0 122 100 408 0 442 100 728 0 762 100 1048 0 1081 100 1367 0 1402 100 1687 0 1722 100 2009 0 2042 100 2326 0 2361 100 2646 0 2679 100 2961 0 2996 100 3519 0
7 22 0 100 107 0 145 100 425 0 463 100 747 0 782 100 1062 0 1098 100 1381 0 1417 100 1698 0 1733 100 2014 0 2053 100 2337 0 2375 100 2654 0 2690 100 2973 0 3008 100 3519 0
8 22 0 100 123 0 163 100 439 0 479 100 756 0 795 100 1074 0 1116 100 1391 0 1432 100 1711 0 1750 100 2027 0 2066 100 2346 0 2387 100 2662 0 2704 100 2985 0 3026 100 3519 0
9 22 0 100 137 0 183 100 454 0 499 100 772 0 817 100 1091 0 1138 100 1409 0 1454 100 1728 0 1776 100 2049 0 2095 100 2366 0 2410 100 2680 0 2726 100 2998 0 3043 100 3519 0
10 22 0 100 150 0 193 100 471 0 512 100 789 0 832 100 1112 0 1153 100 1433 0 1474 100 1753 0 1796 100 2075 0 2118 100 2395 0 2438 100 2716 0 2758 100 3033 0 3074 100 3519 0
11 22 0 100 166 0 208 100 488 0 530 100 807 0 848 100 1124 0 1164 100 1443 0 1485 100 1765 0 1806 100 2083 0 2123 100 2401 0 2440 100 2721 0 2760 100 3039 0 3079 100 3519 0
12 22 0 100 181 0 224 100 504 0 545 100 822 0 863 100 1142 0 1184 100 1460 0 1503 100 1780 0 1822 100 2097 0 2139 100 2418 0 2460 100 2735 0 2776 100 3056 0 3096 100 3519 0
13 22 0 100 197 0 251 100 512 0 566 100 832 0 887 100 1149 0 1205 100 1469 0 1524 100 1788 0 1844 100 2106 0 2162 100 2423 0 2477 100 2738 0 2794 100 3060 0 3115 100 3519 0
14 22 0 100 214 0 245 100 537 0 567 100 859 0 888 100 1175 0 1206 100 1495 0 1523 100 1811 0 1841 100 2128 0 2157 100 2446 0 2476 100 2767 0 2795 100 3086 0 3114 100 3519 0
15 22 0 100 227 0 259 100 544 0 574 100 858 0 889 100 1175 0 1206 100 1490 0 1521 100 1808 0 1840 100 2128 0 2161 100 2445 0 2476 100 2761 0 2794 100 3079 0 3111 100 3519 0
16 22 0 100 244 0 285 100 563 0 602 100 881 0 921 100 1202 0 1243 100 1524 0 1564 100 1842 0 1882 100 2159 0 2198 100 2474 0 2514 100 2794 0 2833 100 3109 0 3148 100 3519 0
17 22 0 100 259 0 293 100 575 0 609 100 895 0 928 100 1214 0 1246 100 1528 0 1563 100 1845 0 1878 100 2165 0 2199 100 2485 0 2520 100 2805 0 2838 100 3123 0 3158 100 3519 0
18 22 0 100 273 0 319 100 592 0 638 100 913 0 961 100 1231 0 1279 100 1553 0 1597 100 1870 0 1915 100 2186 0 2233 100 2504 0 2551 100 2821 0 2869 100 3143 0 3189 100 3519 0
19 22 0 100 289 0 331 100 604 0 649 100 927 0 972 100 1246 0 1290 100 1567 0 1610 100 1882 0 1926 100 2200 0 2243 100 2519 0 2564 100 2838 0 2884 100 3157 0 3199 100 3519 0
20 22 0 100 302 0 336 100 622 0 657 100 940 0 976 100 1258 0 1293 100 1578 0 1612 100 1895 0 1931 100 2216 0 2251 100 2535 0 2571 100 2857 0 2891 100 3175 0 3209 100 3519 0

# TASKS
# Format: <task_id> <size> <num_reqs>
# Then for each requirement: <type_id> <qty>
0 0 5
 0 0
 1 0
 2 0
 3 0
 4 0
1 6 5
 0 0
 1 0
 2 3
 3 2
 4 0
2 16 5
 0 0
 1 0
 2 3
 3 2
 4 3
3 2 5
 0 1
 1 3
 2 2
 3 0
 4 0
4 18 5
 0 2
 1 2
 2 0
 3 1
 4 0
5 20 5
 0 0
 1 3
 2 0
 3 0
 4 2
6 20 5
 0 1
 1 0
 2 1
 3 3
 4 0
7 2 5
 0 1
 1 2
 2 2
 3 0
 4 0
8 17 5
 0 2
 1 1
 2 0
 3 1
 4 3
9 9 5
 0 3
 1 3
 2 1
 3 0
 4 0
10 8 5
 0 0
 1 1
 2 0
 3 0
 4 0
11 9 5
 0 0
 1 3
 2 0
 3 0
 4 0
12 16 5
 0 0
 1 1
 2 1
 3 2
 4 0
13 19 5
 0 0
 1 2
 2 0
 3 0
 4 0
14 4 5
 0 2
 1 1
 2 0
 3 3
 4 1
15 6 5
 0 3
 1 3
 2 3
 3 1
 4 2
16 9 5
 0 1
 1 0
 2 2
 3 0
 4 1
17 16 5
 0 0
 1 0
 2 0
 3 2
 4 0
18 18 5
 0 0
 1 0
 2 1
 3 3
 4 0
19 9 5
 0 2
 1 2
 2 1
 3 0
 4 3
20 7 5
 0 0
 1 1
 2 3
 3 3
 4 0
21 3 5
 0 1
 1 3
 2 2
 3 0
 4 1
22 14 5
 0 2
 1 2
 2 0
 3 1
 4 0
23 8 5
 0 1
 1 0
 2 0
 3 1
 4 1
24 8 5
 0 0
 1 3
 2 3
 3 3
 4 0
25 9 5
 0 0
 1 2
 2 2
 3 0
 4 2
26 17 5
 0 0
 1 3
 2 0
 3 0
 4 0
27 18 5
 0 2
 1 1
 2 2
 3 3
 4 1
28 4 5
 0 0
 1 0
 2 2
 3 0
 4 1
29 8 5
 0 0
 1 1
 2 0
 3 0
 4 0
30 15 5
 0 2
 1 0
 2 0
 3 1
 4 3
31 16 5
 0 1
 1 3
 2 0
 3 3
 4 0
32 9 5
 0 1
 1 0
 2 0
 3 3
 4 3
33 8 5
 0 0
 1 2
 2 0
 3 1
 4 0
34 3 5
 0 0
 1 2
 2 2
 3 3
 4 1
35 20 5
 0 0
 1 2
 2 0
 3 0
 4 2
36 13 5
 0 3
 1 3
 2 0
 3 3
 4 3
37 8 5
 0 1
 1 1
 2 0
 3 1
 4 0
38 10 5
 0 1
 1 0
 2 3
 3 0
 4 0
39 11 5
 0 3
 1 2
 2 3
 3 0
 4 1
40 6 5
 0 3
 1 2
 2 2
 3 0
 4 1
41 10 5
 0 0
 1 3
 2 3
 3 2
 4 2
42 7 5
 0 0
 1 0
 2 3
 3 0
 4 2
43 1 5
 0 0
 1 0
 2 1
 3 0
 4 0
44 14 5
 0 0
 1 3
 2 1
 3 1
 4 1
45 4 5
 0 0
 1 3
 2 1
 3 0
 4 2
46 14 5
 0 0
 1 0
 2 3
 3 1
 4 0
47 12 5
 0 0
 1 0
 2 0
 3 0
 4 2
48 7 5
 0 0
 1 2
 2 3
 3 0
 4 1
49 4 5
 0 1
 1 0
 2 1
 3 1
 4 2
50 12 5
 0 1
 1 2
 2 0
 3 1
 4 0
51 12 5
 0 2
 1 0
 2 0
 3 0
 4 0
52 11 5
 0 0
 1 0
 2 2
 3 0
 4 3
53 4 5
 0 2
 1 0
 2 1
 3 1
 4 0
54 2 5
 0 3
 1 2
 2 0
 3 0
 4 2
55 19 5
 0 1
 1 0
 2 2
 3 3
 4 2
56 15 5
 0 0
 1 3
 2 0
 3 0
 4 1
57 20 5
 0 0
 1 3
 2 0
 3 2
 4 0
58 17 5
 0 2
 1 0
 2 0
 3 1
 4 1
59 8 5
 0 3
 1 0
 2 0
 3 2
 4 0
60 4 5
 0 0
 1 3
 2 1
 3 0
 4 1
61 8 5
 0 3
 1 0
 2 0
 3 1
 4 3
62 19 5
 0 0
 1 1
 2 2
 3 0
 4 1
63 4 5
 0 3
 1 0
 2 1
 3 3
 4 0
64 9 5
 0 3
 1 0
 2 1
 3 3
 4 0
65 4 5
 0 0
 1 2
 2 0
 3 0
 4 0
66 17 5
 0 1
 1 0
 2 3
 3 0
 4 0
67 8 5
 0 2
 1 1
 2 0
 3 0
 4 0
68 13 5
 0 0
 1 0
 2 2
 3 0
 4 3
69 6 5
 0 0
 1 3
 2 1
 3 0
 4 0
70 2 5
 0 1
 1 0
 2 0
 3 0
 4 2
71 11 5
 0 3
 1 3
 2 3
 3 1
 4 3
72 2 5
 0 3
 1 2
 2 2
 3 0
 4 3
73 10 5
 0 1
 1 1
 2 0
 3 0
 4 2
74 6 5
 0 1
 1 0
 2 1
 3 0
 4 0
75 7 5
 0 2
 1 2
 2 2
 3 1
 4 0
76 1 5
 0 0
 1 2
 2 1
 3 0
 4 0
77 13 5
 0 0
 1 3
 2 0
 3 3
 4 2
78 10 5
 0 0
 1 0
 2 0
 3 0
 4 2
79 8 5
 0 3
 1 0
 2 0
 3 1
 4 0
80 18 5
 0 3
 1 2
 2 0
 3 0
 4 3
81 1 5
 0 3
 1 1
 2 0
 3 1
 4 2
82 20 5
 0 0
 1 3
 2 0
 3 3
 4 0
83 1 5
 0 0
 1 0
 2 0
 3 1
 4 2
84 19 5
 0 0
 1 3
 2 1
 3 2
 4 0
85 6 5
 0 0
 1 0
 2 0
 3 3
 4 1
86 14 5
 0 0
 1 3
 2 0
 3 2
 4 0
87 15 5
 0 0
 1 0
 2 1
 3 1
 4 0
88 15 5
 0 1
 1 2
 2 1
 3 3
 4 0
89 18 5
 0 0
 1 1
 2 0
 3 0
 4 0
90 7 5
 0 0
 1 2
 2 2
 3 0
 4 2
91 9 5
 0 0
 1 1
 2 3
 3 0
 4 3
92 5 5
 0 2
 1 3
 2 2
 3 0
 4 3
93 14 5
 0 0
 1 1
 2 3
 3 0
 4 1
94 10 5
 0 0
 1 3
 2 1
 3 0
 4 3
95 14 5
 0 0
 1 2
 2 1
 3 0
 4 1
96 10 5
 0 3
 1 0
 2 2
 3 1
 4 1
97 4 5
 0 1
 1 3
 2 1
 3 0
 4 0
98 11 5
 0 2
 1 2
 2 2
 3 0
 4 3
99 1 5
 0 3
 1 3
 2 2
 3 0
 4 1
100 15 5
 0 3
 1 3
 2 3
 3 2
 4 0
101 1 5
 0 1
 1 0
 2 0
 3 3
 4 1
102 5 5
 0 2
 1 1
 2 2
 3 3
 4 0
103 10 5
 0 2
 1 3
 2 2
 3 1
 4 2
104 9 5
 0 3
 1 1
 2 0
 3 3
 4 0
105 1 5
 0 0
 1 2
 2 1
 3 0
 4 0
106 14 5
 0 1
 1 2
 2 3
 3 2
 4 0
107 18 5
 0 2
 1 0
 2 1
 3 0
 4 0
108 10 5
 0 3
 1 3
 2 0
 3 0
 4 2
109 18 5
 0 1
 1 0
 2 0
 3 0
 4 0
110 6 5
 0 0
 1 0
 2 0
 3 3
 4 1
111 9 5
 0 0
 1 1
 2 0
 3 2
 4 0
112 1 5
 0 1
 1 2
 2 0
 3 3
 4 3
113 14 5
 0 3
 1 3
 2 1
 3 1
 4 0
114 19 5
 0 0
 1 3
 2 2
 3 1
 4 2
115 15 5
 0 2
 1 2
 2 1
 3 0
 4 2
116 6 5
 0 1
 1 1
 2 3
 3 3
 4 1
117 12 5
 0 1
 1 0
 2 2
 3 1
 4 3
118 20 5
 0 2
 1 0
 2 0
 3 1
 4 0
119 18 5
 0 1
 1 3
 2 2
 3 3
 4 0
120 8 5
 0 0
 1 2
 2 0
 3 2
 4 0
121 13 5
 0 2
 1 1
 2 0
 3 1
 4 0
122 4 5
 0 2
 1 1
 2 0
 3 2
 4 0
123 9 5
 0 0
 1 3
 2 3
 3 1
 4 0
124 11 5
 0 3
 1 2
 2 1
 3 1
 4 3
125 15 5
 0 3
 1 3
 2 1
 3 0
 4 0
126 14 5
 0 1
 1 0
 2 0
 3 0
 4 0
127 17 5
 0 1
 1 1
 2 0
 3 1
 4 3
128 9 5
 0 0
 1 3
 2 0
 3 2
 4 1
129 5 5
 0 2
 1 2
 2 1
 3 1
 4 3
130 4 5
 0 2
 1 0
 2 3
 3 0
 4 2
131 16 5
 0 0
 1 0
 2 3
 3 3
 4 0
132 6 5
 0 1
 1 0
 2 0
 3 0
 4 0
133 4 5
 0 0
 1 3
 2 1
 3 2
 4 2
134 3 5
 0 1
 1 3
 2 1
 3 1
 4 1
135 19 5
 0 2
 1 0
 2 1
 3 0
 4 0
136 6 5
 0 0
 1 2
 2 2
 3 2
 4 0
137 17 5
 0 1
 1 2
 2 1
 3 0
 4 0
138 6 5
 0 0
 1 1
 2 0
 3 0
 4 1
139 19 5
 0 0
 1 1
 2 1
 3 0
 4 3
140 3 5
 0 0
 1 0
 2 0
 3 0
 4 1
141 7 5
 0 3
 1 2
 2 1
 3 2
 4 2
142 6 5
 0 0
 1 0
 2 3
 3 1
 4 2
143 9 5
 0 0
 1 1
 2 3
 3 0
 4 0
144 5 5
 0 2
 1 3
 2 1
 3 2
 4 1
145 17 5
 0 1
 1 0
 2 1
 3 1
 4 3
146 4 5
 0 2
 1 3
 2 1
 3 1
 4 0
147 2 5
 0 1
 1 0
 2 0
 3 0
 4 1
148 9 5
 0 0
 1 1
 2 1
 3 2
 4 0
149 18 5
 0 0
 1 0
 2 0
 3 0
 4 1
150 11 5
 0 1
 1 1
 2 3
 3 3
 4 1
151 19 5
 0 1
 1 0
 2 0
 3 1
 4 3
152 6 5
 0 3
 1 0
 2 0
 3 0
 4 1
153 16 5
 0 2
 1 0
 2 3
 3 1
 4 1
154 9 5
 0 0
 1 1
 2 0
 3 0
 4 1
155 2 5
 0 3
 1 3
 2 3
 3 1
 4 0
156 18 5
 0 0
 1 3
 2 1
 3 1
 4 0
157 19 5
 0 0
 1 0
 2 0
 3 1
 4 1
158 3 5
 0 2
 1 1
 2 0
 3 2
 4 1
159 8 5
 0 1
 1 2
 2 1
 3 1
 4 2
160 12 5
 0 0
 1 0
 2 1
 3 1
 4 2
161 12 5
 0 2
 1 3
 2 2
 3 0
 4 0
162 9 5
 0 0
 1 3
 2 3
 3 2
 4 0
163 11 5
 0 1
 1 0
 2 3
 3 0
 4 2
164 19 5
 0 1
 1 1
 2 2
 3 0
 4 1
165 10 5
 0 1
 1 2
 2 2
 3 3
 4 0
166 16 5
 0 0
 1 1
 2 2
 3 0
 4 1
167 4 5
 0 1
 1 3
 2 2
 3 3
 4 0
168 10 5
 0 2
 1 1
 2 0
 3 3
 4 0
169 3 5
 0 3
 1 3
 2 0
 3 0
 4 2
170 7 5
 0 3
 1 2
 2 0
 3 0
 4 0
171 8 5
 0 0
 1 3
 2 0
 3 0
 4 0
172 18 5
 0 2
 1 0
 2 0
 3 3
 4 0
173 12 5
 0 0
 1 3
 2 3
 3 0
 4 1
174 9 5
 0 3
 1 2
 2 0
 3 2
 4 2
175 13 5
 0 1
 1 2
 2 0
 3 1
 4 0
176 16 5
 0 0
 1 0
 2 0
 3 2
 4 0
177 19 5
 0 3
 1 2
 2 1
 3 0
 4 3
178 20 5
 0 0
 1 2
 2 0
 3 0
 4 0
179 13 5
 0 2
 1 3
 2 0
 3 0
 4 0
180 19 5
 0 0
 1 1
 2 0
 3 0
 4 2
181 6 5
 0 0
 1 3
 2 3
 3 0
 4 3
182 17 5
 0 3
 1 3
 2 3
 3 1
 4 1
183 8 5
 0 2
 1 2
 2 2
 3 0
 4 3
184 14 5
 0 3
 1 0
 2 2
 3 2
 4 0
185 2 5
 0 1
 1 1
 2 1
 3 3
 4 2
186 14 5
 0 3
 1 2
 2 0
 3 2
 4 3
187 11 5
 0 0
 1 0
 2 3
 3 0
 4 1
188 17 5
 0 0
 1 0
 2 2
 3 0
 4 2
189 14 5
 0 3
 1 2
 2 2
 3 0
 4 0
190 15 5
 0 2
 1 0
 2 2
 3 0
 4 3
191 11 5
 0 2
 1 1
 2 0
 3 1
 4 0
192 18 5
 0 0
 1 2
 2 0
 3 3
 4 0
193 11 5
 0 2
 1 0
 2 3
 3 2
 4 2
194 7 5
 0 1
 1 0
 2 2
 3 2
 4 3
195 10 5
 0 3
 1 0
 2 1
 3 3
 4 3
196 20 5
 0 1
 1 0
 2 0
 3 3
 4 3
197 12 5
 0 1
 1 3
 2 1
 3 1
 4 0
198 20 5
 0 1
 1 0
 2 0
 3 0
 4 1
199 9 5
 0 3
 1 2
 2 1
 3 0
 4 2
200 17 5
 0 0
 1 1
 2 1
 3 0
 4 0
201 3 5
 0 0
 1 1
 2 3
 3 1
 4 0
202 12 5
 0 2
 1 0
 2 1
 3 2
 4 0
203 18 5
 0 2
 1 1
 2 0
 3 3
 4 1
204 2 5
 0 2
 1 2
 2 0
 3 2
 4 1
205 11 5
 0 0
 1 0
 2 1
 3 0
 4 0
206 12 5
 0 0
 1 1
 2 3
 3 0
 4 0
207 4 5
 0 3
 1 1
 2 3
 3 0
 4 2
208 18 5
 0 1
 1 1
 2 0
 3 3
 4 2
209 6 5
 0 0
 1 1
 2 0
 3 0
 4 1
210 1 5
 0 0
 1 2
 2 0
 3 0
 4 2
211 9 5
 0 2
 1 0
 2 2
 3 2
 4 2
212 2 5
 0 3
 1 0
 2 2
 3 0
 4 2
213 9 5
 0 0
 1 1
 2 0
 3 0
 4 3
214 10 5
 0 0
 1 3
 2 2
 3 0
 4 0
215 4 5
 0 0
 1 1
 2 3
 3 1
 4 0
216 18 5
 0 2
 1 1
 2 0
 3 1
 4 0
217 7 5
 0 1
 1 3
 2 3
 3 1
 4 2
218 12 5
 0 0
 1 1
 2 0
 3 0
 4 2
219 19 5
 0 1
 1 2
 2 3
 3 0
 4 2
220 5 5
 0 3
 1 3
 2 1
 3 0
 4 0
221 9 5
 0 0
 1 2
 2 2
 3 0
 4 1
222 6 5
 0 2
 1 2
 2 2
 3 3
 4 0
223 8 5
 0 3
 1 0
 2 2
 3 3
 4 0
224 16 5
 0 0
 1 2
 2 0
 3 1
 4 3
225 5 5
 0 0
 1 1
 2 3
 3 2
 4 0
226 5 5
 0 0
 1 3
 2 0
 3 1
 4 3
227 15 5
 0 0
 1 3
 2 2
 3 0
 4 0
228 7 5
 0 0
 1 2
 2 1
 3 0
 4 3
229 18 5
 0 1
 1 1
 2 0
 3 2
 4 2
230 17 5
 0 2
 1 0
 2 2
 3 3
 4 3
231 16 5
 0 0
 1 0
 2 2
 3 1
 4 2
232 7 5
 0 1
 1 3
 2 1
 3 3
 4 1
233 14 5
 0 1
 1 0
 2 3
 3 0
 4 1
234 3 5
 0 2
 1 2
 2 3
 3 1
 4 3
235 5 5
 0 3
 1 0
 2 3
 3 0
 4 2
236 17 5
 0 1
 1 1
 2 3
 3 0
 4 1
237 12 5
 0 0
 1 2
 2 3
 3 1
 4 1
238 12 5
 0 0
 1 1
 2 0
 3 3
 4 1
239 16 5
 0 1
 1 1
 2 0
 3 0
 4 2
240 10 5
 0 2
 1 0
 2 2
 3 0
 4 3
241 18 5
 0 3
 1 2
 2 0
 3 0
 4 0
242 6 5
 0 3
 1 3
 2 0
 3 2
 4 0
243 11 5
 0 0
 1 1
 2 1
 3 1
 4 2
244 10 5
 0 0
 1 0
 2 0
 3 0
 4 2
245 1 5
 0 0
 1 0
 2 0
 3 1
 4 0
246 14 5
 0 0
 1 1
 2 2
 3 0
 4 1
247 13 5
 0 1
 1 0
 2 0
 3 1
 4 0
248 19 5
 0 0
 1 0
 2 0
 3 1
 4 3
249 1 5
 0 0
 1 0
 2 0
 3 2
 4 1
250 17 5
 0 0
 1 2
 2 1
 3 3
 4 3
251 14 5
 0 0
 1 0
 2 3
 3 3
 4 3
252 15 5
 0 3
 1 3
 2 3
 3 1
 4 0
253 10 5
 0 2
 1 2
 2 1
 3 2
 4 0
254 13 5
 0 0
 1 1
 2 1
 3 2
 4 0
255 12 5
 0 0
 1 0
 2 0
 3 0
 4 1
256 8 5
 0 0
 1 1
 2 2
 3 0
 4 2
257 17 5
 0 2
 1 0
 2 0
 3 0
 4 3
258 16 5
 0 2
 1 1
 2 0
 3 0
 4 2
259 7 5
 0 3
 1 0
 2 0
 3 0
 4 0
260 5 5
 0 1
 1 0
 2 1
 3 1
 4 3
261 10 5
 0 3
 1 0
 2 3
 3 0
 4 3
262 18 5
 0 0
 1 0
 2 0
 3 0
 4 1
263 7 5
 0 0
 1 0
 2 0
 3 2
 4 0
264 2 5
 0 0
 1 2
 2 0
 3 2
 4 3
265 10 5
 0 0
 1 2
 2 1
 3 2
 4 0
266 6 5
 0 3
 1 1
 2 1
 3 3
 4 2
267 13 5
 0 1
 1 3
 2 0
 3 1
 4 0
268 7 5
 0 3
 1 3
 2 0
 3 0
 4 1
269 16 5
 0 3
 1 1
 2 2
 3 0
 4 0
270 6 5
 0 0
 1 0
 2 2
 3 0
 4 0
271 10 5
 0 2
 1 3
 2 1
 3 1
 4 0
272 5 5
 0 1
 1 0
 2 0
 3 0
 4 0
273 2 5
 0 1
 1 1
 2 0
 3 3
 4 0
274 11 5
 0 1
 1 0
 2 0
 3 0
 4 0
275 5 5
 0 0
 1 1
 2 3
 3 3
 4 0
276 13 5
 0 0
 1 0
 2 3
 3 2
 4 1
277 13 5
 0 1
 1 3
 2 0
 3 0
 4 1
278 4 5
 0 2
 1 3
 2 1
 3 0
 4 1
279 4 5
 0 2
 1 2
 2 0
 3 0
 4 1
280 9 5
 0 0
 1 1
 2 0
 3 1
 4 0
281 16 5
 0 0
 1 1
 2 0
 3 0
 4 0
282 15 5
 0 1
 1 3
 2 3
 3 3
 4 3
283 4 5
 0 1
 1 1
 2 0
 3 0
 4 3
284 9 5
 0 2
 1 3
 2 2
 3 1
 4 0
285 10 5
 0 1
 1 3
 2 0
 3 1
 4 3
286 16 5
 0 0
 1 1
 2 0
 3 0
 4 0
287 18 5
 0 0
 1 3
 2 0
 3 0
 4 2
288 9 5
 0 3
 1 0
 2 0
 3 3
 4 0
289 9 5
 0 0
 1 0
 2 0
 3 1
 4 0
290 19 5
 0 2
 1 0
 2 0
 3 0
 4 1
291 7 5
 0 2
 1 2
 2 0
 3 0
 4 0
292 10 5
 0 3
 1 3
 2 0
 3 2
 4 1
293 2 5
 0 3
 1 2
 2 0
 3 0
 4 2
294 3 5
 0 0
 1 0
 2 2
 3 1
 4 0
295 20 5
 0 3
 1 0
 2 0
 3 1
 4 3
296 11 5
 0 0
 1 2
 2 3
 3 1
 4 3
297 4 5
 0 1
 1 1
 2 0
 3 2
 4 1
298 17 5
 0 0
 1 1
 2 3
 3 2
 4 0
299 10 5
 0 1
 1 2
 2 0
 3 0
 4 1
300 15 5
 0 0
 1 0
 2 3
 3 3
 4 2
301 17 5
 0 2
 1 1
 2 3
 3 1
 4 0
302 16 5
 0 0
 1 2
 2 1
 3 1
 4 3
303 1 5
 0 1
 1 0
 2 1
 3 1
 4 1
304 19 5
 0 0
 1 0
 2 2
 3 1
 4 3
305 3 5
 0 3
 1 1
 2 3
 3 3
 4 0
306 3 5
 0 0
 1 3
 2 3
 3 0
 4 0
307 17 5
 0 0
 1 3
 2 3
 3 2
 4 2
308 9 5
 0 1
 1 1
 2 1
 3 0
 4 2
309 13 5
 0 0
 1 2
 2 2
 3 0
 4 3
310 16 5
 0 0
 1 3
 2 3
 3 3
 4 0
311 7 5
 0 0
 1 0
 2 0
 3 0
 4 1
312 5 5
 0 0
 1 0
 2 3
 3 0
 4 1
313 10 5
 0 2
 1 1
 2 2
 3 2
 4 0
314 20 5
 0 2
 1 1
 2 0
 3 0
 4 2
315 19 5
 0 2
 1 0
 2 0
 3 1
 4 1
316 14 5
 0 0
 1 0
 2 0
 3 2
 4 3
317 16 5
 0 2
 1 2
 2 2
 3 0
 4 3
318 10 5
 0 0
 1 1
 2 0
 3 2
 4 1
319 16 5
 0 0
 1 0
 2 0
 3 0
 4 2
320 16 5
 0 0
 1 3
 2 0
 3 1
 4 2
321 2 5
 0 1
 1 2
 2 0
 3 1
 4 3
322 6 5
 0 2
 1 0
 2 1
 3 3
 4 1
323 12 5
 0 1
 1 2
 2 0
 3 0
 4 2
324 20 5
 0 1
 1 0
 2 3
 3 0
 4 0
325 17 5
 0 2
 1 3
 2 0
 3 0
 4 0
326 16 5
 0 0
 1 0
 2 3
 3 0
 4 0
327 13 5
 0 0
 1 3
 2 0
 3 3
 4 3
328 10 5
 0 2
 1 0
 2 3
 3 0
 4 0
329 3 5
 0 0
 1 2
 2 1
 3 0
 4 2
330 8 5
 0 3
 1 0
 2 0
 3 0
 4 3
331 3 5
 0 1
 1 2
 2 1
 3 0
 4 1
332 13 5
 0 1
 1 1
 2 0
 3 1
 4 1
333 19 5
 0 0
 1 0
 2 0
 3 3
 4 2
334 20 5
 0 0
 1 0
 2 3
 3 2
 4 0
335 11 5
 0 3
 1 0
 2 1
 3 1
 4 0
336 12 5
 0 0
 1 0
 2 3
 3 0
 4 0
337 13 5
 0 0
 1 0
 2 0
 3 0
 4 1
338 3 5
 0 3
 1 0
 2 0
 3 0
 4 0
339 17 5
 0 0
 1 3
 2 0
 3 0
 4 3
340 8 5
 0 1
 1 0
 2 1
 3 0
 4 0
341 3 5
 0 0
 1 1
 2 3
 3 1
 4 1
342 2 5
 0 0
 1 0
 2 0
 3 2
 4 3
343 12 5
 0 2
 1 2
 2 0
 3 3
 4 0
344 14 5
 0 3
 1 0
 2 2
 3 0
 4 2
345 6 5
 0 0
 1 1
 2 1
 3 3
 4 0
346 15 5
 0 0
 1 3
 2 2
 3 3
 4 2
347 18 5
 0 0
 1 0
 2 2
 3 1
 4 0
348 19 5
 0 2
 1 0
 2 2
 3 0
 4 1
349 20 5
 0 3
 1 0
 2 1
 3 1
 4 0
350 1 5
 0 1
 1 3
 2 0
 3 0
 4 1
351 18 5
 0 3
 1 1
 2 3
 3 2
 4 2
352 12 5
 0 0
 1 1
 2 2
 3 0
 4 3
353 15 5
 0 3
 1 3
 2 3
 3 1
 4 2
354 2 5
 0 0
 1 0
 2 1
 3 0
 4 1
355 11 5
 0 0
 1 0
 2 2
 3 1
 4 0
356 18 5
 0 0
 1 2
 2 0
 3 0
 4 1
357 7 5
 0 3
 1 0
 2 2
 3 0
 4 2
358 16 5
 0 2
 1 0
 2 0
 3 3
 4 0
359 13 5
 0 1
 1 0
 2 0
 3 0
 4 0
360 2 5
 0 2
 1 0
 2 3
 3 0
 4 2
361 17 5
 0 0
 1 0
 2 2
 3 1
 4 0
362 4 5
 0 1
 1 1
 2 0
 3 0
 4 3
363 9 5
 0 2
 1 1
 2 0
 3 0
 4 0
364 12 5
 0 0
 1 2
 2 3
 3 0
 4 0
365 14 5
 0 2
 1 1
 2 0
 3 0
 4 0
366 15 5
 0 2
 1 0
 2 3
 3 1
 4 0
367 4 5
 0 0
 1 0
 2 1
 3 0
 4 0
368 18 5
 0 3
 1 2
 2 1
 3 0
 4 0
369 19 5
 0 2
 1 3
 2 0
 3 0
 4 2
370 20 5
 0 1
 1 2
 2 3
 3 0
 4 0
371 5 5
 0 2
 1 0
 2 2
 3 2
 4 0
372 13 5
 0 0
 1 2
 2 3
 3 2
 4 0
373 1 5
 0 0
 1 0
 2 3
 3 0
 4 3
374 4 5
 0 0
 1 2
 2 0
 3 1
 4 2
375 6 5
 0 1
 1 0
 2 2
 3 3
 4 1
376 19 5
 0 0
 1 2
 2 0
 3 2
 4 2
377 12 5
 0 2
 1 0
 2 1
 3 3
 4 0
378 5 5
 0 1
 1 0
 2 2
 3 2
 4 0
379 14 5
 0 2
 1 2
 2 0
 3 0
 4 0
380 6 5
 0 3
 1 0
 2 1
 3 0
 4 3
381 16 5
 0 3
 1 2
 2 1
 3 1
 4 3
382 9 5
 0 0
 1 1
 2 3
 3 1
 4 0
383 6 5
 0 1
 1 3
 2 0
 3 3
 4 1
384 10 5
 0 0
 1 0
 2 3
 3 3
 4 3
385 17 5
 0 2
 1 2
 2 3
 3 1
 4 0
386 10 5
 0 2
 1 2
 2 1
 3 2
 4 2
387 19 5
 0 2
 1 0
 2 0
 3 1
 4 1
388 4 5
 0 1
 1 0
 2 1
 3 0
 4 0
389 9 5
 0 1
 1 0
 2 3
 3 0
 4 0
390 18 5
 0 2
 1 0
 2 3
 3 0
 4 0
391 13 5
 0 1
 1 0
 2 0
 3 3
 4 0
392 20 5
 0 3
 1 1
 2 0
 3 0
 4 1
393 3 5
 0 0
 1 0
 2 2
 3 0
 4 0
394 3 5
 0 0
 1 0
 2 0
 3 3
 4 1
395 17 5
 0 0
 1 0
 2 0
 3 0
 4 2
396 8 5
 0 3
 1 0
 2 0
 3 1
 4 0
397 0 5
 0 0
 1 0
 2 0
 3 0
 4 0

# PRECEDENCES
1679
0 4
0 6
0 7
0 10
0 13
0 17
0 18
0 21
0 22
0 29
0 32
0 40
0 42
0 43
0 46
0 48
0 49
0 53
0 55
0 59
0 60
0 62
0 64
0 66
0 69
0 79
0 80
0 82
0 84
0 90
0 93
0 94
0 96
0 97
0 101
0 102
0 105
0 111
0 113
0 114
0 116
0 119
0 122
0 127
0 128
0 129
0 130
0 131
0 133
0 137
0 144
0 152
0 153
0 154
0 155
0 158
0 159
0 160
0 162
0 163
0 166
0 170
0 177
0 182
0 189
0 191
0 193
0 194
0 195
0 196
0 206
0 209
0 210
0 211
0 213
0 215
0 216
0 218
0 219
0 220
0 226
0 227
0 228
0 231
0 234
0 235
0 236
0 240
0 242
0 243
0 248
0 249
0 250
0 255
0 262
0 267
0 268
0 271
0 273
0 278
0 279
0 280
0 284
0 286
0 288
0 291
0 294
0 295
0 299
0 301
0 303
0 311
0 315
0 316
0 320
0 322
0 323
0 330
0 334
0 337
0 340
0 344
0 345
0 349
0 351
0 352
0 353
0 354
0 357
0 365
0 374
0 378
0 381
0 385
0 386
0 389
0 391
0 392
0 395
1 5
1 192
1 342
1 367
2 397
3 36
3 192
4 20
4 97
4 146
4 199
5 35
5 41
5 58
5 104
5 247
6 27
6 118
6 202
6 268
6 274
6 363
7 189
7 225
7 248
7 284
8 35
8 165
8 331
8 366
9 95
9 198
9 221
9 321
9 382
10 34
10 112
10 229
11 2
11 260
11 277
11 342
12 75
12 148
12 203
12 222
12 285
12 377
13 95
13 143
13 247
13 334
13 366
14 35
14 184
14 331
15 77
15 136
15 208
15 233
15 259
16 54
16 107
16 151
16 362
17 39
17 173
17 223
17 261
17 383
18 9
18 91
18 100
19 190
19 333
20 3
20 35
20 138
20 157
20 181
20 390
21 66
21 124
21 335
22 137
22 186
22 208
22 229
22 291
22 296
23 397
24 58
24 143
24 157
24 247
24 335
25 24
25 222
25 283
25 326
26 45
26 124
26 198
26 343
27 266
27 282
28 52
28 135
28 157
29 328
29 376
30 50
30 95
30 161
31 47
31 87
31 121
31 168
31 327
31 382
32 148
32 169
32 387
33 169
33 366
34 30
34 142
34 253
34 328
34 369
34 380
35 397
36 35
36 45
36 138
36 181
36 260
36 331
37 71
37 270
38 143
38 221
38 222
38 287
39 121
39 176
39 269
39 275
39 373
39 390
40 86
40 116
40 170
40 171
40 172
40 383
41 397
42 68
42 92
42 132
42 234
43 297
43 343
44 292
44 355
45 397
46 78
46 81
46 155
46 232
46 339
46 360
47 33
47 88
47 181
47 260
47 281
47 382
48 57
48 125
48 164
48 173
48 254
48 319
49 54
49 81
49 131
49 137
49 141
49 184
50 20
50 120
50 239
50 293
50 380
50 382
51 45
51 65
51 169
51 287
52 214
52 277
52 321
52 356
53 28
53 68
53 186
53 333
54 252
54 309
54 342
55 86
55 99
55 114
55 135
55 178
55 292
56 207
56 307
56 328
57 41
57 65
57 187
57 283
57 383
58 397
59 248
59 272
60 50
60 112
60 259
60 282
60 306
61 57
61 115
61 164
62 27
62 51
62 140
62 164
62 222
62 327
63 23
63 33
64 19
64 338
64 342
65 397
66 309
66 387
67 87
67 208
67 333
68 36
68 205
68 221
68 297
68 359
69 19
69 134
69 142
69 242
69 344
70 8
70 81
70 202
71 164
71 175
71 266
71 362
72 146
72 190
73 8
73 41
73 247
73 362
73 366
74 45
74 63
74 86
74 266
75 1
75 71
76 175
76 247
76 382
77 2
77 23
77 65
77 165
77 175
78 36
78 139
78 281
78 375
79 212
79 235
79 373
80 8
80 58
80 183
80 245
80 270
80 371
81 8
81 38
81 86
81 109
81 168
81 214
82 167
82 192
82 283
82 332
82 359
83 8
83 77
83 85
84 49
84 235
84 281
84 305
84 337
85 45
85 138
85 169
85 175
85 260
86 45
86 104
86 287
86 333
87 109
87 208
87 383
88 63
88 175
88 272
89 181
89 302
90 104
90 214
91 397
92 397
93 41
93 181
93 197
93 204
93 230
93 371
94 68
94 118
95 41
95 85
95 104
95 270
96 9
96 16
96 109
96 137
96 158
96 341
97 50
97 253
97 318
97 367
98 58
98 86
98 165
98 394
99 35
99 173
99 247
100 3
100 58
100 63
100 65
100 123
100 164
101 170
101 390
102 70
102 212
102 350
102 380
102 396
103 76
103 121
103 292
103 304
104 397
105 246
105 313
106 143
106 367
107 31
107 145
107 276
107 332
107 339
108 14
108 33
108 125
108 254
108 276
109 41
109 57
109 233
109 260
109 270
109 335
110 67
110 212
111 57
111 76
111 135
111 297
111 371
112 190
112 260
113 346
113 353
113 355
114 106
114 107
114 111
114 187
114 217
114 341
115 37
115 103
115 142
115 150
115 371
116 5
116 151
116 165
116 292
116 335
116 368
117 115
117 132
117 225
117 328
117 335
118 2
118 35
118 77
118 342
118 366
119 172
119 186
119 241
119 364
120 65
120 233
120 258
120 343
121 123
121 333
121 363
122 47
122 91
122 257
122 304
122 355
123 2
123 104
123 202
123 287
124 35
124 73
124 258
124 335
125 76
125 140
125 199
125 221
125 343
126 35
126 45
127 28
127 41
127 98
127 115
127 253
128 121
128 141
128 151
128 203
128 396
129 37
129 148
129 174
129 224
130 70
130 281
131 141
131 165
131 360
131 387
131 393
132 124
132 179
132 200
132 232
132 317
132 361
133 258
133 359
134 30
134 35
134 180
134 185
134 313
134 362
135 157
135 266
135 366
135 383
135 387
136 173
136 214
136 342
137 9
137 52
137 140
138 397
139 5
139 14
139 202
139 266
140 91
140 92
141 33
141 91
141 181
141 258
141 379
141 383
142 15
142 99
142 188
142 251
142 254
142 318
143 397
144 201
144 241
145 36
145 287
146 26
146 95
146 164
146 343
147 1
147 2
147 167
147 305
148 2
148 20
148 120
148 222
148 333
149 3
149 15
149 51
149 356
150 65
150 269
151 91
151 164
151 222
151 233
151 339
152 222
152 241
152 301
152 306
152 360
153 142
153 319
154 62
154 186
154 196
154 232
154 245
155 33
155 45
155 222
155 324
156 123
156 329
157 35
157 91
157 169
157 260
157 287
158 24
158 33
158 156
158 272
158 283
158 365
159 135
159 167
159 235
159 326
160 92
160 187
160 201
160 233
160 254
160 368
161 14
161 140
161 247
161 266
162 3
162 76
162 222
162 237
162 388
163 103
163 210
163 261
164 41
164 366
165 397
166 260
166 300
166 370
167 51
167 282
167 366
168 1
168 123
168 247
168 283
168 335
169 397
170 5
170 63
170 141
170 204
170 258
171 26
171 38
171 157
171 172
171 175
171 239
172 164
172 169
172 214
172 247
172 335
172 371
173 58
173 157
173 165
173 188
173 283
174 171
174 176
175 397
176 3
176 124
177 5
177 57
177 102
177 109
177 185
177 387
178 118
178 141
178 305
178 342
178 396
179 139
179 147
179 180
179 265
180 35
180 58
180 183
180 275
180 356
180 387
181 397
182 38
182 94
182 121
182 188
182 194
182 248
183 76
183 140
183 265
184 45
184 335
185 197
185 202
185 335
186 71
186 75
186 188
186 221
186 256
186 394
187 2
187 23
187 35
187 260
187 287
187 335
188 2
188 92
188 165
188 260
188 331
189 27
189 32
189 72
189 103
189 363
190 138
190 371
190 383
191 49
191 74
192 23
192 65
192 382
193 62
193 233
193 283
193 344
194 44
194 126
194 292
194 294
194 341
194 372
195 8
195 36
195 78
195 353
196 51
196 82
197 104
197 272
197 324
198 35
198 143
198 181
199 175
199 202
199 247
199 277
199 306
200 9
200 204
200 233
200 260
200 343
201 45
201 65
201 382
202 23
202 35
202 91
202 104
203 36
203 275
203 307
203 375
204 233
204 342
205 92
205 165
205 198
205 202
205 290
205 396
206 170
206 176
206 306
207 139
207 222
207 290
208 85
208 181
208 184
208 214
208 233
209 5
209 32
209 65
209 251
210 9
210 104
210 164
210 241
210 252
210 277
211 190
211 247
211 282
211 350
211 375
212 37
212 85
212 151
212 207
212 277
213 197
213 222
213 247
214 190
214 202
214 258
214 356
215 35
215 90
215 123
215 146
215 255
215 342
216 8
216 141
216 304
216 305
216 307
217 103
217 156
217 207
217 263
217 264
217 308
218 28
218 36
218 44
218 88
218 273
218 287
219 12
219 186
219 297
219 327
220 74
220 157
220 244
220 360
221 140
221 169
221 175
221 184
221 188
222 256
222 331
223 178
223 201
223 331
223 376
224 9
224 112
224 289
225 183
225 293
226 85
226 98
226 344
227 120
227 253
227 260
227 344
227 365
227 370
228 9
228 70
228 77
228 170
229 33
229 115
229 157
229 214
229 263
230 25
230 76
230 98
230 100
230 139
230 313
231 5
231 204
231 263
231 298
232 47
232 88
232 379
233 104
233 188
234 78
234 148
234 277
235 76
235 124
235 172
235 306
235 382
236 37
236 233
236 338
236 390
237 37
237 274
237 350
237 358
238 50
238 54
238 180
239 2
239 23
239 45
239 202
239 335
240 43
240 54
240 229
240 272
240 334
241 92
241 108
241 187
241 341
242 36
242 252
242 277
242 296
242 302
242 333
243 161
243 291
244 180
244 183
245 51
245 83
245 108
245 252
245 341
246 265
246 350
247 23
247 181
248 45
248 173
248 214
249 12
249 302
249 384
250 126
250 155
250 270
250 354
251 136
251 239
251 277
251 281
251 293
252 41
252 184
252 296
252 332
253 27
253 76
253 138
253 165
253 310
253 368
254 92
254 121
254 297
254 306
254 321
254 327
255 95
255 125
255 232
256 33
256 260
256 270
257 27
257 57
257 76
257 112
257 139
257 327
258 23
258 91
258 187
259 26
259 379
260 397
261 172
261 192
262 5
262 12
262 169
262 257
262 302
262 314
263 104
263 306
264 20
264 157
264 192
264 208
265 187
265 247
265 260
265 331
265 382
266 92
266 138
266 165
266 187
266 331
266 362
267 1
267 173
267 272
267 283
267 379
267 394
268 67
268 386
269 126
269 143
269 184
269 335
270 2
270 8
270 51
270 77
270 181
270 382
271 24
271 89
271 132
271 149
271 188
271 350
272 2
272 35
272 331
273 91
273 183
273 252
273 306
273 329
273 360
274 72
274 76
274 263
275 14
275 85
275 120
275 151
275 197
275 321
276 202
276 390
277 35
277 45
277 169
277 287
277 331
277 366
278 112
278 126
279 70
279 259
280 11
280 33
280 234
280 317
281 33
281 41
281 88
281 181
281 192
281 222
282 51
282 383
283 138
283 165
283 260
283 382
284 25
284 111
284 260
284 289
284 327
285 56
285 136
285 245
285 356
285 372
286 37
286 104
286 120
286 222
286 237
286 380
287 397
288 169
288 198
289 81
289 115
289 124
289 230
289 383
290 5
290 45
290 139
291 136
291 168
291 302
291 332
291 344
291 361
292 124
292 143
292 157
292 201
292 272
292 350
293 77
293 181
293 342
294 1
294 20
294 200
294 253
294 258
295 230
295 253
296 45
296 63
296 157
296 165
296 222
296 380
297 86
297 135
297 148
297 169
297 256
298 19
298 27
298 41
299 208
299 210
299 267
299 355
299 390
300 83
300 367
301 143
301 173
301 362
301 380
302 140
302 214
302 239
302 258
302 290
303 19
303 266
303 314
304 5
304 36
304 58
304 63
304 165
304 167
305 157
305 169
305 256
305 321
306 35
306 41
306 104
306 143
306 181
307 14
307 302
308 11
308 27
308 65
308 201
309 52
309 172
309 239
309 383
310 198
310 379
310 390
311 89
311 155
311 314
311 332
312 78
312 175
312 259
312 393
313 20
313 25
313 38
313 103
313 290
313 368
314 31
314 37
314 290
314 359
314 383
315 169
315 184
315 258
315 356
315 377
315 387
316 68
316 123
316 203
316 295
317 36
317 85
317 253
317 281
317 290
317 313
318 58
318 120
318 184
318 266
318 310
318 362
319 41
319 157
320 81
320 184
321 173
321 366
322 202
322 327
322 348
323 8
323 148
323 247
323 392
324 2
324 41
324 187
325 70
325 118
325 147
325 164
325 192
325 275
326 11
326 26
326 233
326 332
326 356
327 38
327 120
327 256
327 396
328 5
328 157
329 106
329 173
330 12
330 25
330 68
330 222
330 337
331 397
332 20
332 77
332 124
332 187
332 366
332 368
333 92
333 287
334 8
334 71
334 89
334 111
334 373
335 397
336 16
336 107
336 117
336 312
337 99
337 277
337 351
337 373
338 91
338 214
339 143
339 181
340 68
340 246
340 325
340 382
341 173
341 366
342 58
342 91
342 138
342 335
342 366
343 8
343 41
343 202
344 9
344 15
344 108
344 304
344 310
344 366
345 247
345 277
346 30
346 61
346 77
346 252
346 254
347 2
347 217
348 238
348 256
348 297
348 347
348 359
349 126
349 168
349 230
349 359
350 2
350 41
350 58
350 73
350 335
351 175
351 324
351 375
352 148
352 195
352 203
352 319
352 355
353 85
353 383
354 155
354 341
355 9
355 33
355 65
355 156
355 254
356 36
356 92
356 138
356 184
356 187
357 221
357 298
357 326
357 369
358 78
358 307
359 14
359 23
359 140
359 175
359 205
359 264
360 76
360 88
360 192
361 123
361 201
361 266
361 343
362 2
362 23
362 143
362 165
362 260
363 143
363 201
363 324
363 331
363 379
364 112
364 207
364 274
364 277
364 342
364 373
365 13
365 41
365 335
365 367
365 390
366 397
367 258
367 396
368 14
368 33
368 45
368 247
368 362
369 138
369 148
369 306
370 11
370 146
370 172
370 239
370 259
370 359
371 23
371 35
371 138
371 175
371 181
372 1
372 368
373 2
373 57
373 95
373 121
373 181
373 204
374 164
374 263
374 302
374 359
375 14
375 106
375 136
375 259
376 68
376 247
376 277
376 310
376 380
377 24
377 192
378 87
378 321
379 184
379 366
380 165
380 181
380 233
380 324
381 44
381 134
381 222
381 252
381 298
381 336
382 397
383 41
383 58
383 169
384 126
384 156
384 367
384 368
384 382
385 110
385 328
385 338
385 346
386 26
386 57
386 328
387 181
387 190
387 331
388 52
388 88
388 106
388 222
388 275
388 281
389 99
389 156
389 187
389 222
389 239
389 328
390 247
390 287
391 51
391 217
391 259
391 281
392 242
392 305
392 326
392 396
393 33
393 120
394 19
394 63
394 184
394 332
394 341
394 390
395 25
395 97
395 206
395 364
395 382
396 77
396 85
396 92
396 140
396 165
