# Tier 7 (Very Large) - Instance 97
# Generated with config: N=465, K=5, topology=grid, calendar=staggered

# HEADER: <num_tasks> <num_types> <num_units>
467 5 29

# RESOURCE TYPES
# Format: <type_id> <num_units> <unit_id1> <unit_id2> ...
0 6 0 1 2 3 4 5
1 5 6 7 8 9 10
2 8 11 12 13 14 15 16 17 18
3 6 19 20 21 22 23 24
4 4 25 26 27 28

# RESOURCE UNITS (Calendars)
# Format: <unit_id> <num_steps> <t1> <v1> <t2> <v2> ...
0 29 0 100 1 0 35 100 298 0 331 100 597 0 630 100 898 0 929 100 1197 0 1232 100 1499 0 1533 100 1799 0 1833 100 2096 0 2127 100 2394 0 2427 100 2694 0 2728 100 2994 0 3029 100 3295 0 3328 100 3594 0 3629 100 3895 0 4198 0
1 29 0 100 11 0 42 100 308 0 340 100 609 0 643 100 907 0 938 100 1204 0 1235 100 1501 0 1535 100 1804 0 1835 100 2101 0 2133 100 2398 0 2429 100 2694 0 2726 100 2994 0 3028 100 3294 0 3325 100 3592 0 3623 100 3892 0 4198 0
2 29 0 100 21 0 62 100 318 0 360 100 616 0 659 100 913 0 956 100 1214 0 1255 100 1514 0 1558 100 1816 0 1857 100 2113 0 2157 100 2416 0 2457 100 2712 0 2754 100 3008 0 3050 100 3306 0 3348 100 3605 0 3646 100 3899 0 4198 0
3 29 0 100 29 0 80 100 328 0 377 100 628 0 677 100 926 0 978 100 1224 0 1275 100 1524 0 1573 100 1823 0 1872 100 2122 0 2173 100 2420 0 2470 100 2717 0 2765 100 3013 0 3064 100 3313 0 3363 100 3614 0 3665 100 3913 0 4198 0
4 29 0 100 41 0 79 100 339 0 376 100 641 0 677 100 941 0 979 100 1238 0 1274 100 1535 0 1573 100 1836 0 1875 100 2138 0 2173 100 2435 0 2471 100 2733 0 2769 100 3029 0 3067 100 3331 0 3367 100 3632 0 3671 100 3933 0 4198 0
5 29 0 100 51 0 87 100 351 0 385 100 645 0 682 100 944 0 979 100 1244 0 1278 100 1542 0 1577 100 1837 0 1871 100 2134 0 2171 100 2436 0 2473 100 2737 0 2772 100 3034 0 3069 100 3330 0 3365 100 3626 0 3662 100 3924 0 4198 0
6 29 0 100 60 0 93 100 362 0 393 100 659 0 690 100 955 0 987 100 1252 0 1286 100 1553 0 1587 100 1854 0 1887 100 2156 0 2191 100 2458 0 2491 100 2758 0 2790 100 3056 0 3087 100 3355 0 3389 100 3657 0 3688 100 3956 0 4198 0
7 29 0 100 72 0 97 100 370 0 395 100 671 0 694 100 968 0 993 100 1268 0 1291 100 1569 0 1594 100 1866 0 1889 100 2164 0 2186 100 2462 0 2485 100 2760 0 2782 100 3059 0 3082 100 3355 0 3378 100 3654 0 3676 100 3953 0 4198 0
8 29 0 100 83 0 119 100 385 0 417 100 680 0 716 100 979 0 1012 100 1277 0 1311 100 1577 0 1610 100 1874 0 1909 100 2173 0 2207 100 2474 0 2510 100 2777 0 2810 100 3074 0 3108 100 3374 0 3408 100 3673 0 3705 100 3972 0 4198 0
9 29 0 100 93 0 141 100 392 0 442 100 693 0 743 100 990 0 1039 100 1291 0 1341 100 1590 0 1641 100 1891 0 1939 100 2189 0 2238 100 2490 0 2540 100 2789 0 2840 100 3090 0 3141 100 3391 0 3438 100 3688 0 3737 100 3990 0 4198 0
10 29 0 100 102 0 128 100 401 0 424 100 700 0 724 100 1000 0 1026 100 1298 0 1322 100 1599 0 1625 100 1900 0 1927 100 2203 0 2228 100 2501 0 2526 100 2801 0 2828 100 3104 0 3128 100 3402 0 3426 100 3697 0 3721 100 3992 0 4198 0
11 29 0 100 113 0 164 100 411 0 464 100 709 0 762 100 1009 0 1060 100 1305 0 1357 100 1601 0 1654 100 1898 0 1951 100 2195 0 2249 100 2496 0 2549 100 2794 0 2848 100 3095 0 3150 100 3396 0 3449 100 3693 0 3746 100 3993 0 4198 0
12 29 0 100 123 0 166 100 419 0 465 100 721 0 767 100 1019 0 1062 100 1319 0 1363 100 1619 0 1662 100 1919 0 1962 100 2217 0 2263 100 2516 0 2559 100 2811 0 2856 100 3111 0 3154 100 3410 0 3455 100 3707 0 3753 100 4007 0 4198 0
13 29 0 100 133 0 185 100 433 0 487 100 730 0 782 100 1030 0 1085 100 1330 0 1381 100 1629 0 1680 100 1928 0 1982 100 2228 0 2280 100 2528 0 2580 100 2828 0 2879 100 3127 0 3180 100 3428 0 3481 100 3730 0 3784 100 4032 0 4198 0
14 29 0 100 143 0 191 100 441 0 488 100 741 0 788 100 1041 0 1086 100 1341 0 1387 100 1637 0 1681 100 1934 0 1979 100 2233 0 2280 100 2532 0 2576 100 2831 0 2876 100 3129 0 3174 100 3424 0 3472 100 3726 0 3772 100 4024 0 4198 0
15 29 0 100 155 0 201 100 454 0 499 100 752 0 797 100 1053 0 1096 100 1352 0 1397 100 1648 0 1692 100 1948 0 1991 100 2244 0 2289 100 2541 0 2586 100 2838 0 2882 100 3134 0 3180 100 3436 0 3479 100 3731 0 3778 100 4034 0 4198 0
16 29 0 100 164 0 208 100 461 0 506 100 757 0 801 100 1052 0 1097 100 1350 0 1396 100 1649 0 1696 100 1951 0 1997 100 2253 0 2297 100 2551 0 2595 100 2849 0 2895 100 3146 0 3191 100 3444 0 3488 100 3742 0 3788 100 4044 0 4198 0
17 29 0 100 175 0 206 100 476 0 504 100 771 0 800 100 1069 0 1100 100 1366 0 1396 100 1667 0 1696 100 1963 0 1994 100 2263 0 2292 100 2562 0 2592 100 2862 0 2891 100 3161 0 3191 100 3460 0 3490 100 3761 0 3792 100 4064 0 4198 0
18 29 0 100 186 0 224 100 486 0 522 100 785 0 821 100 1081 0 1120 100 1382 0 1417 100 1677 0 1715 100 1979 0 2015 100 2278 0 2317 100 2579 0 2616 100 2876 0 2915 100 3176 0 3214 100 3473 0 3512 100 3773 0 3811 100 4072 0 4198 0
19 29 0 100 197 0 232 100 496 0 533 100 795 0 830 100 1090 0 1128 100 1390 0 1427 100 1692 0 1726 100 1992 0 2027 100 2287 0 2322 100 2587 0 2623 100 2886 0 2921 100 3184 0 3222 100 3485 0 3519 100 3781 0 3815 100 4078 0 4198 0
20 29 0 100 208 0 245 100 505 0 543 100 802 0 841 100 1102 0 1140 100 1403 0 1442 100 1700 0 1740 100 2002 0 2042 100 2301 0 2342 100 2603 0 2643 100 2901 0 2938 100 3199 0 3238 100 3496 0 3534 100 3794 0 3835 100 4093 0 4198 0
21 29 0 100 216 0 266 100 512 0 562 100 811 0 861 100 1109 0 1161 100 1410 0 1462 100 1707 0 1758 100 2008 0 2061 100 2306 0 2359 100 2604 0 2656 100 2906 0 2959 100 3208 0 3258 100 3508 0 3558 100 3804 0 3855 100 4100 0 4198 0
22 29 0 100 229 0 264 100 529 0 565 100 827 0 863 100 1126 0 1160 100 1426 0 1462 100 1726 0 1761 100 2025 0 2061 100 2327 0 2360 100 2622 0 2658 100 2922 0 2955 100 3216 0 3252 100 3514 0 3547 100 3811 0 3846 100 4112 0 4198 0
23 29 0 100 236 0 265 100 535 0 566 100 836 0 869 100 1139 0 1168 100 1436 0 1468 100 1734 0 1763 100 2032 0 2063 100 2332 0 2364 100 2633 0 2663 100 2933 0 2964 100 3229 0 3261 100 3528 0 3557 100 3827 0 3856 100 4123 0 4198 0
24 29 0 100 246 0 273 100 546 0 572 100 845 0 870 100 1143 0 1170 100 1444 0 1472 100 1743 0 1771 100 2042 0 2069 100 2343 0 2370 100 2644 0 2669 100 2945 0 2970 100 3242 0 3267 100 3541 0 3567 100 3840 0 3864 100 4138 0 4198 0
25 29 0 100 256 0 307 100 556 0 606 100 853 0 902 100 1149 0 1199 100 1447 0 1500 100 1750 0 1799 100 2048 0 2100 100 2345 0 2395 100 2645 0 2695 100 2943 0 2992 100 3240 0 3292 100 3542 0 3591 100 3838 0 3887 100 4137 0 4198 0
26 29 0 100 267 0 318 100 563 0 618 100 863 0 918 100 1165 0 1217 100 1465 0 1518 100 1764 0 1817 100 2063 0 2114 100 2358 0 2412 100 2658 0 2711 100 2959 0 3012 100 3257 0 3309 100 3557 0 3608 100 3854 0 3907 100 4155 0 4198 0
27 29 0 100 277 0 329 100 574 0 625 100 869 0 923 100 1169 0 1222 100 1469 0 1519 100 1767 0 1820 100 2070 0 2120 100 2367 0 2420 100 2669 0 2720 100 2969 0 3020 100 3268 0 3319 100 3565 0 3615 100 3860 0 3912 100 4158 0 4198 0
28 29 0 100 288 0 316 100 589 0 614 100 887 0 911 100 1182 0 1208 100 1481 0 1508 100 1778 0 1803 100 2074 0 2100 100 2372 0 2398 100 2670 0 2695 100 2966 0 2993 100 3268 0 3294 100 3568 0 3595 100 3866 0 3893 100 4165 0 4198 0

# TASKS
# Format: <task_id> <size> <num_reqs>
# Then for each requirement: <type_id> <qty>
0 0 5
 0 0
 1 0
 2 0
 3 0
 4 0
1 14 5
 0 3
 1 3
 2 2
 3 2
 4 1
2 15 5
 0 0
 1 0
 2 1
 3 2
 4 1
3 1 5
 0 0
 1 1
 2 0
 3 0
 4 1
4 10 5
 0 3
 1 2
 2 3
 3 2
 4 0
5 7 5
 0 0
 1 2
 2 2
 3 0
 4 2
6 6 5
 0 2
 1 3
 2 1
 3 1
 4 1
7 10 5
 0 3
 1 3
 2 1
 3 2
 4 2
8 20 5
 0 0
 1 1
 2 2
 3 0
 4 3
9 7 5
 0 1
 1 2
 2 3
 3 0
 4 2
10 7 5
 0 0
 1 2
 2 0
 3 1
 4 0
11 8 5
 0 1
 1 0
 2 0
 3 3
 4 0
12 14 5
 0 1
 1 2
 2 1
 3 0
 4 1
13 17 5
 0 0
 1 1
 2 1
 3 1
 4 2
14 19 5
 0 3
 1 2
 2 2
 3 0
 4 3
15 14 5
 0 0
 1 0
 2 1
 3 0
 4 0
16 16 5
 0 1
 1 2
 2 0
 3 0
 4 3
17 2 5
 0 2
 1 0
 2 0
 3 2
 4 3
18 2 5
 0 1
 1 2
 2 2
 3 0
 4 0
19 5 5
 0 0
 1 0
 2 0
 3 3
 4 0
20 13 5
 0 1
 1 0
 2 1
 3 2
 4 0
21 3 5
 0 2
 1 2
 2 0
 3 0
 4 0
22 11 5
 0 3
 1 1
 2 1
 3 1
 4 1
23 10 5
 0 1
 1 0
 2 0
 3 1
 4 1
24 13 5
 0 3
 1 1
 2 0
 3 0
 4 0
25 9 5
 0 1
 1 1
 2 0
 3 0
 4 0
26 4 5
 0 0
 1 2
 2 2
 3 0
 4 3
27 2 5
 0 2
 1 1
 2 2
 3 0
 4 1
28 18 5
 0 2
 1 0
 2 3
 3 0
 4 1
29 2 5
 0 1
 1 3
 2 2
 3 0
 4 0
30 19 5
 0 2
 1 3
 2 0
 3 3
 4 0
31 13 5
 0 1
 1 0
 2 1
 3 2
 4 3
32 11 5
 0 1
 1 0
 2 0
 3 2
 4 0
33 20 5
 0 2
 1 0
 2 1
 3 1
 4 1
34 3 5
 0 3
 1 2
 2 3
 3 0
 4 0
35 4 5
 0 3
 1 3
 2 0
 3 0
 4 2
36 2 5
 0 3
 1 1
 2 2
 3 0
 4 0
37 7 5
 0 0
 1 3
 2 2
 3 0
 4 2
38 17 5
 0 0
 1 1
 2 2
 3 2
 4 2
39 12 5
 0 1
 1 2
 2 1
 3 2
 4 1
40 11 5
 0 1
 1 1
 2 0
 3 3
 4 2
41 2 5
 0 0
 1 3
 2 0
 3 2
 4 1
42 11 5
 0 0
 1 2
 2 0
 3 1
 4 1
43 10 5
 0 3
 1 1
 2 2
 3 0
 4 1
44 19 5
 0 0
 1 2
 2 0
 3 2
 4 3
45 16 5
 0 1
 1 1
 2 0
 3 0
 4 0
46 11 5
 0 0
 1 3
 2 0
 3 3
 4 1
47 14 5
 0 2
 1 0
 2 3
 3 0
 4 2
48 18 5
 0 0
 1 3
 2 3
 3 0
 4 2
49 5 5
 0 2
 1 3
 2 2
 3 1
 4 0
50 19 5
 0 3
 1 0
 2 3
 3 0
 4 3
51 20 5
 0 1
 1 1
 2 2
 3 0
 4 0
52 16 5
 0 0
 1 2
 2 3
 3 0
 4 2
53 12 5
 0 1
 1 3
 2 0
 3 0
 4 0
54 3 5
 0 0
 1 0
 2 2
 3 0
 4 1
55 14 5
 0 0
 1 1
 2 0
 3 0
 4 2
56 4 5
 0 2
 1 0
 2 3
 3 3
 4 1
57 1 5
 0 3
 1 0
 2 2
 3 0
 4 2
58 12 5
 0 1
 1 2
 2 2
 3 0
 4 1
59 2 5
 0 0
 1 0
 2 3
 3 3
 4 0
60 16 5
 0 2
 1 2
 2 0
 3 3
 4 3
61 5 5
 0 0
 1 2
 2 0
 3 2
 4 0
62 17 5
 0 2
 1 0
 2 2
 3 3
 4 0
63 1 5
 0 2
 1 0
 2 2
 3 1
 4 0
64 16 5
 0 3
 1 2
 2 0
 3 3
 4 1
65 4 5
 0 3
 1 3
 2 3
 3 0
 4 0
66 19 5
 0 1
 1 2
 2 1
 3 1
 4 0
67 9 5
 0 3
 1 2
 2 1
 3 3
 4 0
68 1 5
 0 0
 1 1
 2 0
 3 1
 4 1
69 7 5
 0 3
 1 0
 2 0
 3 1
 4 2
70 4 5
 0 0
 1 1
 2 0
 3 1
 4 1
71 4 5
 0 2
 1 3
 2 0
 3 0
 4 1
72 11 5
 0 0
 1 1
 2 0
 3 1
 4 0
73 10 5
 0 3
 1 3
 2 1
 3 0
 4 3
74 11 5
 0 0
 1 2
 2 0
 3 3
 4 2
75 19 5
 0 0
 1 3
 2 0
 3 3
 4 1
76 1 5
 0 3
 1 0
 2 1
 3 3
 4 0
77 3 5
 0 3
 1 2
 2 1
 3 3
 4 3
78 8 5
 0 0
 1 1
 2 1
 3 3
 4 0
79 12 5
 0 2
 1 3
 2 3
 3 2
 4 0
80 15 5
 0 0
 1 3
 2 1
 3 2
 4 0
81 17 5
 0 0
 1 2
 2 0
 3 0
 4 3
82 18 5
 0 2
 1 2
 2 0
 3 1
 4 1
83 3 5
 0 3
 1 2
 2 1
 3 2
 4 3
84 8 5
 0 3
 1 0
 2 3
 3 0
 4 1
85 2 5
 0 1
 1 2
 2 0
 3 2
 4 0
86 17 5
 0 3
 1 0
 2 0
 3 1
 4 0
87 14 5
 0 0
 1 3
 2 0
 3 2
 4 3
88 16 5
 0 3
 1 2
 2 1
 3 0
 4 2
89 15 5
 0 3
 1 3
 2 1
 3 1
 4 0
90 4 5
 0 0
 1 0
 2 0
 3 0
 4 3
91 17 5
 0 2
 1 1
 2 0
 3 2
 4 1
92 10 5
 0 0
 1 2
 2 0
 3 1
 4 1
93 17 5
 0 2
 1 1
 2 1
 3 0
 4 3
94 3 5
 0 0
 1 0
 2 0
 3 1
 4 3
95 5 5
 0 3
 1 0
 2 0
 3 0
 4 3
96 12 5
 0 1
 1 3
 2 2
 3 2
 4 0
97 2 5
 0 1
 1 0
 2 0
 3 1
 4 2
98 15 5
 0 3
 1 0
 2 0
 3 2
 4 1
99 1 5
 0 1
 1 0
 2 2
 3 0
 4 2
100 12 5
 0 2
 1 0
 2 1
 3 0
 4 3
101 5 5
 0 1
 1 1
 2 1
 3 3
 4 0
102 15 5
 0 1
 1 2
 2 3
 3 2
 4 2
103 7 5
 0 0
 1 2
 2 1
 3 2
 4 1
104 2 5
 0 0
 1 0
 2 1
 3 0
 4 1
105 16 5
 0 0
 1 2
 2 1
 3 0
 4 1
106 3 5
 0 1
 1 0
 2 3
 3 2
 4 1
107 11 5
 0 2
 1 1
 2 2
 3 0
 4 0
108 9 5
 0 2
 1 3
 2 1
 3 0
 4 0
109 20 5
 0 0
 1 3
 2 0
 3 0
 4 3
110 10 5
 0 0
 1 3
 2 1
 3 0
 4 2
111 5 5
 0 3
 1 0
 2 0
 3 3
 4 0
112 12 5
 0 2
 1 0
 2 1
 3 0
 4 3
113 18 5
 0 0
 1 3
 2 0
 3 3
 4 1
114 15 5
 0 1
 1 2
 2 0
 3 3
 4 0
115 9 5
 0 0
 1 1
 2 3
 3 0
 4 0
116 20 5
 0 2
 1 2
 2 3
 3 2
 4 0
117 16 5
 0 3
 1 1
 2 0
 3 0
 4 0
118 12 5
 0 2
 1 2
 2 2
 3 2
 4 1
119 4 5
 0 1
 1 0
 2 3
 3 1
 4 0
120 1 5
 0 0
 1 2
 2 3
 3 1
 4 0
121 2 5
 0 2
 1 0
 2 1
 3 2
 4 0
122 9 5
 0 2
 1 0
 2 1
 3 0
 4 2
123 16 5
 0 1
 1 0
 2 1
 3 2
 4 2
124 19 5
 0 0
 1 1
 2 0
 3 0
 4 0
125 17 5
 0 0
 1 3
 2 0
 3 3
 4 3
126 5 5
 0 1
 1 0
 2 1
 3 2
 4 0
127 3 5
 0 3
 1 0
 2 1
 3 2
 4 3
128 18 5
 0 0
 1 0
 2 2
 3 2
 4 1
129 7 5
 0 3
 1 3
 2 1
 3 0
 4 2
130 2 5
 0 3
 1 1
 2 2
 3 2
 4 3
131 18 5
 0 0
 1 1
 2 3
 3 0
 4 0
132 6 5
 0 3
 1 2
 2 0
 3 0
 4 1
133 12 5
 0 3
 1 0
 2 2
 3 1
 4 2
134 7 5
 0 0
 1 0
 2 2
 3 3
 4 2
135 18 5
 0 2
 1 1
 2 0
 3 3
 4 1
136 9 5
 0 0
 1 3
 2 3
 3 3
 4 0
137 20 5
 0 0
 1 1
 2 3
 3 3
 4 3
138 13 5
 0 1
 1 0
 2 0
 3 3
 4 0
139 14 5
 0 0
 1 1
 2 2
 3 0
 4 0
140 15 5
 0 1
 1 2
 2 2
 3 3
 4 2
141 7 5
 0 0
 1 1
 2 1
 3 0
 4 2
142 20 5
 0 0
 1 1
 2 0
 3 2
 4 0
143 10 5
 0 2
 1 3
 2 0
 3 3
 4 3
144 6 5
 0 3
 1 0
 2 2
 3 0
 4 0
145 16 5
 0 0
 1 0
 2 0
 3 0
 4 1
146 17 5
 0 1
 1 0
 2 0
 3 3
 4 0
147 19 5
 0 1
 1 1
 2 1
 3 3
 4 1
148 11 5
 0 0
 1 3
 2 0
 3 0
 4 2
149 16 5
 0 1
 1 3
 2 1
 3 3
 4 3
150 5 5
 0 0
 1 1
 2 1
 3 1
 4 1
151 2 5
 0 3
 1 1
 2 0
 3 0
 4 0
152 15 5
 0 2
 1 0
 2 0
 3 0
 4 1
153 18 5
 0 2
 1 1
 2 0
 3 1
 4 2
154 5 5
 0 3
 1 2
 2 3
 3 3
 4 2
155 19 5
 0 1
 1 3
 2 0
 3 2
 4 0
156 17 5
 0 2
 1 0
 2 1
 3 1
 4 0
157 10 5
 0 1
 1 3
 2 0
 3 0
 4 0
158 14 5
 0 2
 1 2
 2 1
 3 0
 4 0
159 2 5
 0 3
 1 1
 2 1
 3 0
 4 1
160 14 5
 0 1
 1 0
 2 1
 3 0
 4 0
161 10 5
 0 0
 1 1
 2 2
 3 1
 4 2
162 14 5
 0 3
 1 2
 2 3
 3 1
 4 0
163 15 5
 0 0
 1 0
 2 3
 3 0
 4 1
164 10 5
 0 0
 1 2
 2 0
 3 0
 4 0
165 11 5
 0 2
 1 1
 2 3
 3 1
 4 2
166 5 5
 0 2
 1 1
 2 2
 3 0
 4 3
167 3 5
 0 1
 1 3
 2 3
 3 1
 4 2
168 6 5
 0 3
 1 3
 2 1
 3 2
 4 3
169 13 5
 0 0
 1 0
 2 2
 3 1
 4 0
170 12 5
 0 2
 1 1
 2 2
 3 2
 4 0
171 10 5
 0 0
 1 3
 2 0
 3 0
 4 2
172 10 5
 0 0
 1 1
 2 0
 3 1
 4 3
173 4 5
 0 3
 1 3
 2 0
 3 1
 4 2
174 11 5
 0 1
 1 3
 2 3
 3 3
 4 2
175 16 5
 0 2
 1 0
 2 1
 3 3
 4 0
176 20 5
 0 0
 1 0
 2 1
 3 2
 4 1
177 15 5
 0 2
 1 0
 2 1
 3 2
 4 3
178 18 5
 0 2
 1 3
 2 0
 3 0
 4 0
179 19 5
 0 2
 1 0
 2 0
 3 0
 4 0
180 1 5
 0 2
 1 0
 2 0
 3 2
 4 2
181 8 5
 0 0
 1 3
 2 2
 3 0
 4 2
182 15 5
 0 0
 1 0
 2 3
 3 1
 4 0
183 13 5
 0 0
 1 0
 2 1
 3 3
 4 0
184 3 5
 0 3
 1 1
 2 0
 3 2
 4 1
185 16 5
 0 0
 1 0
 2 1
 3 0
 4 3
186 7 5
 0 2
 1 0
 2 0
 3 1
 4 3
187 15 5
 0 0
 1 0
 2 3
 3 2
 4 2
188 18 5
 0 1
 1 1
 2 3
 3 0
 4 0
189 5 5
 0 1
 1 0
 2 0
 3 0
 4 0
190 5 5
 0 0
 1 3
 2 0
 3 0
 4 2
191 4 5
 0 0
 1 0
 2 3
 3 3
 4 2
192 9 5
 0 0
 1 0
 2 0
 3 1
 4 3
193 3 5
 0 1
 1 0
 2 1
 3 2
 4 3
194 10 5
 0 1
 1 2
 2 0
 3 0
 4 0
195 12 5
 0 2
 1 0
 2 0
 3 0
 4 0
196 18 5
 0 3
 1 1
 2 1
 3 0
 4 1
197 2 5
 0 1
 1 0
 2 2
 3 2
 4 2
198 3 5
 0 0
 1 0
 2 3
 3 3
 4 0
199 7 5
 0 1
 1 0
 2 3
 3 1
 4 0
200 9 5
 0 2
 1 1
 2 0
 3 1
 4 0
201 16 5
 0 1
 1 1
 2 3
 3 0
 4 3
202 10 5
 0 1
 1 3
 2 3
 3 3
 4 0
203 16 5
 0 2
 1 3
 2 2
 3 1
 4 3
204 16 5
 0 0
 1 0
 2 0
 3 3
 4 2
205 9 5
 0 0
 1 2
 2 1
 3 1
 4 1
206 4 5
 0 1
 1 0
 2 1
 3 1
 4 0
207 13 5
 0 0
 1 1
 2 2
 3 1
 4 3
208 15 5
 0 0
 1 2
 2 3
 3 0
 4 1
209 12 5
 0 1
 1 1
 2 3
 3 3
 4 0
210 1 5
 0 1
 1 2
 2 1
 3 3
 4 0
211 4 5
 0 0
 1 3
 2 3
 3 1
 4 2
212 4 5
 0 3
 1 2
 2 1
 3 2
 4 2
213 7 5
 0 1
 1 1
 2 1
 3 3
 4 0
214 10 5
 0 0
 1 0
 2 1
 3 0
 4 0
215 16 5
 0 1
 1 0
 2 0
 3 1
 4 2
216 19 5
 0 2
 1 3
 2 0
 3 1
 4 0
217 5 5
 0 2
 1 3
 2 1
 3 3
 4 3
218 8 5
 0 0
 1 2
 2 0
 3 2
 4 0
219 7 5
 0 3
 1 3
 2 3
 3 1
 4 3
220 5 5
 0 0
 1 2
 2 0
 3 0
 4 2
221 15 5
 0 0
 1 0
 2 2
 3 1
 4 0
222 8 5
 0 1
 1 3
 2 0
 3 0
 4 0
223 17 5
 0 1
 1 1
 2 0
 3 1
 4 3
224 16 5
 0 3
 1 0
 2 2
 3 3
 4 1
225 5 5
 0 0
 1 1
 2 2
 3 3
 4 0
226 12 5
 0 0
 1 2
 2 0
 3 3
 4 2
227 13 5
 0 3
 1 0
 2 3
 3 3
 4 3
228 8 5
 0 0
 1 2
 2 3
 3 0
 4 0
229 12 5
 0 0
 1 0
 2 2
 3 0
 4 2
230 18 5
 0 0
 1 2
 2 3
 3 2
 4 0
231 18 5
 0 0
 1 0
 2 2
 3 3
 4 0
232 10 5
 0 0
 1 2
 2 0
 3 0
 4 1
233 19 5
 0 0
 1 3
 2 0
 3 3
 4 3
234 18 5
 0 1
 1 3
 2 2
 3 0
 4 2
235 19 5
 0 2
 1 0
 2 2
 3 0
 4 2
236 5 5
 0 3
 1 2
 2 2
 3 3
 4 3
237 7 5
 0 0
 1 0
 2 1
 3 0
 4 3
238 17 5
 0 3
 1 3
 2 2
 3 0
 4 0
239 2 5
 0 2
 1 3
 2 0
 3 0
 4 3
240 17 5
 0 3
 1 1
 2 3
 3 0
 4 2
241 13 5
 0 3
 1 1
 2 0
 3 0
 4 2
242 18 5
 0 3
 1 3
 2 0
 3 0
 4 0
243 10 5
 0 2
 1 2
 2 0
 3 1
 4 3
244 16 5
 0 3
 1 1
 2 0
 3 0
 4 0
245 20 5
 0 0
 1 3
 2 1
 3 0
 4 0
246 16 5
 0 1
 1 2
 2 2
 3 3
 4 2
247 8 5
 0 2
 1 3
 2 0
 3 0
 4 1
248 1 5
 0 0
 1 2
 2 0
 3 0
 4 2
249 15 5
 0 3
 1 1
 2 2
 3 2
 4 1
250 12 5
 0 1
 1 3
 2 2
 3 2
 4 1
251 14 5
 0 0
 1 0
 2 1
 3 0
 4 0
252 4 5
 0 1
 1 0
 2 3
 3 2
 4 3
253 10 5
 0 1
 1 0
 2 0
 3 0
 4 3
254 14 5
 0 1
 1 0
 2 0
 3 1
 4 3
255 1 5
 0 0
 1 0
 2 1
 3 3
 4 3
256 2 5
 0 0
 1 0
 2 2
 3 0
 4 0
257 3 5
 0 2
 1 0
 2 0
 3 2
 4 2
258 13 5
 0 2
 1 0
 2 3
 3 2
 4 0
259 1 5
 0 3
 1 0
 2 3
 3 0
 4 1
260 19 5
 0 1
 1 1
 2 1
 3 3
 4 2
261 19 5
 0 3
 1 0
 2 3
 3 0
 4 1
262 13 5
 0 0
 1 0
 2 0
 3 2
 4 1
263 18 5
 0 0
 1 2
 2 0
 3 2
 4 0
264 12 5
 0 0
 1 1
 2 0
 3 1
 4 0
265 4 5
 0 1
 1 2
 2 0
 3 1
 4 3
266 8 5
 0 0
 1 0
 2 2
 3 3
 4 1
267 19 5
 0 3
 1 2
 2 2
 3 0
 4 0
268 1 5
 0 0
 1 2
 2 0
 3 2
 4 0
269 11 5
 0 0
 1 0
 2 0
 3 2
 4 0
270 19 5
 0 0
 1 2
 2 1
 3 1
 4 3
271 11 5
 0 3
 1 0
 2 2
 3 0
 4 0
272 8 5
 0 0
 1 2
 2 0
 3 0
 4 3
273 7 5
 0 0
 1 1
 2 0
 3 0
 4 0
274 7 5
 0 0
 1 2
 2 2
 3 0
 4 3
275 10 5
 0 0
 1 2
 2 2
 3 0
 4 0
276 19 5
 0 2
 1 2
 2 1
 3 3
 4 2
277 18 5
 0 2
 1 1
 2 0
 3 1
 4 2
278 6 5
 0 1
 1 2
 2 0
 3 1
 4 1
279 3 5
 0 1
 1 1
 2 3
 3 0
 4 0
280 13 5
 0 0
 1 2
 2 0
 3 0
 4 0
281 15 5
 0 2
 1 2
 2 3
 3 0
 4 3
282 19 5
 0 0
 1 3
 2 2
 3 3
 4 0
283 10 5
 0 3
 1 3
 2 0
 3 2
 4 0
284 17 5
 0 2
 1 2
 2 2
 3 3
 4 0
285 10 5
 0 2
 1 1
 2 2
 3 0
 4 0
286 18 5
 0 2
 1 1
 2 1
 3 3
 4 0
287 5 5
 0 0
 1 0
 2 2
 3 0
 4 3
288 17 5
 0 2
 1 2
 2 1
 3 1
 4 2
289 11 5
 0 0
 1 2
 2 0
 3 2
 4 2
290 4 5
 0 2
 1 2
 2 0
 3 3
 4 2
291 1 5
 0 3
 1 3
 2 1
 3 3
 4 0
292 1 5
 0 3
 1 2
 2 0
 3 3
 4 1
293 12 5
 0 2
 1 3
 2 1
 3 2
 4 0
294 8 5
 0 0
 1 1
 2 0
 3 0
 4 2
295 10 5
 0 2
 1 3
 2 0
 3 1
 4 0
296 10 5
 0 2
 1 0
 2 0
 3 0
 4 2
297 16 5
 0 1
 1 1
 2 3
 3 0
 4 0
298 17 5
 0 1
 1 0
 2 2
 3 1
 4 3
299 13 5
 0 2
 1 0
 2 0
 3 0
 4 2
300 13 5
 0 2
 1 2
 2 0
 3 0
 4 2
301 7 5
 0 2
 1 2
 2 0
 3 3
 4 1
302 12 5
 0 0
 1 3
 2 1
 3 2
 4 2
303 19 5
 0 0
 1 1
 2 3
 3 0
 4 0
304 1 5
 0 3
 1 2
 2 0
 3 0
 4 1
305 13 5
 0 2
 1 0
 2 2
 3 3
 4 0
306 17 5
 0 0
 1 2
 2 3
 3 3
 4 1
307 16 5
 0 1
 1 0
 2 3
 3 0
 4 2
308 12 5
 0 0
 1 1
 2 0
 3 2
 4 0
309 13 5
 0 1
 1 0
 2 0
 3 3
 4 3
310 14 5
 0 2
 1 3
 2 3
 3 0
 4 0
311 1 5
 0 1
 1 0
 2 3
 3 0
 4 0
312 18 5
 0 3
 1 3
 2 2
 3 2
 4 2
313 19 5
 0 1
 1 2
 2 3
 3 1
 4 3
314 10 5
 0 2
 1 1
 2 0
 3 3
 4 0
315 14 5
 0 0
 1 2
 2 3
 3 1
 4 1
316 16 5
 0 2
 1 0
 2 1
 3 1
 4 3
317 6 5
 0 0
 1 1
 2 2
 3 0
 4 2
318 6 5
 0 1
 1 2
 2 2
 3 1
 4 0
319 7 5
 0 0
 1 1
 2 2
 3 2
 4 2
320 13 5
 0 1
 1 1
 2 0
 3 1
 4 0
321 15 5
 0 0
 1 1
 2 0
 3 1
 4 0
322 19 5
 0 1
 1 1
 2 2
 3 1
 4 0
323 7 5
 0 0
 1 0
 2 0
 3 1
 4 2
324 12 5
 0 1
 1 1
 2 0
 3 2
 4 2
325 2 5
 0 0
 1 3
 2 2
 3 2
 4 0
326 3 5
 0 0
 1 2
 2 0
 3 0
 4 1
327 15 5
 0 1
 1 0
 2 3
 3 0
 4 0
328 16 5
 0 0
 1 2
 2 0
 3 3
 4 0
329 14 5
 0 0
 1 1
 2 0
 3 0
 4 0
330 11 5
 0 0
 1 3
 2 2
 3 3
 4 0
331 19 5
 0 2
 1 0
 2 0
 3 3
 4 1
332 4 5
 0 2
 1 2
 2 0
 3 0
 4 2
333 10 5
 0 1
 1 3
 2 0
 3 2
 4 0
334 5 5
 0 3
 1 0
 2 0
 3 2
 4 0
335 8 5
 0 0
 1 0
 2 0
 3 3
 4 2
336 20 5
 0 3
 1 2
 2 0
 3 0
 4 3
337 6 5
 0 2
 1 0
 2 0
 3 2
 4 0
338 6 5
 0 2
 1 0
 2 2
 3 3
 4 1
339 16 5
 0 2
 1 0
 2 0
 3 0
 4 3
340 7 5
 0 0
 1 0
 2 0
 3 1
 4 3
341 20 5
 0 2
 1 2
 2 3
 3 1
 4 3
342 19 5
 0 1
 1 1
 2 0
 3 0
 4 1
343 1 5
 0 0
 1 2
 2 0
 3 0
 4 2
344 16 5
 0 0
 1 2
 2 2
 3 2
 4 0
345 6 5
 0 3
 1 1
 2 0
 3 3
 4 2
346 14 5
 0 2
 1 0
 2 1
 3 0
 4 1
347 12 5
 0 3
 1 0
 2 0
 3 3
 4 2
348 2 5
 0 1
 1 1
 2 1
 3 2
 4 3
349 12 5
 0 0
 1 1
 2 2
 3 3
 4 1
350 2 5
 0 2
 1 0
 2 2
 3 2
 4 0
351 20 5
 0 3
 1 1
 2 0
 3 1
 4 0
352 7 5
 0 0
 1 2
 2 2
 3 2
 4 3
353 13 5
 0 3
 1 0
 2 1
 3 0
 4 3
354 3 5
 0 0
 1 0
 2 0
 3 1
 4 2
355 3 5
 0 3
 1 1
 2 2
 3 3
 4 0
356 13 5
 0 1
 1 1
 2 1
 3 0
 4 2
357 14 5
 0 3
 1 1
 2 0
 3 1
 4 1
358 6 5
 0 1
 1 0
 2 3
 3 0
 4 0
359 3 5
 0 0
 1 2
 2 0
 3 2
 4 0
360 11 5
 0 2
 1 1
 2 0
 3 0
 4 0
361 7 5
 0 1
 1 0
 2 0
 3 0
 4 0
362 1 5
 0 3
 1 2
 2 0
 3 3
 4 3
363 7 5
 0 1
 1 0
 2 1
 3 1
 4 0
364 15 5
 0 0
 1 0
 2 0
 3 1
 4 3
365 7 5
 0 1
 1 0
 2 2
 3 1
 4 3
366 3 5
 0 2
 1 0
 2 3
 3 2
 4 0
367 9 5
 0 3
 1 2
 2 0
 3 3
 4 2
368 20 5
 0 3
 1 0
 2 1
 3 3
 4 2
369 7 5
 0 0
 1 2
 2 1
 3 1
 4 3
370 19 5
 0 1
 1 0
 2 0
 3 0
 4 0
371 19 5
 0 0
 1 0
 2 1
 3 1
 4 0
372 16 5
 0 1
 1 0
 2 1
 3 0
 4 0
373 8 5
 0 3
 1 2
 2 2
 3 2
 4 0
374 8 5
 0 2
 1 0
 2 1
 3 3
 4 3
375 10 5
 0 1
 1 2
 2 1
 3 3
 4 3
376 18 5
 0 2
 1 2
 2 1
 3 3
 4 0
377 9 5
 0 1
 1 0
 2 0
 3 0
 4 0
378 10 5
 0 0
 1 0
 2 3
 3 0
 4 3
379 11 5
 0 0
 1 3
 2 2
 3 0
 4 1
380 16 5
 0 0
 1 0
 2 0
 3 1
 4 3
381 5 5
 0 0
 1 3
 2 1
 3 2
 4 0
382 3 5
 0 1
 1 2
 2 3
 3 2
 4 1
383 2 5
 0 3
 1 3
 2 0
 3 2
 4 2
384 20 5
 0 3
 1 0
 2 3
 3 0
 4 3
385 11 5
 0 1
 1 1
 2 0
 3 0
 4 0
386 12 5
 0 3
 1 2
 2 2
 3 0
 4 2
387 2 5
 0 1
 1 0
 2 1
 3 0
 4 1
388 16 5
 0 0
 1 0
 2 3
 3 0
 4 0
389 7 5
 0 3
 1 3
 2 0
 3 1
 4 2
390 1 5
 0 0
 1 0
 2 0
 3 2
 4 2
391 18 5
 0 0
 1 3
 2 1
 3 0
 4 0
392 15 5
 0 3
 1 1
 2 2
 3 1
 4 0
393 15 5
 0 2
 1 0
 2 2
 3 2
 4 3
394 13 5
 0 1
 1 2
 2 0
 3 0
 4 0
395 15 5
 0 1
 1 0
 2 0
 3 0
 4 0
396 12 5
 0 3
 1 0
 2 2
 3 2
 4 0
397 2 5
 0 0
 1 0
 2 1
 3 0
 4 3
398 11 5
 0 0
 1 3
 2 2
 3 3
 4 3
399 8 5
 0 1
 1 2
 2 0
 3 1
 4 0
400 9 5
 0 0
 1 0
 2 3
 3 0
 4 0
401 4 5
 0 0
 1 1
 2 0
 3 0
 4 0
402 5 5
 0 0
 1 0
 2 2
 3 0
 4 2
403 3 5
 0 3
 1 2
 2 0
 3 1
 4 0
404 11 5
 0 3
 1 1
 2 3
 3 1
 4 3
405 8 5
 0 0
 1 0
 2 3
 3 3
 4 0
406 6 5
 0 2
 1 0
 2 0
 3 2
 4 3
407 8 5
 0 0
 1 3
 2 0
 3 0
 4 0
408 5 5
 0 0
 1 0
 2 0
 3 0
 4 2
409 9 5
 0 1
 1 3
 2 0
 3 2
 4 2
410 13 5
 0 1
 1 3
 2 0
 3 0
 4 1
411 10 5
 0 0
 1 0
 2 0
 3 2
 4 0
412 6 5
 0 1
 1 1
 2 3
 3 3
 4 0
413 14 5
 0 2
 1 0
 2 0
 3 3
 4 2
414 2 5
 0 3
 1 2
 2 0
 3 1
 4 1
415 5 5
 0 2
 1 2
 2 2
 3 0
 4 0
416 16 5
 0 3
 1 3
 2 3
 3 1
 4 0
417 7 5
 0 0
 1 3
 2 1
 3 1
 4 3
418 5 5
 0 0
 1 0
 2 3
 3 2
 4 0
419 9 5
 0 0
 1 3
 2 2
 3 1
 4 1
420 14 5
 0 3
 1 0
 2 2
 3 3
 4 2
421 17 5
 0 0
 1 0
 2 0
 3 3
 4 0
422 9 5
 0 2
 1 2
 2 2
 3 0
 4 3
423 5 5
 0 1
 1 0
 2 0
 3 3
 4 0
424 6 5
 0 0
 1 2
 2 0
 3 2
 4 0
425 19 5
 0 2
 1 2
 2 3
 3 0
 4 2
426 13 5
 0 3
 1 2
 2 0
 3 1
 4 1
427 1 5
 0 0
 1 0
 2 1
 3 2
 4 0
428 10 5
 0 3
 1 3
 2 3
 3 2
 4 1
429 13 5
 0 1
 1 3
 2 3
 3 0
 4 2
430 15 5
 0 0
 1 2
 2 2
 3 3
 4 3
431 14 5
 0 2
 1 0
 2 3
 3 2
 4 3
432 15 5
 0 0
 1 2
 2 2
 3 2
 4 3
433 8 5
 0 0
 1 2
 2 0
 3 1
 4 0
434 16 5
 0 3
 1 2
 2 0
 3 0
 4 3
435 20 5
 0 1
 1 2
 2 3
 3 0
 4 0
436 4 5
 0 1
 1 0
 2 0
 3 1
 4 3
437 4 5
 0 0
 1 3
 2 1
 3 3
 4 3
438 13 5
 0 0
 1 0
 2 3
 3 2
 4 0
439 4 5
 0 2
 1 0
 2 2
 3 0
 4 2
440 5 5
 0 0
 1 3
 2 2
 3 3
 4 1
441 3 5
 0 3
 1 1
 2 2
 3 3
 4 1
442 20 5
 0 1
 1 2
 2 1
 3 0
 4 2
443 2 5
 0 1
 1 2
 2 3
 3 0
 4 0
444 16 5
 0 0
 1 0
 2 3
 3 2
 4 2
445 12 5
 0 1
 1 2
 2 0
 3 3
 4 1
446 7 5
 0 3
 1 3
 2 1
 3 1
 4 0
447 17 5
 0 3
 1 3
 2 0
 3 0
 4 3
448 18 5
 0 2
 1 0
 2 0
 3 0
 4 3
449 16 5
 0 0
 1 2
 2 2
 3 0
 4 1
450 5 5
 0 3
 1 3
 2 2
 3 0
 4 3
451 15 5
 0 3
 1 0
 2 0
 3 0
 4 0
452 2 5
 0 3
 1 3
 2 0
 3 0
 4 0
453 20 5
 0 1
 1 2
 2 0
 3 3
 4 0
454 19 5
 0 0
 1 3
 2 2
 3 0
 4 3
455 2 5
 0 0
 1 1
 2 1
 3 0
 4 2
456 12 5
 0 2
 1 0
 2 3
 3 1
 4 3
457 11 5
 0 0
 1 0
 2 3
 3 0
 4 1
458 19 5
 0 0
 1 0
 2 1
 3 3
 4 3
459 9 5
 0 1
 1 0
 2 0
 3 2
 4 3
460 5 5
 0 0
 1 3
 2 2
 3 0
 4 3
461 12 5
 0 3
 1 0
 2 0
 3 2
 4 0
462 5 5
 0 2
 1 1
 2 1
 3 1
 4 1
463 1 5
 0 1
 1 2
 2 2
 3 2
 4 1
464 15 5
 0 1
 1 1
 2 3
 3 0
 4 0
465 14 5
 0 2
 1 2
 2 2
 3 2
 4 0
466 0 5
 0 0
 1 0
 2 0
 3 0
 4 0

# PRECEDENCES
1041
0 1
0 31
0 61
0 91
0 121
0 151
0 181
0 211
0 241
0 271
0 301
0 331
0 361
0 391
0 421
0 451
1 2
1 31
2 3
2 32
3 4
3 33
4 5
4 34
5 6
5 35
6 7
6 36
7 8
7 37
7 38
8 9
8 38
9 10
9 39
10 11
10 40
11 12
11 41
12 13
12 42
13 14
13 43
14 15
14 44
15 16
15 45
15 46
16 17
16 46
16 47
17 18
17 47
17 48
18 19
18 48
19 20
19 49
19 50
20 21
20 50
20 51
21 22
21 51
21 52
22 23
22 52
22 53
23 24
23 53
23 54
24 25
24 54
25 26
25 55
26 27
26 56
27 28
27 57
28 29
28 58
29 30
29 59
30 60
30 466
31 32
31 61
31 62
32 33
32 62
32 63
33 34
33 63
34 35
34 64
34 65
35 36
35 65
35 66
36 37
36 66
37 38
37 67
38 39
38 68
39 40
39 69
40 41
40 70
41 42
41 71
42 43
42 72
43 44
43 73
44 45
44 74
45 46
45 75
45 76
46 47
46 76
47 48
47 77
48 49
48 78
48 79
49 50
49 79
50 51
50 80
51 52
51 81
52 53
52 82
53 54
53 83
54 55
54 84
55 56
55 85
56 57
56 86
57 58
57 87
58 59
58 88
59 60
59 89
59 90
60 90
60 466
61 62
61 91
62 63
62 92
63 64
63 93
64 65
64 94
65 66
65 95
66 67
66 96
66 97
67 68
67 97
67 98
68 69
68 98
69 70
69 99
70 71
70 100
70 101
71 72
71 101
71 102
72 73
72 102
72 103
73 74
73 103
74 75
74 104
75 76
75 105
75 106
76 77
76 106
77 78
77 107
78 79
78 108
79 80
79 109
79 110
80 81
80 110
81 82
81 111
81 112
82 83
82 112
83 84
83 113
83 114
84 85
84 114
84 115
85 86
85 115
86 87
86 116
87 88
87 117
88 89
88 118
88 119
89 90
89 119
90 120
90 466
91 92
91 121
92 93
92 122
93 94
93 123
94 95
94 124
94 125
95 96
95 125
96 97
96 126
96 127
97 98
97 127
98 99
98 128
99 100
99 129
99 130
100 101
100 130
101 102
101 131
101 132
102 103
102 132
103 104
103 133
104 105
104 134
105 106
105 135
106 107
106 136
106 137
107 108
107 137
107 138
108 109
108 138
109 110
109 139
110 111
110 140
111 112
111 141
111 142
112 113
112 142
113 114
113 143
114 115
114 144
115 116
115 145
116 117
116 146
116 147
117 118
117 147
118 119
118 148
119 120
119 149
119 150
120 150
120 466
121 122
121 151
122 123
122 152
123 124
123 153
124 125
124 154
125 126
125 155
126 127
126 156
126 157
127 128
127 157
128 129
128 158
129 130
129 159
130 131
130 160
131 132
131 161
132 133
132 162
133 134
133 163
134 135
134 164
135 136
135 165
135 166
136 137
136 166
137 138
137 167
138 139
138 168
139 140
139 169
140 141
140 170
140 171
141 142
141 171
142 143
142 172
143 144
143 173
144 145
144 174
145 146
145 175
146 147
146 176
147 148
147 177
147 178
148 149
148 178
149 150
149 179
150 180
150 466
151 152
151 181
152 153
152 182
153 154
153 183
153 184
154 155
154 184
155 156
155 185
155 186
156 157
156 186
157 158
157 187
158 159
158 188
159 160
159 189
160 161
160 190
161 162
161 191
162 163
162 192
163 164
163 193
164 165
164 194
165 166
165 195
165 196
166 167
166 196
167 168
167 197
167 198
168 169
168 198
168 199
169 170
169 199
170 171
170 200
170 201
171 172
171 201
171 202
172 173
172 202
173 174
173 203
174 175
174 204
174 205
175 176
175 205
176 177
176 206
176 207
177 178
177 207
178 179
178 208
179 180
179 209
179 210
180 210
180 466
181 182
181 211
181 212
182 183
182 212
183 184
183 213
184 185
184 214
185 186
185 215
186 187
186 216
187 188
187 217
187 218
188 189
188 218
188 219
189 190
189 219
190 191
190 220
190 221
191 192
191 221
192 193
192 222
192 223
193 194
193 223
194 195
194 224
195 196
195 225
195 226
196 197
196 226
197 198
197 227
198 199
198 228
199 200
199 229
200 201
200 230
201 202
201 231
202 203
202 232
202 233
203 204
203 233
204 205
204 234
205 206
205 235
206 207
206 236
207 208
207 237
208 209
208 238
209 210
209 239
210 240
210 466
211 212
211 241
211 242
212 213
212 242
213 214
213 243
214 215
214 244
215 216
215 245
216 217
216 246
217 218
217 247
218 219
218 248
219 220
219 249
219 250
220 221
220 250
221 222
221 251
222 223
222 252
223 224
223 253
223 254
224 225
224 254
225 226
225 255
226 227
226 256
227 228
227 257
228 229
228 258
228 259
229 230
229 259
230 231
230 260
231 232
231 261
232 233
232 262
232 263
233 234
233 263
233 264
234 235
234 264
235 236
235 265
235 266
236 237
236 266
237 238
237 267
238 239
238 268
238 269
239 240
239 269
239 270
240 270
240 466
241 242
241 271
241 272
242 243
242 272
243 244
243 273
244 245
244 274
245 246
245 275
246 247
246 276
247 248
247 277
248 249
248 278
249 250
249 279
250 251
250 280
251 252
251 281
252 253
252 282
253 254
253 283
253 284
254 255
254 284
255 256
255 285
256 257
256 286
256 287
257 258
257 287
258 259
258 288
259 260
259 289
259 290
260 261
260 290
260 291
261 262
261 291
262 263
262 292
262 293
263 264
263 293
263 294
264 265
264 294
265 266
265 295
266 267
266 296
266 297
267 268
267 297
268 269
268 298
269 270
269 299
270 300
270 466
271 272
271 301
272 273
272 302
273 274
273 303
273 304
274 275
274 304
275 276
275 305
276 277
276 306
277 278
277 307
278 279
278 308
279 280
279 309
280 281
280 310
281 282
281 311
281 312
282 283
282 312
283 284
283 313
284 285
284 314
284 315
285 286
285 315
286 287
286 316
287 288
287 317
287 318
288 289
288 318
289 290
289 319
289 320
290 291
290 320
291 292
291 321
291 322
292 293
292 322
293 294
293 323
294 295
294 324
295 296
295 325
296 297
296 326
297 298
297 327
297 328
298 299
298 328
298 329
299 300
299 329
300 330
300 466
301 302
301 331
301 332
302 303
302 332
303 304
303 333
304 305
304 334
304 335
305 306
305 335
306 307
306 336
307 308
307 337
307 338
308 309
308 338
309 310
309 339
310 311
310 340
311 312
311 341
312 313
312 342
313 314
313 343
314 315
314 344
315 316
315 345
316 317
316 346
317 318
317 347
318 319
318 348
318 349
319 320
319 349
319 350
320 321
320 350
321 322
321 351
321 352
322 323
322 352
322 353
323 324
323 353
324 325
324 354
324 355
325 326
325 355
326 327
326 356
326 357
327 328
327 357
328 329
328 358
329 330
329 359
330 360
330 466
331 332
331 361
331 362
332 333
332 362
333 334
333 363
333 364
334 335
334 364
334 365
335 336
335 365
336 337
336 366
337 338
337 367
338 339
338 368
339 340
339 369
340 341
340 370
341 342
341 371
342 343
342 372
343 344
343 373
343 374
344 345
344 374
345 346
345 375
346 347
346 376
347 348
347 377
348 349
348 378
349 350
349 379
350 351
350 380
351 352
351 381
352 353
352 382
352 383
353 354
353 383
354 355
354 384
355 356
355 385
356 357
356 386
356 387
357 358
357 387
358 359
358 388
359 360
359 389
360 390
360 466
361 362
361 391
362 363
362 392
362 393
363 364
363 393
363 394
364 365
364 394
364 395
365 366
365 395
366 367
366 396
367 368
367 397
368 369
368 398
369 370
369 399
370 371
370 400
371 372
371 401
371 402
372 373
372 402
373 374
373 403
374 375
374 404
375 376
375 405
376 377
376 406
377 378
377 407
378 379
378 408
379 380
379 409
380 381
380 410
381 382
381 411
382 383
382 412
382 413
383 384
383 413
383 414
384 385
384 414
384 415
385 386
385 415
385 416
386 387
386 416
387 388
387 417
388 389
388 418
389 390
389 419
389 420
390 420
390 466
391 392
391 421
392 393
392 422
393 394
393 423
394 395
394 424
395 396
395 425
396 397
396 426
397 398
397 427
398 399
398 428
399 400
399 429
400 401
400 430
401 402
401 431
402 403
402 432
403 404
403 433
404 405
404 434
405 406
405 435
405 436
406 407
406 436
407 408
407 437
408 409
408 438
409 410
409 439
410 411
410 440
411 412
411 441
411 442
412 413
412 442
413 414
413 443
414 415
414 444
414 445
415 416
415 445
416 417
416 446
417 418
417 447
418 419
418 448
419 420
419 449
420 450
420 466
421 422
421 451
421 452
422 423
422 452
423 424
423 453
424 425
424 454
425 426
425 455
425 456
426 427
426 456
427 428
427 457
428 429
428 458
429 430
429 459
430 431
430 460
431 432
431 461
432 433
432 462
433 434
433 463
434 435
434 464
435 436
435 465
436 437
437 438
438 439
439 440
440 441
441 442
442 443
443 444
444 445
445 446
446 447
447 448
448 449
449 450
450 466
451 452
451 466
452 453
452 466
453 454
453 466
454 455
454 466
455 456
455 466
456 457
456 466
457 458
457 466
458 459
458 466
459 460
459 466
460 461
460 466
461 462
461 466
462 463
462 466
463 464
463 466
464 465
464 466
465 466
