# Tier 7 (Very Large) - Instance 83
# Generated with config: N=340, K=5, topology=grid, calendar=random

# HEADER: <num_tasks> <num_types> <num_units>
342 5 20

# RESOURCE TYPES
# Format: <type_id> <num_units> <unit_id1> <unit_id2> ...
0 4 0 1 2 3
1 4 4 5 6 7
2 4 8 9 10 11
3 4 12 13 14 15
4 4 16 17 18 19

# RESOURCE UNITS (Calendars)
# Format: <unit_id> <num_steps> <t1> <v1> <t2> <v2> ...
0 20 0 0 14 100 166 0 176 100 457 0 471 100 550 0 565 100 717 0 732 100 973 0 983 100 1183 0 1193 100 1460 0 1482 100 1751 0 1760 100 1831 0 3113 0
1 20 0 100 200 0 220 100 490 0 498 100 755 0 778 100 983 0 989 100 1282 0 1302 100 1376 0 1381 100 1617 0 1620 100 1808 0 1817 100 2054 0 2066 100 3113 0
2 20 0 100 187 0 192 100 268 0 272 100 430 0 443 100 620 0 629 100 844 0 860 100 1020 0 1031 100 1214 0 1218 100 1511 0 1518 100 1784 0 1801 100 3113 0
3 20 0 100 162 0 170 100 311 0 323 100 465 0 488 100 656 0 671 100 852 0 876 100 945 0 959 100 1097 0 1120 100 1354 0 1359 100 1451 0 1458 100 3113 0
4 20 0 0 10 100 77 0 81 100 256 0 276 100 375 0 394 100 482 0 484 100 724 0 739 100 819 0 825 100 1097 0 1110 100 1254 0 1257 100 1431 0 3113 0
5 20 0 100 84 0 90 100 268 0 290 100 505 0 522 100 576 0 589 100 722 0 733 100 845 0 865 100 1093 0 1110 100 1329 0 1342 100 1555 0 1570 100 3113 0
6 20 0 0 5 100 163 0 174 100 346 0 353 100 562 0 585 100 662 0 683 100 859 0 873 100 961 0 967 100 1128 0 1147 100 1218 0 1235 100 1502 0 3113 0
7 20 0 100 118 0 127 100 195 0 208 100 382 0 395 100 495 0 506 100 727 0 745 100 936 0 949 100 1110 0 1130 100 1198 0 1216 100 1292 0 1294 100 3113 0
8 20 0 100 224 0 231 100 490 0 492 100 630 0 649 100 915 0 923 100 1106 0 1129 100 1375 0 1381 100 1514 0 1533 100 1720 0 1726 100 2012 0 2016 100 3113 0
9 20 0 100 283 0 287 100 413 0 437 100 710 0 725 100 793 0 799 100 1090 0 1105 100 1192 0 1203 100 1436 0 1443 100 1551 0 1565 100 1701 0 1711 100 3113 0
10 20 0 0 18 100 178 0 201 100 348 0 365 100 617 0 629 100 765 0 771 100 878 0 887 100 1120 0 1126 100 1261 0 1266 100 1409 0 1412 100 1556 0 3113 0
11 20 0 100 68 0 84 100 350 0 361 100 478 0 492 100 657 0 674 100 743 0 749 100 818 0 834 100 1056 0 1071 100 1195 0 1214 100 1359 0 1362 100 3113 0
12 20 0 0 21 100 315 0 319 100 526 0 533 100 710 0 724 100 990 0 1002 100 1132 0 1147 100 1440 0 1444 100 1636 0 1655 100 1844 0 1859 100 1960 0 3113 0
13 20 0 100 149 0 169 100 240 0 243 100 314 0 329 100 405 0 422 100 513 0 521 100 724 0 730 100 939 0 956 100 1243 0 1262 100 1456 0 1467 100 3113 0
14 20 0 0 19 100 151 0 175 100 460 0 476 100 668 0 689 100 748 0 767 100 990 0 1009 100 1298 0 1309 100 1521 0 1528 100 1635 0 1658 100 1795 0 3113 0
15 20 0 0 6 100 144 0 147 100 332 0 335 100 482 0 503 100 640 0 644 100 701 0 715 100 811 0 817 100 1010 0 1026 100 1193 0 1206 100 1442 0 3113 0
16 20 0 0 14 100 234 0 255 100 390 0 400 100 622 0 644 100 711 0 713 100 970 0 973 100 1133 0 1140 100 1401 0 1418 100 1596 0 1608 100 1714 0 3113 0
17 20 0 0 10 100 75 0 90 100 295 0 316 100 424 0 440 100 715 0 723 100 828 0 840 100 1078 0 1091 100 1257 0 1266 100 1504 0 1520 100 1772 0 3113 0
18 20 0 100 151 0 158 100 222 0 233 100 414 0 422 100 658 0 667 100 918 0 924 100 983 0 1006 100 1073 0 1080 100 1172 0 1180 100 1443 0 1457 100 3113 0
19 20 0 0 24 100 99 0 102 100 368 0 371 100 647 0 658 100 935 0 938 100 1090 0 1100 100 1306 0 1321 100 1530 0 1551 100 1666 0 1676 100 1727 0 3113 0

# TASKS
# Format: <task_id> <size> <num_reqs>
# Then for each requirement: <type_id> <qty>
0 0 5
 0 0
 1 0
 2 0
 3 0
 4 0
1 19 5
 0 3
 1 3
 2 3
 3 1
 4 3
2 20 5
 0 2
 1 0
 2 0
 3 2
 4 1
3 19 5
 0 0
 1 0
 2 2
 3 0
 4 1
4 19 5
 0 1
 1 3
 2 1
 3 2
 4 1
5 16 5
 0 1
 1 3
 2 0
 3 3
 4 3
6 6 5
 0 1
 1 1
 2 1
 3 3
 4 3
7 6 5
 0 0
 1 2
 2 0
 3 3
 4 3
8 7 5
 0 0
 1 0
 2 3
 3 1
 4 0
9 13 5
 0 0
 1 2
 2 0
 3 3
 4 1
10 17 5
 0 2
 1 0
 2 1
 3 0
 4 2
11 12 5
 0 3
 1 1
 2 2
 3 3
 4 0
12 11 5
 0 2
 1 1
 2 1
 3 0
 4 1
13 19 5
 0 3
 1 0
 2 0
 3 2
 4 1
14 9 5
 0 0
 1 2
 2 3
 3 1
 4 2
15 4 5
 0 3
 1 0
 2 3
 3 2
 4 0
16 1 5
 0 0
 1 1
 2 3
 3 0
 4 2
17 18 5
 0 2
 1 1
 2 0
 3 2
 4 3
18 4 5
 0 0
 1 0
 2 0
 3 3
 4 0
19 12 5
 0 1
 1 0
 2 2
 3 0
 4 3
20 6 5
 0 1
 1 2
 2 1
 3 2
 4 2
21 19 5
 0 0
 1 0
 2 3
 3 0
 4 0
22 11 5
 0 0
 1 0
 2 3
 3 1
 4 0
23 11 5
 0 2
 1 0
 2 0
 3 1
 4 1
24 19 5
 0 2
 1 1
 2 1
 3 3
 4 3
25 3 5
 0 3
 1 2
 2 1
 3 1
 4 1
26 9 5
 0 0
 1 3
 2 0
 3 0
 4 2
27 11 5
 0 1
 1 1
 2 1
 3 0
 4 3
28 8 5
 0 3
 1 0
 2 0
 3 2
 4 0
29 3 5
 0 0
 1 2
 2 0
 3 2
 4 0
30 3 5
 0 0
 1 2
 2 3
 3 0
 4 3
31 17 5
 0 2
 1 3
 2 0
 3 0
 4 1
32 5 5
 0 2
 1 0
 2 2
 3 0
 4 0
33 13 5
 0 3
 1 1
 2 0
 3 0
 4 3
34 4 5
 0 0
 1 0
 2 2
 3 2
 4 0
35 16 5
 0 2
 1 3
 2 0
 3 0
 4 1
36 1 5
 0 0
 1 0
 2 2
 3 0
 4 1
37 5 5
 0 0
 1 2
 2 1
 3 1
 4 0
38 14 5
 0 2
 1 1
 2 3
 3 2
 4 1
39 11 5
 0 0
 1 1
 2 0
 3 0
 4 2
40 6 5
 0 2
 1 0
 2 2
 3 1
 4 2
41 5 5
 0 2
 1 0
 2 3
 3 0
 4 0
42 19 5
 0 2
 1 1
 2 0
 3 2
 4 2
43 20 5
 0 3
 1 3
 2 0
 3 0
 4 0
44 15 5
 0 3
 1 0
 2 0
 3 3
 4 3
45 1 5
 0 0
 1 0
 2 2
 3 3
 4 2
46 12 5
 0 3
 1 0
 2 0
 3 0
 4 0
47 14 5
 0 2
 1 0
 2 0
 3 0
 4 1
48 13 5
 0 0
 1 0
 2 0
 3 1
 4 0
49 13 5
 0 1
 1 1
 2 0
 3 2
 4 1
50 16 5
 0 0
 1 3
 2 3
 3 0
 4 0
51 15 5
 0 0
 1 3
 2 0
 3 3
 4 0
52 14 5
 0 2
 1 0
 2 2
 3 1
 4 1
53 12 5
 0 0
 1 3
 2 2
 3 2
 4 1
54 15 5
 0 3
 1 2
 2 0
 3 0
 4 1
55 16 5
 0 0
 1 1
 2 2
 3 2
 4 3
56 3 5
 0 2
 1 0
 2 3
 3 3
 4 2
57 1 5
 0 0
 1 3
 2 1
 3 1
 4 3
58 8 5
 0 2
 1 0
 2 0
 3 3
 4 0
59 12 5
 0 0
 1 1
 2 1
 3 0
 4 0
60 4 5
 0 2
 1 0
 2 3
 3 1
 4 2
61 6 5
 0 1
 1 3
 2 2
 3 1
 4 0
62 4 5
 0 3
 1 3
 2 0
 3 1
 4 0
63 17 5
 0 2
 1 0
 2 3
 3 0
 4 0
64 12 5
 0 0
 1 3
 2 1
 3 0
 4 1
65 16 5
 0 1
 1 0
 2 3
 3 0
 4 2
66 1 5
 0 3
 1 3
 2 3
 3 0
 4 0
67 13 5
 0 1
 1 0
 2 1
 3 2
 4 0
68 15 5
 0 0
 1 3
 2 1
 3 0
 4 3
69 18 5
 0 3
 1 0
 2 1
 3 2
 4 3
70 7 5
 0 2
 1 2
 2 2
 3 1
 4 3
71 14 5
 0 2
 1 3
 2 0
 3 2
 4 1
72 15 5
 0 3
 1 2
 2 2
 3 0
 4 2
73 8 5
 0 0
 1 3
 2 1
 3 0
 4 0
74 7 5
 0 0
 1 0
 2 3
 3 0
 4 0
75 5 5
 0 0
 1 1
 2 2
 3 3
 4 0
76 6 5
 0 1
 1 0
 2 3
 3 1
 4 1
77 10 5
 0 1
 1 0
 2 2
 3 0
 4 0
78 20 5
 0 0
 1 3
 2 1
 3 2
 4 0
79 6 5
 0 0
 1 1
 2 0
 3 1
 4 2
80 12 5
 0 1
 1 0
 2 1
 3 3
 4 2
81 2 5
 0 3
 1 2
 2 0
 3 2
 4 0
82 15 5
 0 3
 1 0
 2 1
 3 1
 4 2
83 1 5
 0 0
 1 0
 2 0
 3 0
 4 2
84 10 5
 0 2
 1 0
 2 1
 3 3
 4 2
85 13 5
 0 1
 1 3
 2 1
 3 3
 4 2
86 10 5
 0 1
 1 0
 2 0
 3 0
 4 3
87 20 5
 0 3
 1 0
 2 2
 3 0
 4 0
88 15 5
 0 3
 1 2
 2 2
 3 0
 4 2
89 14 5
 0 1
 1 2
 2 2
 3 3
 4 0
90 18 5
 0 0
 1 1
 2 0
 3 0
 4 1
91 15 5
 0 1
 1 2
 2 0
 3 0
 4 1
92 2 5
 0 2
 1 1
 2 0
 3 0
 4 2
93 2 5
 0 0
 1 1
 2 0
 3 1
 4 1
94 13 5
 0 0
 1 3
 2 2
 3 3
 4 1
95 10 5
 0 1
 1 0
 2 3
 3 0
 4 1
96 18 5
 0 3
 1 0
 2 0
 3 0
 4 0
97 14 5
 0 2
 1 3
 2 1
 3 1
 4 3
98 19 5
 0 2
 1 1
 2 2
 3 3
 4 1
99 13 5
 0 0
 1 0
 2 1
 3 0
 4 0
100 5 5
 0 0
 1 0
 2 2
 3 2
 4 0
101 7 5
 0 1
 1 2
 2 0
 3 0
 4 3
102 1 5
 0 0
 1 1
 2 0
 3 1
 4 0
103 10 5
 0 0
 1 1
 2 0
 3 2
 4 1
104 19 5
 0 3
 1 0
 2 1
 3 1
 4 0
105 2 5
 0 2
 1 1
 2 3
 3 2
 4 0
106 5 5
 0 3
 1 3
 2 1
 3 0
 4 1
107 10 5
 0 0
 1 0
 2 0
 3 0
 4 1
108 6 5
 0 3
 1 0
 2 0
 3 2
 4 1
109 16 5
 0 1
 1 2
 2 3
 3 0
 4 0
110 7 5
 0 2
 1 3
 2 0
 3 0
 4 0
111 3 5
 0 0
 1 1
 2 0
 3 2
 4 3
112 9 5
 0 1
 1 1
 2 0
 3 1
 4 3
113 11 5
 0 3
 1 0
 2 3
 3 0
 4 3
114 8 5
 0 0
 1 3
 2 1
 3 3
 4 0
115 2 5
 0 3
 1 0
 2 2
 3 0
 4 0
116 13 5
 0 1
 1 0
 2 3
 3 0
 4 0
117 15 5
 0 1
 1 1
 2 2
 3 2
 4 0
118 9 5
 0 3
 1 2
 2 0
 3 2
 4 3
119 3 5
 0 2
 1 0
 2 3
 3 0
 4 2
120 16 5
 0 2
 1 2
 2 1
 3 3
 4 0
121 4 5
 0 3
 1 2
 2 2
 3 0
 4 3
122 1 5
 0 0
 1 1
 2 0
 3 3
 4 3
123 3 5
 0 2
 1 0
 2 2
 3 0
 4 3
124 14 5
 0 3
 1 1
 2 0
 3 2
 4 0
125 2 5
 0 3
 1 3
 2 2
 3 2
 4 2
126 20 5
 0 0
 1 2
 2 0
 3 3
 4 0
127 17 5
 0 0
 1 2
 2 0
 3 3
 4 0
128 15 5
 0 3
 1 0
 2 0
 3 1
 4 2
129 1 5
 0 1
 1 3
 2 1
 3 1
 4 2
130 16 5
 0 0
 1 0
 2 2
 3 0
 4 0
131 13 5
 0 0
 1 3
 2 0
 3 3
 4 3
132 19 5
 0 2
 1 1
 2 3
 3 3
 4 2
133 17 5
 0 2
 1 0
 2 0
 3 3
 4 2
134 11 5
 0 0
 1 0
 2 3
 3 3
 4 0
135 14 5
 0 2
 1 0
 2 1
 3 0
 4 0
136 8 5
 0 0
 1 2
 2 0
 3 3
 4 0
137 19 5
 0 1
 1 1
 2 1
 3 3
 4 3
138 20 5
 0 0
 1 1
 2 3
 3 3
 4 0
139 12 5
 0 0
 1 2
 2 3
 3 1
 4 0
140 4 5
 0 2
 1 1
 2 3
 3 0
 4 0
141 4 5
 0 3
 1 2
 2 2
 3 1
 4 1
142 1 5
 0 3
 1 3
 2 1
 3 0
 4 3
143 15 5
 0 0
 1 2
 2 0
 3 0
 4 1
144 5 5
 0 3
 1 3
 2 1
 3 3
 4 3
145 3 5
 0 0
 1 3
 2 3
 3 3
 4 0
146 20 5
 0 3
 1 1
 2 2
 3 2
 4 1
147 18 5
 0 3
 1 2
 2 0
 3 3
 4 3
148 6 5
 0 1
 1 2
 2 1
 3 0
 4 0
149 15 5
 0 0
 1 1
 2 0
 3 1
 4 0
150 1 5
 0 0
 1 0
 2 2
 3 0
 4 0
151 20 5
 0 1
 1 0
 2 2
 3 2
 4 0
152 13 5
 0 2
 1 2
 2 0
 3 0
 4 0
153 18 5
 0 0
 1 3
 2 1
 3 3
 4 2
154 2 5
 0 1
 1 0
 2 0
 3 3
 4 0
155 19 5
 0 2
 1 1
 2 0
 3 1
 4 2
156 13 5
 0 3
 1 0
 2 3
 3 1
 4 1
157 13 5
 0 3
 1 0
 2 1
 3 2
 4 1
158 18 5
 0 0
 1 0
 2 0
 3 2
 4 1
159 3 5
 0 0
 1 3
 2 1
 3 0
 4 3
160 16 5
 0 0
 1 0
 2 2
 3 3
 4 2
161 8 5
 0 1
 1 2
 2 0
 3 3
 4 1
162 15 5
 0 1
 1 1
 2 2
 3 1
 4 1
163 3 5
 0 3
 1 2
 2 0
 3 0
 4 1
164 14 5
 0 0
 1 0
 2 0
 3 1
 4 1
165 1 5
 0 1
 1 1
 2 3
 3 0
 4 0
166 8 5
 0 0
 1 0
 2 3
 3 3
 4 0
167 17 5
 0 0
 1 0
 2 0
 3 1
 4 0
168 6 5
 0 3
 1 1
 2 0
 3 3
 4 0
169 17 5
 0 1
 1 0
 2 0
 3 3
 4 2
170 2 5
 0 2
 1 1
 2 1
 3 0
 4 3
171 11 5
 0 1
 1 0
 2 1
 3 3
 4 3
172 14 5
 0 3
 1 0
 2 3
 3 3
 4 0
173 15 5
 0 3
 1 0
 2 1
 3 2
 4 3
174 4 5
 0 0
 1 1
 2 1
 3 2
 4 3
175 1 5
 0 3
 1 0
 2 0
 3 0
 4 3
176 19 5
 0 1
 1 0
 2 0
 3 0
 4 2
177 13 5
 0 1
 1 1
 2 0
 3 1
 4 0
178 8 5
 0 2
 1 0
 2 0
 3 0
 4 1
179 9 5
 0 0
 1 0
 2 0
 3 0
 4 3
180 4 5
 0 2
 1 0
 2 3
 3 2
 4 3
181 8 5
 0 0
 1 3
 2 2
 3 3
 4 3
182 4 5
 0 1
 1 2
 2 1
 3 1
 4 1
183 6 5
 0 2
 1 3
 2 3
 3 3
 4 0
184 9 5
 0 3
 1 3
 2 3
 3 2
 4 1
185 11 5
 0 3
 1 2
 2 0
 3 2
 4 0
186 12 5
 0 0
 1 3
 2 0
 3 1
 4 0
187 15 5
 0 0
 1 2
 2 0
 3 2
 4 1
188 10 5
 0 2
 1 2
 2 3
 3 0
 4 0
189 14 5
 0 2
 1 0
 2 1
 3 0
 4 3
190 1 5
 0 1
 1 3
 2 2
 3 0
 4 0
191 17 5
 0 3
 1 1
 2 1
 3 0
 4 0
192 3 5
 0 2
 1 2
 2 1
 3 1
 4 1
193 1 5
 0 3
 1 2
 2 3
 3 2
 4 0
194 8 5
 0 0
 1 0
 2 0
 3 2
 4 3
195 13 5
 0 2
 1 0
 2 3
 3 3
 4 0
196 8 5
 0 2
 1 2
 2 0
 3 3
 4 3
197 6 5
 0 0
 1 3
 2 1
 3 1
 4 1
198 18 5
 0 1
 1 0
 2 3
 3 2
 4 0
199 8 5
 0 0
 1 0
 2 0
 3 2
 4 1
200 3 5
 0 2
 1 3
 2 0
 3 3
 4 0
201 12 5
 0 1
 1 0
 2 1
 3 0
 4 0
202 14 5
 0 0
 1 3
 2 1
 3 0
 4 1
203 16 5
 0 1
 1 0
 2 0
 3 3
 4 3
204 17 5
 0 1
 1 0
 2 0
 3 0
 4 0
205 14 5
 0 0
 1 0
 2 1
 3 0
 4 0
206 8 5
 0 0
 1 0
 2 0
 3 3
 4 0
207 11 5
 0 1
 1 0
 2 3
 3 0
 4 1
208 13 5
 0 2
 1 1
 2 0
 3 2
 4 2
209 6 5
 0 3
 1 1
 2 0
 3 0
 4 0
210 1 5
 0 2
 1 2
 2 1
 3 3
 4 0
211 4 5
 0 1
 1 0
 2 1
 3 1
 4 0
212 13 5
 0 3
 1 0
 2 1
 3 0
 4 0
213 16 5
 0 3
 1 1
 2 2
 3 0
 4 2
214 9 5
 0 3
 1 2
 2 1
 3 1
 4 3
215 18 5
 0 0
 1 1
 2 2
 3 2
 4 2
216 7 5
 0 3
 1 3
 2 1
 3 0
 4 0
217 7 5
 0 3
 1 3
 2 1
 3 2
 4 3
218 9 5
 0 3
 1 2
 2 3
 3 0
 4 1
219 4 5
 0 0
 1 2
 2 0
 3 0
 4 1
220 3 5
 0 1
 1 0
 2 3
 3 2
 4 1
221 11 5
 0 0
 1 1
 2 3
 3 0
 4 1
222 15 5
 0 1
 1 3
 2 0
 3 0
 4 3
223 12 5
 0 0
 1 0
 2 0
 3 2
 4 3
224 3 5
 0 3
 1 3
 2 0
 3 1
 4 0
225 17 5
 0 3
 1 3
 2 3
 3 0
 4 3
226 4 5
 0 0
 1 0
 2 0
 3 0
 4 1
227 13 5
 0 3
 1 3
 2 3
 3 0
 4 3
228 16 5
 0 0
 1 0
 2 3
 3 2
 4 0
229 9 5
 0 3
 1 2
 2 2
 3 0
 4 3
230 5 5
 0 3
 1 0
 2 2
 3 3
 4 0
231 15 5
 0 1
 1 2
 2 1
 3 0
 4 2
232 12 5
 0 0
 1 1
 2 1
 3 3
 4 0
233 6 5
 0 1
 1 0
 2 1
 3 1
 4 1
234 16 5
 0 3
 1 0
 2 0
 3 0
 4 3
235 2 5
 0 2
 1 0
 2 3
 3 0
 4 3
236 8 5
 0 0
 1 0
 2 1
 3 3
 4 1
237 7 5
 0 2
 1 1
 2 0
 3 0
 4 3
238 14 5
 0 0
 1 2
 2 0
 3 2
 4 1
239 18 5
 0 1
 1 2
 2 0
 3 0
 4 0
240 6 5
 0 1
 1 0
 2 3
 3 0
 4 2
241 12 5
 0 3
 1 0
 2 0
 3 2
 4 2
242 7 5
 0 1
 1 2
 2 0
 3 1
 4 0
243 17 5
 0 3
 1 0
 2 3
 3 3
 4 2
244 11 5
 0 0
 1 0
 2 2
 3 3
 4 3
245 18 5
 0 0
 1 0
 2 3
 3 3
 4 3
246 9 5
 0 0
 1 0
 2 3
 3 2
 4 1
247 19 5
 0 0
 1 0
 2 0
 3 1
 4 1
248 17 5
 0 0
 1 2
 2 1
 3 0
 4 2
249 3 5
 0 2
 1 2
 2 2
 3 1
 4 0
250 3 5
 0 1
 1 3
 2 1
 3 3
 4 1
251 3 5
 0 3
 1 2
 2 0
 3 2
 4 2
252 4 5
 0 0
 1 0
 2 0
 3 0
 4 2
253 6 5
 0 2
 1 3
 2 0
 3 1
 4 0
254 7 5
 0 1
 1 3
 2 3
 3 1
 4 0
255 16 5
 0 1
 1 0
 2 0
 3 0
 4 0
256 2 5
 0 2
 1 0
 2 2
 3 0
 4 2
257 13 5
 0 3
 1 3
 2 0
 3 0
 4 2
258 2 5
 0 2
 1 0
 2 0
 3 2
 4 1
259 19 5
 0 0
 1 1
 2 3
 3 0
 4 2
260 13 5
 0 3
 1 0
 2 0
 3 1
 4 2
261 17 5
 0 0
 1 1
 2 1
 3 3
 4 1
262 3 5
 0 3
 1 1
 2 0
 3 2
 4 0
263 4 5
 0 3
 1 1
 2 2
 3 3
 4 3
264 9 5
 0 2
 1 3
 2 3
 3 3
 4 0
265 11 5
 0 2
 1 3
 2 1
 3 3
 4 2
266 4 5
 0 2
 1 3
 2 1
 3 3
 4 1
267 11 5
 0 2
 1 0
 2 1
 3 2
 4 2
268 4 5
 0 2
 1 0
 2 2
 3 2
 4 2
269 18 5
 0 0
 1 2
 2 2
 3 0
 4 1
270 9 5
 0 1
 1 0
 2 3
 3 1
 4 1
271 14 5
 0 3
 1 2
 2 3
 3 0
 4 1
272 10 5
 0 3
 1 1
 2 0
 3 2
 4 0
273 13 5
 0 1
 1 2
 2 0
 3 3
 4 1
274 13 5
 0 3
 1 3
 2 1
 3 3
 4 0
275 9 5
 0 2
 1 2
 2 1
 3 2
 4 0
276 4 5
 0 0
 1 1
 2 3
 3 1
 4 3
277 10 5
 0 3
 1 0
 2 1
 3 0
 4 0
278 17 5
 0 2
 1 3
 2 1
 3 1
 4 2
279 12 5
 0 2
 1 0
 2 0
 3 3
 4 1
280 12 5
 0 0
 1 0
 2 0
 3 3
 4 0
281 20 5
 0 3
 1 2
 2 0
 3 3
 4 0
282 9 5
 0 2
 1 0
 2 1
 3 3
 4 3
283 12 5
 0 3
 1 1
 2 3
 3 3
 4 0
284 6 5
 0 0
 1 0
 2 0
 3 0
 4 2
285 8 5
 0 3
 1 0
 2 2
 3 0
 4 0
286 8 5
 0 0
 1 0
 2 0
 3 0
 4 1
287 11 5
 0 0
 1 2
 2 3
 3 0
 4 2
288 12 5
 0 0
 1 0
 2 0
 3 1
 4 3
289 18 5
 0 0
 1 0
 2 0
 3 1
 4 1
290 15 5
 0 0
 1 2
 2 0
 3 0
 4 2
291 3 5
 0 2
 1 1
 2 3
 3 1
 4 3
292 4 5
 0 1
 1 0
 2 0
 3 1
 4 3
293 10 5
 0 3
 1 3
 2 1
 3 0
 4 0
294 2 5
 0 0
 1 3
 2 2
 3 3
 4 2
295 16 5
 0 3
 1 0
 2 2
 3 2
 4 3
296 4 5
 0 3
 1 1
 2 0
 3 1
 4 3
297 11 5
 0 1
 1 0
 2 3
 3 2
 4 3
298 4 5
 0 0
 1 1
 2 1
 3 1
 4 0
299 1 5
 0 3
 1 1
 2 2
 3 0
 4 2
300 19 5
 0 0
 1 1
 2 2
 3 0
 4 0
301 16 5
 0 3
 1 2
 2 3
 3 0
 4 3
302 5 5
 0 3
 1 0
 2 3
 3 0
 4 0
303 1 5
 0 2
 1 3
 2 2
 3 2
 4 2
304 9 5
 0 0
 1 1
 2 3
 3 1
 4 0
305 18 5
 0 0
 1 1
 2 2
 3 0
 4 2
306 13 5
 0 1
 1 1
 2 1
 3 2
 4 0
307 15 5
 0 2
 1 0
 2 0
 3 0
 4 1
308 13 5
 0 2
 1 2
 2 2
 3 2
 4 0
309 14 5
 0 1
 1 2
 2 2
 3 1
 4 0
310 10 5
 0 3
 1 2
 2 0
 3 0
 4 2
311 10 5
 0 0
 1 0
 2 1
 3 3
 4 0
312 10 5
 0 1
 1 0
 2 0
 3 1
 4 1
313 15 5
 0 3
 1 2
 2 0
 3 1
 4 0
314 11 5
 0 3
 1 0
 2 1
 3 0
 4 3
315 11 5
 0 0
 1 0
 2 3
 3 0
 4 0
316 9 5
 0 1
 1 3
 2 0
 3 0
 4 0
317 19 5
 0 2
 1 3
 2 2
 3 2
 4 2
318 17 5
 0 0
 1 0
 2 3
 3 1
 4 3
319 17 5
 0 0
 1 1
 2 1
 3 2
 4 0
320 10 5
 0 3
 1 0
 2 3
 3 3
 4 1
321 2 5
 0 2
 1 1
 2 0
 3 3
 4 3
322 3 5
 0 3
 1 0
 2 1
 3 1
 4 2
323 12 5
 0 3
 1 3
 2 2
 3 3
 4 0
324 17 5
 0 2
 1 2
 2 0
 3 2
 4 2
325 7 5
 0 1
 1 2
 2 1
 3 0
 4 2
326 14 5
 0 0
 1 0
 2 0
 3 0
 4 2
327 11 5
 0 2
 1 0
 2 0
 3 0
 4 0
328 1 5
 0 1
 1 1
 2 3
 3 3
 4 0
329 9 5
 0 0
 1 0
 2 0
 3 2
 4 0
330 10 5
 0 0
 1 2
 2 2
 3 2
 4 0
331 6 5
 0 2
 1 0
 2 2
 3 1
 4 2
332 8 5
 0 2
 1 3
 2 0
 3 3
 4 0
333 15 5
 0 1
 1 0
 2 1
 3 1
 4 0
334 1 5
 0 2
 1 2
 2 2
 3 1
 4 1
335 3 5
 0 0
 1 0
 2 0
 3 2
 4 1
336 3 5
 0 0
 1 0
 2 2
 3 0
 4 3
337 15 5
 0 1
 1 1
 2 0
 3 0
 4 3
338 10 5
 0 2
 1 1
 2 0
 3 0
 4 0
339 19 5
 0 1
 1 3
 2 0
 3 2
 4 0
340 14 5
 0 0
 1 0
 2 3
 3 0
 4 0
341 0 5
 0 0
 1 0
 2 0
 3 0
 4 0

# PRECEDENCES
775
0 1
0 27
0 53
0 79
0 105
0 131
0 157
0 183
0 209
0 235
0 261
0 287
0 313
0 339
1 2
1 27
1 28
2 3
2 28
2 29
3 4
3 29
3 30
4 5
4 30
5 6
5 31
6 7
6 32
7 8
7 33
8 9
8 34
9 10
9 35
9 36
10 11
10 36
11 12
11 37
11 38
12 13
12 38
13 14
13 39
13 40
14 15
14 40
15 16
15 41
15 42
16 17
16 42
17 18
17 43
18 19
18 44
19 20
19 45
20 21
20 46
20 47
21 22
21 47
22 23
22 48
22 49
23 24
23 49
23 50
24 25
24 50
25 26
25 51
25 52
26 52
26 341
27 28
27 53
28 29
28 54
29 30
29 55
30 31
30 56
31 32
31 57
31 58
32 33
32 58
33 34
33 59
33 60
34 35
34 60
34 61
35 36
35 61
35 62
36 37
36 62
36 63
37 38
37 63
38 39
38 64
39 40
39 65
40 41
40 66
41 42
41 67
42 43
42 68
43 44
43 69
43 70
44 45
44 70
45 46
45 71
46 47
46 72
47 48
47 73
47 74
48 49
48 74
49 50
49 75
49 76
50 51
50 76
51 52
51 77
52 78
52 341
53 54
53 79
54 55
54 80
55 56
55 81
56 57
56 82
56 83
57 58
57 83
58 59
58 84
59 60
59 85
60 61
60 86
61 62
61 87
62 63
62 88
62 89
63 64
63 89
64 65
64 90
64 91
65 66
65 91
65 92
66 67
66 92
67 68
67 93
68 69
68 94
69 70
69 95
70 71
70 96
71 72
71 97
71 98
72 73
72 98
72 99
73 74
73 99
74 75
74 100
74 101
75 76
75 101
76 77
76 102
77 78
77 103
77 104
78 104
78 341
79 80
79 105
79 106
80 81
80 106
81 82
81 107
82 83
82 108
82 109
83 84
83 109
83 110
84 85
84 110
85 86
85 111
86 87
86 112
86 113
87 88
87 113
88 89
88 114
88 115
89 90
89 115
90 91
90 116
91 92
91 117
91 118
92 93
92 118
93 94
93 119
94 95
94 120
95 96
95 121
95 122
96 97
96 122
96 123
97 98
97 123
97 124
98 99
98 124
99 100
99 125
100 101
100 126
101 102
101 127
102 103
102 128
103 104
103 129
103 130
104 130
104 341
105 106
105 131
106 107
106 132
106 133
107 108
107 133
107 134
108 109
108 134
109 110
109 135
110 111
110 136
111 112
111 137
111 138
112 113
112 138
113 114
113 139
114 115
114 140
115 116
115 141
115 142
116 117
116 142
117 118
117 143
117 144
118 119
118 144
119 120
119 145
120 121
120 146
121 122
121 147
122 123
122 148
123 124
123 149
124 125
124 150
125 126
125 151
126 127
126 152
126 153
127 128
127 153
127 154
128 129
128 154
129 130
129 155
130 156
130 341
131 132
131 157
131 158
132 133
132 158
133 134
133 159
133 160
134 135
134 160
135 136
135 161
136 137
136 162
137 138
137 163
138 139
138 164
138 165
139 140
139 165
139 166
140 141
140 166
141 142
141 167
141 168
142 143
142 168
143 144
143 169
143 170
144 145
144 170
145 146
145 171
145 172
146 147
146 172
147 148
147 173
148 149
148 174
149 150
149 175
150 151
150 176
150 177
151 152
151 177
152 153
152 178
152 179
153 154
153 179
153 180
154 155
154 180
155 156
155 181
156 182
156 341
157 158
157 183
158 159
158 184
158 185
159 160
159 185
160 161
160 186
160 187
161 162
161 187
162 163
162 188
163 164
163 189
163 190
164 165
164 190
165 166
165 191
166 167
166 192
167 168
167 193
168 169
168 194
169 170
169 195
170 171
170 196
170 197
171 172
171 197
172 173
172 198
172 199
173 174
173 199
174 175
174 200
174 201
175 176
175 201
176 177
176 202
176 203
177 178
177 203
178 179
178 204
178 205
179 180
179 205
180 181
180 206
181 182
181 207
181 208
182 208
182 341
183 184
183 209
184 185
184 210
184 211
185 186
185 211
185 212
186 187
186 212
187 188
187 213
188 189
188 214
188 215
189 190
189 215
190 191
190 216
191 192
191 217
191 218
192 193
192 218
192 219
193 194
193 219
194 195
194 220
195 196
195 221
195 222
196 197
196 222
197 198
197 223
197 224
198 199
198 224
199 200
199 225
199 226
200 201
200 226
200 227
201 202
201 227
202 203
202 228
203 204
203 229
204 205
204 230
205 206
205 231
206 207
206 232
207 208
207 233
208 234
208 341
209 210
209 235
210 211
210 236
210 237
211 212
211 237
212 213
212 238
212 239
213 214
213 239
213 240
214 215
214 240
215 216
215 241
215 242
216 217
216 242
217 218
217 243
217 244
218 219
218 244
219 220
219 245
219 246
220 221
220 246
221 222
221 247
222 223
222 248
222 249
223 224
223 249
224 225
224 250
224 251
225 226
225 251
225 252
226 227
226 252
227 228
227 253
227 254
228 229
228 254
229 230
229 255
230 231
230 256
231 232
231 257
231 258
232 233
232 258
233 234
233 259
234 260
234 341
235 236
235 261
236 237
236 262
237 238
237 263
238 239
238 264
238 265
239 240
239 265
239 266
240 241
240 266
240 267
241 242
241 267
241 268
242 243
242 268
242 269
243 244
243 269
244 245
244 270
244 271
245 246
245 271
245 272
246 247
246 272
247 248
247 273
248 249
248 274
249 250
249 275
250 251
250 276
250 277
251 252
251 277
252 253
252 278
253 254
253 279
254 255
254 280
254 281
255 256
255 281
255 282
256 257
256 282
257 258
257 283
258 259
258 284
259 260
259 285
259 286
260 286
260 341
261 262
261 287
262 263
262 288
263 264
263 289
264 265
264 290
264 291
265 266
265 291
265 292
266 267
266 292
266 293
267 268
267 293
268 269
268 294
269 270
269 295
270 271
270 296
271 272
271 297
272 273
272 298
273 274
273 299
274 275
274 300
275 276
275 301
275 302
276 277
276 302
276 303
277 278
277 303
278 279
278 304
279 280
279 305
280 281
280 306
281 282
281 307
282 283
282 308
283 284
283 309
284 285
284 310
285 286
285 311
285 312
286 312
286 341
287 288
287 313
287 314
288 289
288 314
289 290
289 315
290 291
290 316
291 292
291 317
292 293
292 318
293 294
293 319
293 320
294 295
294 320
294 321
295 296
295 321
296 297
296 322
297 298
297 323
298 299
298 324
298 325
299 300
299 325
300 301
300 326
300 327
301 302
301 327
302 303
302 328
303 304
303 329
304 305
304 330
305 306
305 331
306 307
306 332
307 308
307 333
308 309
308 334
309 310
309 335
309 336
310 311
310 336
311 312
311 337
312 338
312 341
313 314
313 339
314 315
314 340
315 316
316 317
317 318
318 319
319 320
320 321
321 322
322 323
323 324
324 325
325 326
326 327
327 328
328 329
329 330
330 331
331 332
332 333
333 334
334 335
335 336
336 337
337 338
338 341
339 340
339 341
340 341
