# Tier 7 (Very Large) - Instance 49
# Generated with config: N=391, K=5, topology=grid, calendar=random

# HEADER: <num_tasks> <num_types> <num_units>
393 5 28

# RESOURCE TYPES
# Format: <type_id> <num_units> <unit_id1> <unit_id2> ...
0 6 0 1 2 3 4 5
1 6 6 7 8 9 10 11
2 5 12 13 14 15 16
3 6 17 18 19 20 21 22
4 5 23 24 25 26 27

# RESOURCE UNITS (Calendars)
# Format: <unit_id> <num_steps> <t1> <v1> <t2> <v2> ...
0 20 0 100 158 0 182 100 382 0 399 100 482 0 502 100 773 0 780 100 867 0 885 100 1087 0 1091 100 1410 0 1433 100 1503 0 1524 100 1611 0 1629 100 3886 0
1 20 0 100 360 0 370 100 607 0 633 100 728 0 743 100 936 0 942 100 1198 0 1217 100 1310 0 1329 100 1537 0 1545 100 1729 0 1736 100 1872 0 1894 100 3886 0
2 20 0 100 138 0 167 100 270 0 289 100 376 0 399 100 467 0 472 100 585 0 615 100 694 0 721 100 790 0 814 100 983 0 997 100 1126 0 1138 100 3886 0
3 20 0 0 25 100 196 0 203 100 477 0 498 100 616 0 637 100 854 0 865 100 986 0 998 100 1151 0 1155 100 1321 0 1336 100 1412 0 1433 100 1608 0 3886 0
4 20 0 100 233 0 259 100 327 0 330 100 479 0 485 100 716 0 737 100 1076 0 1091 100 1392 0 1422 100 1710 0 1718 100 1979 0 1992 100 2359 0 2385 100 3886 0
5 20 0 0 16 100 172 0 187 100 541 0 552 100 799 0 808 100 1002 0 1008 100 1287 0 1296 100 1471 0 1475 100 1632 0 1662 100 2018 0 2048 100 2389 0 3886 0
6 20 0 0 19 100 340 0 353 100 563 0 578 100 763 0 787 100 964 0 994 100 1360 0 1386 100 1469 0 1499 100 1578 0 1602 100 1798 0 1828 100 1971 0 3886 0
7 20 0 100 83 0 106 100 376 0 379 100 709 0 723 100 859 0 867 100 1104 0 1123 100 1208 0 1235 100 1372 0 1376 100 1679 0 1687 100 1879 0 1881 100 3886 0
8 20 0 0 24 100 235 0 251 100 601 0 622 100 976 0 989 100 1213 0 1223 100 1546 0 1568 100 1792 0 1814 100 1905 0 1919 100 2157 0 2174 100 2326 0 3886 0
9 20 0 100 315 0 329 100 665 0 668 100 938 0 950 100 1066 0 1093 100 1427 0 1430 100 1507 0 1509 100 1590 0 1606 100 1820 0 1824 100 1943 0 1955 100 3886 0
10 20 0 100 255 0 282 100 386 0 402 100 558 0 569 100 795 0 802 100 1045 0 1053 100 1206 0 1235 100 1390 0 1405 100 1657 0 1667 100 2017 0 2039 100 3886 0
11 20 0 100 166 0 173 100 513 0 526 100 680 0 683 100 763 0 769 100 1068 0 1091 100 1374 0 1404 100 1630 0 1659 100 1783 0 1811 100 2173 0 2176 100 3886 0
12 20 0 0 7 100 348 0 351 100 708 0 720 100 857 0 870 100 1118 0 1123 100 1194 0 1223 100 1332 0 1351 100 1687 0 1699 100 2010 0 2033 100 2178 0 3886 0
13 20 0 0 17 100 381 0 388 100 741 0 765 100 1076 0 1096 100 1163 0 1166 100 1447 0 1454 100 1596 0 1610 100 1875 0 1890 100 2198 0 2221 100 2388 0 3886 0
14 20 0 0 15 100 115 0 141 100 222 0 241 100 330 0 346 100 596 0 611 100 862 0 875 100 1008 0 1025 100 1173 0 1179 100 1372 0 1398 100 1752 0 3886 0
15 20 0 100 237 0 262 100 519 0 547 100 785 0 810 100 1063 0 1093 100 1386 0 1416 100 1722 0 1752 100 1909 0 1924 100 2235 0 2263 100 2377 0 2379 100 3886 0
16 20 0 100 155 0 178 100 505 0 511 100 710 0 712 100 864 0 875 100 1066 0 1085 100 1325 0 1335 100 1495 0 1502 100 1694 0 1702 100 1765 0 1784 100 3886 0
17 20 0 100 173 0 192 100 444 0 457 100 744 0 772 100 891 0 904 100 1143 0 1162 100 1301 0 1331 100 1514 0 1536 100 1631 0 1651 100 1956 0 1984 100 3886 0
18 20 0 0 9 100 169 0 171 100 265 0 282 100 414 0 436 100 719 0 744 100 972 0 992 100 1337 0 1355 100 1548 0 1573 100 1639 0 1649 100 1757 0 3886 0
19 20 0 0 25 100 106 0 112 100 428 0 447 100 776 0 789 100 1015 0 1039 100 1217 0 1242 100 1470 0 1500 100 1687 0 1699 100 1854 0 1879 100 2176 0 3886 0
20 20 0 100 239 0 249 100 491 0 505 100 779 0 788 100 919 0 929 100 1177 0 1184 100 1331 0 1339 100 1493 0 1507 100 1788 0 1818 100 2166 0 2185 100 3886 0
21 20 0 0 8 100 211 0 228 100 423 0 428 100 532 0 553 100 648 0 669 100 940 0 954 100 1298 0 1312 100 1383 0 1411 100 1714 0 1741 100 1961 0 3886 0
22 20 0 0 5 100 171 0 195 100 559 0 583 100 710 0 736 100 1089 0 1092 100 1288 0 1293 100 1382 0 1409 100 1619 0 1644 100 1982 0 2010 100 2168 0 3886 0
23 20 0 100 77 0 106 100 358 0 377 100 465 0 473 100 691 0 704 100 991 0 1020 100 1318 0 1327 100 1532 0 1550 100 1804 0 1833 100 1896 0 1924 100 3886 0
24 20 0 0 12 100 263 0 286 100 406 0 409 100 631 0 646 100 801 0 812 100 998 0 1002 100 1338 0 1363 100 1647 0 1668 100 1995 0 2022 100 2347 0 3886 0
25 20 0 100 245 0 275 100 356 0 383 100 651 0 681 100 776 0 806 100 1087 0 1102 100 1467 0 1497 100 1708 0 1736 100 1944 0 1971 100 2204 0 2232 100 3886 0
26 20 0 100 151 0 176 100 417 0 446 100 709 0 712 100 978 0 992 100 1253 0 1267 100 1473 0 1492 100 1597 0 1605 100 1954 0 1961 100 2318 0 2337 100 3886 0
27 20 0 0 21 100 229 0 238 100 424 0 445 100 770 0 780 100 1076 0 1097 100 1286 0 1313 100 1609 0 1624 100 1730 0 1753 100 1843 0 1868 100 1937 0 3886 0

# TASKS
# Format: <task_id> <size> <num_reqs>
# Then for each requirement: <type_id> <qty>
0 0 5
 0 0
 1 0
 2 0
 3 0
 4 0
1 1 5
 0 0
 1 0
 2 3
 3 0
 4 0
2 13 5
 0 2
 1 2
 2 1
 3 2
 4 0
3 14 5
 0 1
 1 0
 2 2
 3 0
 4 2
4 10 5
 0 0
 1 0
 2 1
 3 2
 4 3
5 12 5
 0 0
 1 3
 2 1
 3 3
 4 0
6 3 5
 0 3
 1 2
 2 2
 3 1
 4 1
7 20 5
 0 3
 1 0
 2 3
 3 0
 4 0
8 2 5
 0 0
 1 0
 2 0
 3 3
 4 1
9 16 5
 0 2
 1 3
 2 0
 3 0
 4 0
10 20 5
 0 0
 1 3
 2 1
 3 2
 4 3
11 12 5
 0 0
 1 1
 2 0
 3 2
 4 1
12 17 5
 0 0
 1 1
 2 1
 3 2
 4 3
13 8 5
 0 2
 1 0
 2 3
 3 0
 4 2
14 7 5
 0 0
 1 1
 2 0
 3 0
 4 1
15 18 5
 0 1
 1 0
 2 3
 3 0
 4 0
16 1 5
 0 3
 1 1
 2 2
 3 3
 4 0
17 15 5
 0 3
 1 2
 2 1
 3 0
 4 3
18 6 5
 0 0
 1 1
 2 1
 3 3
 4 2
19 20 5
 0 0
 1 0
 2 2
 3 2
 4 2
20 14 5
 0 2
 1 2
 2 0
 3 0
 4 2
21 11 5
 0 0
 1 2
 2 0
 3 0
 4 0
22 20 5
 0 2
 1 1
 2 2
 3 0
 4 2
23 14 5
 0 1
 1 0
 2 3
 3 0
 4 2
24 10 5
 0 1
 1 3
 2 0
 3 0
 4 3
25 8 5
 0 0
 1 0
 2 0
 3 3
 4 2
26 4 5
 0 1
 1 1
 2 0
 3 2
 4 0
27 10 5
 0 1
 1 3
 2 0
 3 0
 4 3
28 11 5
 0 0
 1 2
 2 2
 3 0
 4 2
29 14 5
 0 2
 1 1
 2 2
 3 0
 4 2
30 9 5
 0 3
 1 1
 2 0
 3 1
 4 3
31 5 5
 0 1
 1 3
 2 0
 3 0
 4 2
32 14 5
 0 2
 1 3
 2 3
 3 0
 4 0
33 6 5
 0 0
 1 1
 2 0
 3 0
 4 3
34 16 5
 0 2
 1 0
 2 2
 3 1
 4 1
35 5 5
 0 0
 1 0
 2 2
 3 0
 4 1
36 10 5
 0 2
 1 1
 2 0
 3 2
 4 0
37 1 5
 0 3
 1 1
 2 3
 3 0
 4 0
38 4 5
 0 2
 1 0
 2 0
 3 2
 4 1
39 12 5
 0 3
 1 3
 2 0
 3 0
 4 0
40 11 5
 0 0
 1 3
 2 3
 3 2
 4 3
41 19 5
 0 3
 1 0
 2 1
 3 3
 4 0
42 18 5
 0 0
 1 2
 2 2
 3 0
 4 0
43 7 5
 0 2
 1 1
 2 0
 3 0
 4 2
44 5 5
 0 2
 1 0
 2 0
 3 1
 4 2
45 4 5
 0 0
 1 0
 2 2
 3 2
 4 0
46 5 5
 0 0
 1 0
 2 0
 3 3
 4 0
47 16 5
 0 0
 1 1
 2 1
 3 3
 4 0
48 10 5
 0 0
 1 2
 2 0
 3 0
 4 3
49 12 5
 0 0
 1 0
 2 3
 3 0
 4 0
50 7 5
 0 3
 1 0
 2 0
 3 1
 4 2
51 9 5
 0 0
 1 0
 2 1
 3 2
 4 0
52 6 5
 0 1
 1 3
 2 0
 3 0
 4 1
53 2 5
 0 2
 1 2
 2 1
 3 0
 4 2
54 10 5
 0 3
 1 2
 2 3
 3 3
 4 3
55 13 5
 0 1
 1 0
 2 0
 3 2
 4 0
56 8 5
 0 0
 1 0
 2 3
 3 1
 4 0
57 5 5
 0 0
 1 0
 2 0
 3 3
 4 0
58 5 5
 0 0
 1 1
 2 3
 3 0
 4 1
59 6 5
 0 0
 1 0
 2 3
 3 3
 4 0
60 11 5
 0 0
 1 3
 2 0
 3 0
 4 1
61 20 5
 0 0
 1 3
 2 3
 3 2
 4 3
62 19 5
 0 0
 1 1
 2 0
 3 0
 4 2
63 6 5
 0 1
 1 0
 2 0
 3 2
 4 0
64 4 5
 0 2
 1 3
 2 0
 3 3
 4 2
65 16 5
 0 1
 1 0
 2 1
 3 0
 4 0
66 4 5
 0 0
 1 0
 2 3
 3 3
 4 0
67 11 5
 0 0
 1 1
 2 0
 3 0
 4 1
68 10 5
 0 1
 1 2
 2 0
 3 2
 4 2
69 10 5
 0 0
 1 0
 2 0
 3 3
 4 2
70 18 5
 0 3
 1 1
 2 1
 3 0
 4 2
71 11 5
 0 0
 1 3
 2 2
 3 3
 4 0
72 12 5
 0 3
 1 3
 2 1
 3 0
 4 2
73 1 5
 0 1
 1 0
 2 3
 3 0
 4 0
74 5 5
 0 1
 1 1
 2 3
 3 2
 4 2
75 17 5
 0 3
 1 2
 2 0
 3 0
 4 2
76 5 5
 0 3
 1 2
 2 3
 3 0
 4 1
77 16 5
 0 3
 1 0
 2 0
 3 1
 4 1
78 2 5
 0 0
 1 1
 2 2
 3 1
 4 3
79 6 5
 0 0
 1 1
 2 0
 3 2
 4 3
80 14 5
 0 2
 1 0
 2 3
 3 3
 4 2
81 12 5
 0 0
 1 0
 2 1
 3 3
 4 1
82 3 5
 0 2
 1 1
 2 2
 3 2
 4 1
83 8 5
 0 0
 1 0
 2 0
 3 3
 4 0
84 1 5
 0 2
 1 0
 2 0
 3 2
 4 1
85 2 5
 0 0
 1 0
 2 2
 3 1
 4 0
86 17 5
 0 1
 1 1
 2 3
 3 1
 4 0
87 3 5
 0 3
 1 2
 2 3
 3 2
 4 2
88 4 5
 0 1
 1 1
 2 2
 3 0
 4 2
89 19 5
 0 2
 1 3
 2 2
 3 3
 4 2
90 8 5
 0 1
 1 0
 2 3
 3 2
 4 0
91 6 5
 0 0
 1 2
 2 3
 3 2
 4 3
92 15 5
 0 0
 1 0
 2 3
 3 0
 4 1
93 15 5
 0 1
 1 2
 2 1
 3 2
 4 3
94 9 5
 0 0
 1 0
 2 1
 3 3
 4 2
95 4 5
 0 0
 1 2
 2 0
 3 1
 4 0
96 12 5
 0 1
 1 0
 2 0
 3 3
 4 3
97 16 5
 0 2
 1 3
 2 0
 3 3
 4 2
98 14 5
 0 2
 1 2
 2 0
 3 2
 4 2
99 14 5
 0 0
 1 2
 2 1
 3 2
 4 0
100 13 5
 0 0
 1 2
 2 0
 3 3
 4 3
101 3 5
 0 1
 1 0
 2 0
 3 2
 4 1
102 3 5
 0 3
 1 2
 2 0
 3 2
 4 0
103 4 5
 0 0
 1 0
 2 1
 3 2
 4 0
104 17 5
 0 0
 1 3
 2 0
 3 0
 4 0
105 19 5
 0 2
 1 2
 2 1
 3 0
 4 0
106 5 5
 0 0
 1 2
 2 3
 3 0
 4 2
107 17 5
 0 0
 1 0
 2 2
 3 2
 4 2
108 3 5
 0 0
 1 0
 2 3
 3 3
 4 3
109 15 5
 0 0
 1 0
 2 0
 3 3
 4 2
110 19 5
 0 0
 1 2
 2 0
 3 1
 4 0
111 7 5
 0 0
 1 0
 2 3
 3 0
 4 1
112 19 5
 0 2
 1 0
 2 1
 3 0
 4 1
113 12 5
 0 2
 1 2
 2 0
 3 1
 4 2
114 6 5
 0 3
 1 3
 2 0
 3 0
 4 3
115 11 5
 0 0
 1 0
 2 3
 3 3
 4 0
116 16 5
 0 1
 1 0
 2 3
 3 2
 4 1
117 10 5
 0 3
 1 3
 2 2
 3 0
 4 0
118 1 5
 0 1
 1 0
 2 0
 3 0
 4 2
119 18 5
 0 2
 1 0
 2 2
 3 3
 4 1
120 5 5
 0 0
 1 3
 2 1
 3 0
 4 0
121 3 5
 0 0
 1 2
 2 0
 3 0
 4 3
122 8 5
 0 0
 1 0
 2 0
 3 1
 4 0
123 17 5
 0 0
 1 0
 2 0
 3 1
 4 1
124 1 5
 0 1
 1 0
 2 0
 3 0
 4 0
125 12 5
 0 0
 1 2
 2 0
 3 3
 4 1
126 11 5
 0 1
 1 2
 2 0
 3 2
 4 0
127 7 5
 0 1
 1 0
 2 0
 3 0
 4 0
128 1 5
 0 1
 1 2
 2 0
 3 2
 4 0
129 18 5
 0 3
 1 2
 2 2
 3 0
 4 2
130 12 5
 0 2
 1 3
 2 2
 3 0
 4 3
131 10 5
 0 0
 1 2
 2 0
 3 0
 4 0
132 2 5
 0 1
 1 2
 2 1
 3 0
 4 2
133 5 5
 0 0
 1 2
 2 3
 3 0
 4 0
134 12 5
 0 1
 1 3
 2 2
 3 1
 4 3
135 19 5
 0 3
 1 2
 2 2
 3 3
 4 1
136 14 5
 0 1
 1 2
 2 1
 3 3
 4 0
137 15 5
 0 1
 1 1
 2 1
 3 0
 4 2
138 11 5
 0 0
 1 2
 2 2
 3 0
 4 0
139 2 5
 0 0
 1 3
 2 0
 3 0
 4 0
140 18 5
 0 1
 1 0
 2 0
 3 1
 4 3
141 18 5
 0 3
 1 3
 2 0
 3 2
 4 2
142 10 5
 0 0
 1 1
 2 0
 3 0
 4 2
143 8 5
 0 0
 1 3
 2 3
 3 3
 4 1
144 20 5
 0 1
 1 0
 2 1
 3 3
 4 0
145 1 5
 0 0
 1 0
 2 1
 3 1
 4 3
146 18 5
 0 3
 1 3
 2 0
 3 3
 4 0
147 17 5
 0 0
 1 0
 2 0
 3 3
 4 0
148 17 5
 0 1
 1 1
 2 0
 3 0
 4 0
149 15 5
 0 2
 1 0
 2 2
 3 1
 4 0
150 16 5
 0 0
 1 3
 2 3
 3 3
 4 0
151 11 5
 0 2
 1 2
 2 0
 3 1
 4 1
152 12 5
 0 3
 1 0
 2 3
 3 3
 4 1
153 6 5
 0 3
 1 3
 2 0
 3 3
 4 3
154 13 5
 0 0
 1 1
 2 2
 3 0
 4 2
155 8 5
 0 0
 1 1
 2 0
 3 3
 4 3
156 13 5
 0 0
 1 0
 2 1
 3 2
 4 1
157 5 5
 0 1
 1 1
 2 0
 3 0
 4 0
158 5 5
 0 1
 1 0
 2 2
 3 0
 4 1
159 7 5
 0 3
 1 3
 2 2
 3 2
 4 0
160 14 5
 0 3
 1 0
 2 0
 3 3
 4 1
161 13 5
 0 2
 1 1
 2 2
 3 3
 4 0
162 17 5
 0 0
 1 0
 2 1
 3 1
 4 0
163 13 5
 0 1
 1 0
 2 3
 3 3
 4 1
164 15 5
 0 2
 1 0
 2 1
 3 3
 4 0
165 5 5
 0 2
 1 0
 2 0
 3 2
 4 0
166 2 5
 0 1
 1 0
 2 0
 3 2
 4 0
167 19 5
 0 0
 1 1
 2 0
 3 1
 4 0
168 5 5
 0 2
 1 1
 2 0
 3 0
 4 2
169 13 5
 0 0
 1 0
 2 0
 3 2
 4 1
170 8 5
 0 0
 1 3
 2 1
 3 1
 4 1
171 16 5
 0 0
 1 1
 2 0
 3 3
 4 0
172 18 5
 0 2
 1 3
 2 0
 3 2
 4 3
173 16 5
 0 2
 1 2
 2 1
 3 3
 4 2
174 18 5
 0 2
 1 2
 2 0
 3 0
 4 0
175 18 5
 0 0
 1 0
 2 1
 3 3
 4 0
176 14 5
 0 1
 1 2
 2 2
 3 0
 4 2
177 11 5
 0 0
 1 1
 2 0
 3 1
 4 1
178 15 5
 0 1
 1 0
 2 0
 3 2
 4 1
179 15 5
 0 3
 1 2
 2 1
 3 1
 4 2
180 13 5
 0 3
 1 0
 2 2
 3 0
 4 2
181 17 5
 0 1
 1 3
 2 0
 3 3
 4 2
182 13 5
 0 1
 1 3
 2 1
 3 0
 4 0
183 15 5
 0 2
 1 1
 2 2
 3 3
 4 0
184 19 5
 0 1
 1 0
 2 0
 3 0
 4 2
185 3 5
 0 0
 1 0
 2 2
 3 2
 4 3
186 20 5
 0 1
 1 1
 2 0
 3 3
 4 2
187 17 5
 0 0
 1 2
 2 0
 3 0
 4 3
188 5 5
 0 1
 1 3
 2 2
 3 1
 4 1
189 8 5
 0 2
 1 1
 2 3
 3 1
 4 3
190 10 5
 0 1
 1 0
 2 2
 3 1
 4 3
191 16 5
 0 1
 1 3
 2 0
 3 2
 4 0
192 19 5
 0 0
 1 0
 2 2
 3 0
 4 1
193 15 5
 0 1
 1 0
 2 2
 3 3
 4 0
194 2 5
 0 3
 1 0
 2 3
 3 0
 4 2
195 1 5
 0 3
 1 3
 2 3
 3 3
 4 2
196 13 5
 0 3
 1 1
 2 0
 3 3
 4 1
197 16 5
 0 0
 1 0
 2 0
 3 0
 4 3
198 3 5
 0 2
 1 3
 2 3
 3 0
 4 0
199 1 5
 0 0
 1 3
 2 0
 3 1
 4 3
200 14 5
 0 2
 1 3
 2 3
 3 1
 4 0
201 8 5
 0 0
 1 3
 2 2
 3 0
 4 1
202 17 5
 0 3
 1 0
 2 2
 3 0
 4 2
203 17 5
 0 1
 1 3
 2 2
 3 0
 4 0
204 1 5
 0 3
 1 0
 2 1
 3 2
 4 0
205 20 5
 0 3
 1 2
 2 0
 3 0
 4 0
206 12 5
 0 3
 1 0
 2 1
 3 0
 4 2
207 12 5
 0 0
 1 3
 2 0
 3 1
 4 0
208 2 5
 0 3
 1 1
 2 1
 3 1
 4 1
209 7 5
 0 2
 1 1
 2 3
 3 2
 4 1
210 14 5
 0 0
 1 1
 2 0
 3 3
 4 0
211 11 5
 0 2
 1 1
 2 2
 3 0
 4 2
212 9 5
 0 0
 1 1
 2 0
 3 1
 4 3
213 4 5
 0 0
 1 0
 2 2
 3 0
 4 2
214 15 5
 0 0
 1 0
 2 1
 3 2
 4 0
215 18 5
 0 1
 1 0
 2 2
 3 0
 4 0
216 2 5
 0 3
 1 1
 2 3
 3 0
 4 0
217 4 5
 0 2
 1 0
 2 0
 3 0
 4 1
218 11 5
 0 1
 1 3
 2 3
 3 1
 4 2
219 1 5
 0 0
 1 0
 2 2
 3 0
 4 2
220 20 5
 0 2
 1 0
 2 0
 3 0
 4 2
221 10 5
 0 0
 1 2
 2 2
 3 0
 4 1
222 16 5
 0 3
 1 0
 2 2
 3 2
 4 3
223 13 5
 0 1
 1 1
 2 2
 3 0
 4 3
224 10 5
 0 3
 1 0
 2 2
 3 3
 4 0
225 20 5
 0 2
 1 1
 2 2
 3 3
 4 0
226 11 5
 0 2
 1 3
 2 0
 3 0
 4 0
227 12 5
 0 0
 1 0
 2 0
 3 2
 4 3
228 10 5
 0 0
 1 1
 2 0
 3 2
 4 0
229 8 5
 0 0
 1 3
 2 0
 3 2
 4 0
230 5 5
 0 2
 1 0
 2 0
 3 2
 4 3
231 19 5
 0 0
 1 0
 2 3
 3 0
 4 2
232 12 5
 0 0
 1 3
 2 1
 3 2
 4 0
233 1 5
 0 3
 1 3
 2 2
 3 2
 4 1
234 3 5
 0 0
 1 1
 2 0
 3 0
 4 0
235 18 5
 0 1
 1 0
 2 0
 3 0
 4 0
236 7 5
 0 0
 1 1
 2 0
 3 0
 4 0
237 5 5
 0 2
 1 3
 2 3
 3 0
 4 1
238 9 5
 0 3
 1 0
 2 3
 3 0
 4 0
239 5 5
 0 1
 1 3
 2 0
 3 3
 4 1
240 19 5
 0 0
 1 1
 2 1
 3 1
 4 3
241 1 5
 0 1
 1 1
 2 0
 3 0
 4 0
242 17 5
 0 3
 1 2
 2 3
 3 0
 4 0
243 17 5
 0 1
 1 0
 2 0
 3 0
 4 0
244 14 5
 0 3
 1 0
 2 0
 3 0
 4 0
245 19 5
 0 2
 1 0
 2 1
 3 3
 4 0
246 19 5
 0 3
 1 1
 2 2
 3 0
 4 2
247 6 5
 0 1
 1 0
 2 3
 3 0
 4 1
248 14 5
 0 0
 1 1
 2 3
 3 0
 4 1
249 15 5
 0 0
 1 2
 2 0
 3 0
 4 0
250 5 5
 0 0
 1 1
 2 3
 3 3
 4 0
251 8 5
 0 3
 1 3
 2 3
 3 0
 4 1
252 19 5
 0 0
 1 0
 2 2
 3 0
 4 1
253 3 5
 0 0
 1 2
 2 2
 3 0
 4 2
254 9 5
 0 2
 1 0
 2 1
 3 2
 4 2
255 16 5
 0 1
 1 3
 2 0
 3 2
 4 3
256 14 5
 0 1
 1 1
 2 1
 3 0
 4 2
257 10 5
 0 2
 1 0
 2 1
 3 1
 4 3
258 7 5
 0 0
 1 3
 2 3
 3 1
 4 0
259 4 5
 0 0
 1 0
 2 0
 3 3
 4 3
260 20 5
 0 0
 1 0
 2 2
 3 3
 4 0
261 3 5
 0 2
 1 2
 2 3
 3 3
 4 1
262 10 5
 0 1
 1 3
 2 0
 3 2
 4 0
263 14 5
 0 1
 1 2
 2 0
 3 2
 4 0
264 9 5
 0 0
 1 2
 2 1
 3 0
 4 2
265 12 5
 0 2
 1 3
 2 0
 3 1
 4 0
266 5 5
 0 0
 1 2
 2 0
 3 2
 4 3
267 19 5
 0 0
 1 1
 2 2
 3 0
 4 0
268 15 5
 0 1
 1 3
 2 0
 3 3
 4 0
269 18 5
 0 0
 1 1
 2 1
 3 2
 4 0
270 3 5
 0 0
 1 0
 2 3
 3 3
 4 3
271 14 5
 0 1
 1 3
 2 2
 3 1
 4 2
272 11 5
 0 0
 1 0
 2 0
 3 2
 4 2
273 16 5
 0 2
 1 2
 2 1
 3 0
 4 1
274 6 5
 0 0
 1 1
 2 1
 3 0
 4 0
275 2 5
 0 0
 1 0
 2 0
 3 1
 4 1
276 6 5
 0 1
 1 2
 2 0
 3 1
 4 3
277 17 5
 0 1
 1 0
 2 0
 3 0
 4 0
278 19 5
 0 0
 1 0
 2 0
 3 0
 4 3
279 6 5
 0 1
 1 1
 2 3
 3 2
 4 2
280 14 5
 0 2
 1 0
 2 3
 3 0
 4 3
281 6 5
 0 3
 1 0
 2 0
 3 2
 4 2
282 10 5
 0 1
 1 0
 2 0
 3 0
 4 3
283 13 5
 0 3
 1 0
 2 3
 3 2
 4 0
284 19 5
 0 3
 1 0
 2 0
 3 0
 4 0
285 15 5
 0 1
 1 2
 2 1
 3 0
 4 3
286 20 5
 0 2
 1 2
 2 1
 3 1
 4 0
287 11 5
 0 1
 1 3
 2 0
 3 1
 4 1
288 11 5
 0 0
 1 0
 2 2
 3 0
 4 0
289 17 5
 0 0
 1 3
 2 0
 3 0
 4 3
290 13 5
 0 1
 1 1
 2 1
 3 0
 4 3
291 18 5
 0 0
 1 3
 2 3
 3 0
 4 2
292 20 5
 0 2
 1 1
 2 1
 3 3
 4 2
293 9 5
 0 1
 1 3
 2 1
 3 3
 4 1
294 11 5
 0 0
 1 2
 2 0
 3 3
 4 2
295 5 5
 0 0
 1 0
 2 1
 3 1
 4 0
296 2 5
 0 0
 1 1
 2 0
 3 0
 4 2
297 2 5
 0 2
 1 2
 2 0
 3 3
 4 1
298 4 5
 0 3
 1 0
 2 0
 3 2
 4 3
299 10 5
 0 0
 1 0
 2 3
 3 1
 4 0
300 19 5
 0 0
 1 0
 2 2
 3 3
 4 0
301 20 5
 0 2
 1 0
 2 1
 3 2
 4 0
302 14 5
 0 2
 1 0
 2 2
 3 0
 4 0
303 2 5
 0 2
 1 2
 2 2
 3 0
 4 0
304 3 5
 0 2
 1 1
 2 3
 3 0
 4 0
305 11 5
 0 0
 1 0
 2 0
 3 2
 4 1
306 17 5
 0 2
 1 0
 2 2
 3 1
 4 3
307 3 5
 0 0
 1 0
 2 3
 3 0
 4 0
308 14 5
 0 2
 1 0
 2 3
 3 2
 4 3
309 2 5
 0 0
 1 0
 2 1
 3 0
 4 0
310 11 5
 0 2
 1 2
 2 0
 3 0
 4 0
311 17 5
 0 0
 1 1
 2 2
 3 0
 4 2
312 3 5
 0 0
 1 3
 2 2
 3 1
 4 0
313 4 5
 0 0
 1 2
 2 0
 3 0
 4 2
314 10 5
 0 0
 1 3
 2 0
 3 2
 4 2
315 13 5
 0 0
 1 2
 2 0
 3 3
 4 2
316 2 5
 0 0
 1 1
 2 3
 3 2
 4 3
317 8 5
 0 1
 1 1
 2 1
 3 3
 4 0
318 14 5
 0 1
 1 0
 2 3
 3 2
 4 2
319 2 5
 0 2
 1 1
 2 3
 3 1
 4 0
320 1 5
 0 1
 1 0
 2 2
 3 2
 4 0
321 6 5
 0 0
 1 2
 2 3
 3 0
 4 1
322 15 5
 0 1
 1 0
 2 0
 3 1
 4 0
323 7 5
 0 0
 1 3
 2 2
 3 2
 4 0
324 11 5
 0 1
 1 0
 2 1
 3 1
 4 0
325 10 5
 0 3
 1 1
 2 0
 3 1
 4 0
326 1 5
 0 2
 1 0
 2 0
 3 1
 4 2
327 11 5
 0 0
 1 2
 2 0
 3 3
 4 3
328 4 5
 0 0
 1 0
 2 0
 3 2
 4 3
329 15 5
 0 2
 1 0
 2 3
 3 0
 4 1
330 16 5
 0 0
 1 0
 2 0
 3 0
 4 3
331 18 5
 0 0
 1 0
 2 3
 3 0
 4 0
332 12 5
 0 1
 1 0
 2 0
 3 2
 4 3
333 6 5
 0 2
 1 2
 2 2
 3 0
 4 0
334 20 5
 0 1
 1 0
 2 2
 3 3
 4 0
335 15 5
 0 2
 1 1
 2 1
 3 2
 4 0
336 20 5
 0 0
 1 0
 2 2
 3 2
 4 3
337 15 5
 0 3
 1 1
 2 0
 3 0
 4 2
338 19 5
 0 1
 1 3
 2 1
 3 3
 4 2
339 4 5
 0 3
 1 2
 2 2
 3 2
 4 3
340 4 5
 0 3
 1 3
 2 3
 3 2
 4 0
341 5 5
 0 1
 1 0
 2 0
 3 1
 4 3
342 3 5
 0 3
 1 0
 2 1
 3 0
 4 1
343 3 5
 0 2
 1 1
 2 2
 3 2
 4 3
344 18 5
 0 0
 1 1
 2 1
 3 0
 4 0
345 5 5
 0 0
 1 0
 2 0
 3 0
 4 3
346 10 5
 0 3
 1 3
 2 3
 3 3
 4 0
347 11 5
 0 0
 1 3
 2 0
 3 3
 4 3
348 2 5
 0 2
 1 0
 2 0
 3 3
 4 1
349 6 5
 0 0
 1 0
 2 0
 3 0
 4 3
350 13 5
 0 3
 1 1
 2 3
 3 0
 4 0
351 13 5
 0 1
 1 0
 2 0
 3 2
 4 3
352 12 5
 0 0
 1 3
 2 0
 3 2
 4 3
353 13 5
 0 3
 1 1
 2 1
 3 2
 4 1
354 14 5
 0 3
 1 1
 2 0
 3 0
 4 1
355 13 5
 0 0
 1 0
 2 0
 3 1
 4 0
356 2 5
 0 0
 1 0
 2 0
 3 1
 4 0
357 3 5
 0 2
 1 0
 2 3
 3 0
 4 3
358 1 5
 0 0
 1 0
 2 1
 3 0
 4 0
359 6 5
 0 3
 1 1
 2 0
 3 2
 4 0
360 3 5
 0 2
 1 3
 2 3
 3 3
 4 0
361 11 5
 0 0
 1 1
 2 0
 3 2
 4 2
362 6 5
 0 3
 1 0
 2 1
 3 1
 4 2
363 8 5
 0 0
 1 2
 2 2
 3 0
 4 2
364 17 5
 0 0
 1 0
 2 2
 3 3
 4 0
365 11 5
 0 0
 1 3
 2 3
 3 0
 4 0
366 11 5
 0 2
 1 2
 2 1
 3 1
 4 1
367 17 5
 0 1
 1 3
 2 2
 3 1
 4 1
368 5 5
 0 0
 1 0
 2 0
 3 1
 4 2
369 16 5
 0 3
 1 3
 2 0
 3 2
 4 3
370 8 5
 0 3
 1 1
 2 2
 3 0
 4 2
371 12 5
 0 2
 1 1
 2 1
 3 0
 4 2
372 11 5
 0 2
 1 0
 2 3
 3 3
 4 0
373 20 5
 0 2
 1 1
 2 2
 3 3
 4 0
374 3 5
 0 3
 1 2
 2 3
 3 3
 4 1
375 8 5
 0 2
 1 1
 2 0
 3 1
 4 3
376 12 5
 0 0
 1 2
 2 2
 3 1
 4 3
377 16 5
 0 0
 1 0
 2 1
 3 1
 4 0
378 20 5
 0 0
 1 0
 2 0
 3 0
 4 3
379 4 5
 0 2
 1 0
 2 3
 3 3
 4 1
380 11 5
 0 2
 1 1
 2 1
 3 1
 4 0
381 7 5
 0 0
 1 0
 2 3
 3 0
 4 1
382 2 5
 0 0
 1 3
 2 1
 3 3
 4 0
383 5 5
 0 0
 1 3
 2 2
 3 0
 4 3
384 3 5
 0 2
 1 0
 2 0
 3 0
 4 1
385 15 5
 0 0
 1 2
 2 2
 3 3
 4 1
386 2 5
 0 3
 1 0
 2 3
 3 3
 4 2
387 2 5
 0 1
 1 1
 2 0
 3 0
 4 3
388 7 5
 0 0
 1 0
 2 2
 3 2
 4 0
389 3 5
 0 2
 1 0
 2 0
 3 1
 4 0
390 20 5
 0 3
 1 0
 2 3
 3 0
 4 0
391 10 5
 0 3
 1 1
 2 3
 3 0
 4 3
392 0 5
 0 0
 1 0
 2 0
 3 0
 4 0

# PRECEDENCES
893
0 1
0 28
0 55
0 82
0 109
0 136
0 163
0 190
0 217
0 244
0 271
0 298
0 325
0 352
0 379
1 2
1 28
2 3
2 29
3 4
3 30
3 31
4 5
4 31
5 6
5 32
5 33
6 7
6 33
7 8
7 34
7 35
8 9
8 35
9 10
9 36
9 37
10 11
10 37
11 12
11 38
11 39
12 13
12 39
13 14
13 40
13 41
14 15
14 41
15 16
15 42
16 17
16 43
17 18
17 44
18 19
18 45
19 20
19 46
19 47
20 21
20 47
20 48
21 22
21 48
22 23
22 49
23 24
23 50
24 25
24 51
24 52
25 26
25 52
26 27
26 53
27 54
27 392
28 29
28 55
29 30
29 56
30 31
30 57
31 32
31 58
32 33
32 59
33 34
33 60
33 61
34 35
34 61
34 62
35 36
35 62
36 37
36 63
37 38
37 64
38 39
38 65
39 40
39 66
40 41
40 67
40 68
41 42
41 68
41 69
42 43
42 69
43 44
43 70
44 45
44 71
44 72
45 46
45 72
46 47
46 73
47 48
47 74
48 49
48 75
49 50
49 76
50 51
50 77
51 52
51 78
51 79
52 53
52 79
53 54
53 80
54 81
54 392
55 56
55 82
55 83
56 57
56 83
57 58
57 84
57 85
58 59
58 85
59 60
59 86
60 61
60 87
60 88
61 62
61 88
62 63
62 89
63 64
63 90
64 65
64 91
65 66
65 92
66 67
66 93
67 68
67 94
68 69
68 95
68 96
69 70
69 96
69 97
70 71
70 97
71 72
71 98
72 73
72 99
72 100
73 74
73 100
74 75
74 101
75 76
75 102
76 77
76 103
76 104
77 78
77 104
78 79
78 105
79 80
79 106
80 81
80 107
81 108
81 392
82 83
82 109
83 84
83 110
83 111
84 85
84 111
85 86
85 112
85 113
86 87
86 113
87 88
87 114
88 89
88 115
89 90
89 116
90 91
90 117
91 92
91 118
92 93
92 119
93 94
93 120
94 95
94 121
94 122
95 96
95 122
95 123
96 97
96 123
96 124
97 98
97 124
98 99
98 125
99 100
99 126
100 101
100 127
101 102
101 128
102 103
102 129
103 104
103 130
103 131
104 105
104 131
105 106
105 132
106 107
106 133
107 108
107 134
108 135
108 392
109 110
109 136
110 111
110 137
111 112
111 138
112 113
112 139
113 114
113 140
113 141
114 115
114 141
115 116
115 142
115 143
116 117
116 143
117 118
117 144
118 119
118 145
118 146
119 120
119 146
120 121
120 147
121 122
121 148
122 123
122 149
123 124
123 150
123 151
124 125
124 151
124 152
125 126
125 152
125 153
126 127
126 153
127 128
127 154
128 129
128 155
129 130
129 156
129 157
130 131
130 157
130 158
131 132
131 158
131 159
132 133
132 159
133 134
133 160
134 135
134 161
135 162
135 392
136 137
136 163
137 138
137 164
138 139
138 165
139 140
139 166
139 167
140 141
140 167
140 168
141 142
141 168
141 169
142 143
142 169
143 144
143 170
144 145
144 171
145 146
145 172
145 173
146 147
146 173
147 148
147 174
148 149
148 175
149 150
149 176
150 151
150 177
150 178
151 152
151 178
152 153
152 179
152 180
153 154
153 180
154 155
154 181
155 156
155 182
156 157
156 183
157 158
157 184
157 185
158 159
158 185
159 160
159 186
160 161
160 187
160 188
161 162
161 188
162 189
162 392
163 164
163 190
163 191
164 165
164 191
164 192
165 166
165 192
166 167
166 193
166 194
167 168
167 194
167 195
168 169
168 195
169 170
169 196
170 171
170 197
171 172
171 198
171 199
172 173
172 199
173 174
173 200
174 175
174 201
174 202
175 176
175 202
175 203
176 177
176 203
176 204
177 178
177 204
178 179
178 205
179 180
179 206
180 181
180 207
181 182
181 208
182 183
182 209
183 184
183 210
184 185
184 211
185 186
185 212
186 187
186 213
187 188
187 214
187 215
188 189
188 215
188 216
189 216
189 392
190 191
190 217
191 192
191 218
191 219
192 193
192 219
193 194
193 220
193 221
194 195
194 221
195 196
195 222
196 197
196 223
197 198
197 224
198 199
198 225
199 200
199 226
200 201
200 227
201 202
201 228
202 203
202 229
202 230
203 204
203 230
203 231
204 205
204 231
205 206
205 232
206 207
206 233
206 234
207 208
207 234
208 209
208 235
209 210
209 236
210 211
210 237
211 212
211 238
212 213
212 239
212 240
213 214
213 240
213 241
214 215
214 241
214 242
215 216
215 242
215 243
216 243
216 392
217 218
217 244
218 219
218 245
219 220
219 246
219 247
220 221
220 247
221 222
221 248
221 249
222 223
222 249
222 250
223 224
223 250
223 251
224 225
224 251
225 226
225 252
226 227
226 253
226 254
227 228
227 254
228 229
228 255
228 256
229 230
229 256
230 231
230 257
230 258
231 232
231 258
232 233
232 259
232 260
233 234
233 260
233 261
234 235
234 261
235 236
235 262
236 237
236 263
237 238
237 264
237 265
238 239
238 265
239 240
239 266
240 241
240 267
240 268
241 242
241 268
242 243
242 269
243 270
243 392
244 245
244 271
244 272
245 246
245 272
245 273
246 247
246 273
246 274
247 248
247 274
247 275
248 249
248 275
249 250
249 276
250 251
250 277
251 252
251 278
252 253
252 279
253 254
253 280
253 281
254 255
254 281
255 256
255 282
255 283
256 257
256 283
257 258
257 284
258 259
258 285
259 260
259 286
260 261
260 287
261 262
261 288
262 263
262 289
263 264
263 290
264 265
264 291
265 266
265 292
265 293
266 267
266 293
267 268
267 294
268 269
268 295
269 270
269 296
269 297
270 297
270 392
271 272
271 298
272 273
272 299
273 274
273 300
274 275
274 301
275 276
275 302
276 277
276 303
276 304
277 278
277 304
278 279
278 305
279 280
279 306
280 281
280 307
280 308
281 282
281 308
281 309
282 283
282 309
283 284
283 310
283 311
284 285
284 311
285 286
285 312
286 287
286 313
287 288
287 314
287 315
288 289
288 315
289 290
289 316
290 291
290 317
291 292
291 318
292 293
292 319
292 320
293 294
293 320
294 295
294 321
295 296
295 322
296 297
296 323
297 324
297 392
298 299
298 325
299 300
299 326
300 301
300 327
300 328
301 302
301 328
302 303
302 329
303 304
303 330
304 305
304 331
305 306
305 332
306 307
306 333
306 334
307 308
307 334
307 335
308 309
308 335
309 310
309 336
309 337
310 311
310 337
310 338
311 312
311 338
311 339
312 313
312 339
313 314
313 340
313 341
314 315
314 341
314 342
315 316
315 342
315 343
316 317
316 343
317 318
317 344
317 345
318 319
318 345
319 320
319 346
320 321
320 347
321 322
321 348
321 349
322 323
322 349
323 324
323 350
324 351
324 392
325 326
325 352
326 327
326 353
327 328
327 354
328 329
328 355
328 356
329 330
329 356
329 357
330 331
330 357
331 332
331 358
331 359
332 333
332 359
332 360
333 334
333 360
333 361
334 335
334 361
335 336
335 362
336 337
336 363
337 338
337 364
337 365
338 339
338 365
338 366
339 340
339 366
340 341
340 367
340 368
341 342
341 368
342 343
342 369
343 344
343 370
344 345
344 371
345 346
345 372
345 373
346 347
346 373
346 374
347 348
347 374
348 349
348 375
349 350
349 376
350 351
350 377
351 378
351 392
352 353
352 379
353 354
353 380
353 381
354 355
354 381
355 356
355 382
356 357
356 383
357 358
357 384
358 359
358 385
359 360
359 386
360 361
360 387
361 362
361 388
362 363
362 389
363 364
363 390
364 365
364 391
365 366
366 367
367 368
368 369
369 370
370 371
371 372
372 373
373 374
374 375
375 376
376 377
377 378
378 392
379 380
379 392
380 381
380 392
381 382
381 392
382 383
382 392
383 384
383 392
384 385
384 392
385 386
385 392
386 387
386 392
387 388
387 392
388 389
388 392
389 390
389 392
390 391
390 392
391 392
