# Tier 7 (Very Large) - Instance 30
# Generated with config: N=343, K=3, topology=random_dag, calendar=staggered

# HEADER: <num_tasks> <num_types> <num_units>
345 3 24

# RESOURCE TYPES
# Format: <type_id> <num_units> <unit_id1> <unit_id2> ...
0 8 0 1 2 3 4 5 6 7
1 8 8 9 10 11 12 13 14 15
2 8 16 17 18 19 20 21 22 23

# RESOURCE UNITS (Calendars)
# Format: <unit_id> <num_steps> <t1> <v1> <t2> <v2> ...
0 22 0 100 1 0 33 100 269 0 302 100 537 0 568 100 801 0 834 100 1068 0 1099 100 1336 0 1368 100 1606 0 1637 100 1873 0 1906 100 2143 0 2177 100 2414 0 2444 100 2953 0
1 22 0 100 13 0 60 100 282 0 328 100 549 0 596 100 816 0 862 100 1082 0 1130 100 1348 0 1395 100 1616 0 1664 100 1884 0 1929 100 2151 0 2197 100 2418 0 2463 100 2953 0
2 22 0 100 21 0 53 100 287 0 319 100 555 0 589 100 826 0 860 100 1096 0 1128 100 1365 0 1397 100 1634 0 1665 100 1899 0 1932 100 2164 0 2196 100 2430 0 2463 100 2953 0
3 22 0 100 32 0 53 100 299 0 321 100 568 0 590 100 832 0 855 100 1099 0 1122 100 1366 0 1387 100 1632 0 1656 100 1899 0 1920 100 2165 0 2188 100 2435 0 2457 100 2953 0
4 22 0 100 43 0 80 100 312 0 349 100 578 0 616 100 848 0 887 100 1118 0 1155 100 1385 0 1422 100 1652 0 1691 100 1921 0 1957 100 2184 0 2222 100 2449 0 2486 100 2953 0
5 22 0 100 57 0 105 100 322 0 370 100 592 0 642 100 863 0 912 100 1130 0 1177 100 1396 0 1443 100 1661 0 1707 100 1925 0 1973 100 2192 0 2240 100 2461 0 2510 100 2953 0
6 22 0 100 67 0 111 100 334 0 379 100 601 0 644 100 865 0 910 100 1131 0 1174 100 1395 0 1441 100 1664 0 1709 100 1935 0 1979 100 2201 0 2247 100 2467 0 2512 100 2953 0
7 22 0 100 76 0 108 100 343 0 372 100 611 0 640 100 874 0 906 100 1144 0 1174 100 1414 0 1445 100 1685 0 1714 100 1949 0 1978 100 2213 0 2242 100 2481 0 2511 100 2953 0
8 22 0 100 88 0 124 100 352 0 391 100 621 0 661 100 888 0 926 100 1154 0 1191 100 1420 0 1456 100 1686 0 1724 100 1956 0 1995 100 2225 0 2263 100 2491 0 2529 100 2953 0
9 22 0 100 99 0 137 100 370 0 407 100 639 0 674 100 903 0 939 100 1172 0 1209 100 1442 0 1476 100 1707 0 1742 100 1971 0 2008 100 2238 0 2275 100 2508 0 2542 100 2953 0
10 22 0 100 110 0 135 100 377 0 400 100 645 0 667 100 913 0 937 100 1179 0 1203 100 1447 0 1470 100 1714 0 1738 100 1982 0 2005 100 2251 0 2273 100 2519 0 2542 100 2953 0
11 22 0 100 122 0 150 100 388 0 418 100 657 0 685 100 921 0 951 100 1191 0 1221 100 1459 0 1489 100 1725 0 1752 100 1992 0 2022 100 2261 0 2288 100 2528 0 2557 100 2953 0
12 22 0 100 134 0 163 100 402 0 434 100 673 0 705 100 945 0 977 100 1217 0 1249 100 1483 0 1514 100 1752 0 1782 100 2021 0 2050 100 2288 0 2319 100 2559 0 2589 100 2953 0
13 22 0 100 146 0 185 100 412 0 452 100 677 0 716 100 945 0 985 100 1209 0 1250 100 1476 0 1518 100 1742 0 1784 100 2011 0 2053 100 2277 0 2316 100 2540 0 2579 100 2953 0
14 22 0 100 158 0 201 100 424 0 465 100 688 0 731 100 953 0 996 100 1220 0 1263 100 1490 0 1533 100 1755 0 1797 100 2022 0 2065 100 2291 0 2333 100 2555 0 2597 100 2953 0
15 22 0 100 167 0 204 100 437 0 474 100 702 0 739 100 967 0 1004 100 1234 0 1274 100 1502 0 1538 100 1768 0 1807 100 2037 0 2075 100 2306 0 2345 100 2576 0 2614 100 2953 0
16 22 0 100 178 0 199 100 447 0 468 100 716 0 739 100 983 0 1004 100 1250 0 1274 100 1521 0 1543 100 1787 0 1809 100 2053 0 2074 100 2317 0 2339 100 2587 0 2608 100 2953 0
17 22 0 100 192 0 221 100 463 0 492 100 732 0 760 100 1001 0 1030 100 1270 0 1298 100 1537 0 1565 100 1801 0 1829 100 2068 0 2097 100 2338 0 2365 100 2604 0 2631 100 2953 0
18 22 0 100 203 0 227 100 469 0 496 100 736 0 760 100 1003 0 1030 100 1270 0 1295 100 1536 0 1561 100 1800 0 1826 100 2065 0 2090 100 2334 0 2360 100 2603 0 2628 100 2953 0
19 22 0 100 210 0 249 100 475 0 512 100 740 0 780 100 1006 0 1045 100 1274 0 1314 100 1542 0 1580 100 1806 0 1846 100 2074 0 2114 100 2342 0 2382 100 2609 0 2647 100 2953 0
20 22 0 100 223 0 249 100 488 0 517 100 757 0 785 100 1026 0 1052 100 1292 0 1320 100 1562 0 1590 100 1833 0 1861 100 2099 0 2125 100 2363 0 2388 100 2628 0 2657 100 2953 0
21 22 0 100 234 0 276 100 505 0 544 100 770 0 811 100 1038 0 1077 100 1302 0 1341 100 1570 0 1612 100 1842 0 1882 100 2108 0 2150 100 2380 0 2419 100 2644 0 2682 100 2953 0
22 22 0 100 247 0 292 100 512 0 558 100 779 0 827 100 1047 0 1093 100 1317 0 1364 100 1584 0 1630 100 1849 0 1896 100 2115 0 2160 100 2383 0 2430 100 2653 0 2699 100 2953 0
23 22 0 100 258 0 300 100 528 0 570 100 797 0 838 100 1063 0 1104 100 1331 0 1371 100 1596 0 1636 100 1864 0 1903 100 2131 0 2172 100 2397 0 2438 100 2663 0 2705 100 2953 0

# TASKS
# Format: <task_id> <size> <num_reqs>
# Then for each requirement: <type_id> <qty>
0 0 3
 0 0
 1 0
 2 0
1 18 3
 0 2
 1 1
 2 2
2 7 3
 0 1
 1 1
 2 2
3 3 3
 0 0
 1 3
 2 0
4 13 3
 0 2
 1 0
 2 0
5 10 3
 0 1
 1 1
 2 0
6 10 3
 0 3
 1 1
 2 3
7 1 3
 0 1
 1 2
 2 2
8 6 3
 0 0
 1 1
 2 0
9 8 3
 0 3
 1 1
 2 3
10 17 3
 0 2
 1 2
 2 0
11 17 3
 0 1
 1 0
 2 3
12 3 3
 0 0
 1 1
 2 0
13 17 3
 0 0
 1 1
 2 3
14 4 3
 0 0
 1 1
 2 0
15 12 3
 0 3
 1 3
 2 3
16 7 3
 0 3
 1 0
 2 2
17 6 3
 0 0
 1 1
 2 0
18 3 3
 0 2
 1 0
 2 2
19 1 3
 0 0
 1 2
 2 0
20 10 3
 0 2
 1 0
 2 2
21 18 3
 0 3
 1 0
 2 1
22 5 3
 0 2
 1 0
 2 0
23 14 3
 0 3
 1 0
 2 0
24 19 3
 0 2
 1 1
 2 2
25 20 3
 0 3
 1 0
 2 2
26 5 3
 0 3
 1 2
 2 0
27 13 3
 0 3
 1 2
 2 2
28 17 3
 0 1
 1 0
 2 0
29 17 3
 0 0
 1 1
 2 3
30 19 3
 0 1
 1 0
 2 0
31 10 3
 0 1
 1 0
 2 3
32 11 3
 0 3
 1 0
 2 2
33 3 3
 0 2
 1 2
 2 0
34 20 3
 0 2
 1 1
 2 1
35 20 3
 0 2
 1 3
 2 0
36 19 3
 0 0
 1 2
 2 2
37 2 3
 0 1
 1 3
 2 1
38 15 3
 0 0
 1 3
 2 3
39 1 3
 0 0
 1 2
 2 0
40 1 3
 0 2
 1 0
 2 1
41 9 3
 0 0
 1 2
 2 3
42 5 3
 0 0
 1 2
 2 0
43 19 3
 0 3
 1 3
 2 3
44 3 3
 0 2
 1 2
 2 0
45 14 3
 0 3
 1 2
 2 2
46 6 3
 0 2
 1 2
 2 0
47 15 3
 0 0
 1 1
 2 0
48 1 3
 0 3
 1 1
 2 0
49 10 3
 0 0
 1 0
 2 2
50 6 3
 0 0
 1 0
 2 3
51 11 3
 0 0
 1 3
 2 3
52 14 3
 0 1
 1 1
 2 2
53 19 3
 0 0
 1 2
 2 3
54 11 3
 0 0
 1 3
 2 1
55 14 3
 0 0
 1 2
 2 0
56 20 3
 0 0
 1 0
 2 1
57 9 3
 0 2
 1 0
 2 2
58 6 3
 0 0
 1 0
 2 3
59 19 3
 0 1
 1 1
 2 0
60 4 3
 0 1
 1 2
 2 0
61 7 3
 0 0
 1 3
 2 3
62 3 3
 0 0
 1 0
 2 2
63 6 3
 0 0
 1 0
 2 3
64 4 3
 0 0
 1 2
 2 0
65 11 3
 0 0
 1 0
 2 1
66 18 3
 0 1
 1 1
 2 0
67 15 3
 0 1
 1 0
 2 3
68 11 3
 0 0
 1 1
 2 0
69 8 3
 0 3
 1 1
 2 0
70 8 3
 0 3
 1 0
 2 0
71 13 3
 0 1
 1 1
 2 0
72 10 3
 0 0
 1 3
 2 0
73 7 3
 0 1
 1 0
 2 0
74 19 3
 0 0
 1 0
 2 1
75 6 3
 0 2
 1 0
 2 0
76 17 3
 0 1
 1 1
 2 3
77 15 3
 0 1
 1 0
 2 2
78 13 3
 0 0
 1 1
 2 3
79 20 3
 0 1
 1 3
 2 0
80 7 3
 0 3
 1 1
 2 0
81 16 3
 0 1
 1 1
 2 1
82 5 3
 0 3
 1 0
 2 1
83 17 3
 0 2
 1 2
 2 2
84 11 3
 0 1
 1 0
 2 1
85 7 3
 0 2
 1 0
 2 0
86 3 3
 0 2
 1 3
 2 2
87 15 3
 0 0
 1 0
 2 3
88 7 3
 0 2
 1 0
 2 0
89 2 3
 0 0
 1 2
 2 3
90 20 3
 0 3
 1 1
 2 1
91 1 3
 0 0
 1 0
 2 2
92 17 3
 0 2
 1 2
 2 3
93 13 3
 0 0
 1 0
 2 1
94 3 3
 0 1
 1 0
 2 1
95 7 3
 0 0
 1 1
 2 0
96 20 3
 0 1
 1 0
 2 1
97 10 3
 0 1
 1 2
 2 0
98 9 3
 0 1
 1 1
 2 3
99 14 3
 0 3
 1 3
 2 2
100 2 3
 0 3
 1 0
 2 0
101 18 3
 0 1
 1 3
 2 0
102 3 3
 0 2
 1 0
 2 3
103 4 3
 0 3
 1 0
 2 3
104 1 3
 0 2
 1 0
 2 0
105 4 3
 0 3
 1 2
 2 1
106 10 3
 0 0
 1 2
 2 0
107 4 3
 0 2
 1 0
 2 3
108 19 3
 0 1
 1 3
 2 2
109 5 3
 0 3
 1 1
 2 2
110 19 3
 0 0
 1 2
 2 0
111 4 3
 0 3
 1 3
 2 0
112 14 3
 0 0
 1 3
 2 0
113 18 3
 0 1
 1 1
 2 0
114 15 3
 0 0
 1 1
 2 0
115 7 3
 0 1
 1 2
 2 0
116 17 3
 0 0
 1 1
 2 0
117 2 3
 0 1
 1 2
 2 0
118 17 3
 0 3
 1 0
 2 0
119 18 3
 0 3
 1 0
 2 1
120 19 3
 0 0
 1 1
 2 2
121 19 3
 0 0
 1 3
 2 2
122 15 3
 0 3
 1 2
 2 3
123 7 3
 0 1
 1 1
 2 2
124 15 3
 0 3
 1 2
 2 1
125 1 3
 0 3
 1 1
 2 0
126 3 3
 0 0
 1 2
 2 3
127 17 3
 0 0
 1 1
 2 2
128 10 3
 0 1
 1 3
 2 2
129 14 3
 0 1
 1 1
 2 1
130 8 3
 0 2
 1 2
 2 2
131 17 3
 0 2
 1 2
 2 0
132 2 3
 0 1
 1 1
 2 3
133 17 3
 0 0
 1 0
 2 3
134 8 3
 0 1
 1 0
 2 0
135 4 3
 0 2
 1 2
 2 2
136 19 3
 0 3
 1 0
 2 2
137 17 3
 0 0
 1 0
 2 1
138 10 3
 0 3
 1 0
 2 0
139 8 3
 0 2
 1 0
 2 3
140 17 3
 0 0
 1 1
 2 0
141 12 3
 0 1
 1 1
 2 1
142 12 3
 0 3
 1 1
 2 0
143 17 3
 0 0
 1 2
 2 1
144 8 3
 0 0
 1 2
 2 3
145 7 3
 0 1
 1 0
 2 0
146 7 3
 0 0
 1 3
 2 1
147 10 3
 0 0
 1 2
 2 2
148 15 3
 0 2
 1 0
 2 2
149 18 3
 0 0
 1 3
 2 2
150 10 3
 0 0
 1 1
 2 1
151 1 3
 0 1
 1 0
 2 0
152 12 3
 0 1
 1 3
 2 0
153 11 3
 0 2
 1 0
 2 3
154 18 3
 0 0
 1 1
 2 0
155 4 3
 0 1
 1 0
 2 3
156 2 3
 0 2
 1 2
 2 3
157 16 3
 0 2
 1 1
 2 1
158 7 3
 0 3
 1 2
 2 0
159 16 3
 0 0
 1 1
 2 0
160 9 3
 0 0
 1 3
 2 2
161 7 3
 0 0
 1 3
 2 0
162 3 3
 0 2
 1 2
 2 0
163 15 3
 0 2
 1 1
 2 1
164 7 3
 0 3
 1 0
 2 0
165 19 3
 0 1
 1 0
 2 0
166 15 3
 0 1
 1 0
 2 1
167 18 3
 0 3
 1 0
 2 0
168 17 3
 0 0
 1 2
 2 0
169 1 3
 0 1
 1 1
 2 3
170 18 3
 0 3
 1 0
 2 2
171 15 3
 0 3
 1 0
 2 0
172 20 3
 0 3
 1 0
 2 1
173 5 3
 0 0
 1 2
 2 0
174 1 3
 0 2
 1 0
 2 1
175 19 3
 0 3
 1 0
 2 0
176 20 3
 0 0
 1 2
 2 3
177 5 3
 0 0
 1 2
 2 0
178 1 3
 0 2
 1 1
 2 3
179 10 3
 0 2
 1 1
 2 3
180 18 3
 0 1
 1 0
 2 3
181 2 3
 0 3
 1 2
 2 0
182 9 3
 0 0
 1 3
 2 0
183 10 3
 0 3
 1 0
 2 2
184 3 3
 0 1
 1 0
 2 0
185 4 3
 0 1
 1 1
 2 0
186 5 3
 0 2
 1 0
 2 3
187 7 3
 0 3
 1 0
 2 1
188 12 3
 0 1
 1 2
 2 0
189 15 3
 0 0
 1 0
 2 3
190 6 3
 0 0
 1 0
 2 3
191 14 3
 0 2
 1 2
 2 1
192 14 3
 0 2
 1 0
 2 2
193 17 3
 0 0
 1 0
 2 1
194 20 3
 0 0
 1 0
 2 2
195 13 3
 0 0
 1 3
 2 0
196 17 3
 0 0
 1 3
 2 0
197 2 3
 0 0
 1 0
 2 3
198 7 3
 0 0
 1 1
 2 3
199 9 3
 0 3
 1 3
 2 0
200 10 3
 0 2
 1 3
 2 0
201 6 3
 0 0
 1 0
 2 3
202 18 3
 0 1
 1 1
 2 2
203 1 3
 0 2
 1 0
 2 3
204 11 3
 0 3
 1 1
 2 2
205 2 3
 0 0
 1 0
 2 2
206 17 3
 0 0
 1 0
 2 3
207 11 3
 0 0
 1 1
 2 0
208 8 3
 0 0
 1 2
 2 0
209 15 3
 0 2
 1 2
 2 3
210 12 3
 0 0
 1 2
 2 2
211 17 3
 0 0
 1 1
 2 0
212 10 3
 0 3
 1 2
 2 0
213 13 3
 0 0
 1 1
 2 0
214 18 3
 0 0
 1 3
 2 0
215 7 3
 0 0
 1 2
 2 0
216 8 3
 0 2
 1 3
 2 0
217 8 3
 0 0
 1 2
 2 0
218 10 3
 0 1
 1 1
 2 0
219 10 3
 0 2
 1 2
 2 3
220 6 3
 0 1
 1 0
 2 3
221 3 3
 0 0
 1 1
 2 0
222 18 3
 0 0
 1 3
 2 3
223 8 3
 0 3
 1 0
 2 1
224 8 3
 0 0
 1 2
 2 0
225 5 3
 0 3
 1 3
 2 3
226 1 3
 0 2
 1 0
 2 3
227 11 3
 0 0
 1 3
 2 2
228 18 3
 0 3
 1 0
 2 0
229 2 3
 0 0
 1 3
 2 3
230 8 3
 0 0
 1 1
 2 3
231 8 3
 0 3
 1 2
 2 1
232 4 3
 0 2
 1 0
 2 0
233 13 3
 0 1
 1 2
 2 1
234 5 3
 0 1
 1 1
 2 0
235 14 3
 0 2
 1 0
 2 2
236 17 3
 0 0
 1 1
 2 2
237 18 3
 0 0
 1 2
 2 0
238 1 3
 0 1
 1 0
 2 1
239 7 3
 0 0
 1 3
 2 0
240 12 3
 0 3
 1 0
 2 0
241 4 3
 0 2
 1 0
 2 3
242 17 3
 0 0
 1 3
 2 2
243 8 3
 0 3
 1 0
 2 1
244 20 3
 0 1
 1 1
 2 1
245 3 3
 0 3
 1 0
 2 3
246 10 3
 0 2
 1 0
 2 1
247 13 3
 0 0
 1 0
 2 1
248 3 3
 0 0
 1 1
 2 3
249 5 3
 0 3
 1 2
 2 3
250 10 3
 0 0
 1 3
 2 1
251 20 3
 0 1
 1 1
 2 0
252 11 3
 0 2
 1 3
 2 0
253 16 3
 0 1
 1 0
 2 3
254 18 3
 0 1
 1 2
 2 3
255 17 3
 0 3
 1 0
 2 1
256 8 3
 0 0
 1 1
 2 0
257 6 3
 0 0
 1 0
 2 2
258 13 3
 0 1
 1 2
 2 0
259 8 3
 0 3
 1 2
 2 0
260 10 3
 0 1
 1 3
 2 0
261 6 3
 0 2
 1 0
 2 1
262 4 3
 0 0
 1 1
 2 1
263 7 3
 0 3
 1 3
 2 0
264 2 3
 0 0
 1 0
 2 3
265 6 3
 0 3
 1 0
 2 3
266 7 3
 0 0
 1 2
 2 1
267 14 3
 0 3
 1 1
 2 2
268 3 3
 0 1
 1 3
 2 3
269 16 3
 0 0
 1 3
 2 0
270 5 3
 0 3
 1 3
 2 2
271 4 3
 0 0
 1 0
 2 1
272 4 3
 0 0
 1 0
 2 3
273 7 3
 0 3
 1 1
 2 0
274 16 3
 0 1
 1 3
 2 0
275 8 3
 0 3
 1 0
 2 1
276 18 3
 0 0
 1 3
 2 1
277 5 3
 0 2
 1 2
 2 2
278 8 3
 0 3
 1 3
 2 3
279 5 3
 0 1
 1 0
 2 2
280 19 3
 0 2
 1 2
 2 0
281 1 3
 0 0
 1 0
 2 3
282 4 3
 0 3
 1 1
 2 2
283 18 3
 0 3
 1 1
 2 0
284 18 3
 0 1
 1 0
 2 0
285 9 3
 0 0
 1 0
 2 1
286 6 3
 0 0
 1 3
 2 3
287 19 3
 0 0
 1 0
 2 1
288 8 3
 0 1
 1 1
 2 0
289 3 3
 0 1
 1 0
 2 0
290 17 3
 0 3
 1 1
 2 2
291 2 3
 0 1
 1 1
 2 3
292 11 3
 0 3
 1 0
 2 0
293 2 3
 0 0
 1 2
 2 0
294 5 3
 0 1
 1 1
 2 0
295 9 3
 0 1
 1 1
 2 3
296 15 3
 0 3
 1 2
 2 2
297 15 3
 0 0
 1 2
 2 1
298 1 3
 0 0
 1 0
 2 3
299 19 3
 0 0
 1 2
 2 2
300 16 3
 0 2
 1 1
 2 3
301 17 3
 0 2
 1 1
 2 0
302 4 3
 0 0
 1 1
 2 0
303 5 3
 0 0
 1 0
 2 1
304 18 3
 0 2
 1 0
 2 0
305 15 3
 0 0
 1 2
 2 2
306 8 3
 0 0
 1 1
 2 0
307 10 3
 0 2
 1 3
 2 0
308 12 3
 0 0
 1 1
 2 0
309 15 3
 0 3
 1 0
 2 3
310 15 3
 0 2
 1 0
 2 2
311 1 3
 0 2
 1 2
 2 0
312 6 3
 0 3
 1 0
 2 3
313 19 3
 0 3
 1 2
 2 2
314 6 3
 0 1
 1 3
 2 3
315 8 3
 0 3
 1 3
 2 3
316 17 3
 0 3
 1 3
 2 0
317 4 3
 0 0
 1 0
 2 3
318 10 3
 0 2
 1 2
 2 1
319 5 3
 0 1
 1 3
 2 0
320 18 3
 0 3
 1 0
 2 1
321 12 3
 0 0
 1 2
 2 0
322 3 3
 0 0
 1 1
 2 0
323 9 3
 0 1
 1 0
 2 0
324 5 3
 0 0
 1 1
 2 1
325 15 3
 0 0
 1 0
 2 2
326 3 3
 0 2
 1 3
 2 3
327 17 3
 0 0
 1 1
 2 2
328 14 3
 0 2
 1 2
 2 3
329 19 3
 0 0
 1 3
 2 0
330 11 3
 0 0
 1 2
 2 0
331 7 3
 0 0
 1 1
 2 1
332 18 3
 0 2
 1 2
 2 2
333 1 3
 0 0
 1 3
 2 0
334 13 3
 0 0
 1 0
 2 1
335 16 3
 0 2
 1 0
 2 0
336 5 3
 0 0
 1 3
 2 0
337 7 3
 0 2
 1 1
 2 2
338 20 3
 0 0
 1 1
 2 0
339 2 3
 0 0
 1 3
 2 3
340 2 3
 0 3
 1 0
 2 0
341 19 3
 0 1
 1 3
 2 1
342 9 3
 0 0
 1 2
 2 2
343 12 3
 0 2
 1 1
 2 3
344 0 3
 0 0
 1 0
 2 0

# PRECEDENCES
1194
0 4
0 5
0 8
0 9
0 10
0 11
0 14
0 17
0 20
0 21
0 23
0 24
0 26
0 27
0 31
0 32
0 37
0 38
0 39
0 44
0 46
0 47
0 50
0 51
0 52
0 54
0 58
0 59
0 60
0 61
0 63
0 64
0 66
0 68
0 71
0 72
0 73
0 74
0 77
0 78
0 79
0 80
0 83
0 86
0 87
0 90
0 92
0 94
0 95
0 96
0 97
0 103
0 104
0 105
0 107
0 110
0 111
0 112
0 113
0 114
0 117
0 120
0 125
0 126
0 127
0 129
0 131
0 132
0 133
0 134
0 135
0 138
0 139
0 143
0 144
0 145
0 147
0 148
0 149
0 153
0 156
0 157
0 162
0 167
0 168
0 171
0 172
0 175
0 178
0 181
0 182
0 183
0 184
0 185
0 186
0 188
0 190
0 192
0 193
0 194
0 196
0 197
0 198
0 199
0 200
0 201
0 202
0 206
0 209
0 212
0 213
0 214
0 218
0 219
0 220
0 222
0 223
0 224
0 225
0 227
0 228
0 232
0 233
0 235
0 239
0 240
0 241
0 251
0 252
0 255
0 260
0 261
0 262
0 263
0 267
0 269
0 270
0 273
0 274
0 278
0 283
0 286
0 289
0 290
0 293
0 297
0 298
0 300
0 301
0 302
0 303
0 305
0 307
0 310
0 312
0 318
0 319
0 322
0 323
0 327
0 332
0 336
0 339
0 341
0 343
1 152
2 13
2 40
2 128
2 282
2 321
3 203
3 329
3 338
4 56
4 94
4 160
4 265
4 296
5 18
5 92
5 192
5 294
6 275
6 299
6 337
7 268
7 284
7 306
8 53
8 73
8 221
8 226
8 329
9 96
9 279
10 25
10 254
11 275
11 289
12 25
13 271
14 137
14 231
15 271
16 12
16 36
16 294
17 130
18 257
19 344
20 189
20 327
21 225
22 152
22 164
23 177
23 261
23 268
23 326
24 41
24 98
24 122
24 164
24 253
25 2
25 84
25 271
25 277
25 306
26 9
26 62
26 115
26 238
26 290
27 21
27 235
27 308
28 163
28 210
28 249
29 28
29 234
29 236
29 333
29 337
30 35
30 230
30 268
30 294
31 2
31 30
31 81
31 126
31 238
32 17
32 76
32 238
32 304
32 320
33 165
33 333
33 338
34 344
35 70
35 163
35 243
35 276
36 102
36 208
36 221
36 271
36 292
37 56
37 68
37 109
37 237
37 333
38 53
39 16
39 99
39 106
39 308
40 271
41 344
42 245
42 337
43 313
44 124
44 130
44 146
44 282
44 309
45 13
45 102
45 337
46 325
47 31
47 37
47 93
47 337
48 164
48 191
48 205
48 271
49 57
49 122
49 160
50 34
50 122
50 207
50 320
51 40
51 106
51 288
52 135
52 210
53 328
54 122
54 163
54 254
54 320
55 130
55 159
55 180
55 306
55 330
56 41
56 237
57 128
57 191
57 328
58 6
58 94
58 248
58 324
58 335
59 197
60 45
60 57
60 70
60 98
61 8
61 166
61 243
62 43
62 163
62 173
62 234
63 302
64 292
64 329
65 119
65 163
65 271
65 333
66 8
66 236
66 293
66 340
67 191
67 282
67 299
68 25
68 34
68 180
68 304
69 151
69 295
70 344
71 48
71 277
71 306
71 325
72 122
72 198
73 205
74 226
74 248
74 272
74 325
75 45
75 62
75 166
75 191
76 2
77 24
77 111
77 328
78 132
78 164
78 226
78 242
78 321
79 116
79 243
80 215
80 340
81 85
81 281
82 34
82 41
82 207
82 315
83 2
83 238
84 210
84 211
84 243
85 40
85 309
86 89
86 149
86 220
86 276
87 36
87 78
87 208
87 311
87 340
88 294
88 304
88 331
89 344
90 72
90 86
90 137
90 264
90 320
91 28
91 76
91 340
92 35
92 85
92 169
92 216
92 265
93 45
93 84
93 191
93 216
94 6
94 38
94 180
94 220
95 195
96 41
96 48
96 82
96 210
96 325
97 242
98 217
98 245
98 248
98 279
99 230
99 258
100 204
101 174
101 226
101 281
102 122
102 130
102 276
102 340
103 47
103 268
103 271
104 163
104 217
105 28
105 237
105 316
106 237
107 265
107 275
108 121
108 259
108 284
108 317
109 34
109 89
109 271
109 299
109 337
110 116
110 124
111 48
111 118
112 92
112 108
112 212
112 220
113 28
113 118
113 226
114 29
114 243
114 265
114 281
115 98
115 275
116 34
116 41
116 82
116 299
116 315
117 226
117 311
118 48
118 195
118 243
118 299
118 337
119 81
119 82
119 250
119 280
119 326
120 85
120 136
121 28
121 256
122 344
123 189
124 42
124 247
125 279
126 54
126 78
126 122
126 226
126 248
127 73
127 195
127 226
128 15
128 56
128 316
129 97
129 147
129 153
129 273
129 274
130 271
130 277
130 340
131 60
131 133
131 272
131 281
131 295
132 118
132 304
132 315
132 321
132 338
133 114
133 235
133 268
134 40
134 42
134 92
134 135
134 173
135 53
136 40
136 306
136 325
136 333
137 2
137 55
138 203
138 208
138 242
138 279
138 329
139 18
140 211
140 215
140 285
141 123
141 217
142 7
142 22
142 174
142 230
142 313
143 36
143 115
143 180
143 248
143 329
144 123
145 69
145 141
145 171
145 285
146 254
147 29
147 275
148 124
148 179
148 245
148 328
148 333
149 48
149 122
149 249
149 265
150 33
150 122
150 253
151 70
151 109
152 19
152 56
152 248
152 342
153 22
153 157
153 227
154 169
154 238
154 334
155 207
155 248
155 277
155 326
155 342
156 2
156 154
156 257
157 239
157 309
157 338
158 163
158 221
158 230
159 136
159 161
159 243
159 245
160 82
160 130
160 210
160 248
161 236
161 276
161 326
162 48
162 119
162 320
163 275
164 41
164 70
164 315
165 70
166 116
166 177
166 275
167 109
167 287
168 296
169 152
169 211
169 243
169 259
170 146
171 35
171 98
171 243
172 135
172 138
172 247
172 317
173 6
173 76
173 116
173 237
173 284
174 245
175 63
175 86
175 161
175 192
175 195
176 88
176 99
176 100
176 108
177 15
177 82
177 217
177 325
178 107
178 124
178 333
179 84
179 161
179 254
180 89
181 107
181 326
182 2
182 37
182 52
182 115
183 50
184 60
184 70
185 64
186 15
186 60
186 157
186 217
187 45
187 48
187 67
187 217
188 40
188 57
188 253
188 276
188 306
189 3
189 84
189 122
189 242
189 245
190 149
191 237
191 271
191 276
192 128
193 34
193 56
193 136
193 291
194 7
194 17
194 107
194 311
194 330
195 122
195 207
195 277
195 315
196 25
196 48
196 245
196 275
196 318
197 89
197 166
197 207
197 230
198 34
198 242
198 316
199 113
199 185
199 265
200 75
200 96
200 331
201 131
201 152
201 265
201 295
201 303
202 12
202 211
203 122
203 165
203 245
203 248
204 187
204 328
204 340
205 41
205 122
205 315
206 84
207 344
208 82
208 205
208 325
209 43
209 141
209 150
209 285
210 19
210 56
210 82
210 89
210 249
211 70
211 217
211 271
211 277
211 325
212 45
212 109
212 133
212 254
213 2
213 19
213 277
213 313
214 29
214 265
214 316
215 211
215 237
215 271
215 306
216 245
217 344
218 76
218 181
218 256
218 272
218 316
219 67
219 146
219 306
219 317
219 330
220 169
220 261
221 84
221 89
221 164
221 243
221 284
222 13
222 130
222 264
223 29
223 55
223 65
224 29
224 89
224 115
224 165
224 302
225 30
225 208
226 152
226 306
226 342
227 15
227 152
227 160
227 329
227 342
228 84
228 217
228 320
229 142
230 208
230 215
231 53
232 296
232 335
233 13
233 30
233 238
234 163
234 277
235 294
235 307
236 217
236 248
236 326
237 344
238 304
239 67
240 259
241 224
241 225
241 320
242 248
243 56
244 324
245 56
245 164
245 315
245 325
245 342
246 2
246 314
247 15
247 163
247 211
247 306
247 328
248 41
248 207
248 340
249 70
249 122
249 217
249 315
250 41
250 118
250 236
251 67
251 157
251 333
252 166
252 303
252 333
253 217
253 271
253 316
254 40
254 57
254 203
254 226
254 316
255 13
255 119
255 140
255 170
255 243
256 164
257 136
257 165
257 264
258 1
258 93
258 245
258 315
259 109
259 164
259 284
259 337
260 82
260 195
260 205
260 237
260 292
261 306
261 320
262 35
263 19
263 155
263 195
264 122
264 128
264 333
265 210
265 277
265 316
265 326
265 340
266 109
266 155
266 250
266 272
267 18
267 53
267 137
267 246
268 165
268 277
268 329
269 57
269 102
269 235
269 251
269 334
270 2
270 7
270 176
270 285
270 306
271 344
272 89
273 279
274 73
274 152
274 205
274 271
274 306
275 34
275 271
275 276
275 315
275 340
276 344
277 344
278 69
278 250
279 34
279 249
280 48
281 67
281 210
281 236
281 249
281 315
282 237
282 276
282 340
283 155
284 19
284 271
284 282
284 311
284 315
285 245
286 152
286 235
286 254
286 277
286 290
287 187
287 191
287 281
288 75
288 91
288 101
288 320
288 324
289 48
289 328
289 330
290 6
290 35
290 92
290 289
290 330
291 82
291 115
291 264
291 282
292 128
292 205
292 253
293 147
293 210
293 246
293 281
293 327
294 56
295 208
295 264
295 279
295 282
295 299
296 292
297 154
297 158
297 229
297 244
297 266
298 76
298 114
298 221
299 34
299 41
299 70
299 276
300 258
300 279
300 291
300 303
301 54
301 77
301 208
302 98
302 180
302 264
302 333
302 342
303 42
303 208
303 236
303 325
304 41
304 56
304 249
304 279
305 268
305 331
305 335
306 122
307 36
307 40
307 180
307 264
308 34
308 84
308 268
308 304
308 326
309 279
310 246
311 19
311 82
311 337
312 87
313 89
313 177
313 211
314 30
314 49
314 122
314 264
315 344
316 122
316 340
317 116
317 277
318 61
318 97
318 117
318 326
319 101
319 107
320 70
320 282
321 48
322 48
322 50
322 68
322 95
322 102
323 274
324 205
324 215
324 279
324 316
325 344
326 211
326 217
326 299
326 316
327 102
327 210
327 313
327 315
327 337
328 70
328 215
328 217
329 237
329 279
330 165
330 195
330 340
331 3
332 35
332 249
332 313
333 89
333 102
333 265
333 275
333 284
334 19
335 195
335 287
335 333
336 23
336 35
336 161
336 292
336 334
337 34
337 41
337 271
337 315
337 340
338 19
338 177
338 195
338 279
338 306
339 64
339 112
339 311
340 344
341 98
341 183
342 344
343 164
343 253
343 274
343 284
