# Tier 7 (Very Large) - Instance 76
# Generated with config: N=482, K=4, topology=random_dag, calendar=staggered

# HEADER: <num_tasks> <num_types> <num_units>
484 4 26

# RESOURCE TYPES
# Format: <type_id> <num_units> <unit_id1> <unit_id2> ...
0 8 0 1 2 3 4 5 6 7
1 4 8 9 10 11
2 7 12 13 14 15 16 17 18
3 7 19 20 21 22 23 24 25

# RESOURCE UNITS (Calendars)
# Format: <unit_id> <num_steps> <t1> <v1> <t2> <v2> ...
0 30 0 100 1 0 46 100 297 0 341 100 592 0 636 100 889 0 935 100 1186 0 1231 100 1482 0 1527 100 1779 0 1821 100 2072 0 2115 100 2365 0 2409 100 2662 0 2705 100 2955 0 2998 100 3249 0 3291 100 3540 0 3584 100 3836 0 3881 100 4436 0
1 30 0 100 11 0 41 100 303 0 335 100 601 0 631 100 897 0 927 100 1192 0 1223 100 1489 0 1521 100 1785 0 1816 100 2080 0 2112 100 2378 0 2408 100 2670 0 2702 100 2965 0 2996 100 3258 0 3290 100 3555 0 3587 100 3853 0 3885 100 4436 0
2 30 0 100 23 0 73 100 319 0 370 100 616 0 669 100 915 0 965 100 1211 0 1264 100 1508 0 1560 100 1804 0 1857 100 2101 0 2152 100 2396 0 2446 100 2690 0 2741 100 2987 0 3037 100 3283 0 3336 100 3580 0 3632 100 3877 0 3926 100 4436 0
3 30 0 100 35 0 68 100 331 0 365 100 626 0 657 100 920 0 952 100 1215 0 1249 100 1510 0 1542 100 1804 0 1835 100 2097 0 2129 100 2389 0 2423 100 2685 0 2719 100 2980 0 3011 100 3274 0 3304 100 3569 0 3601 100 3863 0 3897 100 4436 0
4 30 0 100 46 0 89 100 338 0 382 100 632 0 677 100 928 0 971 100 1225 0 1267 100 1520 0 1564 100 1812 0 1857 100 2110 0 2154 100 2407 0 2452 100 2704 0 2749 100 3002 0 3047 100 3300 0 3344 100 3597 0 3639 100 3889 0 3931 100 4436 0
5 30 0 100 58 0 89 100 348 0 380 100 643 0 677 100 936 0 969 100 1231 0 1263 100 1528 0 1562 100 1825 0 1860 100 2124 0 2155 100 2418 0 2451 100 2712 0 2744 100 3003 0 3037 100 3297 0 3329 100 3588 0 3622 100 3886 0 3918 100 4436 0
6 30 0 100 68 0 92 100 364 0 390 100 661 0 684 100 956 0 980 100 1253 0 1279 100 1550 0 1575 100 1843 0 1867 100 2140 0 2165 100 2433 0 2458 100 2726 0 2750 100 3020 0 3046 100 3314 0 3336 100 3609 0 3635 100 3908 0 3932 100 4436 0
7 30 0 100 80 0 132 100 375 0 427 100 672 0 722 100 967 0 1016 100 1259 0 1311 100 1553 0 1602 100 1847 0 1897 100 2141 0 2193 100 2435 0 2486 100 2728 0 2779 100 3021 0 3071 100 3314 0 3364 100 3606 0 3656 100 3900 0 3951 100 4436 0
8 30 0 100 89 0 142 100 382 0 435 100 677 0 730 100 974 0 1026 100 1267 0 1319 100 1563 0 1616 100 1859 0 1910 100 2153 0 2206 100 2448 0 2501 100 2744 0 2798 100 3039 0 3092 100 3337 0 3390 100 3634 0 3687 100 3930 0 3981 100 4436 0
9 30 0 100 102 0 135 100 399 0 432 100 695 0 728 100 989 0 1021 100 1283 0 1314 100 1574 0 1608 100 1871 0 1902 100 2163 0 2195 100 2457 0 2489 100 2751 0 2784 100 3045 0 3078 100 3342 0 3373 100 3633 0 3667 100 3928 0 3960 100 4436 0
10 30 0 100 111 0 161 100 410 0 458 100 703 0 752 100 998 0 1045 100 1291 0 1339 100 1586 0 1635 100 1881 0 1929 100 2176 0 2223 100 2470 0 2519 100 2763 0 2813 100 3062 0 3110 100 3359 0 3409 100 3656 0 3703 100 3948 0 3994 100 4436 0
11 30 0 100 125 0 152 100 421 0 450 100 718 0 748 100 1013 0 1043 100 1313 0 1343 100 1609 0 1637 100 1905 0 1934 100 2201 0 2229 100 2494 0 2522 100 2789 0 2816 100 3085 0 3115 100 3379 0 3408 100 3678 0 3706 100 3972 0 3999 100 4436 0
12 30 0 100 136 0 176 100 427 0 470 100 726 0 768 100 1021 0 1063 100 1316 0 1358 100 1612 0 1655 100 1906 0 1946 100 2196 0 2238 100 2492 0 2532 100 2787 0 2829 100 3085 0 3126 100 3376 0 3418 100 3672 0 3714 100 3969 0 4012 100 4436 0
13 30 0 100 148 0 179 100 442 0 473 100 734 0 764 100 1030 0 1063 100 1325 0 1356 100 1617 0 1647 100 1910 0 1943 100 2208 0 2241 100 2503 0 2535 100 2801 0 2831 100 3094 0 3126 100 3388 0 3421 100 3681 0 3713 100 3979 0 4011 100 4436 0
14 30 0 100 160 0 210 100 455 0 502 100 746 0 793 100 1040 0 1088 100 1334 0 1384 100 1628 0 1678 100 1924 0 1971 100 2219 0 2269 100 2515 0 2563 100 2812 0 2862 100 3110 0 3160 100 3408 0 3456 100 3703 0 3751 100 3995 0 4043 100 4436 0
15 30 0 100 170 0 201 100 462 0 492 100 755 0 784 100 1045 0 1076 100 1342 0 1375 100 1636 0 1668 100 1930 0 1961 100 2224 0 2257 100 2523 0 2553 100 2818 0 2848 100 3112 0 3143 100 3406 0 3438 100 3700 0 3732 100 3994 0 4026 100 4436 0
16 30 0 100 181 0 221 100 475 0 515 100 771 0 808 100 1065 0 1105 100 1362 0 1401 100 1659 0 1696 100 1954 0 1992 100 2246 0 2286 100 2544 0 2581 100 2839 0 2878 100 3133 0 3172 100 3429 0 3469 100 3723 0 3760 100 4017 0 4055 100 4436 0
17 30 0 100 192 0 224 100 487 0 516 100 782 0 810 100 1077 0 1108 100 1376 0 1406 100 1673 0 1702 100 1968 0 1997 100 2263 0 2291 100 2558 0 2588 100 2853 0 2882 100 3149 0 3179 100 3443 0 3471 100 3735 0 3765 100 4028 0 4059 100 4436 0
18 30 0 100 203 0 246 100 498 0 539 100 791 0 830 100 1086 0 1126 100 1377 0 1418 100 1671 0 1711 100 1966 0 2006 100 2261 0 2304 100 2558 0 2601 100 2857 0 2898 100 3150 0 3191 100 3445 0 3486 100 3739 0 3778 100 4033 0 4076 100 4436 0
19 30 0 100 214 0 262 100 509 0 557 100 805 0 851 100 1096 0 1143 100 1388 0 1434 100 1679 0 1728 100 1975 0 2022 100 2271 0 2319 100 2566 0 2615 100 2862 0 2909 100 3154 0 3203 100 3448 0 3496 100 3743 0 3789 100 4036 0 4083 100 4436 0
20 30 0 100 229 0 256 100 524 0 551 100 816 0 843 100 1109 0 1136 100 1402 0 1430 100 1696 0 1724 100 1988 0 2015 100 2281 0 2307 100 2575 0 2603 100 2868 0 2896 100 3161 0 3187 100 3457 0 3487 100 3754 0 3781 100 4050 0 4078 100 4436 0
21 30 0 100 238 0 261 100 534 0 558 100 831 0 855 100 1124 0 1148 100 1417 0 1442 100 1713 0 1736 100 2009 0 2032 100 2303 0 2327 100 2597 0 2622 100 2892 0 2915 100 3188 0 3214 100 3483 0 3508 100 3776 0 3800 100 4072 0 4097 100 4436 0
22 30 0 100 250 0 299 100 541 0 590 100 832 0 881 100 1124 0 1174 100 1417 0 1467 100 1712 0 1760 100 2004 0 2052 100 2298 0 2346 100 2592 0 2640 100 2887 0 2936 100 3180 0 3228 100 3474 0 3522 100 3764 0 3814 100 4058 0 4109 100 4436 0
23 30 0 100 262 0 292 100 557 0 585 100 851 0 880 100 1148 0 1178 100 1442 0 1470 100 1734 0 1761 100 2029 0 2057 100 2322 0 2351 100 2617 0 2644 100 2909 0 2939 100 3206 0 3236 100 3502 0 3530 100 3797 0 3824 100 4090 0 4120 100 4436 0
24 30 0 100 273 0 319 100 568 0 614 100 864 0 909 100 1155 0 1203 100 1452 0 1496 100 1744 0 1788 100 2034 0 2079 100 2325 0 2371 100 2618 0 2664 100 2915 0 2961 100 3211 0 3255 100 3507 0 3554 100 3804 0 3850 100 4101 0 4146 100 4436 0
25 30 0 100 285 0 329 100 581 0 625 100 877 0 922 100 1176 0 1219 100 1472 0 1517 100 1768 0 1810 100 2061 0 2107 100 2359 0 2401 100 2650 0 2692 100 2943 0 2989 100 3242 0 3285 100 3537 0 3582 100 3833 0 3877 100 4128 0 4171 100 4436 0

# TASKS
# Format: <task_id> <size> <num_reqs>
# Then for each requirement: <type_id> <qty>
0 0 4
 0 0
 1 0
 2 0
 3 0
1 8 4
 0 3
 1 2
 2 0
 3 0
2 10 4
 0 0
 1 2
 2 3
 3 3
3 5 4
 0 2
 1 3
 2 0
 3 0
4 7 4
 0 2
 1 0
 2 0
 3 0
5 19 4
 0 0
 1 0
 2 2
 3 0
6 19 4
 0 1
 1 0
 2 0
 3 0
7 8 4
 0 0
 1 0
 2 2
 3 3
8 1 4
 0 3
 1 1
 2 0
 3 0
9 4 4
 0 0
 1 0
 2 0
 3 1
10 12 4
 0 0
 1 1
 2 2
 3 0
11 2 4
 0 1
 1 1
 2 1
 3 2
12 15 4
 0 0
 1 2
 2 1
 3 3
13 7 4
 0 2
 1 1
 2 2
 3 2
14 8 4
 0 2
 1 1
 2 1
 3 1
15 11 4
 0 3
 1 1
 2 1
 3 1
16 11 4
 0 2
 1 0
 2 3
 3 2
17 18 4
 0 0
 1 3
 2 2
 3 0
18 1 4
 0 0
 1 3
 2 1
 3 0
19 9 4
 0 3
 1 0
 2 0
 3 0
20 9 4
 0 3
 1 3
 2 3
 3 1
21 16 4
 0 3
 1 0
 2 0
 3 0
22 14 4
 0 2
 1 0
 2 1
 3 0
23 5 4
 0 3
 1 0
 2 3
 3 3
24 13 4
 0 3
 1 2
 2 0
 3 0
25 12 4
 0 0
 1 0
 2 0
 3 1
26 1 4
 0 1
 1 3
 2 3
 3 2
27 1 4
 0 1
 1 0
 2 0
 3 0
28 1 4
 0 0
 1 3
 2 3
 3 1
29 8 4
 0 0
 1 0
 2 1
 3 3
30 2 4
 0 3
 1 2
 2 2
 3 1
31 11 4
 0 0
 1 2
 2 2
 3 3
32 8 4
 0 1
 1 0
 2 0
 3 2
33 13 4
 0 2
 1 3
 2 0
 3 2
34 7 4
 0 2
 1 2
 2 1
 3 2
35 1 4
 0 2
 1 1
 2 2
 3 1
36 2 4
 0 3
 1 0
 2 1
 3 2
37 17 4
 0 1
 1 2
 2 2
 3 3
38 5 4
 0 0
 1 1
 2 1
 3 0
39 1 4
 0 0
 1 0
 2 2
 3 3
40 16 4
 0 3
 1 1
 2 0
 3 2
41 11 4
 0 2
 1 0
 2 0
 3 0
42 5 4
 0 2
 1 3
 2 0
 3 3
43 20 4
 0 1
 1 1
 2 1
 3 0
44 11 4
 0 2
 1 0
 2 0
 3 2
45 11 4
 0 0
 1 2
 2 1
 3 2
46 10 4
 0 1
 1 0
 2 0
 3 1
47 8 4
 0 2
 1 0
 2 0
 3 0
48 12 4
 0 3
 1 3
 2 2
 3 0
49 15 4
 0 2
 1 0
 2 1
 3 2
50 8 4
 0 0
 1 0
 2 3
 3 3
51 8 4
 0 0
 1 2
 2 1
 3 0
52 18 4
 0 0
 1 0
 2 3
 3 1
53 13 4
 0 0
 1 0
 2 1
 3 0
54 5 4
 0 3
 1 0
 2 2
 3 3
55 18 4
 0 2
 1 1
 2 2
 3 0
56 4 4
 0 0
 1 3
 2 3
 3 0
57 7 4
 0 1
 1 0
 2 0
 3 0
58 10 4
 0 0
 1 2
 2 3
 3 2
59 11 4
 0 2
 1 0
 2 0
 3 3
60 3 4
 0 1
 1 0
 2 1
 3 0
61 13 4
 0 3
 1 1
 2 0
 3 0
62 18 4
 0 0
 1 1
 2 3
 3 0
63 6 4
 0 3
 1 1
 2 0
 3 1
64 6 4
 0 1
 1 0
 2 0
 3 0
65 8 4
 0 3
 1 0
 2 3
 3 2
66 7 4
 0 0
 1 2
 2 0
 3 2
67 12 4
 0 0
 1 2
 2 0
 3 2
68 18 4
 0 0
 1 1
 2 0
 3 2
69 4 4
 0 1
 1 2
 2 3
 3 2
70 13 4
 0 0
 1 0
 2 1
 3 3
71 9 4
 0 3
 1 1
 2 0
 3 1
72 17 4
 0 2
 1 0
 2 0
 3 1
73 4 4
 0 0
 1 1
 2 0
 3 2
74 18 4
 0 0
 1 1
 2 3
 3 3
75 19 4
 0 1
 1 3
 2 0
 3 0
76 17 4
 0 0
 1 1
 2 1
 3 0
77 19 4
 0 0
 1 0
 2 3
 3 0
78 10 4
 0 1
 1 0
 2 0
 3 1
79 8 4
 0 1
 1 0
 2 2
 3 0
80 16 4
 0 0
 1 1
 2 0
 3 0
81 11 4
 0 0
 1 1
 2 0
 3 0
82 2 4
 0 2
 1 0
 2 3
 3 1
83 7 4
 0 2
 1 2
 2 0
 3 2
84 10 4
 0 0
 1 1
 2 3
 3 2
85 11 4
 0 3
 1 3
 2 2
 3 3
86 6 4
 0 0
 1 3
 2 3
 3 2
87 11 4
 0 2
 1 0
 2 1
 3 1
88 9 4
 0 1
 1 0
 2 2
 3 2
89 2 4
 0 0
 1 0
 2 3
 3 3
90 12 4
 0 0
 1 2
 2 0
 3 0
91 5 4
 0 1
 1 1
 2 1
 3 0
92 17 4
 0 2
 1 0
 2 2
 3 3
93 13 4
 0 3
 1 1
 2 0
 3 1
94 2 4
 0 0
 1 0
 2 1
 3 1
95 5 4
 0 0
 1 0
 2 3
 3 0
96 18 4
 0 3
 1 1
 2 2
 3 0
97 6 4
 0 3
 1 1
 2 0
 3 0
98 2 4
 0 3
 1 0
 2 3
 3 3
99 8 4
 0 0
 1 0
 2 1
 3 3
100 5 4
 0 1
 1 1
 2 0
 3 0
101 20 4
 0 1
 1 1
 2 3
 3 0
102 18 4
 0 0
 1 3
 2 0
 3 3
103 16 4
 0 2
 1 0
 2 0
 3 2
104 15 4
 0 2
 1 0
 2 3
 3 3
105 3 4
 0 1
 1 0
 2 0
 3 0
106 7 4
 0 0
 1 1
 2 3
 3 2
107 8 4
 0 2
 1 1
 2 1
 3 3
108 17 4
 0 0
 1 3
 2 1
 3 2
109 2 4
 0 0
 1 2
 2 1
 3 3
110 20 4
 0 3
 1 1
 2 3
 3 3
111 15 4
 0 1
 1 3
 2 1
 3 2
112 6 4
 0 2
 1 3
 2 1
 3 3
113 16 4
 0 3
 1 0
 2 0
 3 0
114 14 4
 0 1
 1 0
 2 1
 3 1
115 12 4
 0 3
 1 2
 2 0
 3 1
116 11 4
 0 0
 1 1
 2 0
 3 0
117 14 4
 0 3
 1 0
 2 0
 3 2
118 10 4
 0 1
 1 3
 2 1
 3 0
119 12 4
 0 3
 1 0
 2 0
 3 0
120 15 4
 0 0
 1 0
 2 3
 3 3
121 2 4
 0 2
 1 0
 2 1
 3 0
122 19 4
 0 0
 1 2
 2 2
 3 0
123 2 4
 0 1
 1 0
 2 3
 3 1
124 16 4
 0 2
 1 2
 2 0
 3 0
125 19 4
 0 0
 1 1
 2 0
 3 0
126 18 4
 0 0
 1 1
 2 2
 3 2
127 1 4
 0 0
 1 1
 2 0
 3 1
128 20 4
 0 1
 1 2
 2 0
 3 1
129 13 4
 0 3
 1 0
 2 0
 3 0
130 14 4
 0 0
 1 0
 2 1
 3 1
131 9 4
 0 0
 1 1
 2 1
 3 0
132 20 4
 0 0
 1 3
 2 3
 3 0
133 15 4
 0 0
 1 2
 2 0
 3 0
134 11 4
 0 0
 1 3
 2 1
 3 2
135 5 4
 0 0
 1 0
 2 2
 3 3
136 20 4
 0 3
 1 1
 2 0
 3 0
137 15 4
 0 0
 1 1
 2 0
 3 3
138 4 4
 0 0
 1 0
 2 3
 3 0
139 12 4
 0 0
 1 0
 2 2
 3 1
140 16 4
 0 0
 1 1
 2 0
 3 0
141 14 4
 0 2
 1 0
 2 2
 3 0
142 5 4
 0 2
 1 0
 2 0
 3 2
143 3 4
 0 0
 1 3
 2 0
 3 0
144 8 4
 0 1
 1 2
 2 3
 3 2
145 3 4
 0 2
 1 0
 2 0
 3 2
146 11 4
 0 0
 1 2
 2 2
 3 0
147 9 4
 0 3
 1 2
 2 1
 3 3
148 18 4
 0 2
 1 2
 2 3
 3 1
149 5 4
 0 3
 1 0
 2 2
 3 0
150 13 4
 0 0
 1 2
 2 3
 3 1
151 17 4
 0 2
 1 0
 2 1
 3 3
152 1 4
 0 0
 1 3
 2 2
 3 3
153 15 4
 0 0
 1 0
 2 1
 3 0
154 18 4
 0 0
 1 1
 2 1
 3 0
155 16 4
 0 0
 1 2
 2 3
 3 3
156 9 4
 0 0
 1 0
 2 0
 3 1
157 3 4
 0 0
 1 0
 2 0
 3 3
158 4 4
 0 3
 1 1
 2 3
 3 1
159 19 4
 0 1
 1 1
 2 2
 3 2
160 4 4
 0 0
 1 1
 2 3
 3 2
161 1 4
 0 0
 1 0
 2 2
 3 3
162 19 4
 0 2
 1 0
 2 0
 3 0
163 8 4
 0 2
 1 2
 2 1
 3 0
164 2 4
 0 0
 1 0
 2 0
 3 1
165 9 4
 0 2
 1 0
 2 1
 3 0
166 17 4
 0 1
 1 3
 2 1
 3 0
167 17 4
 0 3
 1 0
 2 0
 3 3
168 7 4
 0 3
 1 2
 2 0
 3 3
169 8 4
 0 0
 1 0
 2 1
 3 0
170 12 4
 0 2
 1 3
 2 0
 3 0
171 18 4
 0 1
 1 2
 2 2
 3 0
172 12 4
 0 3
 1 3
 2 2
 3 3
173 10 4
 0 0
 1 1
 2 1
 3 3
174 13 4
 0 0
 1 3
 2 1
 3 1
175 15 4
 0 2
 1 1
 2 0
 3 1
176 2 4
 0 0
 1 2
 2 0
 3 2
177 12 4
 0 0
 1 1
 2 3
 3 1
178 10 4
 0 0
 1 0
 2 2
 3 0
179 12 4
 0 1
 1 0
 2 1
 3 3
180 8 4
 0 0
 1 2
 2 3
 3 2
181 20 4
 0 1
 1 1
 2 2
 3 1
182 9 4
 0 0
 1 1
 2 3
 3 3
183 8 4
 0 0
 1 0
 2 2
 3 1
184 2 4
 0 1
 1 1
 2 2
 3 1
185 16 4
 0 1
 1 0
 2 3
 3 3
186 9 4
 0 1
 1 2
 2 3
 3 3
187 5 4
 0 3
 1 0
 2 3
 3 0
188 20 4
 0 0
 1 0
 2 2
 3 1
189 8 4
 0 1
 1 3
 2 1
 3 2
190 10 4
 0 3
 1 0
 2 3
 3 3
191 18 4
 0 0
 1 1
 2 1
 3 0
192 11 4
 0 2
 1 3
 2 1
 3 2
193 16 4
 0 1
 1 0
 2 3
 3 0
194 1 4
 0 2
 1 1
 2 0
 3 2
195 20 4
 0 3
 1 2
 2 2
 3 0
196 4 4
 0 0
 1 1
 2 3
 3 3
197 9 4
 0 1
 1 0
 2 1
 3 0
198 11 4
 0 0
 1 3
 2 3
 3 3
199 16 4
 0 2
 1 0
 2 0
 3 3
200 5 4
 0 2
 1 0
 2 3
 3 3
201 2 4
 0 1
 1 0
 2 0
 3 2
202 17 4
 0 1
 1 1
 2 3
 3 0
203 2 4
 0 0
 1 2
 2 3
 3 2
204 7 4
 0 3
 1 0
 2 2
 3 0
205 11 4
 0 1
 1 0
 2 3
 3 3
206 12 4
 0 0
 1 0
 2 3
 3 2
207 4 4
 0 0
 1 0
 2 2
 3 3
208 3 4
 0 0
 1 1
 2 3
 3 2
209 20 4
 0 2
 1 2
 2 2
 3 1
210 3 4
 0 3
 1 0
 2 0
 3 3
211 12 4
 0 1
 1 2
 2 2
 3 1
212 14 4
 0 2
 1 2
 2 2
 3 1
213 17 4
 0 1
 1 0
 2 2
 3 0
214 4 4
 0 0
 1 2
 2 0
 3 2
215 7 4
 0 2
 1 1
 2 3
 3 0
216 3 4
 0 1
 1 2
 2 1
 3 0
217 14 4
 0 0
 1 2
 2 1
 3 0
218 6 4
 0 2
 1 3
 2 0
 3 1
219 17 4
 0 1
 1 1
 2 2
 3 0
220 13 4
 0 2
 1 0
 2 3
 3 1
221 15 4
 0 1
 1 0
 2 0
 3 1
222 13 4
 0 1
 1 0
 2 3
 3 3
223 2 4
 0 0
 1 2
 2 0
 3 0
224 13 4
 0 1
 1 1
 2 0
 3 1
225 15 4
 0 1
 1 2
 2 1
 3 2
226 20 4
 0 0
 1 0
 2 1
 3 1
227 13 4
 0 3
 1 0
 2 2
 3 2
228 19 4
 0 0
 1 1
 2 1
 3 0
229 17 4
 0 0
 1 1
 2 2
 3 3
230 20 4
 0 0
 1 2
 2 2
 3 0
231 13 4
 0 0
 1 2
 2 1
 3 1
232 5 4
 0 0
 1 2
 2 3
 3 3
233 11 4
 0 0
 1 3
 2 3
 3 2
234 12 4
 0 0
 1 3
 2 0
 3 3
235 1 4
 0 0
 1 3
 2 0
 3 0
236 14 4
 0 2
 1 3
 2 3
 3 2
237 1 4
 0 2
 1 1
 2 1
 3 0
238 9 4
 0 3
 1 2
 2 0
 3 1
239 1 4
 0 0
 1 0
 2 0
 3 1
240 14 4
 0 0
 1 2
 2 1
 3 0
241 16 4
 0 3
 1 3
 2 2
 3 2
242 15 4
 0 0
 1 1
 2 3
 3 3
243 10 4
 0 0
 1 2
 2 1
 3 0
244 15 4
 0 3
 1 0
 2 0
 3 3
245 2 4
 0 2
 1 1
 2 0
 3 1
246 5 4
 0 0
 1 3
 2 0
 3 1
247 12 4
 0 0
 1 2
 2 3
 3 0
248 2 4
 0 2
 1 0
 2 1
 3 1
249 6 4
 0 2
 1 0
 2 0
 3 0
250 15 4
 0 3
 1 3
 2 1
 3 0
251 6 4
 0 0
 1 0
 2 1
 3 1
252 9 4
 0 0
 1 0
 2 2
 3 0
253 17 4
 0 2
 1 0
 2 1
 3 0
254 16 4
 0 2
 1 3
 2 1
 3 2
255 6 4
 0 1
 1 0
 2 1
 3 2
256 7 4
 0 2
 1 2
 2 2
 3 0
257 7 4
 0 1
 1 2
 2 0
 3 0
258 17 4
 0 0
 1 1
 2 1
 3 0
259 17 4
 0 0
 1 1
 2 2
 3 0
260 8 4
 0 2
 1 1
 2 2
 3 2
261 20 4
 0 1
 1 0
 2 3
 3 1
262 9 4
 0 0
 1 2
 2 0
 3 0
263 12 4
 0 0
 1 0
 2 0
 3 2
264 4 4
 0 0
 1 1
 2 1
 3 3
265 5 4
 0 1
 1 2
 2 1
 3 3
266 18 4
 0 0
 1 1
 2 0
 3 3
267 8 4
 0 0
 1 3
 2 3
 3 1
268 12 4
 0 1
 1 3
 2 0
 3 0
269 13 4
 0 1
 1 0
 2 0
 3 1
270 2 4
 0 1
 1 3
 2 1
 3 0
271 8 4
 0 1
 1 3
 2 0
 3 1
272 1 4
 0 3
 1 0
 2 3
 3 3
273 13 4
 0 3
 1 0
 2 1
 3 0
274 1 4
 0 0
 1 3
 2 0
 3 2
275 19 4
 0 2
 1 2
 2 3
 3 0
276 2 4
 0 1
 1 3
 2 1
 3 0
277 17 4
 0 0
 1 0
 2 0
 3 1
278 7 4
 0 0
 1 0
 2 1
 3 3
279 18 4
 0 3
 1 2
 2 2
 3 1
280 7 4
 0 0
 1 1
 2 3
 3 0
281 14 4
 0 3
 1 0
 2 2
 3 2
282 11 4
 0 3
 1 2
 2 0
 3 0
283 19 4
 0 1
 1 0
 2 1
 3 2
284 9 4
 0 0
 1 2
 2 0
 3 2
285 5 4
 0 2
 1 0
 2 1
 3 2
286 13 4
 0 0
 1 0
 2 2
 3 0
287 11 4
 0 0
 1 3
 2 0
 3 0
288 19 4
 0 0
 1 0
 2 0
 3 3
289 13 4
 0 0
 1 2
 2 0
 3 0
290 8 4
 0 0
 1 1
 2 0
 3 1
291 11 4
 0 1
 1 0
 2 1
 3 3
292 10 4
 0 3
 1 2
 2 0
 3 2
293 13 4
 0 0
 1 2
 2 0
 3 0
294 5 4
 0 1
 1 0
 2 3
 3 1
295 16 4
 0 2
 1 0
 2 0
 3 0
296 5 4
 0 2
 1 0
 2 2
 3 1
297 9 4
 0 0
 1 0
 2 3
 3 0
298 20 4
 0 0
 1 0
 2 0
 3 2
299 16 4
 0 0
 1 2
 2 2
 3 1
300 6 4
 0 0
 1 3
 2 3
 3 0
301 18 4
 0 1
 1 0
 2 3
 3 0
302 19 4
 0 2
 1 2
 2 2
 3 2
303 2 4
 0 0
 1 2
 2 0
 3 0
304 18 4
 0 2
 1 3
 2 1
 3 0
305 18 4
 0 2
 1 2
 2 1
 3 1
306 12 4
 0 0
 1 0
 2 3
 3 1
307 3 4
 0 1
 1 1
 2 1
 3 3
308 3 4
 0 3
 1 0
 2 2
 3 0
309 12 4
 0 3
 1 0
 2 3
 3 0
310 1 4
 0 1
 1 0
 2 1
 3 2
311 19 4
 0 0
 1 1
 2 1
 3 0
312 5 4
 0 0
 1 0
 2 0
 3 1
313 11 4
 0 0
 1 3
 2 3
 3 0
314 1 4
 0 2
 1 1
 2 2
 3 0
315 10 4
 0 1
 1 0
 2 0
 3 0
316 1 4
 0 0
 1 3
 2 0
 3 0
317 1 4
 0 2
 1 0
 2 0
 3 1
318 4 4
 0 0
 1 2
 2 2
 3 0
319 13 4
 0 3
 1 0
 2 0
 3 1
320 18 4
 0 1
 1 0
 2 0
 3 2
321 15 4
 0 2
 1 2
 2 0
 3 2
322 4 4
 0 1
 1 0
 2 0
 3 0
323 11 4
 0 3
 1 1
 2 0
 3 0
324 20 4
 0 1
 1 1
 2 0
 3 2
325 4 4
 0 2
 1 3
 2 0
 3 0
326 13 4
 0 0
 1 0
 2 1
 3 0
327 20 4
 0 1
 1 2
 2 0
 3 1
328 3 4
 0 0
 1 1
 2 2
 3 0
329 15 4
 0 1
 1 3
 2 0
 3 1
330 15 4
 0 3
 1 1
 2 3
 3 1
331 12 4
 0 2
 1 0
 2 0
 3 0
332 8 4
 0 0
 1 1
 2 1
 3 0
333 19 4
 0 0
 1 0
 2 0
 3 1
334 18 4
 0 0
 1 1
 2 0
 3 0
335 20 4
 0 2
 1 3
 2 1
 3 1
336 19 4
 0 2
 1 3
 2 0
 3 1
337 2 4
 0 3
 1 2
 2 0
 3 0
338 12 4
 0 0
 1 2
 2 3
 3 2
339 14 4
 0 2
 1 1
 2 0
 3 0
340 3 4
 0 3
 1 2
 2 2
 3 0
341 8 4
 0 2
 1 0
 2 0
 3 3
342 13 4
 0 0
 1 1
 2 1
 3 3
343 4 4
 0 2
 1 2
 2 2
 3 0
344 10 4
 0 0
 1 0
 2 1
 3 3
345 3 4
 0 0
 1 2
 2 3
 3 2
346 10 4
 0 3
 1 2
 2 0
 3 3
347 5 4
 0 3
 1 0
 2 0
 3 1
348 5 4
 0 3
 1 3
 2 3
 3 1
349 10 4
 0 1
 1 3
 2 3
 3 0
350 13 4
 0 2
 1 0
 2 0
 3 3
351 1 4
 0 1
 1 2
 2 0
 3 0
352 10 4
 0 0
 1 1
 2 3
 3 0
353 14 4
 0 3
 1 1
 2 1
 3 2
354 19 4
 0 0
 1 0
 2 3
 3 0
355 7 4
 0 2
 1 0
 2 1
 3 1
356 12 4
 0 3
 1 0
 2 0
 3 2
357 20 4
 0 0
 1 2
 2 0
 3 1
358 9 4
 0 2
 1 2
 2 2
 3 1
359 2 4
 0 0
 1 0
 2 0
 3 3
360 14 4
 0 3
 1 0
 2 3
 3 0
361 7 4
 0 3
 1 0
 2 1
 3 0
362 16 4
 0 3
 1 0
 2 2
 3 1
363 3 4
 0 0
 1 3
 2 0
 3 1
364 16 4
 0 0
 1 1
 2 0
 3 3
365 12 4
 0 0
 1 0
 2 3
 3 3
366 18 4
 0 0
 1 1
 2 1
 3 1
367 18 4
 0 2
 1 0
 2 0
 3 0
368 4 4
 0 3
 1 3
 2 0
 3 0
369 19 4
 0 2
 1 2
 2 3
 3 3
370 19 4
 0 1
 1 0
 2 1
 3 2
371 9 4
 0 3
 1 3
 2 1
 3 1
372 11 4
 0 1
 1 2
 2 2
 3 3
373 15 4
 0 0
 1 1
 2 3
 3 0
374 20 4
 0 1
 1 3
 2 0
 3 2
375 10 4
 0 0
 1 0
 2 2
 3 0
376 7 4
 0 0
 1 0
 2 0
 3 1
377 19 4
 0 2
 1 3
 2 0
 3 0
378 1 4
 0 0
 1 0
 2 0
 3 1
379 17 4
 0 0
 1 0
 2 2
 3 3
380 17 4
 0 3
 1 1
 2 3
 3 0
381 12 4
 0 1
 1 0
 2 3
 3 0
382 8 4
 0 3
 1 0
 2 3
 3 3
383 7 4
 0 2
 1 0
 2 0
 3 0
384 17 4
 0 0
 1 1
 2 3
 3 3
385 19 4
 0 2
 1 1
 2 1
 3 0
386 4 4
 0 2
 1 3
 2 3
 3 0
387 13 4
 0 0
 1 0
 2 0
 3 2
388 9 4
 0 0
 1 1
 2 3
 3 0
389 13 4
 0 3
 1 1
 2 1
 3 1
390 6 4
 0 2
 1 0
 2 0
 3 2
391 15 4
 0 1
 1 1
 2 3
 3 3
392 2 4
 0 0
 1 0
 2 0
 3 1
393 5 4
 0 0
 1 0
 2 3
 3 0
394 7 4
 0 3
 1 0
 2 3
 3 3
395 17 4
 0 3
 1 0
 2 2
 3 0
396 5 4
 0 0
 1 3
 2 3
 3 3
397 16 4
 0 0
 1 0
 2 0
 3 2
398 11 4
 0 3
 1 1
 2 3
 3 0
399 2 4
 0 0
 1 1
 2 0
 3 1
400 5 4
 0 0
 1 3
 2 3
 3 0
401 10 4
 0 0
 1 0
 2 1
 3 1
402 15 4
 0 2
 1 0
 2 2
 3 0
403 3 4
 0 2
 1 0
 2 3
 3 3
404 2 4
 0 3
 1 0
 2 0
 3 0
405 7 4
 0 0
 1 3
 2 3
 3 0
406 1 4
 0 3
 1 0
 2 2
 3 3
407 20 4
 0 3
 1 0
 2 0
 3 0
408 17 4
 0 0
 1 1
 2 1
 3 3
409 1 4
 0 2
 1 3
 2 1
 3 3
410 19 4
 0 0
 1 2
 2 3
 3 0
411 14 4
 0 3
 1 0
 2 1
 3 2
412 12 4
 0 3
 1 0
 2 3
 3 1
413 7 4
 0 1
 1 2
 2 3
 3 2
414 1 4
 0 1
 1 1
 2 0
 3 1
415 16 4
 0 0
 1 3
 2 3
 3 0
416 15 4
 0 0
 1 1
 2 2
 3 1
417 12 4
 0 2
 1 3
 2 1
 3 0
418 17 4
 0 1
 1 1
 2 0
 3 0
419 3 4
 0 0
 1 1
 2 0
 3 0
420 1 4
 0 0
 1 0
 2 1
 3 2
421 8 4
 0 2
 1 1
 2 0
 3 3
422 7 4
 0 0
 1 1
 2 0
 3 0
423 18 4
 0 1
 1 1
 2 0
 3 0
424 4 4
 0 1
 1 0
 2 0
 3 3
425 20 4
 0 0
 1 0
 2 2
 3 1
426 15 4
 0 0
 1 0
 2 0
 3 1
427 3 4
 0 0
 1 3
 2 1
 3 0
428 3 4
 0 0
 1 2
 2 0
 3 1
429 7 4
 0 1
 1 0
 2 1
 3 0
430 4 4
 0 1
 1 0
 2 1
 3 0
431 14 4
 0 2
 1 0
 2 3
 3 2
432 13 4
 0 0
 1 0
 2 2
 3 1
433 10 4
 0 2
 1 0
 2 1
 3 0
434 12 4
 0 0
 1 1
 2 2
 3 1
435 18 4
 0 3
 1 1
 2 2
 3 0
436 7 4
 0 2
 1 1
 2 0
 3 0
437 2 4
 0 3
 1 3
 2 0
 3 1
438 7 4
 0 1
 1 0
 2 0
 3 0
439 6 4
 0 0
 1 3
 2 3
 3 0
440 6 4
 0 1
 1 0
 2 2
 3 0
441 3 4
 0 1
 1 3
 2 3
 3 2
442 5 4
 0 2
 1 0
 2 2
 3 2
443 18 4
 0 3
 1 3
 2 3
 3 0
444 18 4
 0 3
 1 3
 2 1
 3 1
445 2 4
 0 0
 1 1
 2 0
 3 2
446 3 4
 0 0
 1 0
 2 0
 3 2
447 8 4
 0 3
 1 3
 2 0
 3 0
448 16 4
 0 2
 1 2
 2 0
 3 1
449 9 4
 0 3
 1 2
 2 2
 3 0
450 9 4
 0 0
 1 1
 2 2
 3 3
451 3 4
 0 0
 1 1
 2 1
 3 0
452 15 4
 0 2
 1 0
 2 0
 3 2
453 17 4
 0 0
 1 2
 2 1
 3 2
454 7 4
 0 2
 1 2
 2 2
 3 0
455 1 4
 0 0
 1 1
 2 3
 3 3
456 6 4
 0 1
 1 0
 2 0
 3 3
457 8 4
 0 2
 1 0
 2 0
 3 0
458 6 4
 0 2
 1 3
 2 1
 3 2
459 5 4
 0 1
 1 1
 2 0
 3 0
460 20 4
 0 3
 1 0
 2 2
 3 0
461 4 4
 0 2
 1 0
 2 0
 3 0
462 2 4
 0 0
 1 1
 2 0
 3 1
463 12 4
 0 2
 1 3
 2 2
 3 1
464 6 4
 0 0
 1 0
 2 2
 3 1
465 6 4
 0 0
 1 0
 2 1
 3 0
466 17 4
 0 1
 1 2
 2 0
 3 1
467 19 4
 0 1
 1 0
 2 0
 3 3
468 11 4
 0 2
 1 2
 2 2
 3 0
469 13 4
 0 0
 1 2
 2 0
 3 1
470 16 4
 0 2
 1 2
 2 3
 3 3
471 8 4
 0 0
 1 2
 2 0
 3 3
472 12 4
 0 3
 1 0
 2 3
 3 3
473 9 4
 0 2
 1 3
 2 0
 3 3
474 20 4
 0 0
 1 2
 2 3
 3 0
475 8 4
 0 0
 1 2
 2 3
 3 0
476 4 4
 0 1
 1 2
 2 1
 3 3
477 8 4
 0 0
 1 0
 2 1
 3 1
478 11 4
 0 0
 1 1
 2 1
 3 1
479 7 4
 0 2
 1 2
 2 2
 3 3
480 8 4
 0 1
 1 1
 2 3
 3 2
481 3 4
 0 3
 1 0
 2 3
 3 2
482 12 4
 0 3
 1 3
 2 3
 3 2
483 0 4
 0 0
 1 0
 2 0
 3 0

# PRECEDENCES
2880
0 9
0 13
0 20
0 21
0 28
0 30
0 33
0 39
0 42
0 46
0 55
0 58
0 63
0 67
0 69
0 75
0 76
0 85
0 86
0 87
0 96
0 97
0 99
0 102
0 104
0 106
0 109
0 117
0 123
0 126
0 131
0 133
0 136
0 139
0 140
0 148
0 150
0 153
0 154
0 157
0 161
0 174
0 175
0 181
0 182
0 185
0 186
0 188
0 189
0 190
0 197
0 202
0 206
0 222
0 224
0 234
0 240
0 241
0 247
0 248
0 250
0 251
0 252
0 257
0 265
0 268
0 269
0 281
0 297
0 302
0 306
0 307
0 311
0 320
0 324
0 326
0 342
0 348
0 355
0 359
0 360
0 362
0 366
0 368
0 379
0 384
0 385
0 387
0 394
0 398
0 401
0 402
0 403
0 406
0 411
0 415
0 438
0 441
0 443
0 444
0 446
0 449
0 452
0 453
0 454
0 457
0 458
0 461
0 465
0 468
0 470
0 482
1 191
1 203
1 229
1 264
1 299
2 25
2 89
2 93
2 187
2 459
3 40
3 198
3 300
3 358
3 363
3 440
4 483
5 27
5 37
5 64
5 68
5 89
5 92
5 285
5 390
6 47
6 71
6 121
6 199
6 209
6 212
6 388
6 466
7 34
7 108
7 143
7 145
7 357
7 358
8 66
8 105
8 195
8 198
8 211
8 321
8 475
9 17
9 44
9 112
9 159
9 228
9 354
9 386
10 1
10 68
10 110
10 187
10 309
10 312
10 319
10 419
11 138
11 284
11 301
11 474
12 483
13 271
13 406
13 417
13 478
14 93
14 146
14 352
14 471
15 51
15 319
15 418
15 478
16 483
17 56
17 119
17 232
17 478
18 10
18 54
18 209
18 223
18 279
18 301
18 434
18 474
19 82
19 168
19 242
19 285
19 313
19 386
20 57
20 64
20 216
20 271
20 316
20 397
21 155
21 354
21 422
21 433
21 448
22 15
22 19
22 195
22 229
22 276
23 1
23 71
23 254
23 266
23 309
23 392
24 35
24 41
24 195
24 232
24 293
24 352
24 365
24 393
25 483
26 48
26 120
26 142
26 278
26 308
26 392
27 483
28 34
28 242
28 300
28 404
28 437
29 2
29 74
29 111
29 191
29 203
29 249
29 321
30 186
30 228
30 303
30 328
30 341
31 95
31 132
31 192
31 203
31 210
31 236
31 296
31 447
32 95
32 142
32 258
32 321
32 462
33 89
33 108
33 129
33 341
33 428
34 116
34 293
34 323
34 421
34 478
35 65
35 89
35 92
35 93
35 119
35 229
35 478
36 183
36 260
36 290
36 330
36 352
36 473
37 483
38 4
38 27
38 93
38 116
38 187
38 391
38 459
38 478
39 4
39 29
39 70
39 115
39 267
39 378
40 114
40 120
40 244
40 260
40 319
40 325
41 90
41 116
41 143
41 246
41 308
41 378
41 408
41 419
42 140
42 160
42 194
42 349
42 389
42 427
42 467
43 48
43 92
43 135
43 301
43 328
43 343
43 389
43 427
44 105
44 115
44 229
44 244
44 249
44 291
44 293
44 305
45 215
45 339
45 410
45 459
46 19
46 266
46 290
46 400
46 423
47 38
47 239
47 246
47 258
47 280
47 334
47 391
48 65
48 195
48 239
48 264
49 43
49 116
49 128
49 180
49 230
49 267
49 312
50 483
51 483
52 32
52 108
52 159
52 392
53 4
53 168
53 210
53 266
54 22
54 213
54 244
54 274
54 283
54 310
54 334
54 437
55 27
55 93
55 94
55 101
55 107
55 270
55 400
55 419
56 483
57 100
57 101
57 107
57 115
57 258
57 283
57 349
57 421
58 32
58 151
58 397
58 412
58 420
59 165
59 183
59 200
59 239
59 249
59 352
59 367
59 433
60 108
60 219
60 225
60 261
60 280
61 4
61 25
61 37
61 50
61 51
61 92
61 437
62 26
62 196
62 217
62 218
62 292
62 314
62 315
62 424
63 166
63 170
63 369
63 429
64 4
64 51
64 92
64 110
65 483
66 12
66 95
66 170
66 211
66 264
66 301
66 308
67 27
67 60
67 114
67 193
67 230
67 302
67 341
68 93
68 116
68 180
68 187
68 203
68 316
68 347
68 478
69 40
69 80
69 208
69 335
69 336
69 352
70 5
70 10
70 19
70 119
70 276
70 299
70 380
71 73
71 119
71 255
71 266
72 49
72 329
72 337
72 351
72 434
72 450
73 483
74 38
74 229
74 299
74 309
74 370
75 6
75 39
75 57
75 168
75 229
75 233
75 369
75 408
76 19
76 261
76 279
76 284
76 321
76 475
77 50
77 80
77 110
77 168
77 180
77 198
77 266
78 43
78 92
78 177
78 200
78 267
78 309
78 367
78 459
79 51
79 192
79 243
79 310
79 354
79 383
80 1
80 279
80 309
80 316
80 481
81 23
81 79
81 121
81 255
81 439
81 480
82 17
82 34
82 187
82 208
82 229
82 276
83 19
83 47
83 115
83 232
83 283
84 45
84 78
84 143
84 255
84 313
84 333
84 351
84 378
85 14
85 38
85 48
85 53
85 122
85 473
86 43
86 94
86 177
86 178
86 263
86 283
86 304
86 456
87 173
87 194
87 303
87 316
87 389
88 56
88 71
88 93
88 110
88 321
88 367
88 425
89 483
90 17
90 71
90 88
90 89
90 378
90 400
90 481
91 17
91 47
91 145
91 266
91 319
92 483
93 483
94 38
94 64
94 121
94 300
94 435
95 25
95 68
95 73
95 293
95 347
95 390
95 459
96 19
96 77
96 213
96 359
96 367
96 383
96 421
97 31
97 46
97 68
97 78
97 208
97 337
97 481
98 5
98 125
98 145
98 273
99 176
99 183
99 278
99 283
100 80
100 273
100 332
100 339
101 61
101 135
101 256
101 322
101 325
102 50
102 125
102 254
102 395
102 445
103 130
103 196
103 291
103 455
104 98
104 112
104 207
104 210
104 316
104 374
104 422
104 469
105 68
105 89
105 93
105 119
105 232
105 347
105 481
106 96
106 118
106 211
106 330
106 345
106 375
106 414
106 415
107 82
107 260
107 325
107 347
107 410
107 440
108 12
108 27
108 51
108 89
108 119
108 203
108 347
109 121
109 141
109 266
109 268
110 483
111 35
111 249
111 299
111 322
112 25
112 50
112 128
112 146
112 170
113 44
113 77
113 94
113 223
113 439
113 477
114 25
114 88
114 143
114 418
114 475
115 12
115 71
115 191
115 211
115 229
116 483
117 6
117 43
117 165
117 408
117 432
117 471
117 475
118 23
118 25
118 95
118 138
118 242
118 334
118 347
118 370
119 483
120 71
120 89
120 180
120 284
121 1
121 23
121 26
121 89
121 173
121 260
121 479
122 110
122 112
122 328
122 358
122 367
122 382
123 24
123 35
123 52
123 80
123 309
123 456
124 51
124 135
124 179
124 245
124 382
124 421
124 436
125 35
125 50
125 111
125 135
125 299
125 425
125 456
126 7
126 192
126 267
126 301
126 309
126 366
127 61
127 116
127 203
127 256
127 299
127 331
128 7
128 16
128 71
128 111
128 284
129 1
129 5
129 34
129 110
129 180
129 308
129 367
129 459
130 49
130 166
130 254
130 344
130 435
131 60
131 66
131 323
131 383
131 478
132 77
132 303
132 357
132 427
132 477
133 24
133 235
133 280
133 421
134 8
134 40
134 68
134 169
134 272
134 350
134 351
134 467
135 143
135 256
135 272
135 300
135 390
135 421
135 456
136 91
136 105
136 357
136 359
136 464
137 92
137 166
137 230
137 273
137 378
137 392
137 419
137 481
138 17
138 51
138 116
138 249
138 258
138 285
138 293
138 419
139 13
139 60
139 127
139 130
139 232
139 251
139 367
139 439
140 96
140 393
140 430
140 461
141 90
141 143
141 256
141 279
141 318
141 478
142 37
142 51
142 56
142 170
142 273
142 285
142 478
143 4
143 56
143 92
143 93
143 255
143 332
143 354
143 391
144 25
144 65
144 73
144 170
144 198
144 352
144 466
145 51
145 108
145 323
145 437
146 56
146 71
146 177
146 211
146 391
147 119
147 152
147 209
147 226
147 399
148 54
148 239
148 419
148 421
149 47
149 128
149 178
149 276
149 331
149 351
150 59
150 87
150 94
150 321
151 158
151 223
151 236
151 280
151 332
151 481
152 2
152 34
152 178
152 239
152 284
152 437
152 478
153 59
153 221
153 225
153 431
153 443
153 478
154 79
154 373
154 448
154 469
155 5
155 110
155 112
155 332
155 365
155 389
155 390
156 15
156 57
156 205
156 290
156 300
156 303
157 82
157 112
157 172
157 229
157 245
157 329
158 88
158 119
158 256
158 301
158 339
158 478
159 5
159 17
159 66
159 116
159 255
159 331
159 410
159 425
160 105
160 254
160 278
160 345
160 407
160 413
160 417
160 467
161 50
161 72
161 88
161 118
161 132
161 149
161 171
162 66
162 92
162 277
162 376
162 463
163 57
163 119
163 183
163 296
163 404
163 425
163 464
164 52
164 73
164 260
164 304
164 325
164 437
164 471
165 47
165 249
165 285
165 294
165 389
166 88
166 142
166 229
166 298
166 328
166 386
166 390
167 29
167 77
167 201
167 226
167 232
167 236
167 242
168 276
168 316
168 352
168 354
168 418
168 456
168 481
169 27
169 256
169 298
169 322
169 357
169 392
170 37
170 89
170 116
170 437
170 459
171 2
171 37
171 425
171 479
172 17
172 74
172 116
172 173
172 229
172 256
172 331
173 2
173 258
173 276
173 477
174 263
174 284
174 348
174 380
174 390
175 164
175 205
175 343
175 394
176 1
176 14
176 111
176 352
176 354
176 425
176 464
177 25
177 93
177 321
177 323
177 481
178 12
178 35
178 108
178 285
179 38
179 41
179 89
179 198
179 312
179 404
180 483
181 35
181 128
181 266
181 314
182 83
182 217
182 221
182 328
182 418
182 430
182 466
183 114
183 143
183 254
183 318
183 358
183 413
183 430
184 47
184 120
184 194
184 216
184 283
184 312
184 427
184 464
185 43
185 45
185 109
185 311
185 387
185 393
185 416
185 452
186 27
186 216
186 218
186 257
186 295
186 352
186 369
187 483
188 100
188 350
188 392
188 413
189 16
189 84
189 160
189 184
189 244
189 259
189 316
189 380
190 23
190 36
190 45
190 284
190 305
190 391
190 439
191 25
191 27
191 232
191 316
191 391
192 64
192 73
192 112
192 116
192 145
192 211
192 321
192 339
193 29
193 83
193 263
193 287
193 448
193 466
194 37
194 89
194 246
194 323
194 356
194 408
195 50
195 142
195 187
195 237
195 308
195 367
195 456
195 475
196 35
196 77
196 125
196 178
196 200
196 459
197 47
197 50
197 124
197 246
198 25
198 51
198 56
198 89
198 93
198 110
198 119
198 232
199 35
199 111
199 115
199 308
200 17
200 56
200 73
200 229
200 391
201 273
201 330
201 435
201 437
201 462
202 76
202 87
202 152
202 291
202 308
203 483
204 146
204 163
204 212
204 277
205 90
205 108
205 295
205 423
206 16
206 18
206 19
206 50
206 113
206 276
206 283
206 391
207 112
207 134
207 296
207 312
207 316
207 318
207 325
208 38
208 258
208 285
208 419
208 459
209 8
209 19
209 29
209 198
209 203
209 340
209 347
209 421
210 34
210 61
210 95
210 170
210 208
210 266
210 313
210 319
211 2
211 16
211 37
211 108
211 203
211 264
211 316
211 331
212 10
212 111
212 142
212 194
212 298
212 299
212 456
212 475
213 25
213 32
213 166
213 212
213 258
214 94
214 196
214 238
214 339
214 371
214 393
214 425
215 19
215 138
215 295
215 323
215 451
215 456
215 459
216 51
216 178
216 261
216 267
216 279
217 88
217 107
217 114
217 121
217 158
217 178
217 194
217 296
218 10
218 57
218 114
218 275
218 404
218 407
218 455
218 467
219 68
219 71
219 80
219 92
219 285
219 378
220 4
220 135
220 179
220 196
220 417
221 7
221 48
221 108
221 112
221 232
221 299
222 138
222 179
222 192
222 215
222 246
222 386
223 34
223 56
223 180
223 404
224 99
224 157
224 176
224 211
224 293
224 337
224 359
224 417
225 145
225 215
225 296
225 378
226 12
226 51
226 88
226 195
226 312
226 328
226 331
226 391
227 92
227 244
227 276
227 319
227 328
228 127
228 142
228 169
228 291
228 365
229 483
230 48
230 143
230 177
230 208
230 267
230 287
230 475
231 48
231 201
231 290
231 334
231 455
231 473
232 483
233 119
233 232
233 285
233 299
234 13
234 156
234 204
234 248
234 349
234 372
234 406
235 5
235 284
235 377
235 435
236 2
236 61
236 142
236 266
236 300
236 308
236 459
236 478
237 37
237 65
237 73
237 280
237 285
237 319
237 367
238 89
238 144
238 158
238 232
238 256
238 276
238 367
238 386
239 37
239 93
239 200
239 229
239 456
239 475
239 478
240 246
240 257
240 265
240 428
241 12
241 19
241 96
241 292
241 417
241 481
242 4
242 56
242 73
242 93
242 119
242 391
242 478
243 25
243 93
243 273
243 287
243 419
243 481
244 12
244 89
244 100
244 128
244 166
244 177
244 295
244 404
245 208
245 390
245 391
245 477
246 73
246 255
246 266
246 319
246 343
246 354
247 26
247 77
247 207
247 275
247 287
247 303
248 27
248 44
248 68
248 71
248 163
248 318
248 375
248 406
249 2
249 116
249 347
249 354
250 77
250 107
250 219
250 333
250 358
250 369
251 22
251 87
251 242
251 318
251 386
251 476
252 172
252 264
252 375
252 451
252 475
253 18
253 254
253 344
253 440
254 27
254 276
254 293
254 308
254 323
254 390
254 419
255 16
255 56
255 180
255 316
255 459
255 478
256 16
256 27
256 56
256 65
256 68
256 198
256 203
256 266
257 38
257 49
257 92
257 127
257 179
257 210
258 17
258 37
258 279
258 299
258 421
259 31
259 159
259 210
259 238
259 319
259 421
260 16
260 166
260 284
260 357
260 380
260 440
260 475
261 35
261 73
261 108
261 264
261 316
262 108
262 312
262 345
262 418
263 10
263 11
263 16
263 180
263 237
263 466
264 25
264 56
264 65
264 89
264 110
264 180
264 187
264 478
265 94
265 105
265 313
265 325
265 463
266 27
266 89
266 110
266 119
267 38
267 82
267 237
267 358
267 380
268 106
268 144
268 170
268 426
268 438
269 140
269 198
269 271
269 275
269 311
269 314
269 470
270 149
270 183
270 194
270 347
270 349
271 88
271 243
271 267
271 404
271 418
272 93
272 242
272 321
272 323
272 477
273 51
273 89
273 119
273 187
273 229
273 347
273 391
273 478
274 70
274 142
274 212
274 427
275 37
275 71
275 203
275 273
275 299
275 331
275 466
276 4
276 25
276 27
276 51
276 285
276 299
276 323
277 41
277 71
277 108
277 114
277 125
277 232
277 282
278 120
278 285
278 437
278 478
279 4
279 16
279 25
279 56
279 93
279 203
279 347
279 459
280 73
280 93
280 273
280 418
281 73
281 97
281 125
281 218
281 318
282 16
282 187
282 267
282 321
282 339
282 456
282 475
283 82
283 127
283 170
283 178
283 322
283 358
283 475
284 73
284 272
284 273
284 319
284 321
284 332
284 367
284 421
285 27
285 56
285 92
285 347
285 437
286 48
286 162
286 214
286 283
286 427
287 108
287 110
287 170
287 295
287 437
288 108
288 120
288 212
288 243
288 340
288 350
288 437
289 18
289 22
289 179
289 273
289 296
289 371
289 423
290 54
290 89
290 424
290 427
290 466
291 138
291 187
291 358
291 440
292 242
292 325
292 390
292 432
293 25
293 89
293 116
293 347
294 66
294 178
294 194
294 246
294 264
294 343
295 25
295 50
295 110
295 187
295 347
295 391
296 203
296 213
296 258
296 276
296 340
297 11
297 15
297 26
297 138
297 239
297 363
297 366
297 386
298 5
298 38
298 187
298 273
298 287
298 321
298 481
299 116
299 229
299 391
299 478
300 16
300 56
300 142
300 249
300 323
301 16
301 34
301 229
301 367
301 370
302 70
302 172
302 296
302 304
302 359
302 365
302 407
302 428
303 90
303 169
303 284
303 334
304 10
304 249
304 332
304 345
304 367
304 430
304 451
305 19
305 49
305 143
305 159
305 198
305 210
305 309
306 25
306 146
306 213
306 284
307 28
307 29
307 72
307 284
307 352
307 375
307 390
308 73
308 110
308 232
308 354
308 367
309 35
309 89
309 180
309 242
309 418
310 16
310 27
310 32
310 149
310 192
310 254
310 283
311 8
311 43
311 204
311 205
311 428
311 434
312 2
312 25
312 51
312 65
312 180
312 198
312 229
312 232
313 50
313 68
313 145
313 273
313 280
313 293
313 295
313 419
314 275
314 352
314 365
314 423
315 10
315 82
315 128
315 179
315 230
315 291
315 300
315 424
316 483
317 160
317 162
317 243
317 318
317 328
317 334
317 481
318 15
318 48
318 56
318 74
318 298
318 400
318 456
319 4
319 38
319 116
319 191
319 266
319 347
320 293
320 372
320 389
320 416
321 108
321 273
321 390
321 418
321 437
321 459
321 478
322 5
322 35
322 255
322 391
323 37
323 56
323 73
323 92
323 110
323 187
323 459
323 478
324 10
324 44
324 155
324 186
324 191
324 326
324 361
324 472
325 5
325 37
325 95
325 115
325 143
325 421
326 49
326 71
326 76
326 132
326 195
326 408
327 108
327 141
327 332
327 407
327 417
327 433
327 476
328 1
328 23
328 61
328 195
328 345
328 459
329 5
329 22
329 184
329 369
329 405
329 431
330 1
330 129
330 173
330 199
330 216
330 393
330 427
330 429
331 4
331 16
331 51
331 73
331 116
332 25
332 51
332 180
332 203
332 347
332 437
333 23
333 65
333 121
333 227
333 303
333 352
333 367
333 460
334 27
334 180
334 255
334 323
334 331
335 36
335 242
335 400
335 414
336 203
336 261
336 294
336 431
337 135
337 149
337 249
337 278
337 294
337 303
337 350
337 419
338 38
338 82
338 195
338 255
338 277
338 322
338 339
338 475
339 61
339 293
339 321
339 391
339 475
340 19
340 74
340 89
340 100
340 146
340 272
340 367
340 459
341 56
341 200
341 229
341 242
341 357
342 14
342 40
342 131
342 132
342 341
342 388
342 425
342 430
343 143
343 203
343 232
343 299
343 418
344 93
344 94
344 125
344 284
344 309
345 93
345 276
345 312
345 332
345 419
345 425
345 477
346 19
346 48
346 52
346 168
346 471
347 483
348 38
348 48
348 82
348 101
348 170
348 203
348 245
349 61
349 100
349 120
349 232
349 308
349 332
349 474
350 7
350 15
350 35
350 158
350 308
350 319
351 35
351 138
351 145
351 158
351 169
351 285
351 325
352 35
352 73
352 180
352 203
352 285
352 354
353 128
353 279
353 284
353 400
354 37
354 65
354 73
354 116
354 232
354 437
354 459
355 141
355 169
355 205
355 218
355 243
355 303
355 438
355 479
356 80
356 249
356 261
356 266
356 295
356 316
356 400
356 418
357 25
357 56
357 108
357 390
358 61
358 92
358 273
358 285
358 293
359 19
359 61
359 105
359 341
359 391
359 437
360 7
360 275
360 364
360 393
360 396
361 203
361 260
361 321
361 390
362 64
362 156
362 171
362 235
362 236
362 395
362 472
362 474
363 19
363 51
363 356
363 380
364 93
364 137
364 249
364 467
365 74
365 169
365 198
365 279
365 325
365 343
365 357
365 478
366 166
366 284
366 463
366 474
367 50
367 51
367 89
367 93
367 110
367 180
367 232
368 26
368 135
368 147
368 255
368 317
368 428
368 429
368 463
369 43
369 128
369 158
369 191
369 246
369 316
369 424
370 35
370 37
370 73
370 255
370 279
370 285
371 40
371 74
371 159
371 295
371 392
371 451
371 478
372 54
372 77
372 292
372 370
372 404
373 15
373 155
373 193
373 270
373 291
373 346
373 357
374 135
374 143
374 260
374 352
374 357
374 447
375 51
375 279
375 331
375 367
375 459
376 12
376 90
376 95
376 168
376 279
376 298
376 331
377 52
377 146
377 184
377 221
377 233
378 143
378 200
378 266
378 275
378 313
378 352
379 63
379 83
379 108
379 153
379 456
379 463
380 95
380 145
380 273
380 375
381 8
381 14
381 41
381 158
381 423
381 426
382 243
382 260
382 323
382 459
383 80
383 105
383 135
383 198
383 208
383 341
383 345
383 389
384 2
384 56
384 67
384 138
384 447
385 121
385 184
385 195
385 339
386 12
386 198
386 358
386 421
387 44
387 92
387 142
387 262
387 424
387 461
387 464
388 23
388 68
388 73
388 216
389 144
389 266
389 293
389 300
390 4
390 25
390 65
390 119
390 391
391 483
392 56
392 143
392 170
392 279
392 287
392 293
392 295
392 352
393 95
393 110
393 249
393 275
393 293
394 82
394 172
394 284
394 298
394 333
394 338
394 426
394 473
395 62
395 89
395 95
395 216
395 327
396 51
396 91
396 180
396 313
396 343
396 370
397 8
397 27
397 44
397 164
397 220
397 262
397 316
397 472
398 50
398 245
398 346
398 407
398 479
398 481
399 100
399 169
399 275
399 328
399 365
399 390
399 466
400 38
400 68
400 200
400 285
400 386
401 135
401 303
401 435
401 438
402 31
402 66
402 132
402 245
402 279
402 451
402 461
403 26
403 40
403 89
403 253
403 260
403 315
403 386
404 17
404 88
404 273
404 354
405 8
405 65
405 110
405 255
405 256
406 32
406 70
406 80
406 199
406 322
406 461
407 1
407 7
407 41
407 291
407 295
407 314
407 321
407 408
408 73
408 145
408 195
408 312
409 53
409 165
409 191
409 227
409 365
409 372
409 463
409 473
410 4
410 16
410 229
410 254
410 390
410 392
410 475
411 100
411 101
411 253
411 286
411 289
411 343
411 412
412 1
412 53
412 65
412 291
412 296
412 301
412 304
412 353
413 73
413 111
413 208
413 300
413 313
413 354
414 2
414 114
414 204
414 272
414 308
414 353
414 418
414 467
415 57
415 127
415 256
415 346
415 364
415 383
415 404
415 427
416 17
416 49
416 59
416 303
416 389
416 390
416 409
416 442
417 73
417 144
417 217
417 254
418 12
418 27
418 37
418 92
418 180
418 232
418 478
419 51
419 56
419 191
419 198
419 232
419 255
419 299
420 152
420 196
420 208
420 229
420 404
420 423
420 466
420 471
421 25
421 56
421 65
421 93
421 110
421 119
421 478
422 70
422 261
422 313
422 414
422 417
422 439
423 195
423 300
423 312
423 328
423 347
423 419
424 169
424 211
424 256
424 284
424 299
424 386
425 68
425 92
425 119
425 191
425 478
426 12
426 231
426 273
426 364
426 371
426 420
427 242
427 266
427 299
427 475
428 8
428 23
428 142
428 216
428 254
428 278
428 380
428 462
429 4
429 51
429 200
429 298
429 318
429 410
429 423
430 112
430 115
430 254
430 392
431 43
431 205
431 303
431 308
431 353
431 424
432 66
432 129
432 232
432 418
433 125
433 137
433 167
433 325
433 333
434 10
434 14
434 89
434 315
434 332
434 370
434 424
434 467
435 7
435 183
435 194
435 198
435 283
435 392
435 480
436 14
436 141
436 169
436 176
436 199
436 276
436 430
437 483
438 80
438 108
438 116
438 135
438 192
438 367
438 369
438 388
439 163
439 228
439 290
439 407
439 448
440 5
440 73
440 92
440 256
440 266
440 300
440 312
440 345
441 25
441 73
441 81
441 195
441 288
441 300
441 349
442 41
442 92
442 141
442 301
442 390
443 64
443 82
443 155
443 265
443 349
443 402
443 414
443 436
444 120
444 238
444 325
444 329
445 16
445 352
445 356
445 383
445 478
446 36
446 167
446 211
446 381
446 399
447 82
447 101
447 271
447 313
447 357
447 437
447 459
447 478
448 243
448 353
448 400
448 405
448 481
449 123
449 198
449 343
449 355
449 400
449 459
449 470
450 3
450 8
450 82
450 112
450 242
450 340
450 404
451 64
451 191
451 321
451 386
452 118
452 195
452 319
452 366
452 408
452 455
452 471
452 473
453 60
453 237
453 266
453 293
454 61
454 114
454 304
454 359
455 19
455 25
455 47
455 110
455 125
455 168
455 272
455 283
456 27
456 64
456 65
456 89
456 92
456 119
456 478
457 145
457 249
457 321
457 378
458 49
458 103
458 227
458 258
459 483
460 26
460 27
460 205
460 375
460 475
461 82
461 201
461 230
461 391
462 10
462 68
462 77
462 129
462 266
462 276
463 49
463 61
463 291
463 325
463 353
463 386
464 56
464 127
464 145
464 196
464 260
464 271
464 287
465 38
465 125
465 137
465 142
465 168
465 192
465 260
466 295
466 316
466 418
466 421
466 477
467 16
467 239
467 242
467 321
467 334
468 70
468 77
468 100
468 228
468 289
468 302
468 409
469 64
469 108
469 172
469 338
469 361
469 448
470 23
470 213
470 279
470 328
470 345
470 460
471 2
471 110
471 258
471 332
471 358
471 421
471 459
472 5
472 35
472 114
472 173
472 321
472 404
472 410
473 17
473 92
473 118
473 210
473 425
473 477
474 4
474 170
474 173
474 212
474 312
475 65
475 187
475 229
475 273
475 391
476 73
476 94
476 267
476 350
477 12
477 65
477 73
477 203
477 347
478 483
479 47
479 110
479 170
479 180
479 365
479 393
479 477
479 478
480 255
480 328
480 354
480 370
480 378
480 393
480 396
481 2
481 73
481 187
481 255
481 316
482 44
482 80
482 142
482 145
482 365
