# Tier 7 (Very Large) - Instance 45
# Generated with config: N=448, K=4, topology=random_dag, calendar=staggered

# HEADER: <num_tasks> <num_types> <num_units>
450 4 21

# RESOURCE TYPES
# Format: <type_id> <num_units> <unit_id1> <unit_id2> ...
0 6 0 1 2 3 4 5
1 5 6 7 8 9 10
2 4 11 12 13 14
3 6 15 16 17 18 19 20

# RESOURCE UNITS (Calendars)
# Format: <unit_id> <num_steps> <t1> <v1> <t2> <v2> ...
0 22 0 100 1 0 56 100 377 0 430 100 751 0 805 100 1121 0 1174 100 1494 0 1547 100 1864 0 1916 100 2235 0 2288 100 2609 0 2663 100 2982 0 3034 100 3356 0 3409 100 4111 0
1 22 0 100 17 0 55 100 390 0 431 100 765 0 804 100 1135 0 1174 100 1505 0 1543 100 1878 0 1918 100 2251 0 2292 100 2625 0 2666 100 3002 0 3041 100 3374 0 3415 100 4111 0
2 22 0 100 36 0 79 100 409 0 453 100 781 0 825 100 1154 0 1199 100 1528 0 1572 100 1899 0 1943 100 2272 0 2315 100 2644 0 2690 100 3017 0 3062 100 3390 0 3433 100 4111 0
3 22 0 100 54 0 105 100 426 0 480 100 801 0 853 100 1174 0 1225 100 1546 0 1598 100 1919 0 1969 100 2287 0 2340 100 2663 0 2713 100 3031 0 3083 100 3403 0 3454 100 4111 0
4 22 0 100 69 0 122 100 443 0 494 100 813 0 864 100 1185 0 1237 100 1556 0 1608 100 1930 0 1981 100 2301 0 2351 100 2673 0 2724 100 3044 0 3096 100 3420 0 3471 100 4111 0
5 22 0 100 89 0 130 100 461 0 505 100 835 0 878 100 1206 0 1248 100 1578 0 1621 100 1951 0 1995 100 2323 0 2365 100 2692 0 2735 100 3064 0 3105 100 3433 0 3474 100 4111 0
6 22 0 100 106 0 162 100 477 0 533 100 847 0 904 100 1221 0 1277 100 1592 0 1648 100 1964 0 2020 100 2337 0 2394 100 2710 0 2767 100 3080 0 3137 100 3455 0 3512 100 4111 0
7 22 0 100 122 0 186 100 494 0 561 100 871 0 935 100 1245 0 1309 100 1619 0 1686 100 1991 0 2058 100 2364 0 2429 100 2735 0 2802 100 3108 0 3175 100 3483 0 3549 100 4111 0
8 22 0 100 143 0 191 100 515 0 563 100 889 0 935 100 1259 0 1307 100 1630 0 1676 100 2001 0 2049 100 2374 0 2421 100 2744 0 2792 100 3117 0 3165 100 3489 0 3535 100 4111 0
9 22 0 100 159 0 198 100 533 0 573 100 906 0 948 100 1280 0 1319 100 1650 0 1691 100 2024 0 2065 100 2399 0 2438 100 2769 0 2809 100 3140 0 3179 100 3511 0 3552 100 4111 0
10 22 0 100 178 0 231 100 549 0 601 100 923 0 974 100 1295 0 1349 100 1667 0 1718 100 2036 0 2087 100 2405 0 2457 100 2776 0 2830 100 3149 0 3200 100 3521 0 3572 100 4111 0
11 22 0 100 194 0 250 100 568 0 624 100 939 0 996 100 1312 0 1368 100 1683 0 1737 100 2053 0 2107 100 2427 0 2483 100 2802 0 2857 100 3177 0 3234 100 3549 0 3604 100 4111 0
12 22 0 100 213 0 257 100 586 0 629 100 957 0 1000 100 1327 0 1371 100 1699 0 1744 100 2072 0 2116 100 2447 0 2493 100 2821 0 2865 100 3194 0 3237 100 3566 0 3612 100 4111 0
13 22 0 100 231 0 283 100 605 0 655 100 974 0 1026 100 1347 0 1399 100 1720 0 1771 100 2090 0 2143 100 2465 0 2516 100 2836 0 2887 100 3207 0 3258 100 3579 0 3630 100 4111 0
14 22 0 100 248 0 280 100 621 0 651 100 993 0 1023 100 1367 0 1399 100 1738 0 1771 100 2111 0 2144 100 2488 0 2518 100 2860 0 2890 100 3231 0 3263 100 3606 0 3640 100 4111 0
15 22 0 100 266 0 323 100 640 0 696 100 1010 0 1068 100 1387 0 1444 100 1762 0 1819 100 2134 0 2189 100 2508 0 2565 100 2883 0 2940 100 3258 0 3314 100 3633 0 3690 100 4111 0
16 22 0 100 284 0 336 100 657 0 710 100 1031 0 1084 100 1403 0 1456 100 1777 0 1830 100 2149 0 2204 100 2522 0 2575 100 2897 0 2952 100 3269 0 3324 100 3641 0 3695 100 4111 0
17 22 0 100 301 0 361 100 672 0 730 100 1046 0 1105 100 1416 0 1473 100 1786 0 1844 100 2160 0 2221 100 2532 0 2592 100 2904 0 2964 100 3275 0 3334 100 3646 0 3706 100 4111 0
18 22 0 100 321 0 382 100 689 0 751 100 1061 0 1123 100 1432 0 1494 100 1802 0 1863 100 2172 0 2235 100 2542 0 2605 100 2915 0 2979 100 3292 0 3353 100 3665 0 3726 100 4111 0
19 22 0 100 337 0 389 100 708 0 760 100 1078 0 1133 100 1451 0 1505 100 1823 0 1875 100 2194 0 2249 100 2567 0 2622 100 2942 0 2995 100 3317 0 3371 100 3691 0 3744 100 4111 0
20 22 0 100 355 0 388 100 731 0 761 100 1101 0 1135 100 1473 0 1506 100 1848 0 1881 100 2221 0 2255 100 2598 0 2631 100 2973 0 3007 100 3345 0 3379 100 3720 0 3751 100 4111 0

# TASKS
# Format: <task_id> <size> <num_reqs>
# Then for each requirement: <type_id> <qty>
0 0 4
 0 0
 1 0
 2 0
 3 0
1 10 4
 0 3
 1 3
 2 3
 3 2
2 19 4
 0 0
 1 0
 2 1
 3 2
3 18 4
 0 1
 1 1
 2 3
 3 0
4 20 4
 0 3
 1 0
 2 1
 3 3
5 13 4
 0 0
 1 1
 2 0
 3 1
6 20 4
 0 1
 1 0
 2 1
 3 2
7 18 4
 0 0
 1 3
 2 0
 3 2
8 14 4
 0 0
 1 0
 2 1
 3 2
9 4 4
 0 2
 1 2
 2 2
 3 3
10 11 4
 0 3
 1 1
 2 1
 3 3
11 2 4
 0 0
 1 1
 2 0
 3 0
12 18 4
 0 0
 1 3
 2 0
 3 1
13 2 4
 0 0
 1 3
 2 1
 3 0
14 7 4
 0 1
 1 1
 2 2
 3 0
15 13 4
 0 0
 1 0
 2 0
 3 1
16 7 4
 0 2
 1 1
 2 0
 3 3
17 8 4
 0 3
 1 0
 2 1
 3 0
18 19 4
 0 0
 1 1
 2 3
 3 1
19 13 4
 0 2
 1 3
 2 3
 3 0
20 16 4
 0 2
 1 2
 2 0
 3 1
21 10 4
 0 0
 1 2
 2 3
 3 1
22 18 4
 0 0
 1 2
 2 3
 3 2
23 4 4
 0 0
 1 3
 2 3
 3 0
24 5 4
 0 1
 1 0
 2 0
 3 1
25 3 4
 0 2
 1 1
 2 0
 3 0
26 19 4
 0 2
 1 2
 2 0
 3 0
27 1 4
 0 3
 1 2
 2 1
 3 0
28 6 4
 0 0
 1 0
 2 3
 3 2
29 17 4
 0 0
 1 1
 2 0
 3 2
30 7 4
 0 0
 1 0
 2 0
 3 2
31 17 4
 0 0
 1 2
 2 0
 3 3
32 20 4
 0 1
 1 2
 2 3
 3 2
33 4 4
 0 2
 1 3
 2 1
 3 3
34 4 4
 0 0
 1 1
 2 3
 3 1
35 3 4
 0 2
 1 2
 2 0
 3 0
36 5 4
 0 0
 1 0
 2 0
 3 2
37 8 4
 0 1
 1 2
 2 0
 3 3
38 16 4
 0 1
 1 1
 2 2
 3 0
39 10 4
 0 1
 1 2
 2 3
 3 2
40 7 4
 0 1
 1 2
 2 0
 3 0
41 20 4
 0 0
 1 0
 2 0
 3 2
42 14 4
 0 1
 1 1
 2 0
 3 0
43 19 4
 0 0
 1 0
 2 2
 3 0
44 13 4
 0 1
 1 1
 2 3
 3 3
45 1 4
 0 2
 1 3
 2 1
 3 3
46 9 4
 0 2
 1 2
 2 0
 3 0
47 14 4
 0 0
 1 0
 2 2
 3 0
48 1 4
 0 0
 1 1
 2 3
 3 0
49 12 4
 0 2
 1 0
 2 1
 3 0
50 10 4
 0 3
 1 0
 2 0
 3 2
51 11 4
 0 1
 1 2
 2 0
 3 2
52 3 4
 0 2
 1 0
 2 3
 3 0
53 17 4
 0 0
 1 2
 2 3
 3 1
54 6 4
 0 3
 1 2
 2 0
 3 0
55 16 4
 0 0
 1 2
 2 3
 3 1
56 18 4
 0 0
 1 0
 2 3
 3 3
57 2 4
 0 3
 1 2
 2 1
 3 0
58 18 4
 0 0
 1 0
 2 1
 3 0
59 8 4
 0 1
 1 2
 2 0
 3 2
60 20 4
 0 0
 1 1
 2 0
 3 3
61 20 4
 0 3
 1 0
 2 0
 3 2
62 4 4
 0 0
 1 3
 2 1
 3 0
63 10 4
 0 0
 1 0
 2 1
 3 1
64 15 4
 0 2
 1 3
 2 1
 3 0
65 8 4
 0 3
 1 3
 2 2
 3 0
66 20 4
 0 3
 1 3
 2 3
 3 3
67 2 4
 0 0
 1 1
 2 0
 3 2
68 11 4
 0 0
 1 0
 2 0
 3 1
69 7 4
 0 3
 1 3
 2 0
 3 3
70 10 4
 0 0
 1 3
 2 0
 3 1
71 5 4
 0 1
 1 1
 2 1
 3 0
72 16 4
 0 0
 1 0
 2 1
 3 0
73 14 4
 0 0
 1 2
 2 0
 3 0
74 13 4
 0 0
 1 2
 2 0
 3 0
75 6 4
 0 3
 1 3
 2 1
 3 0
76 20 4
 0 0
 1 0
 2 2
 3 0
77 9 4
 0 0
 1 0
 2 2
 3 2
78 10 4
 0 2
 1 1
 2 3
 3 0
79 6 4
 0 0
 1 3
 2 3
 3 3
80 19 4
 0 3
 1 2
 2 1
 3 2
81 16 4
 0 3
 1 0
 2 3
 3 0
82 16 4
 0 1
 1 2
 2 0
 3 0
83 4 4
 0 2
 1 1
 2 3
 3 1
84 3 4
 0 1
 1 3
 2 2
 3 1
85 4 4
 0 1
 1 0
 2 0
 3 0
86 12 4
 0 0
 1 0
 2 2
 3 2
87 1 4
 0 3
 1 0
 2 0
 3 0
88 1 4
 0 0
 1 3
 2 1
 3 0
89 18 4
 0 0
 1 3
 2 2
 3 0
90 1 4
 0 0
 1 2
 2 2
 3 0
91 9 4
 0 0
 1 0
 2 0
 3 1
92 7 4
 0 3
 1 3
 2 3
 3 2
93 20 4
 0 0
 1 0
 2 2
 3 0
94 13 4
 0 3
 1 0
 2 2
 3 3
95 5 4
 0 1
 1 2
 2 0
 3 0
96 16 4
 0 0
 1 2
 2 1
 3 1
97 19 4
 0 2
 1 2
 2 1
 3 3
98 18 4
 0 3
 1 3
 2 0
 3 2
99 14 4
 0 3
 1 3
 2 0
 3 1
100 10 4
 0 1
 1 3
 2 1
 3 3
101 16 4
 0 2
 1 0
 2 1
 3 0
102 16 4
 0 0
 1 3
 2 1
 3 1
103 18 4
 0 3
 1 2
 2 3
 3 2
104 18 4
 0 1
 1 2
 2 3
 3 0
105 15 4
 0 3
 1 1
 2 0
 3 0
106 5 4
 0 3
 1 0
 2 1
 3 2
107 8 4
 0 1
 1 0
 2 0
 3 0
108 4 4
 0 0
 1 0
 2 0
 3 1
109 9 4
 0 0
 1 0
 2 1
 3 3
110 13 4
 0 0
 1 1
 2 1
 3 1
111 12 4
 0 0
 1 0
 2 1
 3 2
112 10 4
 0 3
 1 0
 2 3
 3 3
113 2 4
 0 0
 1 3
 2 2
 3 2
114 5 4
 0 3
 1 0
 2 2
 3 1
115 20 4
 0 1
 1 0
 2 1
 3 1
116 7 4
 0 2
 1 1
 2 3
 3 1
117 17 4
 0 0
 1 0
 2 0
 3 2
118 2 4
 0 1
 1 0
 2 1
 3 3
119 10 4
 0 0
 1 0
 2 3
 3 0
120 9 4
 0 2
 1 0
 2 2
 3 1
121 15 4
 0 0
 1 2
 2 0
 3 1
122 15 4
 0 2
 1 3
 2 1
 3 3
123 11 4
 0 0
 1 0
 2 3
 3 0
124 1 4
 0 3
 1 3
 2 0
 3 0
125 9 4
 0 2
 1 1
 2 1
 3 0
126 15 4
 0 0
 1 2
 2 0
 3 1
127 16 4
 0 3
 1 0
 2 1
 3 2
128 6 4
 0 0
 1 0
 2 0
 3 1
129 5 4
 0 0
 1 1
 2 3
 3 1
130 12 4
 0 0
 1 2
 2 0
 3 2
131 20 4
 0 0
 1 3
 2 1
 3 0
132 14 4
 0 2
 1 1
 2 1
 3 0
133 1 4
 0 3
 1 0
 2 0
 3 0
134 16 4
 0 0
 1 3
 2 0
 3 3
135 18 4
 0 3
 1 0
 2 1
 3 2
136 12 4
 0 3
 1 1
 2 0
 3 3
137 8 4
 0 1
 1 3
 2 0
 3 2
138 1 4
 0 0
 1 0
 2 3
 3 3
139 15 4
 0 2
 1 0
 2 1
 3 0
140 2 4
 0 0
 1 0
 2 2
 3 2
141 9 4
 0 3
 1 0
 2 2
 3 2
142 15 4
 0 1
 1 0
 2 1
 3 2
143 2 4
 0 0
 1 0
 2 2
 3 0
144 8 4
 0 0
 1 3
 2 0
 3 0
145 7 4
 0 2
 1 0
 2 0
 3 3
146 12 4
 0 2
 1 2
 2 0
 3 0
147 9 4
 0 0
 1 1
 2 0
 3 1
148 18 4
 0 1
 1 3
 2 0
 3 2
149 1 4
 0 0
 1 0
 2 0
 3 1
150 11 4
 0 2
 1 0
 2 1
 3 0
151 14 4
 0 0
 1 1
 2 3
 3 1
152 2 4
 0 1
 1 2
 2 3
 3 0
153 6 4
 0 1
 1 3
 2 0
 3 2
154 3 4
 0 0
 1 0
 2 0
 3 2
155 2 4
 0 0
 1 0
 2 2
 3 3
156 2 4
 0 3
 1 0
 2 0
 3 2
157 11 4
 0 2
 1 0
 2 3
 3 3
158 17 4
 0 1
 1 3
 2 3
 3 2
159 16 4
 0 1
 1 1
 2 0
 3 1
160 11 4
 0 1
 1 0
 2 0
 3 0
161 17 4
 0 2
 1 0
 2 1
 3 0
162 7 4
 0 3
 1 0
 2 0
 3 0
163 5 4
 0 0
 1 0
 2 1
 3 3
164 15 4
 0 1
 1 0
 2 1
 3 0
165 18 4
 0 3
 1 3
 2 0
 3 0
166 5 4
 0 3
 1 2
 2 2
 3 0
167 18 4
 0 0
 1 0
 2 2
 3 0
168 3 4
 0 0
 1 0
 2 3
 3 0
169 15 4
 0 0
 1 3
 2 0
 3 2
170 13 4
 0 0
 1 2
 2 1
 3 2
171 10 4
 0 0
 1 0
 2 1
 3 0
172 13 4
 0 1
 1 2
 2 3
 3 0
173 14 4
 0 0
 1 3
 2 0
 3 0
174 17 4
 0 2
 1 1
 2 2
 3 0
175 3 4
 0 2
 1 0
 2 0
 3 1
176 3 4
 0 0
 1 0
 2 1
 3 0
177 14 4
 0 3
 1 0
 2 0
 3 1
178 5 4
 0 2
 1 2
 2 0
 3 3
179 19 4
 0 0
 1 3
 2 3
 3 0
180 1 4
 0 0
 1 0
 2 2
 3 0
181 12 4
 0 1
 1 3
 2 1
 3 1
182 16 4
 0 0
 1 3
 2 0
 3 0
183 15 4
 0 0
 1 1
 2 0
 3 2
184 18 4
 0 0
 1 1
 2 0
 3 0
185 10 4
 0 1
 1 0
 2 3
 3 0
186 4 4
 0 3
 1 0
 2 1
 3 0
187 9 4
 0 0
 1 0
 2 1
 3 0
188 20 4
 0 1
 1 3
 2 2
 3 3
189 15 4
 0 0
 1 2
 2 1
 3 0
190 15 4
 0 1
 1 1
 2 2
 3 2
191 13 4
 0 0
 1 0
 2 1
 3 0
192 3 4
 0 0
 1 1
 2 0
 3 0
193 17 4
 0 0
 1 0
 2 0
 3 2
194 4 4
 0 3
 1 3
 2 3
 3 0
195 14 4
 0 0
 1 1
 2 1
 3 3
196 9 4
 0 0
 1 3
 2 2
 3 2
197 7 4
 0 2
 1 1
 2 2
 3 0
198 6 4
 0 2
 1 3
 2 2
 3 3
199 3 4
 0 1
 1 1
 2 3
 3 3
200 16 4
 0 2
 1 0
 2 1
 3 2
201 16 4
 0 1
 1 1
 2 1
 3 0
202 14 4
 0 0
 1 0
 2 0
 3 1
203 1 4
 0 0
 1 3
 2 1
 3 3
204 16 4
 0 2
 1 3
 2 0
 3 0
205 1 4
 0 2
 1 0
 2 0
 3 1
206 10 4
 0 0
 1 0
 2 1
 3 2
207 16 4
 0 1
 1 2
 2 3
 3 0
208 12 4
 0 3
 1 0
 2 1
 3 0
209 3 4
 0 2
 1 0
 2 0
 3 3
210 16 4
 0 2
 1 2
 2 0
 3 3
211 6 4
 0 0
 1 0
 2 0
 3 2
212 16 4
 0 0
 1 3
 2 3
 3 1
213 13 4
 0 1
 1 3
 2 0
 3 0
214 6 4
 0 2
 1 0
 2 0
 3 1
215 9 4
 0 0
 1 0
 2 2
 3 1
216 14 4
 0 0
 1 1
 2 0
 3 0
217 10 4
 0 3
 1 3
 2 3
 3 0
218 13 4
 0 0
 1 2
 2 0
 3 3
219 13 4
 0 0
 1 0
 2 3
 3 1
220 7 4
 0 0
 1 2
 2 0
 3 2
221 20 4
 0 0
 1 0
 2 1
 3 3
222 6 4
 0 3
 1 0
 2 3
 3 2
223 18 4
 0 1
 1 0
 2 1
 3 1
224 9 4
 0 0
 1 3
 2 1
 3 1
225 20 4
 0 2
 1 0
 2 1
 3 0
226 17 4
 0 3
 1 0
 2 2
 3 3
227 6 4
 0 3
 1 0
 2 3
 3 0
228 15 4
 0 2
 1 0
 2 2
 3 3
229 9 4
 0 3
 1 0
 2 1
 3 3
230 2 4
 0 3
 1 2
 2 0
 3 1
231 2 4
 0 0
 1 3
 2 3
 3 2
232 6 4
 0 3
 1 1
 2 3
 3 3
233 16 4
 0 2
 1 1
 2 3
 3 2
234 1 4
 0 0
 1 0
 2 1
 3 3
235 3 4
 0 0
 1 3
 2 0
 3 0
236 18 4
 0 3
 1 3
 2 2
 3 1
237 13 4
 0 2
 1 0
 2 3
 3 0
238 3 4
 0 3
 1 0
 2 0
 3 0
239 17 4
 0 0
 1 1
 2 0
 3 0
240 7 4
 0 3
 1 0
 2 0
 3 0
241 20 4
 0 1
 1 2
 2 2
 3 3
242 14 4
 0 0
 1 2
 2 0
 3 0
243 19 4
 0 0
 1 1
 2 3
 3 2
244 5 4
 0 3
 1 2
 2 1
 3 0
245 2 4
 0 0
 1 1
 2 2
 3 0
246 5 4
 0 0
 1 0
 2 3
 3 1
247 1 4
 0 0
 1 3
 2 0
 3 2
248 5 4
 0 2
 1 1
 2 0
 3 0
249 1 4
 0 0
 1 3
 2 1
 3 2
250 12 4
 0 2
 1 1
 2 3
 3 1
251 13 4
 0 2
 1 3
 2 0
 3 1
252 3 4
 0 2
 1 0
 2 0
 3 1
253 18 4
 0 1
 1 1
 2 0
 3 0
254 1 4
 0 1
 1 2
 2 0
 3 0
255 18 4
 0 3
 1 3
 2 3
 3 3
256 11 4
 0 0
 1 1
 2 3
 3 0
257 10 4
 0 3
 1 0
 2 3
 3 2
258 12 4
 0 3
 1 0
 2 1
 3 1
259 5 4
 0 2
 1 0
 2 3
 3 2
260 19 4
 0 0
 1 2
 2 0
 3 0
261 13 4
 0 1
 1 2
 2 1
 3 2
262 1 4
 0 0
 1 0
 2 2
 3 3
263 16 4
 0 3
 1 2
 2 3
 3 3
264 19 4
 0 0
 1 0
 2 3
 3 0
265 2 4
 0 0
 1 1
 2 1
 3 3
266 8 4
 0 0
 1 2
 2 0
 3 1
267 2 4
 0 1
 1 2
 2 0
 3 3
268 9 4
 0 0
 1 3
 2 0
 3 2
269 13 4
 0 0
 1 0
 2 0
 3 1
270 13 4
 0 0
 1 0
 2 2
 3 2
271 14 4
 0 1
 1 0
 2 0
 3 0
272 5 4
 0 3
 1 0
 2 0
 3 3
273 1 4
 0 3
 1 1
 2 0
 3 2
274 6 4
 0 0
 1 0
 2 2
 3 2
275 14 4
 0 1
 1 0
 2 2
 3 2
276 7 4
 0 2
 1 2
 2 0
 3 1
277 19 4
 0 2
 1 0
 2 0
 3 2
278 2 4
 0 1
 1 0
 2 1
 3 0
279 7 4
 0 0
 1 3
 2 0
 3 2
280 12 4
 0 0
 1 3
 2 0
 3 3
281 1 4
 0 3
 1 1
 2 2
 3 0
282 14 4
 0 3
 1 0
 2 1
 3 0
283 5 4
 0 0
 1 3
 2 0
 3 0
284 11 4
 0 2
 1 0
 2 0
 3 3
285 11 4
 0 2
 1 2
 2 2
 3 0
286 15 4
 0 3
 1 2
 2 2
 3 0
287 20 4
 0 3
 1 3
 2 3
 3 3
288 11 4
 0 3
 1 0
 2 3
 3 1
289 2 4
 0 0
 1 3
 2 3
 3 2
290 11 4
 0 2
 1 2
 2 1
 3 2
291 7 4
 0 1
 1 3
 2 2
 3 0
292 13 4
 0 0
 1 1
 2 2
 3 1
293 1 4
 0 0
 1 0
 2 0
 3 2
294 3 4
 0 2
 1 1
 2 0
 3 3
295 2 4
 0 0
 1 0
 2 1
 3 0
296 18 4
 0 0
 1 2
 2 0
 3 0
297 2 4
 0 1
 1 1
 2 2
 3 0
298 3 4
 0 1
 1 3
 2 2
 3 0
299 3 4
 0 0
 1 3
 2 0
 3 2
300 9 4
 0 3
 1 2
 2 2
 3 0
301 19 4
 0 0
 1 2
 2 0
 3 3
302 13 4
 0 0
 1 2
 2 3
 3 0
303 7 4
 0 1
 1 0
 2 0
 3 0
304 4 4
 0 3
 1 1
 2 0
 3 0
305 13 4
 0 0
 1 3
 2 0
 3 0
306 3 4
 0 0
 1 0
 2 1
 3 3
307 11 4
 0 0
 1 0
 2 1
 3 3
308 9 4
 0 1
 1 1
 2 0
 3 2
309 17 4
 0 3
 1 3
 2 2
 3 1
310 18 4
 0 1
 1 0
 2 2
 3 0
311 17 4
 0 0
 1 0
 2 0
 3 1
312 1 4
 0 2
 1 1
 2 0
 3 0
313 11 4
 0 0
 1 1
 2 3
 3 1
314 19 4
 0 0
 1 0
 2 3
 3 3
315 2 4
 0 1
 1 0
 2 0
 3 3
316 17 4
 0 0
 1 0
 2 1
 3 0
317 1 4
 0 2
 1 2
 2 0
 3 0
318 12 4
 0 0
 1 1
 2 3
 3 0
319 12 4
 0 3
 1 2
 2 2
 3 0
320 16 4
 0 1
 1 3
 2 0
 3 0
321 17 4
 0 2
 1 2
 2 1
 3 0
322 6 4
 0 2
 1 2
 2 1
 3 1
323 9 4
 0 0
 1 3
 2 0
 3 1
324 3 4
 0 3
 1 2
 2 2
 3 2
325 12 4
 0 0
 1 0
 2 1
 3 1
326 9 4
 0 1
 1 1
 2 0
 3 0
327 8 4
 0 0
 1 3
 2 3
 3 0
328 11 4
 0 1
 1 2
 2 1
 3 2
329 18 4
 0 3
 1 1
 2 0
 3 0
330 5 4
 0 0
 1 0
 2 1
 3 0
331 12 4
 0 1
 1 3
 2 1
 3 3
332 18 4
 0 2
 1 0
 2 0
 3 0
333 9 4
 0 1
 1 1
 2 1
 3 0
334 4 4
 0 1
 1 0
 2 0
 3 0
335 14 4
 0 3
 1 1
 2 2
 3 1
336 19 4
 0 3
 1 0
 2 3
 3 0
337 13 4
 0 1
 1 1
 2 2
 3 0
338 16 4
 0 0
 1 3
 2 1
 3 2
339 8 4
 0 1
 1 2
 2 0
 3 2
340 6 4
 0 1
 1 0
 2 0
 3 0
341 4 4
 0 0
 1 0
 2 1
 3 0
342 13 4
 0 0
 1 3
 2 0
 3 3
343 6 4
 0 1
 1 2
 2 3
 3 1
344 11 4
 0 2
 1 0
 2 1
 3 0
345 12 4
 0 2
 1 1
 2 2
 3 0
346 6 4
 0 0
 1 0
 2 2
 3 0
347 1 4
 0 2
 1 1
 2 0
 3 1
348 11 4
 0 2
 1 3
 2 3
 3 2
349 17 4
 0 3
 1 0
 2 2
 3 3
350 15 4
 0 0
 1 3
 2 1
 3 0
351 19 4
 0 0
 1 0
 2 2
 3 0
352 6 4
 0 0
 1 2
 2 1
 3 0
353 14 4
 0 0
 1 0
 2 1
 3 3
354 17 4
 0 2
 1 1
 2 2
 3 1
355 20 4
 0 3
 1 2
 2 0
 3 3
356 17 4
 0 0
 1 0
 2 3
 3 0
357 13 4
 0 2
 1 0
 2 0
 3 0
358 18 4
 0 3
 1 3
 2 2
 3 1
359 6 4
 0 0
 1 0
 2 2
 3 3
360 2 4
 0 0
 1 3
 2 0
 3 0
361 5 4
 0 0
 1 2
 2 3
 3 2
362 7 4
 0 0
 1 1
 2 0
 3 0
363 9 4
 0 0
 1 1
 2 0
 3 3
364 17 4
 0 3
 1 1
 2 2
 3 0
365 4 4
 0 3
 1 3
 2 0
 3 1
366 14 4
 0 0
 1 0
 2 0
 3 1
367 2 4
 0 2
 1 2
 2 0
 3 1
368 3 4
 0 1
 1 3
 2 2
 3 0
369 8 4
 0 1
 1 2
 2 3
 3 2
370 20 4
 0 1
 1 3
 2 1
 3 0
371 5 4
 0 0
 1 0
 2 3
 3 0
372 19 4
 0 2
 1 0
 2 0
 3 3
373 17 4
 0 0
 1 2
 2 0
 3 2
374 10 4
 0 0
 1 1
 2 0
 3 0
375 4 4
 0 0
 1 2
 2 0
 3 0
376 14 4
 0 0
 1 3
 2 2
 3 0
377 7 4
 0 1
 1 1
 2 3
 3 1
378 18 4
 0 3
 1 0
 2 2
 3 0
379 16 4
 0 3
 1 0
 2 2
 3 2
380 16 4
 0 2
 1 0
 2 1
 3 2
381 2 4
 0 1
 1 0
 2 2
 3 1
382 3 4
 0 1
 1 3
 2 3
 3 2
383 6 4
 0 3
 1 2
 2 0
 3 3
384 8 4
 0 0
 1 1
 2 0
 3 2
385 10 4
 0 1
 1 1
 2 3
 3 1
386 8 4
 0 0
 1 0
 2 0
 3 1
387 18 4
 0 2
 1 3
 2 3
 3 2
388 17 4
 0 3
 1 1
 2 0
 3 3
389 17 4
 0 3
 1 0
 2 0
 3 1
390 16 4
 0 0
 1 3
 2 2
 3 3
391 2 4
 0 3
 1 2
 2 0
 3 2
392 17 4
 0 0
 1 3
 2 0
 3 2
393 10 4
 0 1
 1 0
 2 3
 3 0
394 13 4
 0 2
 1 2
 2 0
 3 0
395 11 4
 0 0
 1 3
 2 0
 3 1
396 7 4
 0 2
 1 0
 2 1
 3 3
397 18 4
 0 3
 1 0
 2 3
 3 3
398 15 4
 0 0
 1 2
 2 0
 3 0
399 12 4
 0 2
 1 0
 2 3
 3 1
400 5 4
 0 3
 1 0
 2 0
 3 3
401 5 4
 0 3
 1 0
 2 3
 3 0
402 10 4
 0 0
 1 0
 2 2
 3 0
403 11 4
 0 0
 1 2
 2 3
 3 2
404 13 4
 0 3
 1 1
 2 3
 3 3
405 9 4
 0 3
 1 0
 2 0
 3 2
406 3 4
 0 3
 1 0
 2 1
 3 0
407 11 4
 0 2
 1 0
 2 1
 3 2
408 9 4
 0 0
 1 0
 2 1
 3 1
409 12 4
 0 0
 1 3
 2 0
 3 0
410 9 4
 0 3
 1 2
 2 0
 3 0
411 12 4
 0 3
 1 0
 2 0
 3 2
412 19 4
 0 3
 1 0
 2 0
 3 0
413 1 4
 0 1
 1 0
 2 2
 3 0
414 6 4
 0 1
 1 0
 2 0
 3 2
415 17 4
 0 0
 1 2
 2 3
 3 3
416 10 4
 0 3
 1 2
 2 1
 3 2
417 3 4
 0 2
 1 0
 2 2
 3 0
418 12 4
 0 0
 1 0
 2 0
 3 3
419 11 4
 0 0
 1 0
 2 2
 3 2
420 7 4
 0 0
 1 0
 2 0
 3 3
421 19 4
 0 2
 1 0
 2 1
 3 0
422 12 4
 0 3
 1 2
 2 1
 3 3
423 16 4
 0 3
 1 3
 2 0
 3 0
424 20 4
 0 3
 1 1
 2 3
 3 2
425 19 4
 0 0
 1 3
 2 3
 3 1
426 6 4
 0 1
 1 2
 2 2
 3 2
427 4 4
 0 1
 1 1
 2 1
 3 0
428 18 4
 0 0
 1 0
 2 2
 3 0
429 18 4
 0 3
 1 3
 2 0
 3 1
430 4 4
 0 0
 1 0
 2 3
 3 0
431 18 4
 0 1
 1 3
 2 1
 3 0
432 8 4
 0 1
 1 0
 2 3
 3 3
433 2 4
 0 2
 1 2
 2 0
 3 0
434 18 4
 0 1
 1 0
 2 3
 3 0
435 15 4
 0 2
 1 3
 2 0
 3 0
436 9 4
 0 1
 1 1
 2 1
 3 1
437 9 4
 0 0
 1 3
 2 1
 3 1
438 9 4
 0 3
 1 2
 2 1
 3 3
439 14 4
 0 0
 1 2
 2 3
 3 3
440 19 4
 0 2
 1 0
 2 3
 3 2
441 13 4
 0 3
 1 0
 2 3
 3 1
442 9 4
 0 0
 1 3
 2 0
 3 1
443 1 4
 0 1
 1 0
 2 3
 3 1
444 20 4
 0 0
 1 1
 2 0
 3 0
445 6 4
 0 2
 1 3
 2 3
 3 1
446 19 4
 0 2
 1 2
 2 1
 3 0
447 14 4
 0 0
 1 0
 2 2
 3 2
448 18 4
 0 2
 1 2
 2 3
 3 3
449 0 4
 0 0
 1 0
 2 0
 3 0

# PRECEDENCES
3429
0 10
0 13
0 15
0 26
0 30
0 33
0 34
0 46
0 49
0 54
0 56
0 60
0 67
0 68
0 75
0 76
0 91
0 94
0 98
0 115
0 117
0 119
0 127
0 130
0 133
0 143
0 154
0 155
0 161
0 176
0 178
0 184
0 186
0 187
0 191
0 194
0 198
0 207
0 221
0 223
0 224
0 230
0 232
0 233
0 239
0 240
0 243
0 247
0 264
0 266
0 270
0 272
0 276
0 293
0 294
0 300
0 304
0 306
0 319
0 322
0 325
0 330
0 331
0 332
0 338
0 340
0 341
0 376
0 392
0 402
0 419
0 426
0 433
0 434
0 438
0 441
0 445
1 180
1 200
1 260
1 289
1 317
1 365
1 417
1 423
2 1
2 17
2 69
2 79
2 137
2 262
2 379
2 409
3 97
3 196
3 219
3 254
3 303
3 447
4 89
4 120
4 142
4 163
4 180
4 254
4 274
4 377
4 396
5 449
6 18
6 48
6 89
6 140
6 153
6 254
7 44
7 281
7 326
7 358
7 369
7 405
7 406
8 1
8 39
8 111
8 126
8 160
8 215
8 346
8 353
8 365
8 417
9 59
9 132
9 210
9 386
9 395
9 443
10 38
10 85
10 152
10 180
10 216
10 227
10 388
10 400
11 6
11 27
11 50
11 121
11 153
11 226
11 257
11 344
11 349
11 439
12 36
12 57
12 78
12 87
12 201
12 439
13 5
13 193
13 210
13 335
13 371
13 423
13 436
14 53
14 64
14 174
14 238
14 299
14 343
14 442
15 132
15 292
15 329
15 373
15 379
15 405
16 105
16 139
16 140
16 169
16 172
16 260
16 302
16 318
16 353
16 421
17 18
17 65
17 214
17 250
17 263
17 292
18 120
18 192
18 200
18 210
18 219
18 271
18 289
18 303
18 417
19 16
19 59
19 73
19 142
19 214
19 328
19 352
19 423
20 31
20 199
20 231
20 367
20 379
20 417
20 423
20 424
21 57
21 171
21 206
21 213
21 313
21 430
21 436
22 42
22 101
22 220
22 261
22 343
22 408
23 78
23 169
23 172
23 344
23 365
23 388
23 421
24 64
24 81
24 132
24 151
24 174
24 215
24 227
24 364
25 146
25 199
25 268
25 280
25 281
25 283
25 317
25 367
25 427
25 444
26 11
26 95
26 100
26 131
26 196
26 216
26 359
26 380
27 1
27 23
27 82
27 139
27 255
27 352
27 396
27 448
28 3
28 8
28 229
28 235
28 249
28 377
28 430
28 436
28 443
29 19
29 69
29 110
29 339
29 353
29 393
29 404
29 440
30 36
30 50
30 170
30 222
30 257
30 269
30 281
30 348
30 372
30 410
31 153
31 169
31 171
31 255
31 282
31 303
31 334
32 45
32 59
32 183
32 201
32 227
32 255
32 295
32 311
32 389
32 412
33 14
33 214
33 220
33 236
33 282
33 362
33 367
33 379
33 409
34 107
34 108
34 136
34 151
34 222
34 228
34 267
34 411
34 442
35 97
35 132
35 180
35 192
35 210
35 260
35 326
35 344
35 447
36 4
36 118
36 160
36 190
36 213
36 254
37 59
37 284
37 290
37 408
37 414
37 429
38 6
38 42
38 70
38 89
38 241
38 302
38 358
38 362
38 430
38 435
39 449
40 22
40 65
40 88
40 97
40 179
40 285
40 329
40 334
40 346
40 385
41 27
41 168
41 208
41 252
41 285
41 305
41 387
41 388
41 429
41 443
42 35
42 89
42 97
42 140
42 160
42 164
42 200
42 212
42 265
42 302
43 42
43 88
43 139
43 254
43 274
43 282
43 378
43 386
43 408
43 423
44 50
44 118
44 149
44 172
44 362
44 401
44 443
45 110
45 226
45 234
45 244
45 326
45 364
45 368
45 378
45 401
46 65
46 169
46 184
46 290
46 312
46 353
46 362
46 435
47 5
47 8
47 18
47 87
47 172
47 265
47 308
47 326
47 408
48 39
48 97
48 171
48 213
48 289
48 328
48 362
49 112
49 257
49 289
49 290
49 307
49 326
49 425
49 430
49 442
50 39
50 108
50 160
50 196
50 274
50 292
50 378
51 23
51 160
51 237
51 255
51 279
51 351
51 385
52 32
52 123
52 126
52 137
52 192
52 262
52 389
53 97
53 132
53 212
53 227
53 238
53 278
53 412
53 421
54 250
54 281
54 290
54 315
54 366
54 400
54 404
54 420
54 430
54 434
55 53
55 111
55 136
55 265
55 271
55 292
55 334
55 423
56 146
56 149
56 161
56 218
56 228
56 313
57 120
57 140
57 160
57 171
57 173
57 231
57 249
57 320
57 367
57 436
58 59
58 93
58 120
58 146
58 163
58 171
58 200
58 215
58 326
58 423
59 5
59 97
59 139
59 192
59 210
59 323
59 344
59 447
60 87
60 113
60 175
60 207
60 258
60 326
61 16
61 123
61 214
61 226
61 250
61 289
61 295
61 354
61 367
62 59
62 63
62 153
62 241
62 258
62 291
62 302
62 333
63 3
63 5
63 18
63 89
63 111
63 177
63 263
64 35
64 160
64 214
64 303
64 370
64 448
65 58
65 59
65 120
65 307
65 408
65 447
66 51
66 58
66 59
66 72
66 84
66 197
66 227
66 400
67 1
67 6
67 21
67 85
67 104
67 307
67 359
67 439
68 25
68 172
68 197
68 260
68 261
68 311
68 436
69 87
69 303
69 346
69 388
69 421
69 428
70 4
70 39
70 58
70 125
70 149
70 173
70 215
70 244
70 323
70 344
71 17
71 65
71 78
71 114
71 123
71 245
71 284
71 335
71 447
72 8
72 42
72 97
72 147
72 333
72 388
73 111
73 164
73 180
73 289
73 303
73 321
74 4
74 168
74 315
74 346
74 364
74 385
74 418
75 53
75 126
75 149
75 170
75 184
75 207
75 220
75 252
75 329
76 13
76 172
76 328
76 360
76 421
76 438
77 104
77 153
77 164
77 241
77 263
77 358
78 5
78 39
78 160
78 173
78 180
78 210
78 260
78 326
78 344
79 58
79 78
79 87
79 177
79 215
79 284
79 295
79 371
80 118
80 121
80 153
80 219
80 263
80 371
80 382
81 2
81 16
81 39
81 79
81 121
81 206
81 246
81 253
81 350
81 439
82 8
82 105
82 108
82 181
82 282
82 308
82 349
83 108
83 171
83 260
83 271
83 309
83 318
83 344
83 421
84 47
84 87
84 122
84 137
84 226
84 260
84 261
84 359
84 431
85 59
85 147
85 192
85 214
85 257
85 263
85 333
85 385
85 395
85 448
86 42
86 103
86 120
86 137
86 201
86 212
86 295
86 313
86 374
86 393
87 132
87 169
87 181
87 219
87 309
87 355
87 365
87 417
88 89
88 132
88 173
88 192
88 200
88 210
88 309
88 318
88 323
88 447
89 449
90 167
90 218
90 238
90 303
90 308
90 358
90 367
91 11
91 175
91 209
91 246
91 253
91 323
91 408
91 432
92 40
92 216
92 235
92 365
92 373
92 432
93 140
93 164
93 173
93 260
93 271
93 318
93 326
93 353
93 408
93 447
94 42
94 197
94 241
94 245
94 253
94 316
94 327
94 355
94 396
94 407
95 9
95 43
95 64
95 210
95 241
95 280
95 296
95 388
96 79
96 118
96 163
96 199
96 228
96 261
96 424
96 447
97 449
98 102
98 136
98 158
98 165
98 241
98 251
98 364
98 391
98 436
99 45
99 95
99 125
99 128
99 135
99 190
99 320
99 329
99 343
99 412
100 1
100 32
100 47
100 105
100 203
100 229
100 346
100 350
100 435
101 180
101 181
101 200
101 214
101 254
101 289
101 448
102 20
102 42
102 78
102 97
102 335
102 356
102 379
103 5
103 61
103 101
103 110
103 202
103 308
103 320
103 444
104 93
104 120
104 164
104 219
104 289
104 371
105 97
105 132
105 160
105 200
105 260
105 326
106 88
106 120
106 139
106 219
106 317
106 346
106 395
107 39
107 63
107 64
107 126
107 231
107 436
108 73
108 192
108 212
108 347
108 362
108 443
109 2
109 45
109 123
109 190
109 192
109 262
109 324
110 89
110 111
110 164
110 167
110 203
110 282
110 349
110 362
110 420
110 421
111 5
111 89
111 97
111 180
111 192
111 210
111 309
111 385
111 412
111 447
112 73
112 113
112 162
112 196
112 226
112 228
112 263
112 273
112 311
112 436
113 88
113 104
113 146
113 196
113 200
113 255
113 263
113 269
113 321
113 346
114 17
114 83
114 177
114 181
114 190
114 213
114 250
114 275
114 428
114 435
115 3
115 84
115 99
115 158
115 226
115 291
115 314
115 388
116 51
116 70
116 225
116 261
116 291
116 351
117 85
117 92
117 120
117 197
117 254
117 256
117 407
117 443
118 35
118 48
118 58
118 59
118 167
118 192
118 212
118 214
118 291
118 404
119 9
119 215
119 227
119 271
119 375
119 444
120 89
120 139
120 289
120 323
120 385
120 420
121 5
121 6
121 83
121 215
121 265
121 284
121 352
121 368
121 420
121 447
122 23
122 72
122 125
122 153
122 209
122 257
122 365
122 381
123 53
123 79
123 85
123 89
123 110
123 401
123 417
124 28
124 61
124 181
124 229
124 290
124 305
124 315
124 362
124 381
124 411
125 65
125 104
125 196
125 218
125 303
125 347
126 93
126 169
126 271
126 318
126 371
126 395
126 421
126 447
127 63
127 116
127 153
127 173
127 221
127 269
127 299
127 377
128 17
128 21
128 70
128 87
128 136
128 168
129 35
129 50
129 83
129 126
129 160
129 263
129 388
129 423
129 436
130 27
130 135
130 219
130 246
130 265
130 277
130 371
130 399
131 44
131 142
131 162
131 167
131 183
131 226
131 273
131 381
132 449
133 57
133 169
133 283
133 306
133 356
133 357
133 409
133 427
133 435
134 50
134 71
134 290
134 345
134 363
134 381
135 44
135 57
135 144
135 262
135 317
135 381
135 435
135 447
136 101
136 144
136 168
136 201
136 222
136 291
136 429
137 113
137 162
137 307
137 326
137 370
137 401
137 412
137 417
137 430
138 23
138 108
138 210
138 211
138 219
138 271
138 369
138 430
139 449
140 97
140 260
140 309
140 326
140 385
140 420
140 447
141 4
141 47
141 105
141 129
141 157
141 180
141 278
141 282
142 69
142 200
142 321
142 368
142 396
142 443
143 24
143 168
143 189
143 215
143 218
143 324
143 361
143 372
144 23
144 73
144 183
144 200
144 246
144 275
144 352
144 431
145 52
145 288
145 298
145 334
145 349
145 352
145 355
146 120
146 160
146 164
146 192
146 344
146 408
146 421
147 1
147 93
147 163
147 212
147 289
147 309
147 317
147 362
147 367
147 417
148 52
148 69
148 72
148 83
148 249
148 311
148 315
148 350
149 39
149 132
149 213
149 317
149 328
149 352
149 353
149 365
149 412
150 18
150 78
150 87
150 93
150 172
150 203
150 215
150 260
150 318
151 1
151 6
151 39
151 97
151 181
151 210
151 212
151 282
151 388
152 29
152 113
152 168
152 170
152 228
152 292
152 333
153 5
153 169
153 172
153 219
153 257
153 317
153 347
153 443
154 73
154 177
154 244
154 271
154 352
154 373
155 66
155 71
155 122
155 132
155 251
155 253
155 342
155 350
155 430
155 448
156 140
156 150
156 231
156 265
156 299
156 371
156 382
156 439
157 17
157 35
157 42
157 88
157 111
157 132
157 163
157 308
157 346
157 415
158 5
158 120
158 227
158 238
158 321
158 347
158 368
159 16
159 93
159 199
159 288
159 374
159 390
160 449
161 89
161 137
161 138
161 158
161 258
161 401
161 404
162 1
162 48
162 105
162 108
162 169
162 254
162 274
162 371
162 401
162 409
163 78
163 132
163 192
163 309
163 323
163 326
163 353
163 420
164 89
164 210
164 260
164 289
164 323
164 385
165 23
165 72
165 74
165 89
165 317
165 372
166 6
166 23
166 32
166 38
166 229
166 273
166 379
166 448
167 163
167 289
167 303
167 309
167 362
167 365
167 421
168 5
168 73
168 78
168 106
168 111
168 147
168 215
168 333
168 346
168 396
169 139
169 160
169 180
169 192
169 289
169 318
169 420
170 88
170 111
170 120
170 249
170 274
170 355
171 59
171 89
171 111
171 169
171 192
171 212
171 326
171 365
171 421
171 447
172 164
172 181
172 200
172 318
172 326
172 362
172 371
172 448
173 449
174 48
174 132
174 222
174 241
174 284
174 346
175 1
175 55
175 107
175 351
175 355
175 370
176 124
176 135
176 152
176 317
176 383
176 447
177 5
177 160
177 179
177 210
177 282
177 303
177 353
177 368
177 388
177 395
178 36
178 84
178 151
178 180
178 284
178 378
178 380
179 87
179 93
179 160
179 172
179 226
179 355
179 421
180 449
181 139
181 173
181 192
181 309
181 318
181 326
181 412
181 420
182 17
182 36
182 144
182 273
182 277
182 394
182 448
183 16
183 18
183 73
183 162
183 229
183 234
183 317
184 37
184 39
184 103
184 192
184 203
184 252
184 257
184 277
185 28
185 31
185 181
185 228
185 258
185 263
185 303
185 315
186 63
186 86
186 141
186 229
186 320
186 368
186 384
187 12
187 158
187 182
187 339
187 343
187 379
188 65
188 93
188 177
188 271
188 287
188 318
188 359
188 409
188 423
189 4
189 16
189 18
189 41
189 82
189 121
189 159
189 193
189 211
189 362
190 83
190 85
190 192
190 241
190 244
190 417
191 14
191 44
191 106
191 113
191 126
191 139
192 449
193 16
193 47
193 50
193 172
193 260
193 296
193 313
193 324
193 337
194 27
194 193
194 308
194 333
194 363
194 366
194 372
195 73
195 167
195 177
195 249
195 301
195 316
196 147
196 260
196 289
196 347
196 412
196 417
197 88
197 199
197 200
197 268
197 380
197 415
198 64
198 87
198 202
198 287
198 292
198 303
198 314
198 343
198 377
199 35
199 42
199 65
199 108
199 173
199 192
199 212
199 386
199 448
200 449
201 4
201 47
201 58
201 147
201 219
201 259
201 365
201 417
202 61
202 87
202 121
202 142
202 262
202 284
202 377
202 381
202 428
203 35
203 163
203 260
203 265
203 344
203 349
203 365
203 371
203 385
204 134
204 241
204 261
204 342
204 352
204 412
205 106
205 110
205 159
205 181
205 244
205 296
205 308
205 357
205 362
206 139
206 146
206 147
206 171
206 255
206 302
206 334
206 388
206 423
207 18
207 120
207 156
207 164
207 180
207 200
207 347
207 388
208 62
208 64
208 120
208 169
208 174
208 347
209 17
209 181
209 308
209 320
209 370
209 429
210 449
211 16
211 89
211 105
211 146
211 164
211 192
211 214
211 226
211 408
211 448
212 111
212 120
212 180
212 210
212 260
212 271
212 303
212 328
212 353
212 447
213 35
213 180
213 309
213 326
213 367
213 448
214 89
214 105
214 171
214 215
214 318
214 344
214 353
214 385
215 5
215 97
215 260
215 303
215 344
215 362
215 371
215 412
216 85
216 90
216 107
216 257
216 315
216 336
217 125
217 274
217 337
217 359
217 380
217 395
218 4
218 39
218 72
218 113
218 168
218 226
218 349
218 412
218 420
218 448
219 5
219 39
219 89
219 139
219 210
219 260
220 73
220 78
220 163
220 200
220 215
220 271
220 326
220 346
220 443
221 19
221 70
221 199
221 234
221 280
221 298
221 353
222 42
222 48
222 321
222 377
222 409
222 415
223 129
223 154
223 156
223 168
223 204
223 372
224 5
224 9
224 39
224 80
224 120
224 131
224 283
224 292
224 378
225 45
225 78
225 114
225 352
225 364
225 395
225 401
225 421
225 439
226 73
226 289
226 321
226 385
226 417
226 420
227 105
227 160
227 210
227 309
227 318
227 328
227 344
227 353
227 355
227 420
228 3
228 19
228 43
228 180
228 213
228 289
228 318
228 353
229 97
229 149
229 164
229 220
229 284
229 303
229 333
229 412
230 4
230 88
230 100
230 114
230 168
230 275
230 290
230 333
230 380
231 5
231 16
231 153
231 173
231 179
231 295
231 328
231 368
231 369
231 428
232 125
232 206
232 309
232 315
232 356
232 400
233 21
233 89
233 141
233 202
233 291
233 315
233 346
233 352
233 408
234 164
234 168
234 271
234 344
234 369
234 385
234 404
235 5
235 132
235 169
235 347
235 371
235 412
235 417
235 448
236 2
236 6
236 101
236 150
236 249
236 298
236 404
236 424
236 444
237 31
237 50
237 87
237 249
237 324
237 347
237 349
237 435
238 8
238 39
238 48
238 73
238 146
238 169
238 254
238 317
238 396
238 420
239 148
239 192
239 235
239 362
239 403
239 412
240 79
240 87
240 292
240 336
240 369
240 370
240 375
240 428
241 172
241 192
241 263
241 321
241 387
241 409
242 110
242 113
242 226
242 241
242 336
242 347
242 370
242 411
242 425
243 22
243 178
243 184
243 222
243 258
243 308
243 336
243 342
243 363
243 437
244 16
244 142
244 199
244 220
244 265
244 284
244 292
244 303
244 370
244 377
245 50
245 211
245 218
245 279
245 285
245 321
245 334
245 351
245 364
246 153
246 167
246 168
246 200
246 269
246 321
246 355
246 386
246 415
247 26
247 28
247 43
247 101
247 145
247 225
247 269
247 339
247 430
248 3
248 8
248 59
248 138
248 219
248 242
248 373
248 431
249 83
249 140
249 213
249 309
249 369
249 443
250 1
250 6
250 89
250 179
250 254
250 260
250 317
250 430
251 5
251 14
251 217
251 222
251 286
251 436
251 444
252 4
252 31
252 82
252 167
252 192
252 196
252 263
252 389
252 396
253 73
253 89
253 105
253 139
253 153
253 260
253 323
253 326
253 365
253 447
254 5
254 210
254 227
254 323
254 344
254 420
254 423
255 35
255 169
255 257
255 271
255 326
255 346
255 408
255 420
255 443
256 69
256 200
256 260
256 352
256 388
256 393
256 410
257 120
257 140
257 146
257 163
257 219
257 309
257 318
257 347
257 395
257 423
258 61
258 78
258 105
258 140
258 181
258 291
258 346
258 401
259 111
259 168
259 170
259 218
259 284
259 309
259 358
259 363
259 365
260 449
261 93
261 231
261 302
261 346
261 386
261 395
261 401
262 23
262 78
262 132
262 253
262 348
262 364
262 368
263 78
263 108
263 171
263 212
263 214
263 226
263 309
263 326
263 388
264 28
264 71
264 109
264 164
264 220
264 237
264 267
264 344
264 355
264 416
265 5
265 59
265 78
265 271
265 333
265 423
266 147
266 164
266 179
266 184
266 206
266 274
267 36
267 42
267 57
267 118
267 268
267 315
267 353
267 366
267 382
268 1
268 48
268 265
268 309
268 364
268 401
268 430
269 8
269 39
269 120
269 139
269 164
269 226
269 260
269 371
270 209
270 226
270 370
270 373
270 422
270 447
271 39
271 139
271 192
271 323
271 326
271 344
271 385
271 412
271 447
272 65
272 118
272 125
272 170
272 190
272 193
272 199
272 311
272 312
273 1
273 65
273 123
273 146
273 218
273 324
273 349
273 408
274 35
274 140
274 147
274 215
274 255
274 309
274 347
274 408
274 428
274 448
275 64
275 118
275 149
275 200
275 222
275 347
275 404
276 11
276 185
276 212
276 258
276 268
276 448
277 80
277 100
277 211
277 228
277 268
277 435
277 442
278 31
278 179
278 213
278 321
278 358
278 362
278 447
279 69
279 82
279 89
279 206
279 417
279 421
280 199
280 222
280 274
280 287
280 326
280 367
281 8
281 83
281 87
281 138
281 172
281 215
281 225
281 274
281 309
281 382
282 59
282 93
282 126
282 163
282 173
282 192
282 260
282 271
282 309
282 326
283 62
283 85
283 87
283 238
283 344
283 349
283 389
284 226
284 308
284 309
284 326
284 333
284 353
285 111
285 113
285 173
285 213
285 291
285 321
285 344
285 396
285 417
286 12
286 37
286 43
286 193
286 346
286 347
286 362
286 379
286 399
287 3
287 5
287 172
287 215
287 229
287 368
287 435
288 17
288 55
288 101
288 172
288 202
288 379
288 381
288 412
289 449
290 105
290 200
290 257
290 269
290 292
290 295
290 346
290 367
290 404
291 87
291 160
291 164
291 212
291 318
291 352
291 388
291 408
292 16
292 35
292 42
292 235
292 307
292 321
292 369
292 395
293 20
293 63
293 83
293 103
293 145
293 167
293 316
293 400
293 401
294 195
294 206
294 220
294 262
294 327
294 420
295 73
295 271
295 291
295 321
295 333
295 352
295 355
295 423
296 88
296 257
296 265
296 308
296 317
296 346
296 423
297 136
297 157
297 163
297 308
297 350
297 353
297 396
298 47
298 123
298 139
298 188
298 354
298 358
299 126
299 215
299 222
299 255
299 387
299 388
300 44
300 93
300 162
300 236
300 308
300 424
301 23
301 134
301 288
301 299
301 355
301 418
302 35
302 140
302 169
302 353
302 355
302 385
302 412
302 443
302 447
303 449
304 2
304 22
304 228
304 385
304 386
304 411
305 44
305 58
305 89
305 199
305 222
305 396
305 447
306 5
306 64
306 108
306 231
306 299
306 395
307 173
307 181
307 200
307 219
307 271
307 317
307 323
307 365
307 412
307 417
308 139
308 213
308 219
308 317
308 318
308 344
308 365
308 412
309 449
310 23
310 123
310 156
310 192
310 220
310 308
310 380
310 420
311 18
311 126
311 200
311 249
311 274
311 290
311 380
311 417
312 85
312 100
312 109
312 112
312 173
312 287
312 302
312 377
312 410
313 110
313 121
313 139
313 167
313 265
313 408
313 428
313 430
314 123
314 181
314 228
314 242
314 278
314 344
314 432
314 446
315 73
315 106
315 229
315 269
315 358
315 423
315 442
316 43
316 47
316 160
316 196
316 209
316 244
316 346
316 362
316 413
316 439
317 97
317 120
317 260
317 271
317 309
317 326
317 333
317 408
318 449
319 59
319 81
319 85
319 102
319 170
319 188
319 216
319 265
319 280
319 349
320 72
320 97
320 163
320 282
320 292
320 348
320 362
320 377
320 412
320 420
321 5
321 173
321 260
321 309
321 326
321 385
321 412
322 16
322 132
322 188
322 275
322 285
322 321
322 327
322 367
322 421
323 449
324 97
324 137
324 146
324 150
324 162
324 196
324 220
324 348
324 377
325 17
325 163
325 271
325 323
325 407
325 408
326 449
327 95
327 126
327 263
327 346
327 365
327 414
328 97
328 200
328 260
328 289
328 309
328 326
329 37
329 185
329 257
329 278
329 284
329 395
329 415
330 25
330 72
330 131
330 167
330 171
330 175
330 195
330 209
330 310
330 429
331 56
331 93
331 148
331 231
331 265
331 315
331 358
331 427
332 116
332 139
332 271
332 282
332 283
332 366
332 397
333 97
333 139
333 160
333 180
333 210
333 318
333 420
333 447
334 59
334 120
334 169
334 215
334 260
334 318
334 321
334 323
334 333
334 408
335 17
335 65
335 105
335 173
335 344
335 396
335 421
336 3
336 105
336 226
336 313
336 354
336 380
336 421
337 132
337 234
337 253
337 254
337 255
337 263
337 313
337 380
337 421
338 27
338 30
338 45
338 62
338 260
338 308
338 373
338 388
339 2
339 42
339 153
339 196
339 215
339 289
339 377
340 37
340 82
340 123
340 256
340 316
340 398
340 414
340 440
340 443
341 27
341 48
341 82
341 255
341 271
341 291
341 306
341 328
341 351
342 3
342 150
342 252
342 372
342 379
342 381
342 436
343 87
343 88
343 147
343 158
343 259
343 303
343 352
343 380
343 428
344 449
345 79
345 147
345 201
345 255
345 326
345 414
346 89
346 97
346 169
346 181
346 219
346 260
346 318
346 420
347 169
347 181
347 200
347 321
347 326
347 344
347 355
347 385
347 420
347 447
348 39
348 126
348 149
348 172
348 214
348 226
348 274
348 282
349 35
349 78
349 105
349 160
349 212
349 227
349 326
349 346
349 353
350 18
350 31
350 179
350 271
350 274
350 355
350 386
350 421
351 147
351 285
351 346
351 358
351 395
351 428
351 429
352 59
352 73
352 146
352 164
352 173
352 385
352 447
353 89
353 97
353 160
353 289
353 303
353 318
353 323
353 412
353 447
354 227
354 234
354 244
354 254
354 317
354 435
355 89
355 132
355 180
355 210
355 289
355 303
355 323
355 412
356 64
356 162
356 164
356 255
356 278
356 355
356 382
357 32
357 78
357 158
357 196
357 235
357 265
357 430
358 42
358 88
358 173
358 213
358 323
358 367
358 395
359 192
359 226
359 290
359 292
359 320
359 348
359 408
360 71
360 120
360 126
360 349
360 370
360 381
360 386
360 414
361 52
361 77
361 93
361 97
361 128
361 278
361 327
361 349
361 379
362 132
362 140
362 200
362 271
362 333
362 412
362 443
363 89
363 160
363 168
363 269
363 371
363 385
363 387
363 420
364 16
364 42
364 65
364 83
364 309
364 371
364 395
365 160
365 181
365 303
365 318
365 326
365 395
366 38
366 123
366 132
366 139
366 149
366 150
366 427
366 444
367 88
367 140
367 192
367 219
367 385
367 412
368 73
368 78
368 227
368 333
368 371
368 412
369 35
369 140
369 180
369 192
369 260
369 303
369 318
369 321
369 344
369 385
370 88
370 160
370 271
370 302
370 326
370 355
370 417
370 421
371 5
371 39
371 59
371 180
371 181
371 192
371 271
371 321
371 328
372 36
372 57
372 69
372 183
372 206
372 252
372 254
372 273
373 88
373 100
373 160
373 173
373 181
373 193
373 225
373 364
374 37
374 58
374 61
374 162
374 227
374 295
374 343
374 371
374 410
375 4
375 87
375 167
375 179
375 349
375 364
375 408
376 73
376 219
376 228
376 242
376 338
376 423
376 430
377 97
377 111
377 160
377 163
377 167
377 203
377 326
377 328
377 347
377 421
378 8
378 39
378 106
378 132
378 307
378 443
379 8
379 149
379 220
379 295
379 371
379 421
380 149
380 168
380 200
380 295
380 318
380 321
380 378
381 168
381 171
381 213
381 284
381 371
381 396
381 428
382 113
382 153
382 173
382 211
382 241
382 250
382 278
382 346
382 409
383 25
383 52
383 57
383 96
383 182
383 360
383 371
384 7
384 51
384 93
384 248
384 333
384 387
384 442
385 449
386 111
386 147
386 160
386 203
386 214
386 303
386 347
386 412
387 16
387 31
387 35
387 42
387 104
387 173
387 365
388 5
388 89
388 139
388 164
388 173
388 181
388 328
388 346
388 447
389 78
389 160
389 167
389 213
389 229
389 307
389 429
390 153
390 173
390 279
390 283
390 408
390 410
390 447
391 45
391 107
391 131
391 166
391 171
391 205
391 219
391 400
391 428
392 30
392 39
392 83
392 144
392 346
392 395
393 64
393 121
393 148
393 201
393 225
393 292
394 9
394 21
394 31
394 139
394 213
394 349
394 354
394 374
394 377
395 97
395 139
395 210
395 303
395 344
395 385
396 42
396 87
396 89
396 200
396 226
396 227
396 323
396 326
396 417
397 1
397 110
397 173
397 282
397 308
397 417
397 424
397 425
397 437
398 193
398 235
398 280
398 312
398 333
398 335
398 427
399 27
399 87
399 132
399 199
399 203
399 254
399 339
399 364
399 436
400 2
400 31
400 38
400 109
400 347
400 354
400 355
400 399
400 407
401 35
401 87
401 108
401 147
401 160
401 172
401 203
401 255
401 417
402 42
402 61
402 141
402 158
402 249
402 278
402 432
403 8
403 53
403 190
403 209
403 241
403 275
403 387
404 42
404 132
404 333
404 347
404 349
404 352
404 408
404 447
405 105
405 126
405 135
405 141
405 157
405 179
405 250
405 268
405 274
405 287
406 1
406 85
406 183
406 252
406 254
406 344
407 35
407 87
407 105
407 110
407 227
407 246
407 259
407 364
407 381
407 429
408 5
408 132
408 139
408 160
408 173
408 192
408 289
408 326
408 385
408 420
409 1
409 87
409 88
409 105
409 167
409 179
409 220
409 255
409 349
410 65
410 121
410 151
410 163
410 170
410 278
410 421
411 1
411 50
411 162
411 172
411 291
411 363
411 396
412 449
413 19
413 48
413 89
413 93
413 260
413 320
413 349
413 396
414 5
414 6
414 97
414 169
414 228
414 231
414 333
414 443
414 448
415 18
415 39
415 82
415 88
415 139
415 167
415 172
415 317
415 347
415 404
416 25
416 39
416 66
416 106
416 235
416 442
417 78
417 140
417 192
417 210
417 323
417 344
417 395
417 412
417 421
418 35
418 45
418 59
418 148
418 285
418 353
418 397
418 420
419 3
419 97
419 123
419 140
419 177
419 289
419 345
419 351
419 406
419 430
420 449
421 39
421 89
421 180
421 260
421 323
421 447
422 3
422 158
422 169
422 175
422 216
422 284
422 335
423 160
423 173
423 260
423 289
423 326
423 412
424 19
424 164
424 168
424 220
424 375
424 377
424 404
425 8
425 19
425 50
425 105
425 121
425 333
425 367
426 16
426 174
426 217
426 246
426 262
426 297
426 409
427 82
427 90
427 132
427 192
427 196
427 199
427 346
427 359
427 407
427 439
428 111
428 212
428 321
428 347
428 362
428 423
429 4
429 23
429 47
429 106
429 120
429 181
429 355
429 369
429 430
430 39
430 108
430 111
430 167
430 171
430 214
430 220
430 428
431 3
431 39
431 101
431 149
431 181
431 206
431 279
431 378
432 53
432 78
432 111
432 229
432 317
432 320
432 346
432 364
433 6
433 28
433 104
433 125
433 136
433 200
433 211
433 430
434 17
434 100
434 148
434 151
434 208
434 318
434 348
434 435
435 1
435 8
435 179
435 181
435 219
435 447
436 35
436 39
436 47
436 73
436 167
436 200
436 289
436 350
437 28
437 38
437 42
437 144
437 292
437 296
437 358
438 97
438 129
438 139
438 177
438 226
438 292
438 399
439 87
439 121
439 149
439 170
439 262
439 291
439 380
440 38
440 77
440 126
440 170
440 177
440 179
440 355
440 399
441 7
441 61
441 128
441 131
441 203
441 204
442 83
442 104
442 163
442 173
442 303
442 334
442 347
442 417
443 89
443 97
443 132
443 173
443 200
443 385
443 412
443 420
443 447
444 50
444 200
444 234
444 262
444 289
444 291
445 8
445 139
445 284
445 324
445 371
445 401
445 407
445 414
445 429
445 442
446 64
446 69
446 100
446 120
446 197
446 257
446 268
446 370
447 449
448 160
448 173
448 180
448 289
448 318
448 323
