# Tier 7 (Very Large) - Instance 88
# Generated with config: N=320, K=3, topology=random_dag, calendar=staggered

# HEADER: <num_tasks> <num_types> <num_units>
322 3 23

# RESOURCE TYPES
# Format: <type_id> <num_units> <unit_id1> <unit_id2> ...
0 7 0 1 2 3 4 5 6
1 8 7 8 9 10 11 12 13 14
2 8 15 16 17 18 19 20 21 22

# RESOURCE UNITS (Calendars)
# Format: <unit_id> <num_steps> <t1> <v1> <t2> <v2> ...
0 22 0 100 1 0 42 100 278 0 317 100 557 0 596 100 834 0 873 100 1110 0 1148 100 1385 0 1425 100 1660 0 1698 100 1933 0 1971 100 2207 0 2246 100 2485 0 2523 100 3058 0
1 22 0 100 13 0 56 100 291 0 332 100 567 0 609 100 844 0 888 100 1121 0 1163 100 1395 0 1439 100 1675 0 1717 100 1950 0 1993 100 2228 0 2270 100 2507 0 2549 100 3058 0
2 22 0 100 24 0 47 100 302 0 326 100 581 0 607 100 859 0 882 100 1134 0 1158 100 1410 0 1435 100 1688 0 1713 100 1965 0 1988 100 2241 0 2264 100 2516 0 2541 100 3058 0
3 22 0 100 36 0 60 100 316 0 337 100 594 0 616 100 870 0 893 100 1146 0 1170 100 1427 0 1449 100 1701 0 1723 100 1975 0 1998 100 2250 0 2270 100 2526 0 2548 100 3058 0
4 22 0 100 49 0 83 100 330 0 360 100 607 0 639 100 885 0 915 100 1160 0 1191 100 1437 0 1470 100 1714 0 1747 100 1990 0 2024 100 2270 0 2301 100 2546 0 2579 100 3058 0
5 22 0 100 59 0 108 100 338 0 385 100 612 0 659 100 891 0 937 100 1167 0 1217 100 1448 0 1494 100 1722 0 1771 100 1999 0 2048 100 2279 0 2327 100 2555 0 2601 100 3058 0
6 22 0 100 73 0 120 100 346 0 394 100 624 0 674 100 904 0 951 100 1180 0 1228 100 1456 0 1506 100 1735 0 1785 100 2015 0 2062 100 2291 0 2339 100 2567 0 2617 100 3058 0
7 22 0 100 83 0 122 100 362 0 400 100 642 0 679 100 920 0 957 100 1199 0 1235 100 1474 0 1511 100 1752 0 1788 100 2026 0 2063 100 2305 0 2341 100 2579 0 2615 100 3058 0
8 22 0 100 95 0 139 100 370 0 411 100 643 0 687 100 920 0 965 100 1198 0 1242 100 1476 0 1520 100 1753 0 1796 100 2033 0 2076 100 2311 0 2356 100 2591 0 2632 100 3058 0
9 22 0 100 110 0 139 100 386 0 417 100 666 0 698 100 943 0 973 100 1222 0 1250 100 1498 0 1527 100 1771 0 1801 100 2046 0 2075 100 2319 0 2349 100 2594 0 2625 100 3058 0
10 22 0 100 121 0 150 100 396 0 426 100 676 0 706 100 952 0 982 100 1227 0 1258 100 1505 0 1536 100 1784 0 1813 100 2062 0 2093 100 2343 0 2374 100 2621 0 2649 100 3058 0
11 22 0 100 134 0 173 100 409 0 450 100 687 0 725 100 965 0 1002 100 1242 0 1281 100 1518 0 1557 100 1798 0 1837 100 2078 0 2118 100 2353 0 2393 100 2628 0 2666 100 3058 0
12 22 0 100 147 0 181 100 421 0 456 100 695 0 732 100 972 0 1008 100 1250 0 1285 100 1525 0 1562 100 1805 0 1840 100 2082 0 2118 100 2358 0 2395 100 2639 0 2676 100 3058 0
13 22 0 100 156 0 201 100 432 0 475 100 706 0 749 100 983 0 1025 100 1259 0 1304 100 1537 0 1579 100 1814 0 1858 100 2094 0 2138 100 2370 0 2412 100 2648 0 2693 100 3058 0
14 22 0 100 168 0 213 100 442 0 489 100 717 0 765 100 996 0 1042 100 1271 0 1316 100 1543 0 1590 100 1822 0 1869 100 2098 0 2147 100 2379 0 2426 100 2657 0 2704 100 3058 0
15 22 0 100 181 0 225 100 459 0 504 100 736 0 779 100 1012 0 1055 100 1287 0 1330 100 1560 0 1605 100 1840 0 1883 100 2113 0 2155 100 2388 0 2434 100 2667 0 2711 100 3058 0
16 22 0 100 191 0 213 100 466 0 491 100 747 0 772 100 1027 0 1052 100 1303 0 1327 100 1580 0 1605 100 1857 0 1882 100 2134 0 2158 100 2410 0 2432 100 2689 0 2712 100 3058 0
17 22 0 100 203 0 229 100 479 0 507 100 758 0 786 100 1038 0 1064 100 1314 0 1341 100 1589 0 1616 100 1865 0 1892 100 2139 0 2168 100 2419 0 2449 100 2698 0 2726 100 3058 0
18 22 0 100 217 0 239 100 491 0 512 100 765 0 788 100 1040 0 1065 100 1319 0 1343 100 1596 0 1619 100 1872 0 1896 100 2150 0 2172 100 2426 0 2449 100 2701 0 2724 100 3058 0
19 22 0 100 227 0 268 100 503 0 542 100 779 0 819 100 1056 0 1096 100 1333 0 1373 100 1611 0 1653 100 1891 0 1932 100 2172 0 2214 100 2451 0 2490 100 2727 0 2766 100 3058 0
20 22 0 100 241 0 271 100 515 0 544 100 787 0 819 100 1066 0 1098 100 1345 0 1376 100 1621 0 1651 100 1898 0 1929 100 2176 0 2205 100 2452 0 2484 100 2728 0 2761 100 3058 0
21 22 0 100 255 0 280 100 533 0 558 100 808 0 834 100 1088 0 1114 100 1367 0 1395 100 1645 0 1671 100 1924 0 1949 100 2203 0 2228 100 2478 0 2504 100 2754 0 2780 100 3058 0
22 22 0 100 265 0 307 100 544 0 588 100 825 0 867 100 1103 0 1145 100 1381 0 1426 100 1659 0 1700 100 1937 0 1980 100 2213 0 2255 100 2488 0 2532 100 2765 0 2808 100 3058 0

# TASKS
# Format: <task_id> <size> <num_reqs>
# Then for each requirement: <type_id> <qty>
0 0 3
 0 0
 1 0
 2 0
1 7 3
 0 2
 1 2
 2 0
2 14 3
 0 0
 1 2
 2 1
3 8 3
 0 1
 1 0
 2 0
4 13 3
 0 3
 1 3
 2 0
5 5 3
 0 2
 1 2
 2 0
6 2 3
 0 2
 1 2
 2 2
7 13 3
 0 3
 1 2
 2 1
8 18 3
 0 1
 1 0
 2 0
9 1 3
 0 0
 1 0
 2 2
10 16 3
 0 0
 1 1
 2 1
11 17 3
 0 3
 1 0
 2 0
12 1 3
 0 1
 1 0
 2 0
13 5 3
 0 2
 1 1
 2 1
14 2 3
 0 2
 1 0
 2 0
15 5 3
 0 1
 1 0
 2 0
16 2 3
 0 3
 1 0
 2 2
17 17 3
 0 3
 1 1
 2 0
18 20 3
 0 1
 1 0
 2 0
19 1 3
 0 0
 1 3
 2 0
20 9 3
 0 3
 1 2
 2 3
21 7 3
 0 0
 1 3
 2 3
22 12 3
 0 1
 1 1
 2 3
23 14 3
 0 2
 1 0
 2 0
24 13 3
 0 3
 1 0
 2 0
25 20 3
 0 3
 1 2
 2 1
26 10 3
 0 0
 1 1
 2 1
27 13 3
 0 0
 1 2
 2 3
28 17 3
 0 0
 1 1
 2 2
29 8 3
 0 1
 1 2
 2 0
30 16 3
 0 0
 1 3
 2 0
31 20 3
 0 0
 1 1
 2 3
32 10 3
 0 0
 1 1
 2 1
33 12 3
 0 0
 1 3
 2 0
34 3 3
 0 1
 1 0
 2 2
35 2 3
 0 0
 1 0
 2 2
36 16 3
 0 2
 1 2
 2 1
37 13 3
 0 2
 1 3
 2 3
38 13 3
 0 1
 1 2
 2 0
39 15 3
 0 2
 1 0
 2 1
40 20 3
 0 3
 1 2
 2 3
41 19 3
 0 3
 1 3
 2 2
42 7 3
 0 2
 1 0
 2 1
43 6 3
 0 0
 1 0
 2 1
44 8 3
 0 2
 1 0
 2 2
45 15 3
 0 0
 1 3
 2 2
46 18 3
 0 1
 1 3
 2 0
47 10 3
 0 0
 1 0
 2 1
48 2 3
 0 0
 1 2
 2 3
49 3 3
 0 1
 1 0
 2 0
50 12 3
 0 3
 1 0
 2 0
51 5 3
 0 0
 1 3
 2 2
52 20 3
 0 2
 1 1
 2 1
53 13 3
 0 3
 1 2
 2 1
54 15 3
 0 2
 1 0
 2 2
55 11 3
 0 0
 1 3
 2 0
56 6 3
 0 1
 1 1
 2 0
57 7 3
 0 0
 1 3
 2 0
58 5 3
 0 1
 1 1
 2 0
59 19 3
 0 1
 1 3
 2 1
60 7 3
 0 2
 1 0
 2 2
61 17 3
 0 1
 1 0
 2 2
62 16 3
 0 3
 1 3
 2 1
63 11 3
 0 1
 1 1
 2 0
64 16 3
 0 2
 1 3
 2 3
65 11 3
 0 3
 1 2
 2 2
66 3 3
 0 1
 1 0
 2 0
67 7 3
 0 0
 1 1
 2 2
68 4 3
 0 0
 1 3
 2 1
69 17 3
 0 2
 1 0
 2 3
70 14 3
 0 0
 1 0
 2 3
71 5 3
 0 3
 1 2
 2 3
72 20 3
 0 1
 1 0
 2 0
73 1 3
 0 0
 1 3
 2 0
74 5 3
 0 0
 1 3
 2 0
75 8 3
 0 3
 1 1
 2 1
76 7 3
 0 3
 1 1
 2 3
77 11 3
 0 0
 1 0
 2 3
78 4 3
 0 2
 1 0
 2 1
79 20 3
 0 2
 1 1
 2 0
80 19 3
 0 1
 1 0
 2 3
81 19 3
 0 2
 1 0
 2 2
82 8 3
 0 0
 1 1
 2 0
83 1 3
 0 1
 1 2
 2 0
84 12 3
 0 1
 1 1
 2 0
85 4 3
 0 0
 1 3
 2 2
86 17 3
 0 0
 1 1
 2 0
87 9 3
 0 0
 1 1
 2 2
88 13 3
 0 3
 1 2
 2 3
89 18 3
 0 0
 1 1
 2 3
90 16 3
 0 3
 1 2
 2 1
91 2 3
 0 1
 1 0
 2 0
92 6 3
 0 2
 1 3
 2 2
93 15 3
 0 1
 1 3
 2 3
94 12 3
 0 0
 1 0
 2 1
95 20 3
 0 1
 1 1
 2 3
96 1 3
 0 0
 1 0
 2 2
97 1 3
 0 1
 1 3
 2 3
98 13 3
 0 3
 1 1
 2 0
99 14 3
 0 0
 1 1
 2 1
100 2 3
 0 0
 1 3
 2 0
101 17 3
 0 0
 1 0
 2 1
102 8 3
 0 0
 1 0
 2 1
103 11 3
 0 0
 1 3
 2 0
104 1 3
 0 0
 1 2
 2 2
105 8 3
 0 0
 1 1
 2 0
106 4 3
 0 3
 1 0
 2 0
107 2 3
 0 1
 1 0
 2 3
108 14 3
 0 0
 1 3
 2 3
109 11 3
 0 2
 1 0
 2 3
110 9 3
 0 0
 1 2
 2 0
111 4 3
 0 1
 1 2
 2 0
112 3 3
 0 2
 1 2
 2 1
113 3 3
 0 3
 1 2
 2 2
114 19 3
 0 1
 1 0
 2 0
115 11 3
 0 3
 1 2
 2 1
116 6 3
 0 1
 1 3
 2 0
117 15 3
 0 2
 1 1
 2 2
118 16 3
 0 1
 1 1
 2 0
119 20 3
 0 3
 1 1
 2 3
120 9 3
 0 0
 1 0
 2 2
121 6 3
 0 1
 1 0
 2 0
122 14 3
 0 0
 1 0
 2 3
123 17 3
 0 1
 1 1
 2 0
124 6 3
 0 3
 1 0
 2 1
125 8 3
 0 2
 1 0
 2 1
126 8 3
 0 0
 1 3
 2 2
127 3 3
 0 0
 1 3
 2 0
128 6 3
 0 1
 1 0
 2 0
129 7 3
 0 2
 1 0
 2 2
130 3 3
 0 2
 1 3
 2 2
131 9 3
 0 2
 1 3
 2 1
132 12 3
 0 1
 1 0
 2 2
133 11 3
 0 2
 1 1
 2 0
134 1 3
 0 2
 1 0
 2 3
135 6 3
 0 0
 1 0
 2 2
136 19 3
 0 3
 1 3
 2 0
137 2 3
 0 0
 1 0
 2 1
138 17 3
 0 2
 1 0
 2 0
139 2 3
 0 3
 1 1
 2 0
140 8 3
 0 1
 1 1
 2 0
141 18 3
 0 0
 1 0
 2 1
142 19 3
 0 3
 1 0
 2 0
143 9 3
 0 0
 1 1
 2 0
144 16 3
 0 1
 1 2
 2 0
145 7 3
 0 0
 1 0
 2 3
146 12 3
 0 0
 1 2
 2 3
147 13 3
 0 3
 1 0
 2 2
148 6 3
 0 3
 1 0
 2 0
149 20 3
 0 0
 1 2
 2 0
150 7 3
 0 0
 1 1
 2 3
151 7 3
 0 0
 1 0
 2 1
152 9 3
 0 0
 1 3
 2 0
153 3 3
 0 3
 1 0
 2 0
154 14 3
 0 3
 1 0
 2 2
155 11 3
 0 0
 1 0
 2 1
156 9 3
 0 2
 1 0
 2 3
157 14 3
 0 2
 1 0
 2 2
158 9 3
 0 1
 1 0
 2 2
159 18 3
 0 2
 1 2
 2 0
160 15 3
 0 0
 1 3
 2 0
161 16 3
 0 2
 1 2
 2 1
162 6 3
 0 1
 1 0
 2 0
163 14 3
 0 0
 1 1
 2 1
164 16 3
 0 2
 1 0
 2 2
165 17 3
 0 3
 1 0
 2 0
166 12 3
 0 3
 1 0
 2 0
167 13 3
 0 2
 1 2
 2 0
168 3 3
 0 1
 1 0
 2 2
169 8 3
 0 1
 1 0
 2 0
170 8 3
 0 3
 1 0
 2 1
171 7 3
 0 1
 1 3
 2 1
172 6 3
 0 1
 1 1
 2 2
173 13 3
 0 0
 1 1
 2 0
174 18 3
 0 1
 1 1
 2 3
175 5 3
 0 0
 1 0
 2 2
176 8 3
 0 2
 1 1
 2 3
177 17 3
 0 0
 1 1
 2 1
178 16 3
 0 0
 1 2
 2 1
179 9 3
 0 0
 1 1
 2 0
180 13 3
 0 2
 1 0
 2 0
181 12 3
 0 2
 1 0
 2 0
182 4 3
 0 0
 1 1
 2 0
183 15 3
 0 1
 1 3
 2 2
184 5 3
 0 3
 1 3
 2 3
185 19 3
 0 0
 1 1
 2 3
186 11 3
 0 2
 1 0
 2 0
187 9 3
 0 2
 1 2
 2 2
188 1 3
 0 0
 1 1
 2 2
189 2 3
 0 0
 1 0
 2 3
190 7 3
 0 2
 1 3
 2 2
191 17 3
 0 0
 1 2
 2 0
192 18 3
 0 2
 1 1
 2 2
193 1 3
 0 0
 1 0
 2 3
194 18 3
 0 2
 1 0
 2 1
195 9 3
 0 3
 1 1
 2 2
196 19 3
 0 0
 1 2
 2 0
197 11 3
 0 3
 1 1
 2 0
198 11 3
 0 0
 1 2
 2 2
199 2 3
 0 1
 1 1
 2 0
200 6 3
 0 0
 1 2
 2 2
201 4 3
 0 2
 1 1
 2 1
202 1 3
 0 1
 1 0
 2 0
203 12 3
 0 0
 1 2
 2 3
204 18 3
 0 0
 1 1
 2 2
205 18 3
 0 0
 1 2
 2 1
206 14 3
 0 0
 1 0
 2 2
207 11 3
 0 1
 1 0
 2 0
208 17 3
 0 1
 1 2
 2 3
209 2 3
 0 0
 1 1
 2 0
210 19 3
 0 0
 1 2
 2 1
211 14 3
 0 1
 1 1
 2 2
212 13 3
 0 2
 1 0
 2 0
213 2 3
 0 3
 1 3
 2 1
214 17 3
 0 0
 1 3
 2 2
215 20 3
 0 0
 1 2
 2 1
216 11 3
 0 3
 1 0
 2 3
217 2 3
 0 2
 1 3
 2 0
218 17 3
 0 1
 1 1
 2 0
219 6 3
 0 0
 1 3
 2 1
220 18 3
 0 1
 1 1
 2 0
221 14 3
 0 0
 1 2
 2 0
222 12 3
 0 3
 1 0
 2 3
223 7 3
 0 1
 1 0
 2 0
224 11 3
 0 0
 1 2
 2 3
225 14 3
 0 3
 1 2
 2 3
226 8 3
 0 3
 1 0
 2 0
227 15 3
 0 3
 1 2
 2 0
228 18 3
 0 2
 1 2
 2 1
229 12 3
 0 3
 1 2
 2 0
230 5 3
 0 0
 1 1
 2 0
231 12 3
 0 0
 1 1
 2 3
232 11 3
 0 1
 1 0
 2 0
233 5 3
 0 0
 1 0
 2 1
234 3 3
 0 2
 1 2
 2 0
235 11 3
 0 0
 1 2
 2 3
236 2 3
 0 1
 1 0
 2 0
237 18 3
 0 0
 1 3
 2 1
238 15 3
 0 3
 1 0
 2 0
239 10 3
 0 3
 1 1
 2 0
240 2 3
 0 0
 1 3
 2 1
241 8 3
 0 0
 1 3
 2 1
242 12 3
 0 1
 1 2
 2 1
243 2 3
 0 1
 1 0
 2 0
244 4 3
 0 0
 1 1
 2 0
245 3 3
 0 1
 1 0
 2 3
246 17 3
 0 0
 1 1
 2 1
247 17 3
 0 2
 1 0
 2 3
248 7 3
 0 0
 1 2
 2 0
249 9 3
 0 3
 1 2
 2 2
250 6 3
 0 1
 1 0
 2 3
251 20 3
 0 0
 1 2
 2 0
252 3 3
 0 3
 1 1
 2 2
253 6 3
 0 2
 1 3
 2 0
254 20 3
 0 0
 1 1
 2 0
255 14 3
 0 1
 1 0
 2 0
256 11 3
 0 2
 1 2
 2 1
257 16 3
 0 0
 1 3
 2 0
258 9 3
 0 2
 1 2
 2 3
259 16 3
 0 2
 1 0
 2 1
260 9 3
 0 2
 1 0
 2 3
261 5 3
 0 1
 1 3
 2 0
262 10 3
 0 3
 1 0
 2 0
263 10 3
 0 0
 1 0
 2 3
264 5 3
 0 3
 1 1
 2 3
265 16 3
 0 0
 1 2
 2 1
266 12 3
 0 0
 1 1
 2 0
267 3 3
 0 2
 1 1
 2 0
268 6 3
 0 3
 1 3
 2 2
269 16 3
 0 1
 1 3
 2 1
270 3 3
 0 3
 1 2
 2 0
271 10 3
 0 3
 1 0
 2 2
272 7 3
 0 1
 1 0
 2 0
273 19 3
 0 0
 1 1
 2 0
274 6 3
 0 0
 1 3
 2 0
275 1 3
 0 2
 1 3
 2 1
276 3 3
 0 0
 1 1
 2 3
277 14 3
 0 0
 1 1
 2 0
278 10 3
 0 2
 1 0
 2 2
279 8 3
 0 2
 1 0
 2 0
280 9 3
 0 0
 1 3
 2 0
281 14 3
 0 0
 1 3
 2 1
282 8 3
 0 1
 1 2
 2 0
283 9 3
 0 0
 1 1
 2 1
284 12 3
 0 0
 1 0
 2 3
285 17 3
 0 3
 1 1
 2 2
286 6 3
 0 3
 1 1
 2 0
287 15 3
 0 0
 1 0
 2 1
288 1 3
 0 2
 1 1
 2 3
289 5 3
 0 3
 1 2
 2 0
290 19 3
 0 2
 1 3
 2 0
291 2 3
 0 1
 1 0
 2 0
292 7 3
 0 0
 1 2
 2 2
293 17 3
 0 3
 1 0
 2 2
294 12 3
 0 1
 1 3
 2 1
295 4 3
 0 0
 1 1
 2 2
296 16 3
 0 1
 1 0
 2 0
297 8 3
 0 0
 1 2
 2 3
298 14 3
 0 3
 1 1
 2 1
299 11 3
 0 0
 1 0
 2 3
300 17 3
 0 0
 1 2
 2 1
301 2 3
 0 0
 1 3
 2 3
302 16 3
 0 0
 1 3
 2 2
303 15 3
 0 3
 1 3
 2 1
304 13 3
 0 0
 1 0
 2 1
305 15 3
 0 0
 1 1
 2 0
306 13 3
 0 2
 1 0
 2 0
307 6 3
 0 2
 1 1
 2 0
308 14 3
 0 0
 1 3
 2 0
309 15 3
 0 1
 1 1
 2 0
310 13 3
 0 1
 1 1
 2 2
311 4 3
 0 3
 1 1
 2 0
312 9 3
 0 3
 1 0
 2 0
313 19 3
 0 3
 1 2
 2 3
314 3 3
 0 3
 1 3
 2 2
315 15 3
 0 0
 1 3
 2 0
316 6 3
 0 2
 1 3
 2 0
317 15 3
 0 3
 1 2
 2 1
318 3 3
 0 0
 1 3
 2 1
319 14 3
 0 0
 1 1
 2 3
320 3 3
 0 1
 1 3
 2 1
321 0 3
 0 0
 1 0
 2 0

# PRECEDENCES
1082
0 2
0 5
0 6
0 8
0 9
0 11
0 15
0 16
0 17
0 18
0 21
0 22
0 24
0 27
0 28
0 29
0 36
0 37
0 38
0 44
0 51
0 55
0 59
0 60
0 66
0 67
0 70
0 71
0 72
0 73
0 74
0 78
0 79
0 81
0 84
0 86
0 87
0 90
0 93
0 94
0 97
0 98
0 100
0 104
0 109
0 110
0 113
0 114
0 116
0 117
0 120
0 121
0 122
0 123
0 128
0 129
0 132
0 135
0 136
0 148
0 150
0 151
0 156
0 157
0 158
0 159
0 161
0 163
0 164
0 166
0 167
0 169
0 172
0 173
0 176
0 177
0 182
0 183
0 184
0 186
0 187
0 192
0 196
0 197
0 198
0 200
0 201
0 203
0 206
0 208
0 209
0 210
0 213
0 214
0 216
0 222
0 226
0 232
0 233
0 234
0 235
0 237
0 250
0 251
0 252
0 253
0 255
0 258
0 259
0 263
0 266
0 267
0 268
0 269
0 272
0 274
0 275
0 279
0 280
0 282
0 284
0 285
0 287
0 289
0 291
0 293
0 294
0 297
0 300
0 301
0 302
0 304
0 307
0 313
0 314
0 316
0 317
0 319
1 171
1 220
1 240
1 276
2 5
2 92
2 195
2 239
3 321
4 321
5 30
5 43
5 101
5 152
5 219
6 18
6 42
6 259
6 317
7 3
7 20
7 35
7 212
8 88
8 143
8 169
8 315
9 39
9 69
9 118
9 171
9 260
10 155
11 261
12 118
12 139
12 220
12 271
13 321
14 13
14 147
14 283
14 298
15 40
15 188
15 223
15 234
15 296
16 68
16 240
16 310
17 65
17 188
18 195
19 118
20 103
20 134
20 202
20 303
21 189
21 207
21 277
21 293
22 64
22 75
23 127
24 205
24 252
25 32
25 54
25 131
25 133
25 239
26 10
27 223
27 273
28 14
28 185
28 245
29 79
29 185
29 205
29 301
29 315
30 13
30 39
30 139
30 165
30 171
31 191
31 249
31 277
32 171
32 204
32 220
32 228
32 271
33 215
33 241
34 190
34 225
34 260
34 290
34 295
35 143
35 153
35 244
35 277
36 57
36 232
36 264
37 225
38 43
38 162
38 296
39 40
39 42
39 165
39 190
40 321
41 140
41 180
41 290
41 292
42 276
43 111
44 246
45 3
45 58
45 92
45 185
45 246
46 162
46 171
46 211
46 261
46 264
47 321
48 49
48 76
48 165
48 174
48 204
49 43
49 64
49 130
49 180
49 308
50 13
50 190
50 225
50 260
50 276
51 111
51 249
52 47
52 92
52 215
52 283
53 292
54 47
54 92
55 22
55 54
55 117
55 191
55 295
56 3
56 12
56 118
56 241
56 260
57 3
57 64
57 290
57 312
58 231
58 264
58 277
58 295
59 188
59 281
60 7
60 160
60 175
60 245
61 25
61 130
62 4
62 115
62 180
62 228
63 170
64 13
64 47
64 133
64 215
64 261
65 321
66 4
66 99
66 120
66 246
66 317
67 310
68 119
68 170
68 299
68 305
69 14
69 147
70 21
70 88
71 80
71 91
71 133
71 139
71 171
72 63
73 105
73 118
73 218
73 232
73 296
74 26
74 99
74 283
74 298
74 308
75 47
75 145
75 225
76 205
77 124
77 125
77 146
77 154
77 165
78 56
78 149
78 230
79 293
80 13
80 194
80 283
81 50
81 112
81 240
81 257
82 111
82 133
83 308
84 64
85 26
85 125
85 195
86 262
86 285
87 175
88 52
89 185
90 53
91 64
91 168
91 228
92 321
93 146
93 302
93 305
94 41
94 124
94 223
95 88
95 145
96 19
96 39
96 76
96 207
96 218
97 41
97 47
97 170
98 101
99 138
100 123
100 178
100 264
101 40
102 152
102 231
102 309
103 118
103 140
103 165
104 66
104 134
104 195
104 231
104 317
105 189
105 227
105 256
106 4
106 13
106 75
106 137
106 215
107 52
107 111
107 139
107 205
108 306
109 175
109 278
110 64
110 98
110 217
110 232
111 42
111 261
111 283
111 290
111 315
112 140
113 118
113 125
113 188
113 202
113 204
114 135
115 92
115 140
115 215
115 276
116 30
116 292
117 4
117 47
117 147
117 320
118 3
118 145
118 215
118 283
118 315
119 292
120 39
120 107
120 212
121 33
121 154
121 301
122 219
123 30
123 261
124 58
124 147
124 174
124 190
125 25
125 171
125 239
126 34
126 65
126 115
126 145
126 204
127 137
128 9
128 26
129 91
129 116
129 215
129 315
130 140
130 261
130 306
130 315
131 40
131 65
131 260
131 276
131 315
132 153
132 195
132 247
132 262
133 140
133 261
133 292
134 13
134 133
135 95
135 151
136 62
136 92
136 225
137 34
137 50
137 223
137 238
137 277
138 190
139 3
139 204
139 215
139 225
140 321
141 31
141 46
141 248
141 265
141 277
142 147
142 295
143 61
143 118
143 278
144 92
144 145
144 278
145 321
146 138
146 254
147 321
148 57
148 125
149 96
149 154
149 221
149 246
149 298
150 294
151 47
151 301
152 14
152 219
152 264
153 92
153 190
153 204
153 283
153 298
154 91
154 212
154 223
155 54
155 278
156 118
156 126
156 188
156 190
156 194
157 1
157 30
157 35
157 108
157 181
158 47
158 64
158 98
158 179
158 223
159 42
159 117
159 178
159 298
159 306
160 217
161 9
161 57
161 88
161 154
161 252
162 14
162 118
162 171
162 180
162 190
163 171
163 224
163 231
163 276
164 308
165 190
166 52
166 233
166 295
167 42
167 91
167 173
167 243
168 88
168 220
169 125
169 135
169 142
170 118
170 215
171 13
171 204
172 118
172 179
172 249
172 260
173 26
173 120
173 154
173 290
173 305
174 147
174 295
175 249
175 311
176 199
176 289
177 25
177 91
177 189
177 306
178 212
178 225
178 278
178 281
178 296
179 12
179 14
179 64
179 118
179 171
180 321
181 3
181 33
181 220
181 265
182 11
182 17
182 155
182 265
182 317
183 61
183 103
183 146
183 233
183 283
184 23
184 42
184 105
184 178
185 215
185 225
186 194
186 218
186 225
187 77
187 113
187 188
187 215
187 312
188 47
188 92
188 131
188 180
188 220
189 40
189 118
189 292
190 321
191 179
191 204
191 219
191 238
192 45
193 10
193 34
193 45
193 190
193 240
194 53
195 174
195 194
195 242
196 95
196 193
197 88
198 104
198 193
198 233
199 225
199 276
200 39
200 54
200 171
201 156
201 200
201 204
201 246
201 281
202 14
202 153
202 260
203 38
203 227
204 321
205 65
205 147
205 260
206 4
206 14
206 295
207 101
207 231
208 61
208 140
208 264
208 298
209 19
209 161
209 215
210 193
210 305
211 102
211 179
211 238
211 260
211 276
212 65
213 105
213 200
213 224
214 30
214 105
214 120
214 228
215 321
216 166
217 26
217 80
217 308
218 126
218 180
219 225
220 145
220 147
221 95
222 198
222 245
223 165
223 220
224 53
224 283
225 321
226 106
226 180
226 201
226 243
226 290
227 106
227 118
227 153
227 189
227 290
228 65
228 140
228 180
228 260
229 47
229 77
229 243
230 99
230 115
230 224
230 276
231 254
232 249
233 13
233 145
233 276
233 290
233 292
234 129
234 191
234 232
234 277
234 320
235 36
235 90
235 304
235 311
235 316
236 215
236 220
237 177
238 140
238 142
238 171
239 40
239 47
239 315
240 76
240 271
241 118
241 140
241 290
242 34
242 40
242 126
242 131
242 174
243 298
244 194
245 65
245 131
245 174
245 295
245 298
246 13
246 69
246 99
246 188
246 254
247 57
247 131
247 179
247 185
247 229
248 40
248 42
248 82
248 207
248 312
249 207
250 189
250 289
251 4
251 158
251 197
251 316
252 88
252 92
252 131
252 194
252 264
253 231
253 306
254 118
254 225
254 292
255 106
255 153
255 219
255 306
256 65
256 281
257 75
257 99
257 141
257 264
258 3
258 4
258 42
258 75
258 161
259 1
259 111
259 112
259 193
260 321
261 321
262 139
262 283
263 4
263 66
263 130
263 201
263 287
264 3
264 13
264 228
264 306
265 50
265 65
265 270
266 116
266 185
267 83
267 89
267 224
267 299
267 320
268 54
269 70
269 129
269 287
269 290
269 311
270 58
270 107
271 65
271 276
271 298
272 281
272 290
273 1
273 85
273 146
273 236
273 286
274 28
274 50
274 168
274 255
275 128
275 143
275 144
275 240
276 321
277 215
278 64
278 131
278 204
278 215
278 298
279 58
279 140
279 215
280 10
280 48
280 211
281 40
281 52
281 65
281 199
281 288
282 34
282 265
283 321
284 92
284 131
284 180
285 115
286 53
286 278
287 11
287 104
288 50
288 53
288 92
288 145
288 199
289 26
289 58
289 99
289 283
289 293
290 261
291 194
292 321
293 190
293 219
293 223
293 260
294 260
294 306
295 204
295 261
295 292
296 41
296 231
296 290
297 218
297 258
298 321
299 62
299 69
299 271
299 315
300 147
300 173
300 198
300 298
301 131
302 76
302 126
302 143
302 158
303 12
303 92
303 153
303 271
304 25
304 82
304 200
304 227
304 228
305 80
305 126
305 225
305 228
305 260
306 3
306 4
306 13
306 42
306 190
307 15
308 130
308 144
308 162
308 191
308 318
309 153
309 180
309 225
310 103
310 215
310 296
311 12
311 47
311 276
311 281
312 4
313 53
313 105
313 148
314 44
314 91
314 129
314 296
314 311
315 321
316 41
316 145
316 311
317 277
318 50
318 52
319 54
319 140
319 180
320 40
320 65
320 119
320 185
