# Tier 7 (Very Large) - Instance 33
# Generated with config: N=344, K=3, topology=grid, calendar=staggered

# HEADER: <num_tasks> <num_types> <num_units>
346 3 21

# RESOURCE TYPES
# Format: <type_id> <num_units> <unit_id1> <unit_id2> ...
0 7 0 1 2 3 4 5 6
1 7 7 8 9 10 11 12 13
2 7 14 15 16 17 18 19 20

# RESOURCE UNITS (Calendars)
# Format: <unit_id> <num_steps> <t1> <v1> <t2> <v2> ...
0 28 0 100 1 0 35 100 243 0 279 100 489 0 523 100 729 0 765 100 970 0 1004 100 1209 0 1242 100 1449 0 1484 100 1690 0 1725 100 1932 0 1966 100 2176 0 2212 100 2420 0 2453 100 2664 0 2699 100 2906 0 2941 100 3410 0
1 28 0 100 13 0 36 100 257 0 279 100 500 0 522 100 740 0 763 100 983 0 1007 100 1226 0 1248 100 1468 0 1492 100 1711 0 1735 100 1956 0 1978 100 2201 0 2222 100 2441 0 2464 100 2683 0 2704 100 2922 0 2945 100 3410 0
2 28 0 100 24 0 47 100 265 0 290 100 511 0 536 100 756 0 780 100 997 0 1021 100 1238 0 1264 100 1485 0 1510 100 1727 0 1749 100 1967 0 1992 100 2212 0 2238 100 2455 0 2479 100 2698 0 2723 100 2943 0 2968 100 3410 0
3 28 0 100 33 0 62 100 273 0 303 100 517 0 547 100 761 0 790 100 1006 0 1034 100 1248 0 1276 100 1487 0 1516 100 1727 0 1756 100 1968 0 1996 100 2209 0 2239 100 2455 0 2483 100 2694 0 2723 100 2935 0 2963 100 3410 0
4 28 0 100 46 0 81 100 292 0 326 100 536 0 572 100 781 0 816 100 1024 0 1059 100 1265 0 1301 100 1508 0 1542 100 1748 0 1781 100 1990 0 2025 100 2235 0 2270 100 2480 0 2513 100 2721 0 2753 100 2960 0 2995 100 3410 0
5 28 0 100 56 0 78 100 300 0 323 100 542 0 564 100 784 0 806 100 1026 0 1047 100 1270 0 1289 100 1509 0 1528 100 1752 0 1771 100 1990 0 2012 100 2231 0 2254 100 2474 0 2493 100 2716 0 2737 100 2957 0 2979 100 3410 0
6 28 0 100 68 0 94 100 307 0 336 100 553 0 579 100 793 0 820 100 1033 0 1062 100 1278 0 1307 100 1523 0 1552 100 1764 0 1792 100 2004 0 2032 100 2247 0 2274 100 2491 0 2518 100 2734 0 2763 100 2976 0 3005 100 3410 0
7 28 0 100 80 0 122 100 324 0 366 100 566 0 607 100 807 0 850 100 1050 0 1092 100 1295 0 1338 100 1536 0 1578 100 1777 0 1819 100 2020 0 2062 100 2261 0 2304 100 2507 0 2547 100 2745 0 2785 100 2986 0 3028 100 3410 0
8 28 0 100 94 0 120 100 338 0 364 100 580 0 609 100 824 0 851 100 1069 0 1096 100 1312 0 1340 100 1557 0 1583 100 1801 0 1829 100 2047 0 2073 100 2290 0 2315 100 2533 0 2560 100 2775 0 2803 100 3019 0 3046 100 3410 0
9 28 0 100 104 0 128 100 346 0 370 100 590 0 613 100 831 0 857 100 1075 0 1100 100 1316 0 1341 100 1561 0 1587 100 1804 0 1827 100 2045 0 2068 100 2284 0 2309 100 2529 0 2553 100 2771 0 2795 100 3012 0 3034 100 3410 0
10 28 0 100 115 0 147 100 353 0 388 100 597 0 631 100 837 0 870 100 1080 0 1115 100 1325 0 1361 100 1572 0 1607 100 1818 0 1852 100 2058 0 2091 100 2301 0 2335 100 2544 0 2577 100 2785 0 2820 100 3030 0 3063 100 3410 0
11 28 0 100 127 0 157 100 367 0 398 100 611 0 640 100 852 0 883 100 1095 0 1124 100 1334 0 1366 100 1575 0 1606 100 1820 0 1849 100 2061 0 2091 100 2305 0 2335 100 2548 0 2578 100 2790 0 2820 100 3032 0 3065 100 3410 0
12 28 0 100 138 0 178 100 384 0 424 100 628 0 666 100 870 0 909 100 1110 0 1148 100 1352 0 1391 100 1596 0 1634 100 1835 0 1873 100 2076 0 2116 100 2319 0 2356 100 2562 0 2600 100 2805 0 2842 100 3048 0 3085 100 3410 0
13 28 0 100 151 0 180 100 391 0 420 100 631 0 660 100 874 0 905 100 1115 0 1144 100 1357 0 1387 100 1599 0 1627 100 1840 0 1868 100 2081 0 2110 100 2323 0 2351 100 2564 0 2594 100 2805 0 2834 100 3047 0 3076 100 3410 0
14 28 0 100 161 0 190 100 404 0 434 100 650 0 678 100 890 0 920 100 1133 0 1162 100 1375 0 1406 100 1622 0 1653 100 1869 0 1897 100 2108 0 2139 100 2352 0 2383 100 2598 0 2629 100 2839 0 2869 100 3084 0 3113 100 3410 0
15 28 0 100 174 0 204 100 415 0 445 100 655 0 685 100 895 0 928 100 1140 0 1171 100 1381 0 1413 100 1621 0 1654 100 1865 0 1897 100 2105 0 2137 100 2346 0 2378 100 2587 0 2617 100 2829 0 2862 100 3071 0 3103 100 3410 0
16 28 0 100 187 0 218 100 430 0 461 100 676 0 704 100 920 0 948 100 1161 0 1189 100 1401 0 1429 100 1644 0 1672 100 1887 0 1918 100 2130 0 2161 100 2374 0 2403 100 2618 0 2648 100 2862 0 2890 100 3103 0 3132 100 3410 0
17 28 0 100 198 0 227 100 438 0 469 100 681 0 712 100 925 0 953 100 1168 0 1198 100 1408 0 1436 100 1652 0 1683 100 1897 0 1926 100 2141 0 2172 100 2383 0 2411 100 2625 0 2655 100 2870 0 2900 100 3111 0 3140 100 3410 0
18 28 0 100 207 0 227 100 452 0 470 100 696 0 717 100 939 0 958 100 1179 0 1199 100 1424 0 1443 100 1668 0 1686 100 1910 0 1931 100 2156 0 2175 100 2397 0 2418 100 2642 0 2663 100 2887 0 2907 100 3130 0 3151 100 3410 0
19 28 0 100 222 0 242 100 463 0 481 100 707 0 727 100 949 0 967 100 1192 0 1213 100 1433 0 1451 100 1677 0 1698 100 1921 0 1939 100 2161 0 2182 100 2407 0 2428 100 2649 0 2670 100 2895 0 2915 100 3139 0 3158 100 3410 0
20 28 0 100 231 0 271 100 475 0 513 100 717 0 759 100 959 0 1001 100 1204 0 1243 100 1447 0 1486 100 1687 0 1727 100 1929 0 1970 100 2172 0 2211 100 2412 0 2452 100 2655 0 2696 100 2901 0 2942 100 3146 0 3185 100 3410 0

# TASKS
# Format: <task_id> <size> <num_reqs>
# Then for each requirement: <type_id> <qty>
0 0 3
 0 0
 1 0
 2 0
1 11 3
 0 0
 1 0
 2 2
2 19 3
 0 1
 1 1
 2 1
3 12 3
 0 0
 1 0
 2 2
4 15 3
 0 2
 1 3
 2 0
5 3 3
 0 0
 1 1
 2 1
6 4 3
 0 2
 1 0
 2 1
7 5 3
 0 2
 1 2
 2 2
8 20 3
 0 1
 1 2
 2 1
9 12 3
 0 1
 1 3
 2 1
10 6 3
 0 1
 1 3
 2 1
11 16 3
 0 1
 1 0
 2 1
12 1 3
 0 1
 1 3
 2 1
13 7 3
 0 0
 1 0
 2 1
14 12 3
 0 3
 1 0
 2 1
15 3 3
 0 0
 1 0
 2 2
16 15 3
 0 2
 1 2
 2 0
17 10 3
 0 3
 1 0
 2 2
18 8 3
 0 1
 1 3
 2 2
19 4 3
 0 0
 1 2
 2 2
20 15 3
 0 1
 1 0
 2 3
21 4 3
 0 0
 1 1
 2 0
22 9 3
 0 2
 1 0
 2 3
23 2 3
 0 1
 1 0
 2 0
24 15 3
 0 0
 1 0
 2 2
25 6 3
 0 0
 1 3
 2 1
26 3 3
 0 1
 1 2
 2 2
27 16 3
 0 3
 1 1
 2 0
28 8 3
 0 1
 1 3
 2 1
29 1 3
 0 1
 1 2
 2 2
30 16 3
 0 3
 1 0
 2 0
31 19 3
 0 0
 1 2
 2 2
32 17 3
 0 1
 1 1
 2 0
33 14 3
 0 0
 1 3
 2 0
34 20 3
 0 0
 1 0
 2 3
35 11 3
 0 0
 1 2
 2 3
36 1 3
 0 1
 1 3
 2 1
37 20 3
 0 3
 1 1
 2 0
38 13 3
 0 2
 1 3
 2 3
39 19 3
 0 0
 1 0
 2 1
40 4 3
 0 2
 1 3
 2 1
41 2 3
 0 2
 1 0
 2 0
42 16 3
 0 0
 1 3
 2 1
43 20 3
 0 1
 1 1
 2 1
44 11 3
 0 3
 1 0
 2 0
45 8 3
 0 0
 1 2
 2 0
46 3 3
 0 1
 1 1
 2 3
47 11 3
 0 0
 1 1
 2 0
48 13 3
 0 3
 1 0
 2 2
49 15 3
 0 0
 1 3
 2 0
50 7 3
 0 0
 1 2
 2 0
51 9 3
 0 0
 1 0
 2 1
52 16 3
 0 0
 1 1
 2 2
53 12 3
 0 0
 1 1
 2 3
54 12 3
 0 0
 1 1
 2 0
55 9 3
 0 1
 1 0
 2 0
56 9 3
 0 0
 1 2
 2 2
57 14 3
 0 2
 1 1
 2 2
58 2 3
 0 0
 1 3
 2 0
59 7 3
 0 0
 1 3
 2 0
60 17 3
 0 0
 1 3
 2 0
61 20 3
 0 2
 1 0
 2 0
62 9 3
 0 2
 1 3
 2 2
63 6 3
 0 1
 1 0
 2 0
64 8 3
 0 3
 1 3
 2 3
65 20 3
 0 0
 1 2
 2 0
66 10 3
 0 1
 1 1
 2 0
67 7 3
 0 2
 1 0
 2 0
68 9 3
 0 1
 1 3
 2 1
69 14 3
 0 2
 1 0
 2 0
70 4 3
 0 0
 1 1
 2 2
71 20 3
 0 2
 1 0
 2 0
72 15 3
 0 2
 1 2
 2 0
73 6 3
 0 3
 1 1
 2 1
74 18 3
 0 0
 1 3
 2 2
75 19 3
 0 0
 1 1
 2 3
76 16 3
 0 3
 1 3
 2 2
77 9 3
 0 0
 1 2
 2 3
78 15 3
 0 2
 1 3
 2 1
79 9 3
 0 3
 1 1
 2 0
80 6 3
 0 0
 1 2
 2 0
81 8 3
 0 3
 1 2
 2 0
82 13 3
 0 1
 1 3
 2 2
83 9 3
 0 0
 1 1
 2 0
84 14 3
 0 3
 1 1
 2 2
85 12 3
 0 0
 1 0
 2 3
86 12 3
 0 1
 1 2
 2 0
87 12 3
 0 1
 1 0
 2 1
88 15 3
 0 3
 1 1
 2 1
89 3 3
 0 0
 1 1
 2 1
90 14 3
 0 3
 1 1
 2 3
91 2 3
 0 0
 1 1
 2 2
92 14 3
 0 0
 1 3
 2 3
93 12 3
 0 3
 1 3
 2 0
94 12 3
 0 2
 1 3
 2 0
95 7 3
 0 3
 1 0
 2 2
96 1 3
 0 3
 1 2
 2 0
97 16 3
 0 0
 1 0
 2 3
98 17 3
 0 0
 1 3
 2 1
99 2 3
 0 0
 1 2
 2 2
100 12 3
 0 0
 1 3
 2 0
101 13 3
 0 3
 1 3
 2 2
102 12 3
 0 0
 1 1
 2 0
103 10 3
 0 0
 1 2
 2 1
104 18 3
 0 0
 1 1
 2 3
105 16 3
 0 3
 1 1
 2 1
106 1 3
 0 2
 1 0
 2 2
107 20 3
 0 3
 1 0
 2 0
108 20 3
 0 3
 1 1
 2 0
109 17 3
 0 3
 1 2
 2 0
110 18 3
 0 1
 1 0
 2 0
111 7 3
 0 0
 1 0
 2 1
112 5 3
 0 0
 1 0
 2 3
113 18 3
 0 2
 1 2
 2 3
114 15 3
 0 1
 1 2
 2 2
115 15 3
 0 3
 1 3
 2 1
116 1 3
 0 2
 1 0
 2 2
117 19 3
 0 0
 1 1
 2 2
118 13 3
 0 2
 1 0
 2 0
119 3 3
 0 0
 1 3
 2 3
120 19 3
 0 3
 1 0
 2 3
121 12 3
 0 2
 1 0
 2 0
122 18 3
 0 0
 1 0
 2 1
123 16 3
 0 0
 1 2
 2 3
124 14 3
 0 0
 1 0
 2 2
125 11 3
 0 2
 1 3
 2 0
126 8 3
 0 1
 1 0
 2 0
127 19 3
 0 0
 1 0
 2 3
128 17 3
 0 0
 1 1
 2 3
129 11 3
 0 1
 1 2
 2 2
130 10 3
 0 1
 1 2
 2 1
131 7 3
 0 2
 1 3
 2 2
132 16 3
 0 0
 1 1
 2 0
133 7 3
 0 2
 1 2
 2 2
134 12 3
 0 0
 1 3
 2 2
135 5 3
 0 3
 1 0
 2 0
136 9 3
 0 0
 1 3
 2 2
137 19 3
 0 3
 1 2
 2 2
138 19 3
 0 3
 1 3
 2 2
139 1 3
 0 2
 1 3
 2 0
140 8 3
 0 0
 1 3
 2 2
141 15 3
 0 0
 1 1
 2 2
142 19 3
 0 1
 1 0
 2 0
143 19 3
 0 0
 1 1
 2 1
144 5 3
 0 3
 1 0
 2 1
145 12 3
 0 1
 1 0
 2 2
146 8 3
 0 2
 1 2
 2 0
147 13 3
 0 2
 1 2
 2 1
148 7 3
 0 2
 1 0
 2 0
149 9 3
 0 0
 1 1
 2 3
150 1 3
 0 1
 1 0
 2 0
151 5 3
 0 2
 1 1
 2 2
152 19 3
 0 1
 1 3
 2 0
153 7 3
 0 0
 1 0
 2 2
154 8 3
 0 1
 1 1
 2 3
155 6 3
 0 1
 1 1
 2 3
156 2 3
 0 0
 1 2
 2 0
157 2 3
 0 2
 1 3
 2 0
158 7 3
 0 1
 1 1
 2 0
159 3 3
 0 0
 1 2
 2 2
160 4 3
 0 0
 1 0
 2 2
161 12 3
 0 1
 1 2
 2 0
162 7 3
 0 2
 1 2
 2 0
163 20 3
 0 3
 1 3
 2 0
164 4 3
 0 3
 1 1
 2 0
165 2 3
 0 2
 1 2
 2 0
166 17 3
 0 0
 1 1
 2 1
167 15 3
 0 0
 1 2
 2 0
168 14 3
 0 0
 1 0
 2 1
169 13 3
 0 1
 1 0
 2 3
170 1 3
 0 0
 1 0
 2 1
171 9 3
 0 0
 1 2
 2 2
172 4 3
 0 0
 1 1
 2 2
173 17 3
 0 0
 1 2
 2 0
174 12 3
 0 1
 1 0
 2 3
175 12 3
 0 2
 1 0
 2 1
176 1 3
 0 3
 1 0
 2 1
177 8 3
 0 3
 1 0
 2 0
178 20 3
 0 1
 1 0
 2 1
179 20 3
 0 3
 1 2
 2 0
180 4 3
 0 1
 1 0
 2 2
181 19 3
 0 2
 1 3
 2 0
182 13 3
 0 0
 1 3
 2 1
183 15 3
 0 0
 1 0
 2 1
184 7 3
 0 0
 1 1
 2 3
185 12 3
 0 0
 1 3
 2 0
186 17 3
 0 1
 1 1
 2 0
187 12 3
 0 3
 1 2
 2 1
188 20 3
 0 0
 1 3
 2 1
189 15 3
 0 0
 1 1
 2 1
190 18 3
 0 0
 1 1
 2 0
191 6 3
 0 0
 1 3
 2 2
192 18 3
 0 2
 1 3
 2 0
193 11 3
 0 2
 1 0
 2 0
194 10 3
 0 2
 1 2
 2 0
195 13 3
 0 0
 1 3
 2 1
196 11 3
 0 1
 1 0
 2 1
197 10 3
 0 0
 1 0
 2 2
198 1 3
 0 0
 1 3
 2 3
199 5 3
 0 0
 1 3
 2 3
200 11 3
 0 0
 1 1
 2 0
201 2 3
 0 0
 1 1
 2 3
202 11 3
 0 2
 1 0
 2 1
203 18 3
 0 0
 1 0
 2 1
204 5 3
 0 0
 1 0
 2 2
205 17 3
 0 0
 1 3
 2 3
206 9 3
 0 2
 1 0
 2 0
207 12 3
 0 3
 1 0
 2 2
208 6 3
 0 3
 1 0
 2 0
209 12 3
 0 2
 1 2
 2 0
210 16 3
 0 0
 1 0
 2 1
211 11 3
 0 2
 1 0
 2 0
212 6 3
 0 2
 1 0
 2 3
213 7 3
 0 3
 1 0
 2 3
214 15 3
 0 0
 1 0
 2 3
215 1 3
 0 0
 1 0
 2 3
216 15 3
 0 0
 1 2
 2 3
217 14 3
 0 0
 1 1
 2 2
218 19 3
 0 3
 1 3
 2 3
219 1 3
 0 0
 1 2
 2 0
220 13 3
 0 1
 1 1
 2 1
221 7 3
 0 0
 1 1
 2 0
222 15 3
 0 0
 1 0
 2 1
223 14 3
 0 1
 1 0
 2 0
224 14 3
 0 1
 1 1
 2 0
225 8 3
 0 3
 1 1
 2 3
226 12 3
 0 0
 1 1
 2 0
227 19 3
 0 0
 1 0
 2 1
228 7 3
 0 3
 1 0
 2 1
229 20 3
 0 0
 1 3
 2 2
230 7 3
 0 2
 1 3
 2 1
231 10 3
 0 2
 1 0
 2 0
232 3 3
 0 0
 1 3
 2 1
233 20 3
 0 2
 1 0
 2 0
234 15 3
 0 1
 1 2
 2 3
235 10 3
 0 0
 1 0
 2 1
236 15 3
 0 0
 1 0
 2 1
237 3 3
 0 2
 1 0
 2 0
238 9 3
 0 1
 1 3
 2 0
239 6 3
 0 1
 1 1
 2 1
240 2 3
 0 2
 1 3
 2 1
241 13 3
 0 0
 1 2
 2 3
242 3 3
 0 0
 1 3
 2 0
243 12 3
 0 0
 1 3
 2 3
244 14 3
 0 0
 1 1
 2 0
245 10 3
 0 0
 1 2
 2 3
246 2 3
 0 1
 1 0
 2 1
247 14 3
 0 1
 1 2
 2 2
248 20 3
 0 0
 1 0
 2 1
249 17 3
 0 0
 1 2
 2 0
250 7 3
 0 3
 1 3
 2 0
251 18 3
 0 1
 1 3
 2 3
252 14 3
 0 1
 1 3
 2 1
253 17 3
 0 0
 1 0
 2 1
254 4 3
 0 3
 1 2
 2 3
255 5 3
 0 0
 1 0
 2 1
256 17 3
 0 1
 1 1
 2 0
257 4 3
 0 0
 1 1
 2 2
258 2 3
 0 1
 1 0
 2 0
259 1 3
 0 0
 1 0
 2 1
260 18 3
 0 3
 1 0
 2 0
261 12 3
 0 0
 1 0
 2 1
262 10 3
 0 3
 1 0
 2 3
263 15 3
 0 0
 1 3
 2 3
264 7 3
 0 0
 1 3
 2 3
265 8 3
 0 3
 1 0
 2 1
266 20 3
 0 1
 1 3
 2 0
267 12 3
 0 3
 1 0
 2 1
268 12 3
 0 0
 1 0
 2 3
269 16 3
 0 1
 1 0
 2 0
270 14 3
 0 3
 1 0
 2 1
271 5 3
 0 3
 1 2
 2 2
272 15 3
 0 0
 1 2
 2 2
273 9 3
 0 3
 1 1
 2 0
274 19 3
 0 0
 1 3
 2 1
275 9 3
 0 3
 1 0
 2 2
276 20 3
 0 0
 1 3
 2 0
277 13 3
 0 2
 1 2
 2 0
278 6 3
 0 1
 1 3
 2 0
279 7 3
 0 1
 1 0
 2 0
280 10 3
 0 1
 1 0
 2 0
281 10 3
 0 3
 1 1
 2 2
282 13 3
 0 0
 1 0
 2 3
283 18 3
 0 1
 1 3
 2 0
284 13 3
 0 3
 1 1
 2 1
285 7 3
 0 3
 1 1
 2 0
286 6 3
 0 2
 1 1
 2 0
287 12 3
 0 0
 1 0
 2 3
288 15 3
 0 1
 1 0
 2 2
289 14 3
 0 1
 1 3
 2 0
290 4 3
 0 0
 1 3
 2 0
291 20 3
 0 2
 1 0
 2 0
292 14 3
 0 3
 1 3
 2 0
293 4 3
 0 0
 1 3
 2 0
294 13 3
 0 0
 1 2
 2 3
295 15 3
 0 0
 1 0
 2 2
296 7 3
 0 2
 1 0
 2 3
297 7 3
 0 3
 1 2
 2 0
298 3 3
 0 2
 1 0
 2 0
299 7 3
 0 3
 1 0
 2 2
300 11 3
 0 0
 1 2
 2 0
301 9 3
 0 3
 1 3
 2 3
302 6 3
 0 0
 1 3
 2 1
303 12 3
 0 0
 1 1
 2 0
304 3 3
 0 2
 1 0
 2 2
305 8 3
 0 0
 1 3
 2 3
306 16 3
 0 0
 1 1
 2 3
307 16 3
 0 2
 1 3
 2 0
308 5 3
 0 0
 1 3
 2 2
309 20 3
 0 0
 1 3
 2 1
310 18 3
 0 0
 1 1
 2 0
311 6 3
 0 0
 1 3
 2 0
312 18 3
 0 1
 1 2
 2 3
313 7 3
 0 0
 1 3
 2 0
314 2 3
 0 0
 1 1
 2 0
315 20 3
 0 0
 1 3
 2 0
316 20 3
 0 2
 1 2
 2 0
317 7 3
 0 0
 1 3
 2 0
318 17 3
 0 2
 1 2
 2 0
319 14 3
 0 0
 1 3
 2 0
320 17 3
 0 0
 1 0
 2 1
321 15 3
 0 1
 1 0
 2 0
322 13 3
 0 0
 1 3
 2 3
323 12 3
 0 0
 1 0
 2 2
324 15 3
 0 0
 1 1
 2 1
325 15 3
 0 1
 1 1
 2 0
326 2 3
 0 2
 1 1
 2 3
327 1 3
 0 0
 1 3
 2 0
328 19 3
 0 0
 1 2
 2 3
329 8 3
 0 3
 1 0
 2 1
330 13 3
 0 3
 1 2
 2 2
331 18 3
 0 1
 1 0
 2 0
332 11 3
 0 1
 1 1
 2 2
333 8 3
 0 2
 1 0
 2 0
334 6 3
 0 0
 1 0
 2 2
335 16 3
 0 0
 1 0
 2 1
336 8 3
 0 2
 1 0
 2 0
337 13 3
 0 3
 1 3
 2 2
338 4 3
 0 3
 1 2
 2 1
339 7 3
 0 2
 1 1
 2 0
340 3 3
 0 3
 1 0
 2 0
341 12 3
 0 0
 1 0
 2 1
342 5 3
 0 1
 1 0
 2 0
343 17 3
 0 2
 1 0
 2 3
344 10 3
 0 3
 1 1
 2 1
345 0 3
 0 0
 1 0
 2 0

# PRECEDENCES
766
0 1
0 27
0 53
0 79
0 105
0 131
0 157
0 183
0 209
0 235
0 261
0 287
0 313
0 339
1 2
1 27
2 3
2 28
2 29
3 4
3 29
3 30
4 5
4 30
5 6
5 31
6 7
6 32
7 8
7 33
8 9
8 34
8 35
9 10
9 35
10 11
10 36
10 37
11 12
11 37
12 13
12 38
13 14
13 39
14 15
14 40
15 16
15 41
16 17
16 42
17 18
17 43
18 19
18 44
19 20
19 45
19 46
20 21
20 46
21 22
21 47
22 23
22 48
23 24
23 49
24 25
24 50
25 26
25 51
26 52
26 345
27 28
27 53
28 29
28 54
29 30
29 55
30 31
30 56
30 57
31 32
31 57
32 33
32 58
33 34
33 59
33 60
34 35
34 60
35 36
35 61
36 37
36 62
36 63
37 38
37 63
38 39
38 64
39 40
39 65
40 41
40 66
40 67
41 42
41 67
41 68
42 43
42 68
43 44
43 69
44 45
44 70
44 71
45 46
45 71
45 72
46 47
46 72
46 73
47 48
47 73
47 74
48 49
48 74
48 75
49 50
49 75
50 51
50 76
51 52
51 77
51 78
52 78
52 345
53 54
53 79
54 55
54 80
54 81
55 56
55 81
56 57
56 82
57 58
57 83
58 59
58 84
58 85
59 60
59 85
60 61
60 86
61 62
61 87
61 88
62 63
62 88
62 89
63 64
63 89
63 90
64 65
64 90
64 91
65 66
65 91
65 92
66 67
66 92
66 93
67 68
67 93
68 69
68 94
68 95
69 70
69 95
70 71
70 96
71 72
71 97
72 73
72 98
73 74
73 99
74 75
74 100
74 101
75 76
75 101
76 77
76 102
77 78
77 103
78 104
78 345
79 80
79 105
80 81
80 106
81 82
81 107
82 83
82 108
83 84
83 109
84 85
84 110
85 86
85 111
85 112
86 87
86 112
87 88
87 113
87 114
88 89
88 114
88 115
89 90
89 115
89 116
90 91
90 116
91 92
91 117
92 93
92 118
93 94
93 119
94 95
94 120
95 96
95 121
96 97
96 122
97 98
97 123
98 99
98 124
98 125
99 100
99 125
100 101
100 126
101 102
101 127
101 128
102 103
102 128
102 129
103 104
103 129
104 130
104 345
105 106
105 131
106 107
106 132
107 108
107 133
108 109
108 134
108 135
109 110
109 135
109 136
110 111
110 136
111 112
111 137
112 113
112 138
113 114
113 139
114 115
114 140
115 116
115 141
116 117
116 142
117 118
117 143
118 119
118 144
119 120
119 145
119 146
120 121
120 146
121 122
121 147
122 123
122 148
123 124
123 149
124 125
124 150
125 126
125 151
126 127
126 152
127 128
127 153
127 154
128 129
128 154
129 130
129 155
130 156
130 345
131 132
131 157
131 158
132 133
132 158
133 134
133 159
134 135
134 160
135 136
135 161
135 162
136 137
136 162
136 163
137 138
137 163
137 164
138 139
138 164
139 140
139 165
139 166
140 141
140 166
141 142
141 167
142 143
142 168
143 144
143 169
144 145
144 170
144 171
145 146
145 171
146 147
146 172
147 148
147 173
148 149
148 174
149 150
149 175
150 151
150 176
151 152
151 177
152 153
152 178
152 179
153 154
153 179
154 155
154 180
155 156
155 181
156 182
156 345
157 158
157 183
157 184
158 159
158 184
159 160
159 185
160 161
160 186
161 162
161 187
162 163
162 188
162 189
163 164
163 189
163 190
164 165
164 190
165 166
165 191
166 167
166 192
167 168
167 193
168 169
168 194
169 170
169 195
169 196
170 171
170 196
171 172
171 197
171 198
172 173
172 198
173 174
173 199
174 175
174 200
174 201
175 176
175 201
175 202
176 177
176 202
177 178
177 203
178 179
178 204
179 180
179 205
180 181
180 206
181 182
181 207
182 208
182 345
183 184
183 209
184 185
184 210
185 186
185 211
186 187
186 212
186 213
187 188
187 213
188 189
188 214
189 190
189 215
190 191
190 216
191 192
191 217
192 193
192 218
193 194
193 219
194 195
194 220
195 196
195 221
196 197
196 222
197 198
197 223
198 199
198 224
199 200
199 225
200 201
200 226
201 202
201 227
201 228
202 203
202 228
203 204
203 229
204 205
204 230
205 206
205 231
206 207
206 232
207 208
207 233
207 234
208 234
208 345
209 210
209 235
210 211
210 236
211 212
211 237
212 213
212 238
213 214
213 239
214 215
214 240
215 216
215 241
216 217
216 242
216 243
217 218
217 243
218 219
218 244
219 220
219 245
220 221
220 246
221 222
221 247
221 248
222 223
222 248
223 224
223 249
224 225
224 250
225 226
225 251
226 227
226 252
226 253
227 228
227 253
228 229
228 254
229 230
229 255
229 256
230 231
230 256
230 257
231 232
231 257
232 233
232 258
233 234
233 259
234 260
234 345
235 236
235 261
235 262
236 237
236 262
237 238
237 263
237 264
238 239
238 264
238 265
239 240
239 265
240 241
240 266
240 267
241 242
241 267
242 243
242 268
242 269
243 244
243 269
243 270
244 245
244 270
245 246
245 271
246 247
246 272
247 248
247 273
247 274
248 249
248 274
249 250
249 275
250 251
250 276
251 252
251 277
251 278
252 253
252 278
252 279
253 254
253 279
254 255
254 280
255 256
255 281
256 257
256 282
257 258
257 283
257 284
258 259
258 284
258 285
259 260
259 285
260 286
260 345
261 262
261 287
262 263
262 288
263 264
263 289
264 265
264 290
264 291
265 266
265 291
266 267
266 292
267 268
267 293
268 269
268 294
269 270
269 295
270 271
270 296
270 297
271 272
271 297
272 273
272 298
273 274
273 299
274 275
274 300
275 276
275 301
276 277
276 302
276 303
277 278
277 303
278 279
278 304
278 305
279 280
279 305
280 281
280 306
280 307
281 282
281 307
282 283
282 308
283 284
283 309
284 285
284 310
285 286
285 311
286 312
286 345
287 288
287 313
287 314
288 289
288 314
288 315
289 290
289 315
289 316
290 291
290 316
291 292
291 317
292 293
292 318
292 319
293 294
293 319
294 295
294 320
295 296
295 321
295 322
296 297
296 322
297 298
297 323
298 299
298 324
299 300
299 325
299 326
300 301
300 326
301 302
301 327
302 303
302 328
302 329
303 304
303 329
304 305
304 330
305 306
305 331
306 307
306 332
307 308
307 333
307 334
308 309
308 334
309 310
309 335
310 311
310 336
311 312
311 337
312 338
312 345
313 314
313 339
313 340
314 315
314 340
315 316
315 341
316 317
316 342
317 318
317 343
317 344
318 319
318 344
319 320
320 321
321 322
322 323
323 324
324 325
325 326
326 327
327 328
328 329
329 330
330 331
331 332
332 333
333 334
334 335
335 336
336 337
337 338
338 345
339 340
339 345
340 341
340 345
341 342
341 345
342 343
342 345
343 344
343 345
344 345
