# Tier 7 (Very Large) - Instance 15
# Generated with config: N=486, K=5, topology=grid, calendar=random

# HEADER: <num_tasks> <num_types> <num_units>
488 5 21

# RESOURCE TYPES
# Format: <type_id> <num_units> <unit_id1> <unit_id2> ...
0 4 0 1 2 3
1 4 4 5 6 7
2 5 8 9 10 11 12
3 4 13 14 15 16
4 4 17 18 19 20

# RESOURCE UNITS (Calendars)
# Format: <unit_id> <num_steps> <t1> <v1> <t2> <v2> ...
0 26 0 100 218 0 234 100 535 0 545 100 733 0 758 100 837 0 853 100 954 0 971 100 1212 0 1238 100 1372 0 1392 100 1569 0 1580 100 1674 0 1692 100 1810 0 1836 100 1990 0 2002 100 2086 0 2092 100 4353 0
1 26 0 0 4 100 183 0 206 100 458 0 481 100 674 0 688 100 957 0 963 100 1132 0 1156 100 1282 0 1305 100 1517 0 1539 100 1605 0 1626 100 1900 0 1914 100 1997 0 2003 100 2188 0 2193 100 2480 0 4353 0
2 26 0 100 180 0 191 100 248 0 272 100 558 0 577 100 800 0 817 100 929 0 940 100 1125 0 1138 100 1225 0 1250 100 1481 0 1506 100 1559 0 1562 100 1744 0 1753 100 1952 0 1969 100 2221 0 2224 100 4353 0
3 26 0 100 160 0 169 100 473 0 488 100 574 0 586 100 772 0 776 100 1068 0 1084 100 1261 0 1281 100 1436 0 1453 100 1618 0 1643 100 1942 0 1946 100 2177 0 2191 100 2502 0 2505 100 2663 0 2682 100 4353 0
4 26 0 0 19 100 327 0 352 100 603 0 622 100 844 0 866 100 1127 0 1137 100 1363 0 1374 100 1515 0 1525 100 1768 0 1793 100 1977 0 1991 100 2119 0 2132 100 2242 0 2257 100 2455 0 2480 100 2608 0 4353 0
5 26 0 100 97 0 109 100 392 0 409 100 694 0 709 100 1008 0 1024 100 1321 0 1330 100 1629 0 1641 100 1789 0 1801 100 2072 0 2076 100 2309 0 2328 100 2639 0 2646 100 2721 0 2727 100 2878 0 2897 100 4353 0
6 26 0 100 196 0 214 100 362 0 376 100 484 0 496 100 800 0 818 100 1046 0 1061 100 1308 0 1328 100 1508 0 1525 100 1593 0 1604 100 1752 0 1766 100 1950 0 1975 100 2257 0 2264 100 2429 0 2453 100 4353 0
7 26 0 100 131 0 142 100 241 0 254 100 467 0 485 100 765 0 787 100 963 0 965 100 1103 0 1116 100 1189 0 1197 100 1352 0 1369 100 1661 0 1668 100 1805 0 1819 100 1901 0 1908 100 1985 0 2007 100 4353 0
8 26 0 0 2 100 239 0 249 100 553 0 578 100 761 0 771 100 863 0 868 100 1010 0 1021 100 1195 0 1202 100 1272 0 1297 100 1447 0 1453 100 1628 0 1644 100 1860 0 1869 100 2156 0 2163 100 2470 0 4353 0
9 26 0 100 161 0 166 100 444 0 467 100 679 0 688 100 853 0 874 100 1016 0 1022 100 1234 0 1257 100 1517 0 1543 100 1669 0 1695 100 1888 0 1895 100 2173 0 2181 100 2293 0 2306 100 2400 0 2412 100 4353 0
10 26 0 0 23 100 172 0 187 100 300 0 319 100 427 0 450 100 673 0 684 100 838 0 854 100 981 0 985 100 1139 0 1160 100 1348 0 1353 100 1487 0 1499 100 1665 0 1673 100 1932 0 1947 100 2195 0 4353 0
11 26 0 100 259 0 270 100 445 0 457 100 747 0 752 100 1027 0 1029 100 1157 0 1167 100 1426 0 1438 100 1741 0 1751 100 1905 0 1923 100 2222 0 2242 100 2348 0 2357 100 2616 0 2628 100 2804 0 2820 100 4353 0
12 26 0 0 19 100 275 0 288 100 390 0 400 100 606 0 616 100 673 0 698 100 975 0 1000 100 1170 0 1176 100 1350 0 1366 100 1458 0 1460 100 1674 0 1680 100 1862 0 1878 100 2124 0 2128 100 2257 0 4353 0
13 26 0 100 299 0 322 100 448 0 462 100 755 0 758 100 948 0 969 100 1162 0 1179 100 1292 0 1297 100 1482 0 1500 100 1640 0 1665 100 1806 0 1816 100 2099 0 2106 100 2396 0 2410 100 2538 0 2545 100 4353 0
14 26 0 100 233 0 237 100 318 0 336 100 401 0 408 100 662 0 684 100 894 0 904 100 1120 0 1142 100 1277 0 1281 100 1524 0 1528 100 1750 0 1755 100 2058 0 2082 100 2229 0 2240 100 2497 0 2506 100 4353 0
15 26 0 100 116 0 121 100 369 0 394 100 569 0 589 100 816 0 826 100 916 0 931 100 1220 0 1223 100 1301 0 1317 100 1376 0 1390 100 1604 0 1607 100 1839 0 1851 100 2148 0 2156 100 2330 0 2353 100 4353 0
16 26 0 100 208 0 217 100 368 0 389 100 641 0 662 100 850 0 874 100 1032 0 1044 100 1336 0 1346 100 1565 0 1573 100 1731 0 1746 100 1846 0 1860 100 2098 0 2118 100 2184 0 2195 100 2434 0 2441 100 4353 0
17 26 0 100 206 0 226 100 321 0 338 100 422 0 434 100 626 0 636 100 691 0 708 100 868 0 871 100 1055 0 1078 100 1194 0 1219 100 1278 0 1287 100 1425 0 1435 100 1597 0 1599 100 1845 0 1865 100 4353 0
18 26 0 0 24 100 142 0 164 100 440 0 457 100 715 0 730 100 917 0 943 100 1095 0 1105 100 1375 0 1396 100 1628 0 1640 100 1899 0 1919 100 2031 0 2041 100 2232 0 2250 100 2401 0 2413 100 2545 0 4353 0
19 26 0 100 53 0 60 100 360 0 383 100 595 0 610 100 733 0 746 100 850 0 874 100 1116 0 1139 100 1288 0 1309 100 1449 0 1464 100 1550 0 1573 100 1789 0 1799 100 1884 0 1892 100 2004 0 2027 100 4353 0
20 26 0 100 285 0 291 100 485 0 494 100 621 0 630 100 848 0 865 100 923 0 939 100 1080 0 1094 100 1372 0 1387 100 1573 0 1590 100 1735 0 1756 100 1825 0 1847 100 2058 0 2066 100 2280 0 2294 100 4353 0

# TASKS
# Format: <task_id> <size> <num_reqs>
# Then for each requirement: <type_id> <qty>
0 0 5
 0 0
 1 0
 2 0
 3 0
 4 0
1 7 5
 0 0
 1 3
 2 2
 3 0
 4 2
2 18 5
 0 2
 1 1
 2 0
 3 3
 4 2
3 15 5
 0 1
 1 2
 2 2
 3 0
 4 0
4 9 5
 0 1
 1 0
 2 1
 3 0
 4 3
5 16 5
 0 0
 1 0
 2 3
 3 0
 4 0
6 3 5
 0 3
 1 0
 2 1
 3 0
 4 0
7 12 5
 0 0
 1 1
 2 0
 3 0
 4 1
8 6 5
 0 1
 1 3
 2 1
 3 2
 4 2
9 20 5
 0 0
 1 0
 2 1
 3 3
 4 3
10 3 5
 0 1
 1 3
 2 3
 3 0
 4 0
11 14 5
 0 3
 1 2
 2 3
 3 2
 4 2
12 7 5
 0 3
 1 0
 2 3
 3 2
 4 2
13 15 5
 0 2
 1 1
 2 0
 3 0
 4 1
14 4 5
 0 2
 1 3
 2 1
 3 1
 4 0
15 7 5
 0 0
 1 2
 2 0
 3 0
 4 0
16 8 5
 0 3
 1 2
 2 0
 3 2
 4 0
17 12 5
 0 0
 1 1
 2 3
 3 2
 4 0
18 20 5
 0 1
 1 1
 2 2
 3 1
 4 1
19 18 5
 0 0
 1 2
 2 1
 3 0
 4 1
20 7 5
 0 2
 1 2
 2 3
 3 0
 4 2
21 6 5
 0 3
 1 0
 2 2
 3 3
 4 2
22 5 5
 0 1
 1 0
 2 0
 3 1
 4 0
23 14 5
 0 1
 1 1
 2 3
 3 0
 4 0
24 3 5
 0 0
 1 0
 2 1
 3 3
 4 2
25 10 5
 0 3
 1 2
 2 2
 3 0
 4 1
26 5 5
 0 3
 1 1
 2 0
 3 2
 4 3
27 6 5
 0 3
 1 0
 2 0
 3 1
 4 0
28 16 5
 0 3
 1 0
 2 0
 3 2
 4 0
29 2 5
 0 3
 1 1
 2 0
 3 3
 4 0
30 1 5
 0 1
 1 1
 2 0
 3 1
 4 0
31 17 5
 0 0
 1 2
 2 2
 3 3
 4 3
32 3 5
 0 0
 1 0
 2 1
 3 3
 4 1
33 12 5
 0 1
 1 0
 2 0
 3 3
 4 1
34 18 5
 0 0
 1 2
 2 3
 3 0
 4 3
35 11 5
 0 2
 1 0
 2 3
 3 2
 4 0
36 13 5
 0 0
 1 0
 2 3
 3 0
 4 3
37 20 5
 0 0
 1 3
 2 1
 3 0
 4 3
38 20 5
 0 1
 1 2
 2 2
 3 0
 4 0
39 10 5
 0 0
 1 3
 2 3
 3 3
 4 0
40 5 5
 0 1
 1 0
 2 3
 3 0
 4 3
41 18 5
 0 2
 1 2
 2 0
 3 2
 4 0
42 1 5
 0 2
 1 1
 2 1
 3 2
 4 0
43 4 5
 0 0
 1 1
 2 3
 3 3
 4 1
44 16 5
 0 3
 1 0
 2 1
 3 0
 4 3
45 7 5
 0 2
 1 2
 2 0
 3 1
 4 3
46 14 5
 0 0
 1 0
 2 3
 3 2
 4 0
47 9 5
 0 3
 1 0
 2 0
 3 3
 4 2
48 8 5
 0 0
 1 1
 2 2
 3 0
 4 3
49 12 5
 0 0
 1 0
 2 0
 3 0
 4 2
50 5 5
 0 0
 1 0
 2 0
 3 1
 4 3
51 17 5
 0 0
 1 1
 2 0
 3 3
 4 1
52 9 5
 0 0
 1 1
 2 0
 3 3
 4 0
53 17 5
 0 2
 1 0
 2 3
 3 1
 4 1
54 16 5
 0 1
 1 0
 2 1
 3 0
 4 2
55 11 5
 0 1
 1 1
 2 0
 3 2
 4 0
56 5 5
 0 0
 1 2
 2 0
 3 0
 4 1
57 11 5
 0 1
 1 0
 2 2
 3 1
 4 0
58 10 5
 0 0
 1 2
 2 2
 3 3
 4 3
59 11 5
 0 0
 1 2
 2 1
 3 3
 4 0
60 9 5
 0 0
 1 2
 2 0
 3 0
 4 0
61 7 5
 0 0
 1 1
 2 0
 3 0
 4 0
62 11 5
 0 0
 1 3
 2 0
 3 0
 4 3
63 17 5
 0 0
 1 2
 2 1
 3 0
 4 3
64 1 5
 0 0
 1 2
 2 0
 3 3
 4 0
65 16 5
 0 0
 1 0
 2 3
 3 3
 4 0
66 12 5
 0 0
 1 2
 2 0
 3 1
 4 3
67 7 5
 0 2
 1 0
 2 0
 3 0
 4 0
68 16 5
 0 3
 1 0
 2 0
 3 2
 4 2
69 4 5
 0 3
 1 2
 2 1
 3 0
 4 1
70 10 5
 0 3
 1 1
 2 0
 3 1
 4 0
71 17 5
 0 3
 1 3
 2 1
 3 0
 4 2
72 2 5
 0 0
 1 0
 2 0
 3 0
 4 2
73 11 5
 0 3
 1 0
 2 0
 3 1
 4 0
74 13 5
 0 0
 1 0
 2 3
 3 1
 4 2
75 9 5
 0 2
 1 3
 2 2
 3 1
 4 0
76 11 5
 0 0
 1 0
 2 2
 3 1
 4 1
77 3 5
 0 1
 1 0
 2 2
 3 0
 4 2
78 16 5
 0 1
 1 1
 2 2
 3 2
 4 2
79 12 5
 0 0
 1 2
 2 0
 3 3
 4 2
80 13 5
 0 1
 1 1
 2 0
 3 1
 4 3
81 8 5
 0 0
 1 1
 2 0
 3 1
 4 3
82 19 5
 0 3
 1 0
 2 0
 3 3
 4 0
83 15 5
 0 0
 1 1
 2 2
 3 2
 4 1
84 16 5
 0 1
 1 0
 2 2
 3 2
 4 0
85 18 5
 0 3
 1 0
 2 2
 3 0
 4 1
86 9 5
 0 1
 1 0
 2 0
 3 2
 4 0
87 18 5
 0 2
 1 2
 2 0
 3 0
 4 2
88 15 5
 0 3
 1 3
 2 2
 3 1
 4 0
89 14 5
 0 2
 1 1
 2 2
 3 2
 4 0
90 5 5
 0 3
 1 0
 2 3
 3 2
 4 3
91 12 5
 0 1
 1 0
 2 3
 3 0
 4 0
92 2 5
 0 0
 1 1
 2 2
 3 0
 4 0
93 4 5
 0 2
 1 3
 2 3
 3 0
 4 2
94 4 5
 0 0
 1 1
 2 2
 3 1
 4 3
95 8 5
 0 0
 1 0
 2 0
 3 2
 4 0
96 16 5
 0 3
 1 2
 2 3
 3 0
 4 0
97 12 5
 0 1
 1 0
 2 0
 3 0
 4 2
98 5 5
 0 3
 1 1
 2 0
 3 1
 4 1
99 20 5
 0 0
 1 3
 2 3
 3 0
 4 2
100 12 5
 0 0
 1 2
 2 1
 3 0
 4 1
101 14 5
 0 0
 1 0
 2 3
 3 0
 4 3
102 19 5
 0 0
 1 0
 2 1
 3 2
 4 2
103 17 5
 0 3
 1 0
 2 0
 3 0
 4 1
104 14 5
 0 2
 1 1
 2 3
 3 3
 4 1
105 6 5
 0 0
 1 2
 2 0
 3 1
 4 0
106 10 5
 0 1
 1 1
 2 0
 3 0
 4 0
107 4 5
 0 3
 1 1
 2 0
 3 3
 4 0
108 12 5
 0 2
 1 2
 2 0
 3 3
 4 3
109 18 5
 0 0
 1 2
 2 0
 3 0
 4 1
110 14 5
 0 0
 1 0
 2 0
 3 1
 4 0
111 16 5
 0 1
 1 0
 2 3
 3 2
 4 0
112 16 5
 0 0
 1 2
 2 1
 3 3
 4 2
113 4 5
 0 3
 1 0
 2 1
 3 1
 4 3
114 1 5
 0 0
 1 1
 2 2
 3 3
 4 0
115 1 5
 0 0
 1 0
 2 0
 3 3
 4 2
116 18 5
 0 0
 1 1
 2 0
 3 0
 4 1
117 15 5
 0 0
 1 0
 2 0
 3 1
 4 0
118 6 5
 0 0
 1 1
 2 2
 3 2
 4 3
119 17 5
 0 0
 1 0
 2 2
 3 0
 4 0
120 19 5
 0 1
 1 0
 2 0
 3 0
 4 1
121 11 5
 0 3
 1 0
 2 1
 3 3
 4 2
122 11 5
 0 1
 1 0
 2 1
 3 3
 4 0
123 3 5
 0 0
 1 2
 2 0
 3 0
 4 0
124 5 5
 0 1
 1 2
 2 3
 3 0
 4 1
125 10 5
 0 2
 1 3
 2 3
 3 2
 4 1
126 3 5
 0 0
 1 0
 2 0
 3 0
 4 2
127 13 5
 0 2
 1 1
 2 1
 3 0
 4 2
128 18 5
 0 0
 1 2
 2 1
 3 0
 4 0
129 20 5
 0 2
 1 2
 2 0
 3 1
 4 3
130 10 5
 0 0
 1 1
 2 1
 3 0
 4 0
131 3 5
 0 0
 1 2
 2 3
 3 0
 4 2
132 4 5
 0 3
 1 3
 2 0
 3 0
 4 1
133 20 5
 0 3
 1 0
 2 0
 3 3
 4 0
134 17 5
 0 0
 1 0
 2 0
 3 0
 4 3
135 20 5
 0 3
 1 0
 2 2
 3 3
 4 0
136 2 5
 0 0
 1 3
 2 0
 3 3
 4 2
137 9 5
 0 1
 1 0
 2 3
 3 0
 4 2
138 1 5
 0 1
 1 1
 2 0
 3 0
 4 0
139 1 5
 0 0
 1 2
 2 1
 3 0
 4 0
140 1 5
 0 0
 1 1
 2 3
 3 1
 4 2
141 7 5
 0 2
 1 0
 2 0
 3 1
 4 0
142 12 5
 0 2
 1 2
 2 3
 3 3
 4 0
143 18 5
 0 0
 1 0
 2 1
 3 2
 4 2
144 19 5
 0 2
 1 3
 2 2
 3 1
 4 2
145 10 5
 0 0
 1 1
 2 3
 3 0
 4 3
146 13 5
 0 3
 1 1
 2 0
 3 2
 4 1
147 15 5
 0 0
 1 0
 2 0
 3 2
 4 3
148 17 5
 0 0
 1 0
 2 1
 3 3
 4 0
149 10 5
 0 1
 1 1
 2 2
 3 3
 4 3
150 16 5
 0 1
 1 2
 2 3
 3 1
 4 3
151 16 5
 0 0
 1 0
 2 0
 3 0
 4 3
152 15 5
 0 0
 1 3
 2 2
 3 0
 4 0
153 2 5
 0 1
 1 0
 2 3
 3 3
 4 3
154 6 5
 0 0
 1 1
 2 2
 3 0
 4 0
155 11 5
 0 2
 1 0
 2 1
 3 3
 4 1
156 4 5
 0 0
 1 0
 2 0
 3 3
 4 0
157 19 5
 0 2
 1 2
 2 3
 3 2
 4 0
158 7 5
 0 1
 1 3
 2 2
 3 3
 4 3
159 7 5
 0 0
 1 1
 2 0
 3 3
 4 0
160 1 5
 0 1
 1 0
 2 3
 3 0
 4 0
161 2 5
 0 0
 1 0
 2 3
 3 0
 4 1
162 13 5
 0 2
 1 1
 2 3
 3 2
 4 0
163 7 5
 0 1
 1 2
 2 0
 3 1
 4 3
164 1 5
 0 0
 1 1
 2 2
 3 1
 4 0
165 18 5
 0 0
 1 2
 2 0
 3 0
 4 1
166 1 5
 0 2
 1 2
 2 0
 3 3
 4 0
167 19 5
 0 1
 1 0
 2 0
 3 0
 4 3
168 4 5
 0 3
 1 2
 2 0
 3 0
 4 3
169 17 5
 0 2
 1 0
 2 0
 3 0
 4 0
170 15 5
 0 1
 1 1
 2 0
 3 0
 4 0
171 11 5
 0 0
 1 1
 2 3
 3 1
 4 0
172 4 5
 0 0
 1 0
 2 0
 3 3
 4 0
173 17 5
 0 0
 1 0
 2 1
 3 0
 4 0
174 12 5
 0 1
 1 1
 2 0
 3 2
 4 0
175 13 5
 0 2
 1 0
 2 0
 3 2
 4 0
176 9 5
 0 0
 1 3
 2 3
 3 3
 4 0
177 18 5
 0 2
 1 1
 2 0
 3 2
 4 3
178 1 5
 0 0
 1 3
 2 0
 3 2
 4 0
179 20 5
 0 3
 1 0
 2 2
 3 0
 4 2
180 1 5
 0 2
 1 1
 2 0
 3 3
 4 3
181 3 5
 0 3
 1 2
 2 2
 3 3
 4 0
182 14 5
 0 3
 1 1
 2 2
 3 2
 4 0
183 17 5
 0 0
 1 0
 2 0
 3 3
 4 0
184 8 5
 0 0
 1 0
 2 0
 3 1
 4 3
185 12 5
 0 1
 1 2
 2 3
 3 0
 4 0
186 13 5
 0 3
 1 0
 2 1
 3 0
 4 2
187 14 5
 0 3
 1 3
 2 0
 3 3
 4 2
188 9 5
 0 2
 1 3
 2 2
 3 1
 4 3
189 15 5
 0 0
 1 3
 2 0
 3 0
 4 3
190 3 5
 0 3
 1 0
 2 0
 3 1
 4 0
191 18 5
 0 2
 1 3
 2 1
 3 0
 4 3
192 1 5
 0 3
 1 0
 2 0
 3 1
 4 2
193 18 5
 0 0
 1 2
 2 1
 3 3
 4 0
194 13 5
 0 1
 1 2
 2 0
 3 0
 4 2
195 14 5
 0 0
 1 3
 2 0
 3 3
 4 0
196 13 5
 0 0
 1 3
 2 2
 3 3
 4 2
197 16 5
 0 0
 1 2
 2 2
 3 0
 4 2
198 6 5
 0 0
 1 2
 2 3
 3 2
 4 1
199 13 5
 0 2
 1 3
 2 0
 3 0
 4 1
200 17 5
 0 2
 1 3
 2 0
 3 0
 4 3
201 13 5
 0 1
 1 3
 2 3
 3 0
 4 3
202 17 5
 0 2
 1 0
 2 0
 3 3
 4 1
203 12 5
 0 2
 1 2
 2 2
 3 0
 4 0
204 19 5
 0 2
 1 2
 2 2
 3 0
 4 2
205 20 5
 0 1
 1 1
 2 0
 3 3
 4 0
206 8 5
 0 3
 1 1
 2 3
 3 0
 4 0
207 8 5
 0 3
 1 2
 2 0
 3 3
 4 1
208 17 5
 0 2
 1 3
 2 2
 3 1
 4 3
209 14 5
 0 0
 1 0
 2 0
 3 2
 4 2
210 12 5
 0 0
 1 3
 2 2
 3 0
 4 1
211 8 5
 0 0
 1 0
 2 0
 3 2
 4 3
212 19 5
 0 1
 1 0
 2 1
 3 2
 4 0
213 1 5
 0 0
 1 1
 2 2
 3 0
 4 0
214 20 5
 0 1
 1 0
 2 2
 3 1
 4 2
215 11 5
 0 2
 1 0
 2 0
 3 1
 4 0
216 9 5
 0 3
 1 0
 2 3
 3 1
 4 0
217 16 5
 0 3
 1 1
 2 0
 3 1
 4 0
218 3 5
 0 1
 1 2
 2 0
 3 1
 4 0
219 17 5
 0 3
 1 0
 2 2
 3 0
 4 3
220 13 5
 0 2
 1 0
 2 0
 3 0
 4 1
221 2 5
 0 1
 1 0
 2 3
 3 1
 4 0
222 6 5
 0 1
 1 3
 2 2
 3 0
 4 1
223 20 5
 0 1
 1 0
 2 1
 3 0
 4 0
224 14 5
 0 2
 1 2
 2 3
 3 0
 4 0
225 16 5
 0 2
 1 0
 2 0
 3 0
 4 1
226 6 5
 0 1
 1 0
 2 0
 3 0
 4 2
227 9 5
 0 0
 1 0
 2 1
 3 2
 4 0
228 17 5
 0 0
 1 0
 2 0
 3 1
 4 0
229 15 5
 0 0
 1 2
 2 2
 3 0
 4 1
230 10 5
 0 0
 1 0
 2 3
 3 0
 4 0
231 9 5
 0 1
 1 3
 2 1
 3 3
 4 3
232 11 5
 0 1
 1 0
 2 0
 3 1
 4 0
233 9 5
 0 0
 1 0
 2 1
 3 0
 4 0
234 11 5
 0 0
 1 2
 2 0
 3 0
 4 1
235 8 5
 0 3
 1 0
 2 1
 3 2
 4 0
236 8 5
 0 3
 1 3
 2 2
 3 2
 4 2
237 3 5
 0 0
 1 0
 2 0
 3 3
 4 1
238 12 5
 0 0
 1 1
 2 0
 3 1
 4 0
239 5 5
 0 3
 1 3
 2 0
 3 2
 4 0
240 9 5
 0 0
 1 1
 2 0
 3 3
 4 0
241 17 5
 0 1
 1 0
 2 0
 3 0
 4 3
242 14 5
 0 1
 1 3
 2 0
 3 2
 4 2
243 4 5
 0 0
 1 0
 2 3
 3 0
 4 1
244 10 5
 0 0
 1 0
 2 0
 3 2
 4 3
245 14 5
 0 1
 1 2
 2 3
 3 2
 4 2
246 10 5
 0 3
 1 1
 2 3
 3 0
 4 1
247 15 5
 0 3
 1 0
 2 2
 3 0
 4 1
248 17 5
 0 2
 1 3
 2 2
 3 3
 4 0
249 13 5
 0 1
 1 3
 2 0
 3 2
 4 1
250 4 5
 0 3
 1 0
 2 3
 3 3
 4 3
251 7 5
 0 3
 1 1
 2 1
 3 0
 4 2
252 17 5
 0 3
 1 0
 2 1
 3 0
 4 2
253 16 5
 0 3
 1 3
 2 0
 3 0
 4 2
254 2 5
 0 0
 1 1
 2 1
 3 1
 4 0
255 15 5
 0 0
 1 0
 2 1
 3 1
 4 1
256 8 5
 0 1
 1 0
 2 1
 3 1
 4 1
257 5 5
 0 2
 1 0
 2 3
 3 1
 4 1
258 2 5
 0 0
 1 0
 2 3
 3 0
 4 0
259 18 5
 0 3
 1 2
 2 0
 3 3
 4 2
260 1 5
 0 3
 1 3
 2 1
 3 3
 4 3
261 8 5
 0 2
 1 0
 2 3
 3 0
 4 0
262 9 5
 0 0
 1 3
 2 1
 3 1
 4 1
263 5 5
 0 1
 1 3
 2 2
 3 0
 4 0
264 10 5
 0 3
 1 0
 2 1
 3 0
 4 0
265 17 5
 0 0
 1 0
 2 0
 3 0
 4 2
266 5 5
 0 0
 1 2
 2 2
 3 3
 4 0
267 12 5
 0 3
 1 3
 2 1
 3 2
 4 0
268 12 5
 0 1
 1 0
 2 0
 3 0
 4 2
269 6 5
 0 2
 1 2
 2 0
 3 3
 4 0
270 6 5
 0 0
 1 1
 2 1
 3 0
 4 3
271 3 5
 0 3
 1 1
 2 1
 3 3
 4 0
272 9 5
 0 0
 1 0
 2 1
 3 0
 4 0
273 5 5
 0 3
 1 0
 2 2
 3 0
 4 1
274 15 5
 0 0
 1 2
 2 0
 3 1
 4 0
275 2 5
 0 1
 1 3
 2 3
 3 0
 4 0
276 8 5
 0 3
 1 0
 2 1
 3 3
 4 3
277 1 5
 0 1
 1 1
 2 0
 3 0
 4 1
278 12 5
 0 0
 1 3
 2 0
 3 0
 4 2
279 16 5
 0 3
 1 1
 2 2
 3 0
 4 1
280 9 5
 0 2
 1 3
 2 1
 3 0
 4 1
281 3 5
 0 3
 1 0
 2 2
 3 0
 4 0
282 10 5
 0 2
 1 1
 2 3
 3 1
 4 0
283 18 5
 0 1
 1 0
 2 1
 3 3
 4 0
284 10 5
 0 0
 1 2
 2 2
 3 0
 4 0
285 18 5
 0 1
 1 0
 2 0
 3 1
 4 3
286 15 5
 0 1
 1 3
 2 0
 3 2
 4 0
287 2 5
 0 3
 1 0
 2 3
 3 0
 4 0
288 12 5
 0 3
 1 0
 2 3
 3 0
 4 2
289 20 5
 0 0
 1 0
 2 2
 3 3
 4 3
290 8 5
 0 2
 1 3
 2 1
 3 0
 4 0
291 8 5
 0 0
 1 2
 2 3
 3 0
 4 0
292 9 5
 0 1
 1 1
 2 0
 3 0
 4 2
293 9 5
 0 1
 1 1
 2 2
 3 0
 4 0
294 8 5
 0 0
 1 3
 2 0
 3 3
 4 2
295 11 5
 0 3
 1 0
 2 3
 3 0
 4 0
296 8 5
 0 0
 1 1
 2 1
 3 0
 4 2
297 19 5
 0 0
 1 2
 2 2
 3 0
 4 2
298 11 5
 0 3
 1 0
 2 0
 3 3
 4 1
299 9 5
 0 1
 1 0
 2 0
 3 2
 4 0
300 1 5
 0 0
 1 3
 2 2
 3 0
 4 0
301 16 5
 0 3
 1 3
 2 0
 3 2
 4 1
302 4 5
 0 2
 1 1
 2 0
 3 0
 4 2
303 7 5
 0 0
 1 2
 2 0
 3 3
 4 0
304 1 5
 0 3
 1 0
 2 1
 3 2
 4 0
305 14 5
 0 3
 1 3
 2 2
 3 0
 4 2
306 18 5
 0 0
 1 0
 2 1
 3 3
 4 2
307 13 5
 0 3
 1 1
 2 0
 3 0
 4 1
308 16 5
 0 3
 1 0
 2 0
 3 1
 4 0
309 10 5
 0 3
 1 0
 2 2
 3 3
 4 2
310 18 5
 0 3
 1 0
 2 3
 3 2
 4 0
311 9 5
 0 1
 1 0
 2 0
 3 2
 4 0
312 19 5
 0 0
 1 2
 2 1
 3 1
 4 2
313 17 5
 0 0
 1 0
 2 1
 3 0
 4 0
314 16 5
 0 3
 1 3
 2 3
 3 2
 4 3
315 18 5
 0 2
 1 0
 2 1
 3 1
 4 3
316 7 5
 0 0
 1 2
 2 2
 3 0
 4 3
317 2 5
 0 1
 1 1
 2 0
 3 0
 4 0
318 5 5
 0 3
 1 0
 2 1
 3 0
 4 3
319 19 5
 0 1
 1 2
 2 3
 3 0
 4 0
320 16 5
 0 1
 1 0
 2 2
 3 3
 4 2
321 3 5
 0 0
 1 1
 2 0
 3 0
 4 2
322 8 5
 0 0
 1 2
 2 0
 3 2
 4 3
323 9 5
 0 3
 1 1
 2 3
 3 1
 4 0
324 14 5
 0 3
 1 1
 2 1
 3 3
 4 3
325 12 5
 0 2
 1 3
 2 3
 3 3
 4 2
326 17 5
 0 3
 1 3
 2 1
 3 0
 4 0
327 4 5
 0 0
 1 0
 2 0
 3 0
 4 3
328 5 5
 0 0
 1 3
 2 3
 3 0
 4 0
329 1 5
 0 1
 1 0
 2 0
 3 0
 4 1
330 5 5
 0 3
 1 1
 2 0
 3 0
 4 0
331 19 5
 0 1
 1 2
 2 1
 3 1
 4 2
332 6 5
 0 3
 1 0
 2 0
 3 3
 4 2
333 18 5
 0 0
 1 0
 2 0
 3 3
 4 1
334 14 5
 0 0
 1 0
 2 3
 3 0
 4 0
335 14 5
 0 0
 1 1
 2 3
 3 1
 4 3
336 19 5
 0 0
 1 1
 2 3
 3 2
 4 0
337 3 5
 0 0
 1 1
 2 0
 3 0
 4 2
338 12 5
 0 0
 1 1
 2 0
 3 3
 4 1
339 1 5
 0 0
 1 3
 2 0
 3 0
 4 3
340 5 5
 0 3
 1 2
 2 3
 3 0
 4 1
341 18 5
 0 0
 1 0
 2 2
 3 1
 4 3
342 3 5
 0 0
 1 1
 2 2
 3 2
 4 0
343 5 5
 0 1
 1 3
 2 0
 3 1
 4 0
344 4 5
 0 1
 1 2
 2 0
 3 0
 4 2
345 5 5
 0 2
 1 2
 2 2
 3 0
 4 3
346 20 5
 0 2
 1 2
 2 1
 3 0
 4 0
347 2 5
 0 0
 1 0
 2 1
 3 2
 4 0
348 13 5
 0 1
 1 2
 2 2
 3 0
 4 0
349 6 5
 0 2
 1 3
 2 3
 3 2
 4 0
350 10 5
 0 0
 1 0
 2 0
 3 1
 4 2
351 13 5
 0 3
 1 1
 2 1
 3 2
 4 3
352 13 5
 0 1
 1 2
 2 0
 3 2
 4 0
353 7 5
 0 0
 1 0
 2 0
 3 1
 4 0
354 5 5
 0 0
 1 3
 2 0
 3 0
 4 0
355 11 5
 0 0
 1 0
 2 2
 3 1
 4 2
356 3 5
 0 2
 1 1
 2 3
 3 2
 4 0
357 15 5
 0 0
 1 1
 2 0
 3 0
 4 0
358 2 5
 0 0
 1 0
 2 3
 3 2
 4 0
359 19 5
 0 0
 1 1
 2 2
 3 3
 4 1
360 15 5
 0 0
 1 3
 2 0
 3 0
 4 0
361 17 5
 0 0
 1 2
 2 2
 3 0
 4 2
362 11 5
 0 0
 1 2
 2 2
 3 0
 4 0
363 4 5
 0 1
 1 3
 2 1
 3 0
 4 2
364 11 5
 0 0
 1 1
 2 0
 3 2
 4 0
365 1 5
 0 1
 1 3
 2 1
 3 2
 4 2
366 8 5
 0 2
 1 1
 2 0
 3 1
 4 3
367 5 5
 0 1
 1 0
 2 1
 3 3
 4 0
368 20 5
 0 0
 1 3
 2 0
 3 0
 4 0
369 6 5
 0 0
 1 1
 2 1
 3 0
 4 1
370 5 5
 0 0
 1 3
 2 1
 3 1
 4 1
371 5 5
 0 2
 1 0
 2 0
 3 1
 4 3
372 17 5
 0 1
 1 3
 2 1
 3 0
 4 0
373 19 5
 0 3
 1 2
 2 3
 3 2
 4 0
374 2 5
 0 0
 1 1
 2 0
 3 0
 4 0
375 14 5
 0 0
 1 0
 2 3
 3 3
 4 0
376 6 5
 0 0
 1 0
 2 3
 3 2
 4 1
377 15 5
 0 1
 1 0
 2 2
 3 0
 4 3
378 12 5
 0 1
 1 1
 2 2
 3 0
 4 0
379 8 5
 0 2
 1 3
 2 0
 3 2
 4 0
380 13 5
 0 0
 1 2
 2 1
 3 3
 4 0
381 9 5
 0 1
 1 2
 2 0
 3 1
 4 0
382 6 5
 0 3
 1 0
 2 0
 3 3
 4 3
383 7 5
 0 0
 1 0
 2 0
 3 1
 4 1
384 9 5
 0 1
 1 2
 2 0
 3 3
 4 0
385 20 5
 0 0
 1 0
 2 0
 3 0
 4 3
386 18 5
 0 0
 1 0
 2 3
 3 0
 4 3
387 2 5
 0 1
 1 0
 2 1
 3 0
 4 0
388 15 5
 0 3
 1 0
 2 1
 3 3
 4 0
389 1 5
 0 0
 1 3
 2 1
 3 0
 4 0
390 8 5
 0 1
 1 0
 2 1
 3 0
 4 1
391 3 5
 0 3
 1 3
 2 0
 3 0
 4 0
392 4 5
 0 0
 1 0
 2 3
 3 0
 4 3
393 4 5
 0 2
 1 3
 2 1
 3 2
 4 0
394 3 5
 0 0
 1 0
 2 2
 3 0
 4 3
395 12 5
 0 1
 1 1
 2 3
 3 3
 4 1
396 2 5
 0 3
 1 1
 2 0
 3 1
 4 0
397 17 5
 0 0
 1 2
 2 0
 3 1
 4 1
398 10 5
 0 0
 1 1
 2 1
 3 3
 4 1
399 1 5
 0 0
 1 1
 2 0
 3 1
 4 0
400 3 5
 0 1
 1 0
 2 0
 3 0
 4 1
401 9 5
 0 0
 1 2
 2 3
 3 2
 4 3
402 1 5
 0 1
 1 2
 2 1
 3 3
 4 0
403 4 5
 0 0
 1 0
 2 1
 3 0
 4 0
404 4 5
 0 3
 1 3
 2 0
 3 3
 4 1
405 15 5
 0 3
 1 0
 2 1
 3 0
 4 0
406 11 5
 0 0
 1 3
 2 3
 3 1
 4 1
407 14 5
 0 3
 1 1
 2 0
 3 2
 4 1
408 10 5
 0 0
 1 2
 2 0
 3 0
 4 3
409 11 5
 0 1
 1 2
 2 3
 3 3
 4 3
410 13 5
 0 1
 1 1
 2 1
 3 0
 4 0
411 13 5
 0 0
 1 0
 2 0
 3 0
 4 2
412 4 5
 0 0
 1 2
 2 2
 3 1
 4 0
413 16 5
 0 0
 1 0
 2 0
 3 3
 4 0
414 17 5
 0 2
 1 1
 2 0
 3 0
 4 0
415 20 5
 0 0
 1 2
 2 0
 3 0
 4 3
416 17 5
 0 3
 1 0
 2 0
 3 2
 4 0
417 11 5
 0 0
 1 1
 2 0
 3 0
 4 3
418 11 5
 0 0
 1 3
 2 1
 3 1
 4 3
419 17 5
 0 2
 1 0
 2 2
 3 1
 4 0
420 6 5
 0 0
 1 0
 2 3
 3 0
 4 0
421 8 5
 0 2
 1 2
 2 0
 3 2
 4 0
422 14 5
 0 0
 1 1
 2 3
 3 2
 4 0
423 4 5
 0 1
 1 1
 2 3
 3 1
 4 3
424 18 5
 0 0
 1 3
 2 0
 3 0
 4 0
425 11 5
 0 3
 1 1
 2 3
 3 0
 4 1
426 7 5
 0 3
 1 2
 2 1
 3 0
 4 2
427 2 5
 0 2
 1 1
 2 3
 3 1
 4 0
428 15 5
 0 1
 1 2
 2 0
 3 0
 4 1
429 5 5
 0 3
 1 3
 2 2
 3 3
 4 0
430 11 5
 0 3
 1 3
 2 0
 3 2
 4 0
431 19 5
 0 1
 1 2
 2 3
 3 1
 4 0
432 4 5
 0 3
 1 1
 2 0
 3 0
 4 0
433 9 5
 0 1
 1 0
 2 1
 3 1
 4 0
434 1 5
 0 3
 1 3
 2 1
 3 1
 4 1
435 20 5
 0 3
 1 0
 2 3
 3 0
 4 0
436 3 5
 0 3
 1 3
 2 2
 3 2
 4 0
437 9 5
 0 3
 1 0
 2 3
 3 0
 4 1
438 13 5
 0 1
 1 0
 2 3
 3 2
 4 0
439 7 5
 0 1
 1 0
 2 0
 3 0
 4 3
440 4 5
 0 1
 1 2
 2 0
 3 3
 4 0
441 4 5
 0 1
 1 3
 2 1
 3 0
 4 3
442 9 5
 0 0
 1 0
 2 0
 3 1
 4 0
443 11 5
 0 1
 1 0
 2 1
 3 2
 4 1
444 6 5
 0 3
 1 0
 2 0
 3 0
 4 0
445 1 5
 0 0
 1 2
 2 0
 3 0
 4 2
446 19 5
 0 3
 1 1
 2 2
 3 2
 4 0
447 7 5
 0 1
 1 0
 2 0
 3 3
 4 3
448 11 5
 0 2
 1 1
 2 1
 3 1
 4 2
449 9 5
 0 1
 1 0
 2 2
 3 1
 4 0
450 1 5
 0 3
 1 0
 2 0
 3 1
 4 1
451 14 5
 0 0
 1 0
 2 1
 3 1
 4 2
452 3 5
 0 0
 1 1
 2 0
 3 0
 4 0
453 18 5
 0 2
 1 1
 2 1
 3 3
 4 0
454 12 5
 0 3
 1 3
 2 3
 3 1
 4 2
455 10 5
 0 2
 1 2
 2 3
 3 0
 4 3
456 6 5
 0 2
 1 0
 2 0
 3 1
 4 3
457 17 5
 0 0
 1 0
 2 1
 3 0
 4 3
458 19 5
 0 3
 1 2
 2 2
 3 1
 4 1
459 7 5
 0 3
 1 2
 2 0
 3 1
 4 2
460 7 5
 0 3
 1 0
 2 3
 3 0
 4 1
461 3 5
 0 2
 1 0
 2 0
 3 3
 4 2
462 5 5
 0 1
 1 3
 2 0
 3 0
 4 1
463 18 5
 0 0
 1 2
 2 2
 3 1
 4 1
464 12 5
 0 0
 1 0
 2 2
 3 0
 4 0
465 16 5
 0 0
 1 2
 2 0
 3 0
 4 0
466 19 5
 0 0
 1 1
 2 1
 3 1
 4 0
467 3 5
 0 0
 1 0
 2 1
 3 3
 4 0
468 12 5
 0 0
 1 1
 2 0
 3 0
 4 0
469 2 5
 0 1
 1 2
 2 1
 3 0
 4 0
470 1 5
 0 0
 1 3
 2 1
 3 3
 4 1
471 19 5
 0 2
 1 2
 2 0
 3 0
 4 0
472 13 5
 0 0
 1 0
 2 1
 3 0
 4 1
473 19 5
 0 3
 1 2
 2 1
 3 0
 4 3
474 12 5
 0 3
 1 0
 2 0
 3 0
 4 3
475 13 5
 0 3
 1 0
 2 3
 3 2
 4 1
476 16 5
 0 0
 1 0
 2 0
 3 3
 4 1
477 10 5
 0 0
 1 3
 2 0
 3 3
 4 3
478 7 5
 0 3
 1 3
 2 3
 3 1
 4 1
479 8 5
 0 0
 1 2
 2 2
 3 2
 4 3
480 13 5
 0 2
 1 0
 2 2
 3 0
 4 3
481 19 5
 0 3
 1 1
 2 1
 3 0
 4 0
482 19 5
 0 1
 1 0
 2 0
 3 0
 4 0
483 12 5
 0 0
 1 1
 2 1
 3 3
 4 1
484 14 5
 0 0
 1 3
 2 0
 3 0
 4 0
485 20 5
 0 1
 1 3
 2 1
 3 1
 4 2
486 18 5
 0 0
 1 2
 2 1
 3 3
 4 0
487 0 5
 0 0
 1 0
 2 0
 3 0
 4 0

# PRECEDENCES
1122
0 1
0 32
0 63
0 94
0 125
0 156
0 187
0 218
0 249
0 280
0 311
0 342
0 373
0 404
0 435
0 466
1 2
1 32
2 3
2 33
3 4
3 34
3 35
4 5
4 35
5 6
5 36
6 7
6 37
7 8
7 38
8 9
8 39
8 40
9 10
9 40
10 11
10 41
11 12
11 42
12 13
12 43
13 14
13 44
14 15
14 45
14 46
15 16
15 46
15 47
16 17
16 47
17 18
17 48
18 19
18 49
19 20
19 50
20 21
20 51
21 22
21 52
21 53
22 23
22 53
23 24
23 54
23 55
24 25
24 55
25 26
25 56
25 57
26 27
26 57
27 28
27 58
28 29
28 59
28 60
29 30
29 60
30 31
30 61
30 62
31 62
31 487
32 33
32 63
32 64
33 34
33 64
34 35
34 65
35 36
35 66
36 37
36 67
36 68
37 38
37 68
38 39
38 69
39 40
39 70
39 71
40 41
40 71
41 42
41 72
42 43
42 73
43 44
43 74
44 45
44 75
45 46
45 76
46 47
46 77
47 48
47 78
48 49
48 79
49 50
49 80
50 51
50 81
51 52
51 82
52 53
52 83
52 84
53 54
53 84
54 55
54 85
54 86
55 56
55 86
55 87
56 57
56 87
57 58
57 88
58 59
58 89
59 60
59 90
60 61
60 91
61 62
61 92
62 93
62 487
63 64
63 94
63 95
64 65
64 95
64 96
65 66
65 96
65 97
66 67
66 97
66 98
67 68
67 98
67 99
68 69
68 99
68 100
69 70
69 100
69 101
70 71
70 101
70 102
71 72
71 102
72 73
72 103
73 74
73 104
74 75
74 105
75 76
75 106
76 77
76 107
77 78
77 108
77 109
78 79
78 109
79 80
79 110
80 81
80 111
80 112
81 82
81 112
81 113
82 83
82 113
83 84
83 114
83 115
84 85
84 115
85 86
85 116
86 87
86 117
86 118
87 88
87 118
87 119
88 89
88 119
88 120
89 90
89 120
90 91
90 121
91 92
91 122
92 93
92 123
92 124
93 124
93 487
94 95
94 125
95 96
95 126
96 97
96 127
97 98
97 128
98 99
98 129
98 130
99 100
99 130
99 131
100 101
100 131
101 102
101 132
102 103
102 133
102 134
103 104
103 134
103 135
104 105
104 135
104 136
105 106
105 136
106 107
106 137
106 138
107 108
107 138
108 109
108 139
108 140
109 110
109 140
110 111
110 141
110 142
111 112
111 142
111 143
112 113
112 143
112 144
113 114
113 144
113 145
114 115
114 145
115 116
115 146
116 117
116 147
116 148
117 118
117 148
118 119
118 149
119 120
119 150
120 121
120 151
121 122
121 152
122 123
122 153
123 124
123 154
124 155
124 487
125 126
125 156
126 127
126 157
127 128
127 158
127 159
128 129
128 159
129 130
129 160
130 131
130 161
130 162
131 132
131 162
132 133
132 163
133 134
133 164
133 165
134 135
134 165
134 166
135 136
135 166
136 137
136 167
136 168
137 138
137 168
138 139
138 169
139 140
139 170
140 141
140 171
141 142
141 172
142 143
142 173
143 144
143 174
144 145
144 175
145 146
145 176
146 147
146 177
147 148
147 178
148 149
148 179
149 150
149 180
149 181
150 151
150 181
151 152
151 182
152 153
152 183
153 154
153 184
153 185
154 155
154 185
155 186
155 487
156 157
156 187
156 188
157 158
157 188
158 159
158 189
159 160
159 190
160 161
160 191
161 162
161 192
162 163
162 193
163 164
163 194
164 165
164 195
165 166
165 196
165 197
166 167
166 197
167 168
167 198
168 169
168 199
168 200
169 170
169 200
170 171
170 201
171 172
171 202
172 173
172 203
173 174
173 204
174 175
174 205
174 206
175 176
175 206
176 177
176 207
176 208
177 178
177 208
178 179
178 209
179 180
179 210
180 181
180 211
181 182
181 212
182 183
182 213
183 184
183 214
184 185
184 215
184 216
185 186
185 216
185 217
186 217
186 487
187 188
187 218
188 189
188 219
188 220
189 190
189 220
189 221
190 191
190 221
191 192
191 222
192 193
192 223
192 224
193 194
193 224
194 195
194 225
195 196
195 226
196 197
196 227
196 228
197 198
197 228
198 199
198 229
199 200
199 230
200 201
200 231
201 202
201 232
202 203
202 233
202 234
203 204
203 234
203 235
204 205
204 235
205 206
205 236
206 207
206 237
207 208
207 238
207 239
208 209
208 239
208 240
209 210
209 240
210 211
210 241
211 212
211 242
212 213
212 243
212 244
213 214
213 244
213 245
214 215
214 245
214 246
215 216
215 246
216 217
216 247
216 248
217 248
217 487
218 219
218 249
219 220
219 250
219 251
220 221
220 251
221 222
221 252
222 223
222 253
223 224
223 254
224 225
224 255
225 226
225 256
226 227
226 257
226 258
227 228
227 258
227 259
228 229
228 259
229 230
229 260
230 231
230 261
231 232
231 262
231 263
232 233
232 263
232 264
233 234
233 264
233 265
234 235
234 265
234 266
235 236
235 266
235 267
236 237
236 267
237 238
237 268
238 239
238 269
239 240
239 270
240 241
240 271
240 272
241 242
241 272
242 243
242 273
243 244
243 274
244 245
244 275
244 276
245 246
245 276
245 277
246 247
246 277
247 248
247 278
248 279
248 487
249 250
249 280
249 281
250 251
250 281
251 252
251 282
251 283
252 253
252 283
253 254
253 284
254 255
254 285
254 286
255 256
255 286
255 287
256 257
256 287
256 288
257 258
257 288
258 259
258 289
259 260
259 290
259 291
260 261
260 291
261 262
261 292
261 293
262 263
262 293
263 264
263 294
264 265
264 295
265 266
265 296
265 297
266 267
266 297
267 268
267 298
268 269
268 299
269 270
269 300
270 271
270 301
271 272
271 302
272 273
272 303
273 274
273 304
274 275
274 305
275 276
275 306
275 307
276 277
276 307
277 278
277 308
277 309
278 279
278 309
278 310
279 310
279 487
280 281
280 311
280 312
281 282
281 312
281 313
282 283
282 313
282 314
283 284
283 314
283 315
284 285
284 315
285 286
285 316
286 287
286 317
287 288
287 318
288 289
288 319
288 320
289 290
289 320
289 321
290 291
290 321
291 292
291 322
292 293
292 323
293 294
293 324
293 325
294 295
294 325
295 296
295 326
296 297
296 327
296 328
297 298
297 328
298 299
298 329
298 330
299 300
299 330
299 331
300 301
300 331
301 302
301 332
302 303
302 333
303 304
303 334
303 335
304 305
304 335
304 336
305 306
305 336
306 307
306 337
307 308
307 338
308 309
308 339
309 310
309 340
310 341
310 487
311 312
311 342
312 313
312 343
313 314
313 344
313 345
314 315
314 345
315 316
315 346
315 347
316 317
316 347
316 348
317 318
317 348
317 349
318 319
318 349
319 320
319 350
320 321
320 351
321 322
321 352
321 353
322 323
322 353
323 324
323 354
324 325
324 355
325 326
325 356
326 327
326 357
326 358
327 328
327 358
328 329
328 359
328 360
329 330
329 360
330 331
330 361
331 332
331 362
332 333
332 363
333 334
333 364
334 335
334 365
335 336
335 366
336 337
336 367
337 338
337 368
338 339
338 369
339 340
339 370
340 341
340 371
341 372
341 487
342 343
342 373
342 374
343 344
343 374
343 375
344 345
344 375
344 376
345 346
345 376
346 347
346 377
347 348
347 378
348 349
348 379
348 380
349 350
349 380
349 381
350 351
350 381
351 352
351 382
351 383
352 353
352 383
352 384
353 354
353 384
354 355
354 385
355 356
355 386
355 387
356 357
356 387
357 358
357 388
357 389
358 359
358 389
358 390
359 360
359 390
359 391
360 361
360 391
360 392
361 362
361 392
362 363
362 393
363 364
363 394
364 365
364 395
364 396
365 366
365 396
365 397
366 367
366 397
367 368
367 398
368 369
368 399
368 400
369 370
369 400
370 371
370 401
371 372
371 402
372 403
372 487
373 374
373 404
374 375
374 405
375 376
375 406
376 377
376 407
377 378
377 408
377 409
378 379
378 409
379 380
379 410
379 411
380 381
380 411
381 382
381 412
382 383
382 413
383 384
383 414
384 385
384 415
385 386
385 416
385 417
386 387
386 417
387 388
387 418
388 389
388 419
389 390
389 420
390 391
390 421
391 392
391 422
391 423
392 393
392 423
392 424
393 394
393 424
394 395
394 425
395 396
395 426
395 427
396 397
396 427
397 398
397 428
397 429
398 399
398 429
399 400
399 430
400 401
400 431
401 402
401 432
402 403
402 433
403 434
403 487
404 405
404 435
405 406
405 436
406 407
406 437
407 408
407 438
408 409
408 439
409 410
409 440
409 441
410 411
410 441
411 412
411 442
411 443
412 413
412 443
413 414
413 444
414 415
414 445
414 446
415 416
415 446
415 447
416 417
416 447
416 448
417 418
417 448
417 449
418 419
418 449
419 420
419 450
420 421
420 451
421 422
421 452
422 423
422 453
423 424
423 454
424 425
424 455
424 456
425 426
425 456
426 427
426 457
427 428
427 458
428 429
428 459
429 430
429 460
430 431
430 461
431 432
431 462
431 463
432 433
432 463
433 434
433 464
434 465
434 487
435 436
435 466
435 467
436 437
436 467
437 438
437 468
438 439
438 469
439 440
439 470
440 441
440 471
440 472
441 442
441 472
442 443
442 473
443 444
443 474
444 445
444 475
445 446
445 476
446 447
446 477
446 478
447 448
447 478
447 479
448 449
448 479
449 450
449 480
450 451
450 481
451 452
451 482
452 453
452 483
453 454
453 484
454 455
454 485
454 486
455 456
455 486
456 457
457 458
458 459
459 460
460 461
461 462
462 463
463 464
464 465
465 487
466 467
466 487
467 468
467 487
468 469
468 487
469 470
469 487
470 471
470 487
471 472
471 487
472 473
472 487
473 474
473 487
474 475
474 487
475 476
475 487
476 477
476 487
477 478
477 487
478 479
478 487
479 480
479 487
480 481
480 487
481 482
481 487
482 483
482 487
483 484
483 487
484 485
484 487
485 486
485 487
486 487
