# Tier 7 (Very Large) - Instance 54
# Generated with config: N=411, K=4, topology=random_dag, calendar=random

# HEADER: <num_tasks> <num_types> <num_units>
413 4 22

# RESOURCE TYPES
# Format: <type_id> <num_units> <unit_id1> <unit_id2> ...
0 8 0 1 2 3 4 5 6 7
1 5 8 9 10 11 12
2 4 13 14 15 16
3 5 17 18 19 20 21

# RESOURCE UNITS (Calendars)
# Format: <unit_id> <num_steps> <t1> <v1> <t2> <v2> ...
0 26 0 0 22 100 287 0 293 100 371 0 378 100 555 0 576 100 767 0 775 100 959 0 966 100 1187 0 1200 100 1398 0 1420 100 1475 0 1484 100 1736 0 1742 100 1816 0 1838 100 1937 0 1960 100 2243 0 3954 0
1 26 0 100 93 0 115 100 240 0 242 100 468 0 479 100 726 0 730 100 859 0 873 100 1070 0 1080 100 1294 0 1310 100 1583 0 1597 100 1703 0 1716 100 1878 0 1887 100 2121 0 2132 100 2381 0 2392 100 3954 0
2 26 0 100 281 0 299 100 400 0 418 100 466 0 470 100 580 0 582 100 822 0 842 100 999 0 1011 100 1272 0 1283 100 1554 0 1562 100 1776 0 1779 100 1875 0 1889 100 2057 0 2061 100 2137 0 2151 100 3954 0
3 26 0 0 7 100 221 0 242 100 305 0 318 100 420 0 422 100 558 0 571 100 798 0 804 100 987 0 1003 100 1158 0 1175 100 1454 0 1463 100 1540 0 1560 100 1819 0 1832 100 1946 0 1948 100 2145 0 3954 0
4 26 0 0 11 100 74 0 80 100 204 0 220 100 462 0 472 100 528 0 534 100 717 0 721 100 917 0 920 100 1194 0 1210 100 1492 0 1499 100 1576 0 1586 100 1646 0 1652 100 1803 0 1820 100 2028 0 3954 0
5 26 0 100 60 0 77 100 352 0 367 100 612 0 630 100 717 0 735 100 811 0 828 100 881 0 900 100 1144 0 1165 100 1319 0 1338 100 1498 0 1516 100 1743 0 1763 100 1943 0 1951 100 2231 0 2245 100 3954 0
6 26 0 0 4 100 88 0 97 100 360 0 383 100 518 0 524 100 777 0 780 100 878 0 895 100 1038 0 1058 100 1179 0 1188 100 1277 0 1289 100 1471 0 1488 100 1689 0 1705 100 1817 0 1837 100 2074 0 3954 0
7 26 0 100 127 0 135 100 406 0 427 100 670 0 673 100 928 0 941 100 991 0 1002 100 1274 0 1282 100 1351 0 1364 100 1524 0 1532 100 1640 0 1661 100 1725 0 1731 100 1984 0 1986 100 2210 0 2225 100 3954 0
8 26 0 100 156 0 178 100 289 0 295 100 480 0 485 100 645 0 650 100 717 0 721 100 841 0 848 100 915 0 927 100 1194 0 1198 100 1376 0 1386 100 1657 0 1665 100 1850 0 1870 100 1999 0 2002 100 3954 0
9 26 0 100 137 0 140 100 333 0 337 100 504 0 524 100 748 0 764 100 1009 0 1031 100 1136 0 1147 100 1197 0 1202 100 1412 0 1422 100 1560 0 1568 100 1829 0 1838 100 2034 0 2055 100 2215 0 2228 100 3954 0
10 26 0 0 10 100 184 0 200 100 283 0 295 100 465 0 479 100 746 0 757 100 876 0 889 100 1033 0 1039 100 1118 0 1129 100 1398 0 1401 100 1656 0 1663 100 1844 0 1859 100 1997 0 2016 100 2138 0 3954 0
11 26 0 100 204 0 222 100 291 0 310 100 578 0 592 100 840 0 846 100 967 0 972 100 1252 0 1275 100 1509 0 1517 100 1790 0 1802 100 1991 0 1993 100 2205 0 2223 100 2476 0 2479 100 2584 0 2587 100 3954 0
12 26 0 100 71 0 79 100 192 0 210 100 425 0 434 100 573 0 580 100 632 0 635 100 794 0 797 100 942 0 959 100 1212 0 1231 100 1507 0 1523 100 1771 0 1784 100 1852 0 1857 100 1937 0 1941 100 3954 0
13 26 0 100 83 0 98 100 285 0 303 100 383 0 396 100 564 0 587 100 764 0 785 100 1039 0 1046 100 1106 0 1117 100 1180 0 1188 100 1270 0 1284 100 1492 0 1494 100 1548 0 1557 100 1793 0 1803 100 3954 0
14 26 0 0 17 100 284 0 304 100 468 0 483 100 631 0 645 100 877 0 897 100 1131 0 1140 100 1295 0 1300 100 1438 0 1456 100 1644 0 1657 100 1812 0 1835 100 1893 0 1910 100 2187 0 2203 100 2312 0 3954 0
15 26 0 100 221 0 236 100 432 0 446 100 650 0 672 100 953 0 969 100 1151 0 1157 100 1400 0 1410 100 1682 0 1685 100 1924 0 1932 100 2018 0 2027 100 2113 0 2131 100 2293 0 2298 100 2356 0 2369 100 3954 0
16 26 0 0 9 100 280 0 287 100 499 0 513 100 581 0 604 100 728 0 740 100 893 0 915 100 1080 0 1103 100 1197 0 1215 100 1407 0 1412 100 1489 0 1498 100 1732 0 1747 100 1810 0 1832 100 2098 0 3954 0
17 26 0 100 181 0 185 100 382 0 405 100 659 0 670 100 950 0 954 100 1110 0 1123 100 1383 0 1397 100 1596 0 1598 100 1861 0 1865 100 2018 0 2038 100 2310 0 2313 100 2398 0 2420 100 2600 0 2604 100 3954 0
18 26 0 100 245 0 268 100 388 0 407 100 515 0 526 100 791 0 813 100 880 0 894 100 1153 0 1156 100 1261 0 1265 100 1348 0 1355 100 1540 0 1544 100 1677 0 1695 100 1909 0 1932 100 1988 0 2005 100 3954 0
19 26 0 100 69 0 73 100 300 0 322 100 521 0 529 100 629 0 642 100 884 0 907 100 1009 0 1011 100 1086 0 1097 100 1314 0 1316 100 1491 0 1494 100 1684 0 1693 100 1886 0 1899 100 1962 0 1980 100 3954 0
20 26 0 0 6 100 73 0 77 100 186 0 198 100 274 0 280 100 493 0 502 100 743 0 756 100 954 0 961 100 1085 0 1104 100 1308 0 1311 100 1429 0 1450 100 1559 0 1570 100 1622 0 1626 100 1701 0 3954 0
21 26 0 0 12 100 251 0 257 100 352 0 355 100 481 0 493 100 708 0 719 100 928 0 949 100 1032 0 1045 100 1209 0 1228 100 1393 0 1413 100 1656 0 1667 100 1714 0 1720 100 1776 0 1779 100 1955 0 3954 0

# TASKS
# Format: <task_id> <size> <num_reqs>
# Then for each requirement: <type_id> <qty>
0 0 4
 0 0
 1 0
 2 0
 3 0
1 15 4
 0 2
 1 3
 2 3
 3 0
2 6 4
 0 1
 1 0
 2 1
 3 2
3 19 4
 0 3
 1 0
 2 0
 3 1
4 13 4
 0 3
 1 3
 2 1
 3 0
5 12 4
 0 3
 1 1
 2 3
 3 0
6 2 4
 0 3
 1 3
 2 0
 3 0
7 14 4
 0 0
 1 0
 2 0
 3 1
8 19 4
 0 0
 1 1
 2 2
 3 3
9 7 4
 0 0
 1 3
 2 3
 3 2
10 1 4
 0 0
 1 1
 2 2
 3 0
11 9 4
 0 0
 1 3
 2 0
 3 1
12 17 4
 0 2
 1 0
 2 1
 3 0
13 20 4
 0 1
 1 0
 2 1
 3 3
14 15 4
 0 1
 1 0
 2 2
 3 0
15 2 4
 0 1
 1 1
 2 3
 3 1
16 10 4
 0 0
 1 2
 2 3
 3 2
17 15 4
 0 3
 1 1
 2 2
 3 3
18 18 4
 0 1
 1 0
 2 1
 3 0
19 15 4
 0 0
 1 0
 2 2
 3 1
20 13 4
 0 1
 1 2
 2 2
 3 3
21 11 4
 0 3
 1 2
 2 1
 3 2
22 12 4
 0 0
 1 1
 2 2
 3 1
23 20 4
 0 0
 1 2
 2 0
 3 2
24 14 4
 0 3
 1 0
 2 0
 3 2
25 19 4
 0 0
 1 0
 2 0
 3 1
26 17 4
 0 1
 1 0
 2 1
 3 3
27 9 4
 0 0
 1 1
 2 0
 3 0
28 7 4
 0 1
 1 0
 2 0
 3 0
29 15 4
 0 0
 1 0
 2 2
 3 0
30 10 4
 0 2
 1 2
 2 0
 3 2
31 1 4
 0 2
 1 0
 2 0
 3 1
32 16 4
 0 0
 1 2
 2 1
 3 1
33 16 4
 0 3
 1 0
 2 2
 3 0
34 17 4
 0 0
 1 3
 2 0
 3 1
35 1 4
 0 3
 1 1
 2 3
 3 1
36 3 4
 0 1
 1 2
 2 0
 3 2
37 8 4
 0 3
 1 2
 2 0
 3 1
38 14 4
 0 3
 1 0
 2 0
 3 3
39 11 4
 0 2
 1 2
 2 0
 3 3
40 16 4
 0 2
 1 0
 2 0
 3 1
41 9 4
 0 2
 1 3
 2 0
 3 3
42 6 4
 0 3
 1 0
 2 0
 3 0
43 2 4
 0 1
 1 2
 2 2
 3 0
44 16 4
 0 2
 1 2
 2 1
 3 2
45 14 4
 0 0
 1 2
 2 1
 3 0
46 17 4
 0 0
 1 1
 2 0
 3 1
47 18 4
 0 1
 1 1
 2 0
 3 1
48 16 4
 0 0
 1 0
 2 1
 3 0
49 3 4
 0 1
 1 2
 2 3
 3 3
50 5 4
 0 2
 1 3
 2 0
 3 2
51 6 4
 0 2
 1 0
 2 1
 3 0
52 15 4
 0 2
 1 3
 2 2
 3 0
53 10 4
 0 1
 1 2
 2 0
 3 0
54 15 4
 0 3
 1 0
 2 0
 3 1
55 19 4
 0 0
 1 2
 2 0
 3 1
56 16 4
 0 2
 1 2
 2 3
 3 0
57 13 4
 0 0
 1 1
 2 0
 3 0
58 12 4
 0 3
 1 0
 2 2
 3 0
59 7 4
 0 1
 1 1
 2 3
 3 0
60 17 4
 0 0
 1 0
 2 2
 3 1
61 19 4
 0 1
 1 0
 2 0
 3 0
62 17 4
 0 3
 1 3
 2 0
 3 3
63 9 4
 0 0
 1 3
 2 2
 3 0
64 19 4
 0 0
 1 0
 2 0
 3 3
65 13 4
 0 0
 1 2
 2 0
 3 0
66 18 4
 0 0
 1 3
 2 2
 3 1
67 20 4
 0 3
 1 1
 2 1
 3 2
68 4 4
 0 0
 1 2
 2 1
 3 1
69 6 4
 0 2
 1 0
 2 0
 3 0
70 4 4
 0 1
 1 3
 2 1
 3 0
71 7 4
 0 0
 1 0
 2 2
 3 0
72 16 4
 0 3
 1 2
 2 1
 3 3
73 7 4
 0 0
 1 0
 2 1
 3 3
74 19 4
 0 3
 1 0
 2 0
 3 0
75 1 4
 0 0
 1 2
 2 2
 3 3
76 8 4
 0 2
 1 3
 2 1
 3 1
77 4 4
 0 3
 1 0
 2 0
 3 3
78 1 4
 0 2
 1 0
 2 3
 3 2
79 19 4
 0 2
 1 0
 2 2
 3 1
80 16 4
 0 3
 1 1
 2 1
 3 1
81 5 4
 0 2
 1 0
 2 2
 3 0
82 7 4
 0 3
 1 2
 2 3
 3 1
83 15 4
 0 0
 1 0
 2 1
 3 0
84 8 4
 0 0
 1 2
 2 0
 3 1
85 17 4
 0 0
 1 0
 2 3
 3 2
86 7 4
 0 1
 1 0
 2 0
 3 1
87 19 4
 0 2
 1 2
 2 1
 3 2
88 4 4
 0 0
 1 1
 2 0
 3 0
89 5 4
 0 2
 1 2
 2 0
 3 0
90 18 4
 0 0
 1 1
 2 0
 3 3
91 5 4
 0 3
 1 2
 2 3
 3 2
92 15 4
 0 3
 1 0
 2 2
 3 0
93 3 4
 0 0
 1 1
 2 1
 3 2
94 8 4
 0 0
 1 3
 2 0
 3 2
95 17 4
 0 1
 1 2
 2 3
 3 2
96 9 4
 0 0
 1 0
 2 1
 3 0
97 3 4
 0 0
 1 0
 2 2
 3 1
98 5 4
 0 2
 1 2
 2 2
 3 0
99 13 4
 0 0
 1 3
 2 3
 3 3
100 7 4
 0 3
 1 0
 2 1
 3 2
101 11 4
 0 0
 1 0
 2 0
 3 3
102 18 4
 0 0
 1 3
 2 0
 3 0
103 15 4
 0 0
 1 0
 2 1
 3 1
104 4 4
 0 2
 1 0
 2 0
 3 1
105 16 4
 0 2
 1 0
 2 0
 3 1
106 8 4
 0 2
 1 2
 2 1
 3 3
107 5 4
 0 1
 1 2
 2 0
 3 1
108 12 4
 0 2
 1 1
 2 0
 3 1
109 20 4
 0 0
 1 0
 2 0
 3 1
110 5 4
 0 2
 1 3
 2 3
 3 1
111 15 4
 0 0
 1 1
 2 1
 3 1
112 10 4
 0 3
 1 0
 2 2
 3 3
113 1 4
 0 3
 1 3
 2 0
 3 0
114 7 4
 0 0
 1 1
 2 2
 3 2
115 8 4
 0 0
 1 0
 2 0
 3 2
116 4 4
 0 3
 1 0
 2 0
 3 0
117 15 4
 0 0
 1 2
 2 0
 3 0
118 13 4
 0 1
 1 0
 2 1
 3 0
119 19 4
 0 3
 1 0
 2 1
 3 0
120 6 4
 0 0
 1 1
 2 3
 3 2
121 4 4
 0 0
 1 3
 2 0
 3 0
122 20 4
 0 0
 1 1
 2 2
 3 0
123 18 4
 0 3
 1 1
 2 0
 3 2
124 3 4
 0 0
 1 0
 2 3
 3 0
125 3 4
 0 0
 1 3
 2 0
 3 0
126 18 4
 0 2
 1 0
 2 2
 3 1
127 1 4
 0 0
 1 1
 2 0
 3 1
128 11 4
 0 2
 1 1
 2 3
 3 0
129 16 4
 0 0
 1 2
 2 0
 3 3
130 15 4
 0 2
 1 2
 2 0
 3 0
131 10 4
 0 1
 1 0
 2 1
 3 2
132 16 4
 0 2
 1 3
 2 2
 3 0
133 6 4
 0 1
 1 0
 2 0
 3 0
134 19 4
 0 3
 1 3
 2 1
 3 3
135 10 4
 0 1
 1 0
 2 0
 3 0
136 18 4
 0 1
 1 3
 2 2
 3 0
137 7 4
 0 2
 1 3
 2 1
 3 3
138 10 4
 0 1
 1 1
 2 3
 3 3
139 14 4
 0 0
 1 0
 2 0
 3 1
140 14 4
 0 0
 1 1
 2 0
 3 2
141 5 4
 0 2
 1 2
 2 0
 3 2
142 20 4
 0 3
 1 0
 2 2
 3 1
143 15 4
 0 0
 1 1
 2 2
 3 0
144 14 4
 0 0
 1 0
 2 1
 3 2
145 7 4
 0 3
 1 2
 2 3
 3 0
146 20 4
 0 3
 1 1
 2 0
 3 1
147 18 4
 0 1
 1 0
 2 0
 3 2
148 4 4
 0 0
 1 1
 2 3
 3 0
149 3 4
 0 0
 1 2
 2 0
 3 0
150 1 4
 0 2
 1 0
 2 2
 3 2
151 8 4
 0 0
 1 2
 2 3
 3 0
152 19 4
 0 2
 1 3
 2 2
 3 2
153 9 4
 0 1
 1 3
 2 0
 3 2
154 19 4
 0 3
 1 2
 2 3
 3 3
155 13 4
 0 0
 1 3
 2 3
 3 0
156 16 4
 0 2
 1 0
 2 0
 3 0
157 6 4
 0 2
 1 1
 2 0
 3 0
158 10 4
 0 3
 1 1
 2 2
 3 1
159 5 4
 0 0
 1 0
 2 1
 3 0
160 14 4
 0 1
 1 1
 2 2
 3 2
161 20 4
 0 3
 1 1
 2 2
 3 0
162 1 4
 0 2
 1 0
 2 1
 3 3
163 11 4
 0 1
 1 2
 2 3
 3 1
164 11 4
 0 0
 1 1
 2 1
 3 0
165 7 4
 0 2
 1 3
 2 1
 3 1
166 10 4
 0 0
 1 2
 2 2
 3 1
167 1 4
 0 1
 1 1
 2 1
 3 2
168 8 4
 0 0
 1 2
 2 0
 3 0
169 1 4
 0 0
 1 0
 2 1
 3 1
170 7 4
 0 0
 1 2
 2 1
 3 3
171 20 4
 0 0
 1 0
 2 0
 3 3
172 14 4
 0 3
 1 3
 2 0
 3 2
173 18 4
 0 3
 1 0
 2 0
 3 0
174 19 4
 0 0
 1 0
 2 1
 3 0
175 20 4
 0 2
 1 0
 2 1
 3 0
176 10 4
 0 1
 1 3
 2 0
 3 1
177 2 4
 0 2
 1 0
 2 1
 3 0
178 8 4
 0 3
 1 0
 2 2
 3 1
179 12 4
 0 1
 1 1
 2 2
 3 3
180 16 4
 0 0
 1 0
 2 0
 3 1
181 4 4
 0 0
 1 1
 2 1
 3 0
182 13 4
 0 0
 1 3
 2 2
 3 1
183 9 4
 0 0
 1 2
 2 3
 3 0
184 11 4
 0 2
 1 3
 2 1
 3 3
185 4 4
 0 2
 1 3
 2 3
 3 3
186 2 4
 0 0
 1 0
 2 1
 3 0
187 6 4
 0 2
 1 2
 2 2
 3 1
188 15 4
 0 0
 1 2
 2 0
 3 0
189 4 4
 0 2
 1 0
 2 0
 3 3
190 10 4
 0 3
 1 1
 2 0
 3 1
191 11 4
 0 2
 1 0
 2 3
 3 0
192 13 4
 0 3
 1 3
 2 0
 3 0
193 7 4
 0 2
 1 2
 2 0
 3 0
194 9 4
 0 0
 1 3
 2 0
 3 1
195 3 4
 0 1
 1 0
 2 0
 3 1
196 1 4
 0 0
 1 0
 2 3
 3 1
197 10 4
 0 3
 1 0
 2 2
 3 2
198 20 4
 0 0
 1 0
 2 3
 3 0
199 4 4
 0 0
 1 2
 2 1
 3 3
200 11 4
 0 2
 1 2
 2 0
 3 2
201 18 4
 0 0
 1 1
 2 0
 3 0
202 5 4
 0 0
 1 0
 2 0
 3 3
203 17 4
 0 1
 1 0
 2 1
 3 3
204 6 4
 0 3
 1 0
 2 0
 3 3
205 18 4
 0 2
 1 1
 2 0
 3 3
206 5 4
 0 0
 1 3
 2 0
 3 2
207 4 4
 0 0
 1 2
 2 0
 3 0
208 2 4
 0 1
 1 2
 2 2
 3 3
209 7 4
 0 0
 1 1
 2 1
 3 1
210 6 4
 0 0
 1 1
 2 3
 3 0
211 17 4
 0 1
 1 2
 2 1
 3 0
212 17 4
 0 2
 1 0
 2 2
 3 0
213 6 4
 0 0
 1 0
 2 2
 3 1
214 18 4
 0 0
 1 3
 2 3
 3 3
215 2 4
 0 2
 1 2
 2 3
 3 1
216 14 4
 0 3
 1 1
 2 2
 3 0
217 8 4
 0 2
 1 2
 2 0
 3 0
218 18 4
 0 0
 1 1
 2 2
 3 0
219 16 4
 0 0
 1 1
 2 0
 3 0
220 11 4
 0 0
 1 1
 2 1
 3 0
221 10 4
 0 2
 1 3
 2 2
 3 3
222 14 4
 0 3
 1 1
 2 0
 3 1
223 9 4
 0 3
 1 2
 2 0
 3 0
224 17 4
 0 0
 1 0
 2 3
 3 3
225 15 4
 0 3
 1 0
 2 1
 3 2
226 4 4
 0 0
 1 0
 2 3
 3 1
227 13 4
 0 0
 1 0
 2 1
 3 0
228 11 4
 0 0
 1 0
 2 3
 3 1
229 5 4
 0 0
 1 0
 2 3
 3 2
230 9 4
 0 0
 1 2
 2 2
 3 0
231 1 4
 0 1
 1 0
 2 3
 3 0
232 18 4
 0 0
 1 0
 2 1
 3 0
233 5 4
 0 1
 1 3
 2 1
 3 0
234 16 4
 0 3
 1 0
 2 1
 3 0
235 14 4
 0 3
 1 3
 2 0
 3 0
236 7 4
 0 3
 1 0
 2 0
 3 0
237 10 4
 0 1
 1 3
 2 2
 3 0
238 19 4
 0 1
 1 0
 2 2
 3 3
239 13 4
 0 0
 1 0
 2 0
 3 1
240 1 4
 0 3
 1 2
 2 1
 3 0
241 20 4
 0 2
 1 0
 2 0
 3 2
242 2 4
 0 0
 1 0
 2 0
 3 1
243 2 4
 0 1
 1 1
 2 2
 3 3
244 8 4
 0 2
 1 3
 2 0
 3 2
245 1 4
 0 0
 1 3
 2 0
 3 0
246 16 4
 0 0
 1 1
 2 3
 3 0
247 6 4
 0 0
 1 1
 2 3
 3 1
248 4 4
 0 0
 1 0
 2 3
 3 0
249 13 4
 0 3
 1 1
 2 0
 3 1
250 14 4
 0 0
 1 0
 2 0
 3 3
251 18 4
 0 2
 1 3
 2 0
 3 0
252 1 4
 0 2
 1 1
 2 3
 3 0
253 4 4
 0 2
 1 0
 2 0
 3 1
254 5 4
 0 1
 1 2
 2 0
 3 1
255 17 4
 0 1
 1 2
 2 0
 3 1
256 16 4
 0 3
 1 2
 2 0
 3 0
257 19 4
 0 0
 1 0
 2 2
 3 0
258 20 4
 0 0
 1 1
 2 3
 3 2
259 18 4
 0 0
 1 1
 2 1
 3 0
260 12 4
 0 0
 1 2
 2 1
 3 1
261 12 4
 0 0
 1 3
 2 2
 3 1
262 17 4
 0 0
 1 1
 2 1
 3 2
263 16 4
 0 0
 1 3
 2 3
 3 3
264 13 4
 0 3
 1 0
 2 1
 3 3
265 3 4
 0 1
 1 0
 2 2
 3 1
266 13 4
 0 0
 1 0
 2 3
 3 0
267 5 4
 0 3
 1 0
 2 0
 3 2
268 20 4
 0 2
 1 1
 2 2
 3 0
269 3 4
 0 0
 1 0
 2 0
 3 1
270 9 4
 0 3
 1 2
 2 1
 3 0
271 1 4
 0 0
 1 3
 2 1
 3 3
272 5 4
 0 0
 1 2
 2 2
 3 1
273 20 4
 0 1
 1 0
 2 2
 3 0
274 16 4
 0 1
 1 0
 2 3
 3 1
275 20 4
 0 0
 1 0
 2 2
 3 0
276 11 4
 0 2
 1 0
 2 1
 3 0
277 9 4
 0 3
 1 0
 2 0
 3 3
278 17 4
 0 1
 1 0
 2 0
 3 1
279 19 4
 0 1
 1 3
 2 1
 3 0
280 11 4
 0 2
 1 2
 2 0
 3 3
281 7 4
 0 0
 1 3
 2 0
 3 2
282 14 4
 0 0
 1 0
 2 3
 3 0
283 6 4
 0 2
 1 3
 2 1
 3 1
284 9 4
 0 3
 1 0
 2 0
 3 0
285 12 4
 0 0
 1 0
 2 0
 3 3
286 15 4
 0 3
 1 1
 2 3
 3 0
287 7 4
 0 3
 1 0
 2 0
 3 0
288 11 4
 0 3
 1 0
 2 0
 3 1
289 18 4
 0 2
 1 0
 2 1
 3 1
290 14 4
 0 1
 1 0
 2 3
 3 0
291 16 4
 0 0
 1 3
 2 3
 3 3
292 6 4
 0 0
 1 1
 2 2
 3 2
293 3 4
 0 2
 1 0
 2 0
 3 0
294 17 4
 0 0
 1 1
 2 0
 3 0
295 1 4
 0 2
 1 2
 2 3
 3 0
296 10 4
 0 1
 1 1
 2 1
 3 2
297 10 4
 0 0
 1 2
 2 3
 3 0
298 16 4
 0 0
 1 2
 2 1
 3 1
299 3 4
 0 0
 1 3
 2 1
 3 2
300 1 4
 0 0
 1 1
 2 3
 3 2
301 9 4
 0 0
 1 1
 2 0
 3 2
302 10 4
 0 3
 1 1
 2 2
 3 1
303 16 4
 0 1
 1 1
 2 0
 3 2
304 8 4
 0 0
 1 0
 2 0
 3 2
305 19 4
 0 3
 1 0
 2 0
 3 3
306 4 4
 0 3
 1 0
 2 3
 3 1
307 16 4
 0 2
 1 0
 2 3
 3 0
308 14 4
 0 2
 1 3
 2 0
 3 1
309 2 4
 0 2
 1 0
 2 0
 3 2
310 7 4
 0 0
 1 3
 2 2
 3 0
311 7 4
 0 2
 1 0
 2 0
 3 1
312 15 4
 0 3
 1 0
 2 2
 3 2
313 4 4
 0 0
 1 1
 2 3
 3 2
314 13 4
 0 0
 1 1
 2 0
 3 1
315 19 4
 0 0
 1 2
 2 0
 3 0
316 8 4
 0 0
 1 1
 2 2
 3 2
317 12 4
 0 2
 1 0
 2 0
 3 1
318 19 4
 0 1
 1 0
 2 3
 3 0
319 15 4
 0 0
 1 0
 2 2
 3 1
320 7 4
 0 3
 1 2
 2 0
 3 1
321 12 4
 0 0
 1 1
 2 1
 3 0
322 14 4
 0 0
 1 0
 2 3
 3 0
323 19 4
 0 0
 1 0
 2 1
 3 1
324 14 4
 0 2
 1 2
 2 0
 3 2
325 6 4
 0 1
 1 0
 2 3
 3 1
326 9 4
 0 2
 1 3
 2 0
 3 1
327 12 4
 0 1
 1 0
 2 3
 3 2
328 14 4
 0 3
 1 2
 2 0
 3 2
329 6 4
 0 0
 1 2
 2 0
 3 0
330 13 4
 0 2
 1 3
 2 3
 3 1
331 6 4
 0 1
 1 0
 2 0
 3 2
332 12 4
 0 1
 1 2
 2 2
 3 0
333 5 4
 0 2
 1 2
 2 1
 3 3
334 4 4
 0 1
 1 3
 2 0
 3 0
335 14 4
 0 0
 1 1
 2 2
 3 0
336 2 4
 0 0
 1 2
 2 3
 3 0
337 1 4
 0 3
 1 0
 2 0
 3 0
338 19 4
 0 0
 1 0
 2 1
 3 0
339 10 4
 0 3
 1 0
 2 0
 3 0
340 1 4
 0 1
 1 2
 2 2
 3 3
341 12 4
 0 1
 1 0
 2 2
 3 3
342 18 4
 0 0
 1 1
 2 1
 3 3
343 6 4
 0 3
 1 3
 2 2
 3 0
344 4 4
 0 0
 1 3
 2 0
 3 1
345 4 4
 0 0
 1 0
 2 0
 3 1
346 3 4
 0 0
 1 0
 2 2
 3 0
347 9 4
 0 3
 1 3
 2 0
 3 2
348 1 4
 0 2
 1 0
 2 1
 3 0
349 1 4
 0 3
 1 1
 2 0
 3 1
350 18 4
 0 0
 1 2
 2 0
 3 1
351 20 4
 0 3
 1 1
 2 2
 3 1
352 20 4
 0 2
 1 2
 2 3
 3 1
353 19 4
 0 0
 1 3
 2 1
 3 1
354 6 4
 0 0
 1 0
 2 0
 3 2
355 14 4
 0 2
 1 0
 2 0
 3 3
356 7 4
 0 1
 1 0
 2 1
 3 0
357 8 4
 0 2
 1 1
 2 2
 3 0
358 17 4
 0 3
 1 0
 2 1
 3 2
359 18 4
 0 0
 1 0
 2 2
 3 0
360 13 4
 0 3
 1 0
 2 0
 3 0
361 18 4
 0 1
 1 3
 2 0
 3 3
362 4 4
 0 2
 1 1
 2 0
 3 3
363 17 4
 0 2
 1 0
 2 3
 3 0
364 13 4
 0 2
 1 0
 2 0
 3 0
365 13 4
 0 0
 1 0
 2 0
 3 1
366 20 4
 0 1
 1 3
 2 3
 3 0
367 5 4
 0 0
 1 3
 2 3
 3 2
368 10 4
 0 0
 1 1
 2 0
 3 1
369 10 4
 0 0
 1 0
 2 0
 3 1
370 2 4
 0 1
 1 2
 2 0
 3 3
371 1 4
 0 1
 1 1
 2 2
 3 1
372 19 4
 0 2
 1 0
 2 2
 3 1
373 11 4
 0 0
 1 2
 2 0
 3 1
374 2 4
 0 1
 1 3
 2 1
 3 1
375 2 4
 0 2
 1 2
 2 0
 3 0
376 7 4
 0 0
 1 0
 2 1
 3 0
377 14 4
 0 3
 1 0
 2 0
 3 1
378 15 4
 0 0
 1 0
 2 1
 3 0
379 16 4
 0 1
 1 0
 2 0
 3 2
380 13 4
 0 2
 1 2
 2 0
 3 1
381 20 4
 0 0
 1 0
 2 0
 3 2
382 10 4
 0 1
 1 2
 2 2
 3 0
383 7 4
 0 0
 1 1
 2 3
 3 0
384 2 4
 0 1
 1 2
 2 3
 3 3
385 6 4
 0 3
 1 0
 2 0
 3 0
386 12 4
 0 2
 1 2
 2 2
 3 3
387 1 4
 0 2
 1 0
 2 0
 3 1
388 5 4
 0 2
 1 0
 2 3
 3 2
389 19 4
 0 2
 1 3
 2 0
 3 0
390 2 4
 0 3
 1 3
 2 0
 3 0
391 4 4
 0 0
 1 1
 2 0
 3 0
392 20 4
 0 2
 1 0
 2 1
 3 2
393 16 4
 0 1
 1 3
 2 1
 3 0
394 8 4
 0 1
 1 0
 2 2
 3 2
395 7 4
 0 0
 1 2
 2 3
 3 3
396 17 4
 0 0
 1 0
 2 1
 3 0
397 6 4
 0 1
 1 2
 2 0
 3 3
398 16 4
 0 0
 1 1
 2 3
 3 1
399 18 4
 0 0
 1 0
 2 2
 3 3
400 7 4
 0 3
 1 1
 2 2
 3 1
401 6 4
 0 2
 1 0
 2 1
 3 1
402 10 4
 0 2
 1 2
 2 3
 3 0
403 20 4
 0 1
 1 3
 2 3
 3 1
404 9 4
 0 2
 1 2
 2 0
 3 2
405 19 4
 0 0
 1 2
 2 0
 3 1
406 20 4
 0 0
 1 3
 2 1
 3 0
407 5 4
 0 2
 1 1
 2 1
 3 3
408 2 4
 0 1
 1 3
 2 0
 3 2
409 5 4
 0 1
 1 1
 2 3
 3 1
410 8 4
 0 0
 1 0
 2 2
 3 2
411 13 4
 0 2
 1 1
 2 0
 3 0
412 0 4
 0 0
 1 0
 2 0
 3 0

# PRECEDENCES
2050
0 3
0 8
0 13
0 15
0 19
0 20
0 26
0 27
0 30
0 31
0 32
0 33
0 36
0 38
0 39
0 41
0 42
0 43
0 44
0 51
0 52
0 53
0 54
0 58
0 59
0 63
0 65
0 70
0 72
0 73
0 76
0 78
0 88
0 91
0 92
0 96
0 97
0 100
0 102
0 104
0 105
0 107
0 110
0 112
0 116
0 126
0 127
0 128
0 131
0 135
0 136
0 138
0 140
0 141
0 144
0 145
0 147
0 148
0 149
0 158
0 159
0 164
0 165
0 167
0 168
0 170
0 176
0 177
0 191
0 196
0 197
0 200
0 202
0 203
0 209
0 214
0 216
0 221
0 225
0 226
0 228
0 233
0 235
0 236
0 240
0 241
0 244
0 246
0 254
0 256
0 257
0 259
0 261
0 264
0 271
0 273
0 275
0 281
0 286
0 287
0 290
0 293
0 296
0 297
0 302
0 311
0 312
0 313
0 316
0 318
0 327
0 330
0 342
0 345
0 346
0 347
0 351
0 353
0 354
0 356
0 357
0 358
0 367
0 369
0 370
0 371
0 376
0 381
0 382
0 383
0 384
0 385
0 387
0 388
0 389
0 395
0 396
0 402
0 404
0 405
0 407
0 408
0 409
0 410
1 2
1 86
1 161
1 162
1 306
2 50
2 87
2 137
2 380
3 71
3 95
3 245
3 269
3 357
3 363
3 390
4 35
4 166
4 255
4 343
5 11
5 133
5 182
5 320
5 348
6 93
6 205
6 230
6 282
6 308
6 386
7 46
7 94
7 253
7 255
7 320
7 339
8 90
8 180
8 192
8 230
8 397
9 157
9 181
9 182
9 400
10 137
10 192
10 206
10 218
11 120
11 181
11 205
11 338
11 348
11 365
11 380
12 81
12 181
12 298
12 323
12 380
13 11
13 152
13 207
14 11
14 22
14 134
15 25
15 112
15 130
15 133
15 199
15 403
16 157
16 173
16 337
17 11
17 93
17 103
17 134
17 194
17 201
17 274
18 46
18 50
18 56
18 160
18 232
18 268
18 399
19 10
19 55
19 113
19 263
19 308
19 399
20 87
20 142
20 189
20 243
20 247
20 288
20 352
21 50
21 160
21 237
22 17
22 199
22 289
22 406
23 50
23 93
23 294
23 344
24 87
24 161
24 230
24 291
24 298
24 339
25 412
26 51
26 134
26 169
26 174
26 229
26 237
26 238
27 11
27 130
27 143
27 167
27 174
27 224
27 351
28 181
28 224
28 331
29 46
29 61
29 133
29 143
29 205
29 331
30 9
30 48
30 268
30 378
30 398
31 34
31 53
31 114
31 212
31 253
32 119
32 125
32 297
32 337
33 95
33 105
33 151
33 270
33 273
33 293
33 383
34 48
34 124
34 187
34 270
34 362
34 399
35 163
35 183
35 373
36 77
36 153
36 160
36 179
36 277
36 319
37 83
37 95
37 143
37 190
37 195
37 340
37 386
38 60
38 123
38 321
38 374
39 46
39 146
39 206
39 230
39 297
40 12
40 263
40 326
41 29
41 103
41 136
41 350
42 5
42 50
42 118
42 151
42 192
42 312
42 411
43 51
43 150
43 215
43 248
43 374
43 405
44 292
44 304
44 374
44 411
45 1
45 68
45 98
46 25
46 79
46 154
46 224
47 37
47 143
47 211
47 230
47 325
47 411
48 12
48 50
48 79
48 172
48 224
48 253
49 66
49 99
49 151
49 161
49 364
49 365
49 378
50 146
50 308
50 360
50 377
50 378
50 403
51 75
51 108
51 110
51 152
51 269
51 294
51 320
52 14
52 28
52 197
52 260
52 306
52 349
52 365
53 25
53 319
53 331
53 333
54 14
54 174
54 238
54 297
54 339
55 93
55 219
55 250
55 262
55 322
56 24
56 46
56 66
56 201
56 211
56 224
57 174
57 194
57 201
57 303
57 322
58 143
58 180
58 252
58 299
58 394
59 50
59 81
59 89
59 120
59 161
59 178
59 270
60 95
60 183
60 190
60 193
60 403
61 106
61 132
61 154
61 181
61 276
61 326
62 48
62 57
62 122
62 160
62 282
63 28
63 109
63 121
63 237
63 240
63 273
63 317
64 103
64 179
64 189
64 224
64 265
64 300
64 390
65 160
65 227
65 289
65 330
65 361
66 132
66 161
66 190
66 403
67 125
67 134
67 253
68 9
68 16
68 46
68 190
68 299
68 377
68 411
69 190
69 298
69 323
69 339
70 28
70 108
70 153
70 167
70 279
71 180
71 335
71 336
71 379
72 21
72 47
72 156
72 186
72 212
72 325
73 40
73 193
73 266
74 18
74 22
74 132
74 208
74 223
74 309
74 322
75 119
75 120
75 157
75 224
75 274
75 348
76 5
76 54
76 254
76 306
76 377
76 410
77 154
77 291
77 359
77 400
78 61
78 117
78 278
78 362
79 412
80 232
80 242
80 251
80 266
80 329
80 406
81 137
81 143
81 230
82 146
82 157
82 239
82 365
83 137
83 190
83 224
83 270
83 326
83 328
84 23
84 178
84 308
84 378
85 117
85 230
85 291
86 412
87 25
87 86
87 360
88 9
88 85
88 86
88 231
88 362
89 237
89 326
89 378
90 77
90 190
90 333
91 119
91 130
91 193
91 239
91 386
92 101
92 115
92 217
92 229
92 258
93 86
93 106
93 117
93 130
93 323
93 364
93 366
94 83
94 130
94 146
94 161
94 366
95 46
95 61
95 183
95 355
96 232
96 280
96 290
96 330
96 367
97 4
97 63
97 65
97 86
97 117
97 339
97 364
98 83
98 87
98 119
98 320
99 67
99 85
99 108
99 132
99 181
99 190
99 323
100 181
100 238
100 278
100 364
101 47
101 103
101 253
101 315
101 319
101 377
101 378
102 5
102 48
102 197
102 284
102 323
102 360
102 391
103 66
103 308
103 333
104 32
104 53
104 98
105 160
105 229
105 294
105 299
105 315
105 329
106 412
107 1
107 23
107 73
107 94
107 241
107 249
108 66
108 81
108 119
108 173
108 230
108 326
108 378
109 108
109 183
109 364
110 5
110 23
110 85
110 155
110 297
111 81
111 201
111 250
112 213
112 232
112 289
112 335
112 370
113 40
113 81
113 139
113 249
113 283
114 60
114 69
114 86
114 125
114 332
114 337
114 392
115 79
115 86
115 143
115 161
115 237
115 348
116 28
116 148
116 199
116 246
116 258
116 278
117 87
117 143
117 270
117 274
117 289
117 319
117 325
118 2
118 199
118 237
119 25
119 125
119 195
119 339
120 50
120 323
120 377
121 154
121 178
121 205
122 85
122 115
122 291
122 319
122 378
123 111
123 134
123 146
123 181
123 269
123 339
124 46
124 85
124 121
125 412
126 41
126 46
126 137
126 161
126 240
126 245
126 348
127 39
127 46
127 178
127 268
127 308
127 377
127 389
128 49
128 87
128 105
128 238
128 255
128 317
128 325
129 61
129 182
129 217
129 224
129 229
129 340
129 398
130 412
131 109
131 119
131 184
131 291
131 320
131 332
131 359
132 412
133 106
133 137
133 237
133 289
133 339
134 154
134 291
134 323
134 360
134 403
135 320
135 333
135 334
135 340
135 399
136 21
136 85
136 153
137 412
138 62
138 108
138 121
138 310
138 334
139 98
139 319
139 338
139 403
140 73
140 199
140 279
140 284
141 50
141 66
141 194
141 242
141 309
141 372
142 187
142 201
142 213
142 321
143 412
144 80
144 298
144 300
144 304
144 336
145 17
145 46
145 215
145 270
145 338
146 412
147 14
147 160
147 178
148 46
148 145
148 160
148 187
148 196
148 230
148 336
149 7
149 49
149 71
149 82
149 300
150 75
150 77
150 82
150 252
150 270
150 348
151 412
152 181
152 193
152 260
153 190
153 194
153 255
153 321
154 79
154 143
154 190
154 230
154 325
155 12
155 163
155 360
156 25
156 122
156 194
156 374
157 50
157 125
157 133
157 151
157 308
157 328
157 403
158 54
158 70
158 165
158 193
158 197
159 114
159 150
159 220
159 350
159 359
159 363
160 75
160 79
160 119
161 412
162 18
162 34
162 83
162 215
162 314
162 329
163 9
163 81
163 87
163 133
163 182
163 195
164 122
164 151
164 260
164 269
164 365
165 38
165 84
165 93
165 407
166 23
166 139
166 260
167 152
167 219
167 224
167 372
168 64
168 69
168 267
168 374
169 125
169 154
169 163
169 232
169 282
169 359
170 31
170 111
170 132
170 142
170 282
170 357
170 363
171 117
171 178
171 359
172 183
172 205
172 403
173 86
173 125
173 146
173 151
173 161
173 270
173 366
174 68
174 121
174 157
174 231
174 380
175 115
175 285
175 403
176 113
176 229
176 268
177 7
177 93
177 296
177 306
177 309
177 341
178 83
178 117
178 190
178 205
178 348
178 380
179 85
179 161
179 359
179 401
180 178
180 329
180 338
181 106
181 146
181 289
181 291
182 125
182 133
182 137
182 224
182 230
182 323
183 106
183 130
183 137
183 195
183 276
183 291
183 298
184 90
184 111
184 129
184 180
184 230
185 143
185 172
185 201
185 224
185 229
185 322
186 125
186 307
186 372
187 93
187 238
187 253
188 120
188 121
188 386
189 143
189 338
189 360
189 364
189 403
190 412
191 23
191 125
191 161
191 232
191 353
192 75
192 89
192 154
192 172
192 183
192 189
193 50
193 130
193 190
193 270
193 326
193 339
193 365
194 86
194 98
194 109
194 115
194 210
194 335
194 400
195 412
196 21
196 28
196 93
196 195
196 323
197 125
197 144
197 151
197 304
197 377
198 67
198 230
198 282
198 294
198 317
198 377
199 6
199 67
199 198
200 186
200 305
200 332
201 108
201 181
201 224
202 196
202 208
202 273
203 49
203 210
203 277
203 282
203 309
203 362
204 50
204 188
204 217
205 79
205 87
205 143
205 270
205 276
206 6
206 132
206 134
206 299
206 321
206 323
206 343
207 80
207 201
207 377
207 391
208 47
208 125
208 163
208 173
208 229
208 315
208 348
209 64
209 84
209 260
210 9
210 81
210 82
210 89
210 331
210 338
210 386
211 224
211 332
211 364
212 24
212 166
212 232
212 245
212 363
212 378
213 94
213 201
213 321
213 360
214 11
214 68
214 89
214 155
214 349
214 356
215 6
215 146
215 172
215 174
215 180
215 250
216 29
216 68
216 112
216 133
216 154
216 310
217 50
217 274
217 331
218 61
218 66
218 94
218 120
218 269
218 279
219 205
219 229
219 406
220 103
220 213
220 234
220 282
220 331
220 338
220 340
221 25
221 33
221 183
221 196
221 222
221 225
221 318
222 25
222 119
222 253
222 282
222 292
222 350
223 6
223 29
223 35
223 270
223 315
223 362
224 132
224 146
224 270
224 331
224 378
225 81
225 199
225 263
225 292
226 74
226 175
226 363
226 377
227 9
227 83
227 194
227 232
227 335
228 142
228 300
228 317
229 66
229 133
229 161
229 182
229 230
229 291
230 412
231 119
231 183
231 201
231 255
231 386
232 157
232 195
232 326
232 392
233 95
233 129
233 280
233 349
233 366
233 368
234 95
234 157
234 359
235 24
235 126
235 203
235 301
235 335
236 187
236 242
236 268
236 280
236 300
236 301
236 341
237 412
238 201
238 321
238 372
239 125
239 270
239 308
240 54
240 107
240 146
240 172
240 195
240 364
241 24
241 40
241 189
241 231
241 322
241 379
242 75
242 169
242 227
242 262
242 280
243 171
243 183
243 321
243 378
244 22
244 106
244 140
244 154
244 267
244 324
244 358
245 49
245 111
245 118
246 49
246 61
246 157
246 364
247 130
247 263
247 375
247 394
248 89
248 98
248 130
248 146
248 269
248 274
248 392
249 66
249 69
249 75
249 169
249 285
249 295
249 321
250 115
250 157
250 338
251 28
251 40
251 83
251 124
251 157
251 229
251 255
252 40
252 49
252 211
252 251
252 291
252 392
252 400
253 190
253 224
253 274
253 339
253 380
254 83
254 182
254 364
255 25
255 106
255 115
255 119
255 325
255 331
255 339
256 86
256 172
256 401
257 35
257 277
257 322
258 93
258 108
258 125
258 182
258 289
258 291
258 332
259 163
259 272
259 406
260 29
260 46
260 132
260 143
260 205
260 298
260 373
261 1
261 24
261 137
261 302
262 35
262 163
262 199
262 229
262 373
263 132
263 134
263 224
263 282
263 337
263 348
264 11
264 301
264 390
264 398
265 67
265 137
265 183
265 237
265 253
265 328
265 380
266 23
266 117
266 280
267 234
267 237
267 386
268 9
268 47
268 89
268 111
268 172
268 237
269 46
269 69
269 143
270 412
271 82
271 154
271 196
271 272
271 347
271 352
271 393
272 50
272 94
272 130
272 143
272 172
272 205
272 210
273 59
273 193
273 253
273 335
273 397
274 412
275 62
275 115
275 152
276 412
277 25
277 93
277 201
277 230
277 270
278 9
278 24
278 192
278 364
278 380
279 320
279 378
279 380
280 2
280 125
280 154
280 217
280 272
280 321
281 39
281 56
281 59
281 147
281 154
281 188
281 377
282 132
282 291
282 378
283 83
283 189
283 237
283 331
283 397
284 7
284 117
284 118
284 130
284 154
284 181
284 189
285 87
285 157
285 289
285 292
285 304
285 317
285 338
286 36
286 56
286 120
286 156
286 245
287 21
287 161
287 182
287 266
287 353
287 372
288 143
288 268
288 401
289 412
290 5
290 155
290 157
290 184
290 238
290 243
290 336
291 412
292 154
292 298
292 326
292 339
293 31
293 53
293 90
293 142
293 171
293 326
294 11
294 82
294 337
294 364
294 378
294 386
294 392
295 66
295 155
295 258
295 274
296 69
296 71
296 145
296 171
296 179
296 342
297 83
297 130
297 153
297 182
297 239
297 317
298 146
298 151
298 195
298 237
298 289
298 308
298 360
299 24
299 86
299 190
299 279
299 348
300 46
300 87
300 169
300 172
300 362
300 378
301 50
301 157
301 260
301 270
301 274
301 360
302 86
302 87
302 322
302 379
303 17
303 152
303 268
303 403
304 119
304 146
304 151
304 360
305 129
305 317
305 393
306 12
306 83
306 190
306 255
306 285
306 328
306 359
307 7
307 211
307 317
307 386
308 412
309 25
309 75
309 125
309 185
309 308
309 337
309 344
310 77
310 101
310 123
310 218
310 348
310 386
310 399
311 110
311 187
311 295
312 67
312 265
312 363
312 378
313 120
313 125
313 189
314 47
314 66
314 77
314 181
314 182
314 194
314 268
315 67
315 89
315 201
315 299
316 21
316 182
316 223
316 293
317 85
317 108
317 279
317 282
317 380
317 386
318 18
318 272
318 282
319 146
319 190
319 377
320 125
320 224
320 270
320 338
320 348
321 274
321 289
321 308
322 24
322 93
322 270
323 132
323 151
323 237
323 360
323 366
323 377
324 49
324 108
324 122
324 278
324 335
325 412
326 79
326 86
326 146
326 276
326 325
326 378
327 4
327 155
327 204
327 298
327 324
327 343
327 362
328 25
328 125
328 146
329 61
329 69
329 95
329 201
329 217
329 320
330 292
330 295
330 339
331 412
332 81
332 87
332 106
333 87
333 130
333 239
333 360
334 190
334 277
334 339
335 130
335 229
335 282
335 289
335 333
335 366
335 400
336 67
336 75
336 119
336 134
336 250
336 348
337 79
337 130
337 132
337 154
337 274
337 326
337 366
338 79
338 86
338 270
338 289
338 377
339 412
340 125
340 173
340 224
341 71
341 75
341 120
341 292
341 329
341 335
341 397
342 32
342 108
342 220
342 258
342 397
342 401
343 28
343 82
343 184
343 251
344 24
344 85
344 282
344 332
345 100
345 135
345 248
345 411
346 206
346 278
346 341
347 46
347 82
347 253
347 336
348 412
349 25
349 79
349 180
350 161
350 199
350 248
350 272
350 317
350 380
350 386
351 83
351 114
351 174
351 392
352 90
352 305
352 317
352 403
353 14
353 248
353 307
353 375
354 18
354 24
354 108
354 188
354 260
354 333
355 46
355 66
355 230
355 348
356 18
356 121
356 129
356 377
357 120
357 313
357 315
357 318
357 365
358 21
358 42
358 153
358 154
358 336
358 353
358 362
359 85
359 282
359 294
360 412
361 14
361 18
361 95
361 193
361 222
361 258
361 279
362 94
362 122
362 139
362 151
362 400
363 178
363 359
363 360
363 397
364 86
364 115
364 195
364 377
365 25
365 106
365 270
365 323
366 412
367 73
367 212
367 299
367 323
367 333
367 374
367 403
368 64
368 284
368 336
369 50
369 152
369 241
369 372
370 59
370 219
370 248
370 292
370 334
371 39
371 73
371 104
371 143
371 211
371 277
372 152
372 153
372 192
372 260
372 326
372 348
373 83
373 117
373 195
373 308
374 114
374 151
374 362
374 377
375 67
375 134
375 217
375 322
376 213
376 258
376 389
377 412
378 412
379 69
379 183
379 229
379 289
379 292
379 338
379 339
380 81
380 190
380 230
380 339
381 103
381 122
381 161
381 179
381 210
381 323
382 232
382 269
382 322
382 366
382 375
383 25
383 122
383 237
384 164
384 174
384 190
384 198
384 254
384 291
385 65
385 110
385 241
385 300
385 304
385 375
385 376
386 46
386 61
386 81
386 195
386 308
386 325
386 366
387 12
387 316
387 321
388 115
388 124
388 199
388 312
388 358
388 373
389 130
389 164
389 184
389 224
390 48
390 166
390 315
391 2
391 5
391 7
391 125
391 143
391 161
391 319
392 115
392 328
392 380
393 118
393 130
393 231
393 363
394 60
394 269
394 379
395 279
395 288
395 365
396 143
396 225
396 280
396 308
396 343
396 359
397 24
397 201
397 276
397 335
397 364
397 406
397 411
398 83
398 289
398 400
399 2
399 28
399 137
399 411
400 146
400 173
400 291
400 298
401 6
401 23
401 119
401 125
402 17
402 217
402 267
402 361
402 373
402 393
403 412
404 45
404 300
404 411
405 106
405 305
405 325
405 350
406 24
406 66
406 86
406 115
406 173
406 289
407 67
407 125
407 135
407 180
407 279
407 333
407 340
408 114
408 223
408 286
408 382
408 405
409 90
409 152
409 342
409 398
410 147
410 217
410 361
410 362
411 69
411 270
411 308
411 323
