# Tier 7 (Very Large) - Instance 47
# Generated with config: N=484, K=5, topology=random_dag, calendar=staggered

# HEADER: <num_tasks> <num_types> <num_units>
486 5 25

# RESOURCE TYPES
# Format: <type_id> <num_units> <unit_id1> <unit_id2> ...
0 6 0 1 2 3 4 5
1 4 6 7 8 9
2 5 10 11 12 13 14
3 4 15 16 17 18
4 6 19 20 21 22 23 24

# RESOURCE UNITS (Calendars)
# Format: <unit_id> <num_steps> <t1> <v1> <t2> <v2> ...
0 25 0 100 1 0 56 100 380 0 436 100 760 0 817 100 1144 0 1198 100 1525 0 1582 100 1905 0 1961 100 2283 0 2339 100 2661 0 2718 100 3044 0 3099 100 3423 0 3479 100 3801 0 3857 100 4179 0 4569 0
1 25 0 100 14 0 72 100 393 0 447 100 769 0 825 100 1151 0 1208 100 1534 0 1591 100 1914 0 1971 100 2292 0 2349 100 2675 0 2733 100 3056 0 3113 100 3437 0 3492 100 3815 0 3872 100 4194 0 4569 0
2 25 0 100 29 0 75 100 407 0 455 100 788 0 833 100 1165 0 1212 100 1549 0 1594 100 1929 0 1976 100 2307 0 2352 100 2687 0 2734 100 3071 0 3118 100 3455 0 3501 100 3835 0 3882 100 4215 0 4569 0
3 25 0 100 46 0 97 100 422 0 475 100 803 0 857 100 1183 0 1237 100 1567 0 1620 100 1947 0 1997 100 2326 0 2380 100 2708 0 2760 100 3085 0 3137 100 3467 0 3519 100 3847 0 3899 100 4224 0 4569 0
4 25 0 100 61 0 118 100 443 0 500 100 824 0 878 100 1201 0 1255 100 1579 0 1633 100 1956 0 2011 100 2336 0 2393 100 2718 0 2773 100 3099 0 3155 100 3482 0 3537 100 3865 0 3918 100 4240 0 4569 0
5 25 0 100 76 0 118 100 457 0 501 100 839 0 883 100 1219 0 1262 100 1601 0 1644 100 1979 0 2022 100 2357 0 2400 100 2735 0 2776 100 3114 0 3155 100 3492 0 3535 100 3873 0 3915 100 4255 0 4569 0
6 25 0 100 92 0 130 100 467 0 506 100 849 0 888 100 1229 0 1269 100 1610 0 1650 100 1989 0 2030 100 2371 0 2412 100 2751 0 2790 100 3131 0 3171 100 3509 0 3550 100 3888 0 3929 100 4268 0 4569 0
7 25 0 100 104 0 145 100 480 0 525 100 864 0 907 100 1241 0 1282 100 1619 0 1663 100 2002 0 2045 100 2384 0 2425 100 2764 0 2806 100 3140 0 3185 100 3524 0 3566 100 3902 0 3946 100 4281 0 4569 0
8 25 0 100 122 0 154 100 502 0 534 100 885 0 915 100 1263 0 1294 100 1642 0 1674 100 2023 0 2054 100 2404 0 2436 100 2783 0 2813 100 3160 0 3191 100 3539 0 3568 100 3918 0 3950 100 4301 0 4569 0
9 25 0 100 138 0 188 100 519 0 569 100 895 0 947 100 1273 0 1323 100 1650 0 1699 100 2026 0 2079 100 2409 0 2461 100 2789 0 2840 100 3169 0 3220 100 3550 0 3603 100 3930 0 3983 100 4310 0 4569 0
10 25 0 100 153 0 213 100 531 0 590 100 913 0 974 100 1298 0 1356 100 1678 0 1736 100 2054 0 2114 100 2434 0 2493 100 2812 0 2871 100 3193 0 3253 100 3571 0 3629 100 3953 0 4011 100 4334 0 4569 0
11 25 0 100 168 0 229 100 544 0 607 100 923 0 985 100 1302 0 1364 100 1682 0 1744 100 2062 0 2123 100 2442 0 2503 100 2819 0 2880 100 3200 0 3264 100 3581 0 3643 100 3960 0 4024 100 4341 0 4569 0
12 25 0 100 180 0 247 100 561 0 629 100 942 0 1008 100 1322 0 1389 100 1704 0 1772 100 2086 0 2153 100 2467 0 2535 100 2850 0 2918 100 3229 0 3295 100 3609 0 3675 100 3987 0 4055 100 4366 0 4569 0
13 25 0 100 197 0 255 100 578 0 636 100 958 0 1016 100 1340 0 1396 100 1719 0 1778 100 2099 0 2159 100 2482 0 2538 100 2858 0 2916 100 3239 0 3296 100 3621 0 3678 100 4001 0 4058 100 4379 0 4569 0
14 25 0 100 215 0 265 100 596 0 646 100 974 0 1027 100 1358 0 1408 100 1740 0 1791 100 2119 0 2170 100 2502 0 2554 100 2883 0 2936 100 3267 0 3318 100 3646 0 3696 100 4024 0 4076 100 4408 0 4569 0
15 25 0 100 228 0 295 100 608 0 676 100 986 0 1053 100 1365 0 1433 100 1744 0 1813 100 2125 0 2191 100 2506 0 2576 100 2887 0 2955 100 3268 0 3336 100 3647 0 3714 100 4028 0 4097 100 4412 0 4569 0
16 25 0 100 245 0 308 100 621 0 688 100 1004 0 1070 100 1383 0 1448 100 1762 0 1825 100 2138 0 2205 100 2519 0 2586 100 2898 0 2962 100 3279 0 3345 100 3657 0 3721 100 4037 0 4104 100 4418 0 4569 0
17 25 0 100 260 0 317 100 639 0 699 100 1018 0 1076 100 1400 0 1457 100 1778 0 1837 100 2156 0 2214 100 2532 0 2592 100 2915 0 2974 100 3295 0 3354 100 3675 0 3733 100 4054 0 4111 100 4431 0 4569 0
18 25 0 100 274 0 338 100 654 0 718 100 1035 0 1099 100 1411 0 1474 100 1787 0 1852 100 2164 0 2230 100 2542 0 2605 100 2917 0 2980 100 3292 0 3358 100 3670 0 3737 100 4055 0 4120 100 4435 0 4569 0
19 25 0 100 290 0 355 100 670 0 735 100 1052 0 1118 100 1436 0 1500 100 1814 0 1879 100 2197 0 2259 100 2573 0 2636 100 2953 0 3018 100 3332 0 3394 100 3709 0 3774 100 4089 0 4154 100 4470 0 4569 0
20 25 0 100 305 0 350 100 684 0 729 100 1065 0 1110 100 1441 0 1487 100 1819 0 1864 100 2199 0 2246 100 2581 0 2627 100 2959 0 3006 100 3338 0 3386 100 3721 0 3766 100 4100 0 4146 100 4482 0 4569 0
21 25 0 100 320 0 378 100 701 0 757 100 1078 0 1135 100 1458 0 1516 100 1838 0 1897 100 2217 0 2275 100 2599 0 2658 100 2977 0 3037 100 3361 0 3418 100 3742 0 3799 100 4122 0 4181 100 4501 0 4569 0
22 25 0 100 334 0 379 100 716 0 759 100 1096 0 1142 100 1479 0 1525 100 1863 0 1909 100 2243 0 2288 100 2622 0 2664 100 2998 0 3044 100 3382 0 3426 100 3760 0 3803 100 4139 0 4182 100 4520 0 4569 0
23 25 0 100 349 0 387 100 726 0 764 100 1107 0 1146 100 1484 0 1524 100 1863 0 1901 100 2241 0 2278 100 2621 0 2661 100 3005 0 3042 100 3381 0 3420 100 3761 0 3801 100 4144 0 4185 100 4527 0 4569 0
24 25 0 100 366 0 416 100 741 0 792 100 1122 0 1174 100 1502 0 1556 100 1886 0 1937 100 2262 0 2315 100 2640 0 2693 100 3022 0 3074 100 3404 0 3457 100 3787 0 3838 100 4165 0 4217 100 4546 0 4569 0

# TASKS
# Format: <task_id> <size> <num_reqs>
# Then for each requirement: <type_id> <qty>
0 0 5
 0 0
 1 0
 2 0
 3 0
 4 0
1 1 5
 0 1
 1 1
 2 3
 3 0
 4 2
2 2 5
 0 3
 1 3
 2 3
 3 0
 4 3
3 3 5
 0 3
 1 3
 2 0
 3 3
 4 0
4 3 5
 0 2
 1 2
 2 0
 3 0
 4 0
5 16 5
 0 2
 1 3
 2 0
 3 0
 4 0
6 20 5
 0 1
 1 0
 2 1
 3 0
 4 2
7 2 5
 0 0
 1 3
 2 2
 3 0
 4 0
8 7 5
 0 2
 1 2
 2 2
 3 2
 4 0
9 10 5
 0 0
 1 3
 2 3
 3 2
 4 0
10 8 5
 0 3
 1 2
 2 3
 3 2
 4 0
11 20 5
 0 3
 1 0
 2 0
 3 0
 4 0
12 14 5
 0 2
 1 2
 2 2
 3 0
 4 2
13 12 5
 0 0
 1 0
 2 2
 3 2
 4 0
14 9 5
 0 2
 1 0
 2 2
 3 3
 4 0
15 1 5
 0 2
 1 2
 2 0
 3 0
 4 1
16 18 5
 0 0
 1 2
 2 1
 3 2
 4 0
17 17 5
 0 2
 1 1
 2 2
 3 2
 4 2
18 2 5
 0 3
 1 1
 2 0
 3 3
 4 3
19 10 5
 0 2
 1 1
 2 0
 3 0
 4 2
20 15 5
 0 0
 1 3
 2 1
 3 2
 4 2
21 4 5
 0 0
 1 0
 2 3
 3 2
 4 0
22 19 5
 0 1
 1 1
 2 3
 3 0
 4 0
23 3 5
 0 0
 1 2
 2 3
 3 0
 4 1
24 8 5
 0 3
 1 3
 2 0
 3 1
 4 1
25 14 5
 0 2
 1 0
 2 0
 3 3
 4 1
26 14 5
 0 2
 1 0
 2 1
 3 2
 4 1
27 13 5
 0 2
 1 1
 2 3
 3 2
 4 1
28 9 5
 0 0
 1 3
 2 2
 3 1
 4 3
29 20 5
 0 0
 1 3
 2 0
 3 0
 4 1
30 8 5
 0 0
 1 0
 2 1
 3 0
 4 3
31 7 5
 0 0
 1 2
 2 0
 3 1
 4 0
32 13 5
 0 3
 1 0
 2 2
 3 0
 4 3
33 5 5
 0 1
 1 2
 2 2
 3 0
 4 2
34 8 5
 0 0
 1 0
 2 2
 3 1
 4 1
35 14 5
 0 0
 1 0
 2 0
 3 3
 4 2
36 4 5
 0 2
 1 3
 2 0
 3 0
 4 2
37 17 5
 0 0
 1 2
 2 0
 3 1
 4 0
38 15 5
 0 0
 1 2
 2 0
 3 1
 4 3
39 3 5
 0 1
 1 3
 2 0
 3 0
 4 3
40 10 5
 0 2
 1 0
 2 3
 3 1
 4 0
41 17 5
 0 1
 1 3
 2 2
 3 2
 4 0
42 19 5
 0 2
 1 0
 2 2
 3 0
 4 1
43 7 5
 0 2
 1 3
 2 0
 3 3
 4 2
44 12 5
 0 0
 1 1
 2 2
 3 0
 4 0
45 3 5
 0 2
 1 3
 2 1
 3 1
 4 3
46 1 5
 0 3
 1 0
 2 0
 3 0
 4 0
47 3 5
 0 3
 1 1
 2 3
 3 2
 4 0
48 12 5
 0 0
 1 0
 2 0
 3 0
 4 3
49 15 5
 0 1
 1 3
 2 3
 3 1
 4 3
50 8 5
 0 0
 1 1
 2 0
 3 1
 4 1
51 19 5
 0 0
 1 0
 2 1
 3 2
 4 1
52 8 5
 0 3
 1 3
 2 0
 3 0
 4 2
53 6 5
 0 2
 1 2
 2 0
 3 1
 4 0
54 15 5
 0 0
 1 0
 2 3
 3 1
 4 0
55 4 5
 0 1
 1 0
 2 2
 3 0
 4 1
56 2 5
 0 3
 1 0
 2 2
 3 3
 4 1
57 16 5
 0 2
 1 1
 2 2
 3 3
 4 2
58 6 5
 0 0
 1 1
 2 3
 3 2
 4 0
59 6 5
 0 0
 1 0
 2 1
 3 2
 4 3
60 2 5
 0 0
 1 3
 2 0
 3 0
 4 1
61 13 5
 0 0
 1 2
 2 3
 3 3
 4 0
62 11 5
 0 3
 1 2
 2 1
 3 2
 4 3
63 14 5
 0 0
 1 0
 2 0
 3 1
 4 0
64 7 5
 0 3
 1 0
 2 0
 3 2
 4 1
65 17 5
 0 3
 1 1
 2 0
 3 2
 4 2
66 2 5
 0 2
 1 1
 2 2
 3 0
 4 2
67 7 5
 0 2
 1 0
 2 1
 3 3
 4 3
68 9 5
 0 2
 1 0
 2 0
 3 0
 4 3
69 2 5
 0 0
 1 1
 2 2
 3 0
 4 2
70 1 5
 0 0
 1 3
 2 2
 3 3
 4 2
71 2 5
 0 0
 1 0
 2 1
 3 2
 4 3
72 19 5
 0 2
 1 1
 2 3
 3 2
 4 1
73 20 5
 0 0
 1 0
 2 1
 3 3
 4 1
74 10 5
 0 2
 1 2
 2 1
 3 3
 4 3
75 3 5
 0 0
 1 0
 2 0
 3 3
 4 0
76 5 5
 0 0
 1 0
 2 1
 3 1
 4 0
77 17 5
 0 2
 1 2
 2 1
 3 0
 4 0
78 13 5
 0 0
 1 3
 2 0
 3 0
 4 3
79 20 5
 0 1
 1 1
 2 0
 3 0
 4 0
80 8 5
 0 0
 1 0
 2 2
 3 0
 4 0
81 18 5
 0 0
 1 2
 2 2
 3 0
 4 0
82 1 5
 0 1
 1 0
 2 0
 3 2
 4 2
83 3 5
 0 0
 1 2
 2 3
 3 0
 4 0
84 6 5
 0 0
 1 0
 2 2
 3 0
 4 1
85 8 5
 0 0
 1 2
 2 1
 3 0
 4 1
86 12 5
 0 3
 1 2
 2 1
 3 0
 4 0
87 12 5
 0 2
 1 1
 2 2
 3 1
 4 1
88 11 5
 0 3
 1 0
 2 0
 3 1
 4 0
89 16 5
 0 1
 1 3
 2 0
 3 1
 4 0
90 12 5
 0 2
 1 2
 2 0
 3 1
 4 3
91 13 5
 0 2
 1 2
 2 0
 3 0
 4 1
92 6 5
 0 2
 1 0
 2 1
 3 3
 4 1
93 7 5
 0 1
 1 3
 2 1
 3 0
 4 0
94 9 5
 0 3
 1 1
 2 0
 3 1
 4 0
95 20 5
 0 1
 1 0
 2 3
 3 2
 4 1
96 17 5
 0 0
 1 0
 2 0
 3 1
 4 3
97 7 5
 0 3
 1 0
 2 3
 3 3
 4 3
98 10 5
 0 1
 1 2
 2 0
 3 2
 4 3
99 3 5
 0 0
 1 2
 2 0
 3 0
 4 0
100 9 5
 0 1
 1 1
 2 0
 3 2
 4 2
101 16 5
 0 0
 1 3
 2 1
 3 3
 4 3
102 15 5
 0 1
 1 0
 2 0
 3 3
 4 0
103 12 5
 0 3
 1 1
 2 2
 3 0
 4 0
104 12 5
 0 0
 1 0
 2 1
 3 0
 4 3
105 17 5
 0 1
 1 1
 2 2
 3 3
 4 1
106 20 5
 0 1
 1 0
 2 3
 3 1
 4 0
107 7 5
 0 0
 1 0
 2 3
 3 3
 4 0
108 12 5
 0 3
 1 1
 2 2
 3 1
 4 2
109 9 5
 0 2
 1 2
 2 0
 3 1
 4 2
110 7 5
 0 0
 1 3
 2 2
 3 1
 4 0
111 18 5
 0 2
 1 2
 2 3
 3 2
 4 3
112 6 5
 0 2
 1 0
 2 0
 3 0
 4 0
113 15 5
 0 1
 1 0
 2 1
 3 0
 4 3
114 16 5
 0 1
 1 0
 2 1
 3 1
 4 2
115 3 5
 0 2
 1 1
 2 3
 3 2
 4 2
116 7 5
 0 2
 1 2
 2 0
 3 0
 4 0
117 5 5
 0 2
 1 0
 2 0
 3 0
 4 0
118 6 5
 0 0
 1 1
 2 0
 3 1
 4 0
119 20 5
 0 1
 1 3
 2 0
 3 0
 4 3
120 10 5
 0 3
 1 2
 2 3
 3 2
 4 3
121 12 5
 0 0
 1 1
 2 0
 3 0
 4 1
122 7 5
 0 3
 1 1
 2 1
 3 3
 4 1
123 18 5
 0 3
 1 0
 2 0
 3 1
 4 1
124 15 5
 0 2
 1 1
 2 1
 3 0
 4 3
125 17 5
 0 3
 1 2
 2 0
 3 0
 4 0
126 6 5
 0 3
 1 0
 2 3
 3 0
 4 3
127 19 5
 0 2
 1 0
 2 2
 3 2
 4 1
128 17 5
 0 3
 1 2
 2 2
 3 1
 4 3
129 13 5
 0 3
 1 0
 2 2
 3 0
 4 3
130 20 5
 0 0
 1 1
 2 0
 3 0
 4 0
131 12 5
 0 2
 1 3
 2 3
 3 0
 4 0
132 19 5
 0 3
 1 0
 2 0
 3 2
 4 1
133 16 5
 0 2
 1 2
 2 2
 3 3
 4 0
134 9 5
 0 0
 1 1
 2 1
 3 0
 4 0
135 18 5
 0 1
 1 0
 2 1
 3 1
 4 0
136 12 5
 0 1
 1 3
 2 2
 3 0
 4 1
137 13 5
 0 3
 1 0
 2 1
 3 1
 4 0
138 17 5
 0 0
 1 2
 2 2
 3 1
 4 0
139 19 5
 0 2
 1 0
 2 3
 3 3
 4 1
140 12 5
 0 2
 1 0
 2 0
 3 0
 4 1
141 13 5
 0 2
 1 3
 2 0
 3 1
 4 1
142 16 5
 0 2
 1 0
 2 1
 3 3
 4 3
143 14 5
 0 0
 1 0
 2 2
 3 0
 4 0
144 20 5
 0 0
 1 0
 2 3
 3 2
 4 0
145 11 5
 0 0
 1 3
 2 0
 3 2
 4 1
146 12 5
 0 3
 1 3
 2 3
 3 1
 4 0
147 14 5
 0 1
 1 0
 2 0
 3 3
 4 0
148 15 5
 0 2
 1 0
 2 3
 3 0
 4 1
149 1 5
 0 3
 1 3
 2 1
 3 2
 4 0
150 18 5
 0 2
 1 1
 2 2
 3 3
 4 2
151 9 5
 0 0
 1 2
 2 2
 3 0
 4 0
152 2 5
 0 1
 1 0
 2 3
 3 0
 4 0
153 8 5
 0 2
 1 0
 2 0
 3 3
 4 0
154 5 5
 0 2
 1 0
 2 0
 3 0
 4 0
155 5 5
 0 0
 1 3
 2 0
 3 3
 4 3
156 18 5
 0 1
 1 0
 2 0
 3 3
 4 0
157 3 5
 0 0
 1 0
 2 0
 3 0
 4 2
158 11 5
 0 1
 1 0
 2 1
 3 2
 4 2
159 3 5
 0 2
 1 2
 2 2
 3 3
 4 1
160 4 5
 0 1
 1 0
 2 2
 3 0
 4 1
161 12 5
 0 3
 1 0
 2 0
 3 0
 4 0
162 1 5
 0 3
 1 2
 2 1
 3 2
 4 2
163 9 5
 0 3
 1 2
 2 0
 3 3
 4 1
164 20 5
 0 0
 1 1
 2 0
 3 1
 4 3
165 17 5
 0 0
 1 0
 2 0
 3 3
 4 1
166 2 5
 0 3
 1 3
 2 2
 3 0
 4 0
167 1 5
 0 0
 1 1
 2 1
 3 0
 4 0
168 6 5
 0 1
 1 3
 2 3
 3 2
 4 0
169 9 5
 0 1
 1 3
 2 0
 3 0
 4 0
170 6 5
 0 0
 1 3
 2 0
 3 0
 4 3
171 11 5
 0 1
 1 0
 2 0
 3 2
 4 2
172 14 5
 0 0
 1 3
 2 1
 3 2
 4 3
173 7 5
 0 2
 1 0
 2 3
 3 0
 4 0
174 10 5
 0 3
 1 0
 2 2
 3 3
 4 2
175 14 5
 0 2
 1 2
 2 2
 3 0
 4 0
176 9 5
 0 2
 1 0
 2 2
 3 2
 4 0
177 19 5
 0 1
 1 0
 2 3
 3 1
 4 0
178 3 5
 0 3
 1 3
 2 3
 3 2
 4 2
179 13 5
 0 2
 1 2
 2 0
 3 1
 4 3
180 14 5
 0 1
 1 0
 2 3
 3 0
 4 1
181 8 5
 0 1
 1 2
 2 3
 3 1
 4 0
182 13 5
 0 0
 1 3
 2 0
 3 2
 4 0
183 2 5
 0 1
 1 0
 2 0
 3 0
 4 2
184 16 5
 0 0
 1 2
 2 3
 3 3
 4 0
185 1 5
 0 0
 1 0
 2 0
 3 3
 4 0
186 4 5
 0 0
 1 0
 2 2
 3 0
 4 0
187 2 5
 0 0
 1 3
 2 1
 3 1
 4 1
188 9 5
 0 2
 1 0
 2 2
 3 0
 4 0
189 3 5
 0 2
 1 2
 2 1
 3 1
 4 0
190 17 5
 0 0
 1 0
 2 2
 3 0
 4 0
191 10 5
 0 0
 1 3
 2 1
 3 0
 4 1
192 14 5
 0 3
 1 2
 2 0
 3 2
 4 0
193 10 5
 0 0
 1 1
 2 1
 3 1
 4 1
194 6 5
 0 2
 1 3
 2 0
 3 2
 4 0
195 3 5
 0 0
 1 2
 2 0
 3 2
 4 2
196 11 5
 0 0
 1 1
 2 1
 3 0
 4 1
197 3 5
 0 0
 1 2
 2 3
 3 3
 4 1
198 12 5
 0 3
 1 0
 2 1
 3 3
 4 2
199 11 5
 0 0
 1 3
 2 0
 3 0
 4 3
200 17 5
 0 1
 1 0
 2 3
 3 0
 4 0
201 20 5
 0 3
 1 0
 2 0
 3 1
 4 3
202 3 5
 0 0
 1 1
 2 3
 3 0
 4 3
203 13 5
 0 2
 1 3
 2 3
 3 1
 4 3
204 4 5
 0 3
 1 0
 2 1
 3 3
 4 3
205 1 5
 0 1
 1 3
 2 0
 3 2
 4 0
206 9 5
 0 2
 1 2
 2 2
 3 0
 4 3
207 10 5
 0 0
 1 3
 2 2
 3 3
 4 3
208 16 5
 0 0
 1 1
 2 0
 3 1
 4 1
209 7 5
 0 2
 1 3
 2 2
 3 0
 4 3
210 15 5
 0 2
 1 0
 2 0
 3 0
 4 0
211 9 5
 0 0
 1 3
 2 3
 3 2
 4 2
212 10 5
 0 0
 1 3
 2 0
 3 0
 4 1
213 16 5
 0 2
 1 1
 2 0
 3 0
 4 0
214 9 5
 0 2
 1 0
 2 2
 3 3
 4 3
215 3 5
 0 3
 1 0
 2 3
 3 0
 4 1
216 10 5
 0 0
 1 1
 2 0
 3 1
 4 2
217 16 5
 0 1
 1 0
 2 0
 3 0
 4 3
218 18 5
 0 3
 1 2
 2 3
 3 0
 4 0
219 13 5
 0 3
 1 2
 2 1
 3 0
 4 0
220 12 5
 0 0
 1 0
 2 0
 3 2
 4 1
221 20 5
 0 3
 1 0
 2 0
 3 0
 4 3
222 4 5
 0 0
 1 0
 2 0
 3 0
 4 3
223 18 5
 0 0
 1 1
 2 3
 3 2
 4 2
224 5 5
 0 0
 1 0
 2 3
 3 1
 4 2
225 8 5
 0 0
 1 0
 2 2
 3 0
 4 0
226 2 5
 0 1
 1 0
 2 2
 3 0
 4 1
227 6 5
 0 0
 1 1
 2 0
 3 0
 4 0
228 3 5
 0 3
 1 0
 2 0
 3 2
 4 3
229 15 5
 0 3
 1 3
 2 0
 3 2
 4 0
230 16 5
 0 0
 1 2
 2 0
 3 2
 4 1
231 13 5
 0 3
 1 0
 2 2
 3 0
 4 0
232 7 5
 0 0
 1 1
 2 0
 3 3
 4 0
233 9 5
 0 2
 1 3
 2 0
 3 1
 4 0
234 12 5
 0 2
 1 3
 2 0
 3 2
 4 1
235 2 5
 0 0
 1 1
 2 0
 3 3
 4 1
236 8 5
 0 0
 1 3
 2 1
 3 3
 4 3
237 20 5
 0 3
 1 0
 2 2
 3 0
 4 0
238 14 5
 0 0
 1 0
 2 2
 3 0
 4 1
239 3 5
 0 3
 1 2
 2 3
 3 1
 4 0
240 2 5
 0 0
 1 2
 2 3
 3 3
 4 3
241 1 5
 0 0
 1 0
 2 1
 3 0
 4 2
242 12 5
 0 3
 1 2
 2 0
 3 2
 4 1
243 11 5
 0 0
 1 2
 2 0
 3 0
 4 1
244 9 5
 0 2
 1 1
 2 0
 3 0
 4 3
245 2 5
 0 1
 1 1
 2 0
 3 0
 4 0
246 8 5
 0 1
 1 2
 2 0
 3 2
 4 0
247 7 5
 0 3
 1 2
 2 0
 3 0
 4 0
248 4 5
 0 3
 1 0
 2 3
 3 0
 4 3
249 16 5
 0 2
 1 0
 2 0
 3 2
 4 1
250 4 5
 0 2
 1 0
 2 0
 3 0
 4 0
251 5 5
 0 0
 1 1
 2 3
 3 2
 4 2
252 1 5
 0 0
 1 2
 2 2
 3 1
 4 0
253 18 5
 0 0
 1 0
 2 3
 3 0
 4 0
254 5 5
 0 0
 1 2
 2 2
 3 0
 4 1
255 8 5
 0 1
 1 1
 2 2
 3 1
 4 0
256 3 5
 0 0
 1 0
 2 3
 3 1
 4 0
257 12 5
 0 3
 1 2
 2 1
 3 1
 4 3
258 19 5
 0 3
 1 1
 2 0
 3 0
 4 0
259 11 5
 0 1
 1 3
 2 3
 3 0
 4 0
260 19 5
 0 0
 1 1
 2 3
 3 0
 4 0
261 3 5
 0 2
 1 3
 2 3
 3 3
 4 3
262 18 5
 0 0
 1 3
 2 0
 3 0
 4 1
263 4 5
 0 0
 1 0
 2 2
 3 1
 4 1
264 12 5
 0 1
 1 3
 2 0
 3 1
 4 0
265 8 5
 0 2
 1 2
 2 1
 3 3
 4 2
266 2 5
 0 1
 1 2
 2 3
 3 3
 4 3
267 1 5
 0 3
 1 1
 2 0
 3 0
 4 0
268 20 5
 0 1
 1 0
 2 2
 3 0
 4 1
269 16 5
 0 3
 1 3
 2 2
 3 2
 4 0
270 16 5
 0 1
 1 1
 2 3
 3 0
 4 2
271 19 5
 0 0
 1 0
 2 3
 3 0
 4 3
272 9 5
 0 1
 1 3
 2 3
 3 1
 4 2
273 13 5
 0 0
 1 1
 2 1
 3 0
 4 0
274 7 5
 0 0
 1 0
 2 1
 3 3
 4 3
275 9 5
 0 1
 1 0
 2 2
 3 0
 4 0
276 13 5
 0 0
 1 1
 2 0
 3 0
 4 0
277 12 5
 0 3
 1 0
 2 0
 3 3
 4 1
278 17 5
 0 0
 1 1
 2 0
 3 2
 4 0
279 9 5
 0 0
 1 3
 2 0
 3 1
 4 0
280 5 5
 0 0
 1 2
 2 0
 3 2
 4 3
281 15 5
 0 2
 1 3
 2 1
 3 2
 4 0
282 3 5
 0 0
 1 0
 2 0
 3 3
 4 3
283 16 5
 0 3
 1 1
 2 3
 3 0
 4 3
284 3 5
 0 1
 1 0
 2 0
 3 0
 4 3
285 18 5
 0 0
 1 2
 2 3
 3 0
 4 0
286 9 5
 0 3
 1 2
 2 0
 3 0
 4 0
287 13 5
 0 3
 1 3
 2 0
 3 3
 4 0
288 1 5
 0 3
 1 0
 2 2
 3 0
 4 2
289 18 5
 0 1
 1 0
 2 0
 3 3
 4 3
290 9 5
 0 0
 1 0
 2 1
 3 1
 4 3
291 18 5
 0 3
 1 1
 2 2
 3 0
 4 0
292 14 5
 0 3
 1 0
 2 0
 3 0
 4 0
293 3 5
 0 3
 1 3
 2 1
 3 2
 4 3
294 5 5
 0 0
 1 1
 2 0
 3 1
 4 0
295 19 5
 0 3
 1 0
 2 0
 3 3
 4 0
296 11 5
 0 0
 1 1
 2 3
 3 2
 4 3
297 16 5
 0 0
 1 3
 2 3
 3 3
 4 0
298 14 5
 0 2
 1 2
 2 1
 3 1
 4 1
299 11 5
 0 3
 1 2
 2 0
 3 0
 4 0
300 20 5
 0 0
 1 0
 2 3
 3 0
 4 2
301 12 5
 0 0
 1 1
 2 1
 3 0
 4 1
302 15 5
 0 1
 1 0
 2 0
 3 0
 4 0
303 13 5
 0 2
 1 2
 2 2
 3 0
 4 2
304 14 5
 0 0
 1 2
 2 1
 3 3
 4 0
305 20 5
 0 1
 1 1
 2 3
 3 1
 4 2
306 9 5
 0 1
 1 0
 2 0
 3 3
 4 2
307 14 5
 0 3
 1 0
 2 0
 3 3
 4 3
308 6 5
 0 1
 1 0
 2 0
 3 0
 4 0
309 6 5
 0 0
 1 0
 2 3
 3 0
 4 1
310 7 5
 0 0
 1 1
 2 2
 3 3
 4 2
311 11 5
 0 0
 1 0
 2 0
 3 2
 4 2
312 5 5
 0 0
 1 1
 2 0
 3 0
 4 0
313 13 5
 0 2
 1 3
 2 2
 3 3
 4 1
314 19 5
 0 0
 1 0
 2 2
 3 0
 4 0
315 10 5
 0 1
 1 0
 2 2
 3 1
 4 3
316 12 5
 0 0
 1 0
 2 0
 3 1
 4 1
317 5 5
 0 2
 1 0
 2 0
 3 0
 4 0
318 19 5
 0 3
 1 0
 2 3
 3 3
 4 1
319 9 5
 0 0
 1 0
 2 2
 3 0
 4 3
320 10 5
 0 0
 1 0
 2 1
 3 3
 4 0
321 13 5
 0 0
 1 2
 2 0
 3 2
 4 0
322 12 5
 0 1
 1 3
 2 3
 3 2
 4 0
323 14 5
 0 0
 1 1
 2 1
 3 2
 4 0
324 15 5
 0 1
 1 3
 2 0
 3 2
 4 3
325 20 5
 0 1
 1 0
 2 2
 3 0
 4 2
326 15 5
 0 1
 1 3
 2 0
 3 2
 4 3
327 3 5
 0 3
 1 0
 2 1
 3 0
 4 0
328 17 5
 0 2
 1 0
 2 3
 3 0
 4 1
329 6 5
 0 1
 1 0
 2 3
 3 0
 4 2
330 13 5
 0 0
 1 0
 2 2
 3 2
 4 2
331 10 5
 0 1
 1 1
 2 3
 3 1
 4 0
332 16 5
 0 1
 1 1
 2 1
 3 0
 4 3
333 13 5
 0 0
 1 0
 2 1
 3 1
 4 0
334 18 5
 0 0
 1 2
 2 2
 3 0
 4 0
335 13 5
 0 1
 1 3
 2 1
 3 2
 4 0
336 14 5
 0 3
 1 3
 2 2
 3 2
 4 0
337 3 5
 0 3
 1 1
 2 1
 3 3
 4 0
338 10 5
 0 0
 1 0
 2 2
 3 0
 4 3
339 4 5
 0 1
 1 0
 2 0
 3 0
 4 0
340 8 5
 0 0
 1 1
 2 0
 3 1
 4 0
341 2 5
 0 0
 1 3
 2 1
 3 3
 4 2
342 7 5
 0 0
 1 3
 2 1
 3 0
 4 3
343 16 5
 0 0
 1 3
 2 2
 3 2
 4 0
344 19 5
 0 3
 1 0
 2 0
 3 0
 4 0
345 6 5
 0 3
 1 0
 2 0
 3 2
 4 3
346 19 5
 0 3
 1 2
 2 2
 3 1
 4 0
347 1 5
 0 0
 1 0
 2 0
 3 0
 4 2
348 17 5
 0 0
 1 1
 2 0
 3 2
 4 0
349 19 5
 0 0
 1 2
 2 3
 3 0
 4 0
350 18 5
 0 1
 1 3
 2 0
 3 2
 4 0
351 9 5
 0 0
 1 1
 2 1
 3 0
 4 2
352 4 5
 0 3
 1 0
 2 0
 3 0
 4 3
353 13 5
 0 3
 1 1
 2 3
 3 0
 4 1
354 13 5
 0 0
 1 2
 2 0
 3 3
 4 2
355 16 5
 0 0
 1 3
 2 2
 3 0
 4 0
356 17 5
 0 1
 1 0
 2 2
 3 1
 4 1
357 17 5
 0 0
 1 3
 2 3
 3 2
 4 2
358 18 5
 0 3
 1 3
 2 3
 3 3
 4 1
359 8 5
 0 1
 1 0
 2 1
 3 2
 4 3
360 15 5
 0 2
 1 2
 2 2
 3 1
 4 1
361 4 5
 0 2
 1 3
 2 3
 3 1
 4 2
362 13 5
 0 3
 1 0
 2 0
 3 3
 4 0
363 20 5
 0 2
 1 1
 2 3
 3 1
 4 0
364 11 5
 0 3
 1 0
 2 0
 3 0
 4 3
365 9 5
 0 0
 1 0
 2 3
 3 0
 4 2
366 12 5
 0 2
 1 2
 2 0
 3 2
 4 3
367 18 5
 0 2
 1 0
 2 0
 3 2
 4 3
368 4 5
 0 2
 1 0
 2 0
 3 3
 4 0
369 8 5
 0 0
 1 1
 2 3
 3 2
 4 3
370 7 5
 0 0
 1 0
 2 1
 3 0
 4 1
371 20 5
 0 0
 1 2
 2 3
 3 1
 4 2
372 7 5
 0 2
 1 3
 2 1
 3 1
 4 0
373 17 5
 0 1
 1 0
 2 3
 3 2
 4 1
374 15 5
 0 0
 1 0
 2 3
 3 2
 4 1
375 15 5
 0 0
 1 2
 2 0
 3 0
 4 3
376 9 5
 0 1
 1 1
 2 1
 3 2
 4 2
377 11 5
 0 0
 1 2
 2 1
 3 0
 4 3
378 10 5
 0 3
 1 2
 2 0
 3 2
 4 0
379 7 5
 0 0
 1 2
 2 0
 3 3
 4 3
380 15 5
 0 0
 1 3
 2 0
 3 3
 4 0
381 19 5
 0 0
 1 0
 2 1
 3 0
 4 1
382 2 5
 0 0
 1 2
 2 0
 3 0
 4 1
383 1 5
 0 1
 1 2
 2 0
 3 2
 4 0
384 11 5
 0 1
 1 3
 2 0
 3 2
 4 3
385 5 5
 0 3
 1 0
 2 1
 3 3
 4 3
386 6 5
 0 0
 1 0
 2 0
 3 1
 4 3
387 16 5
 0 2
 1 3
 2 1
 3 3
 4 1
388 4 5
 0 1
 1 0
 2 2
 3 3
 4 2
389 19 5
 0 0
 1 3
 2 2
 3 3
 4 1
390 13 5
 0 2
 1 0
 2 3
 3 0
 4 3
391 20 5
 0 2
 1 3
 2 0
 3 0
 4 0
392 16 5
 0 1
 1 0
 2 1
 3 0
 4 1
393 20 5
 0 2
 1 0
 2 0
 3 0
 4 2
394 6 5
 0 1
 1 3
 2 3
 3 0
 4 2
395 18 5
 0 1
 1 3
 2 3
 3 0
 4 1
396 13 5
 0 3
 1 2
 2 1
 3 1
 4 0
397 6 5
 0 0
 1 0
 2 1
 3 0
 4 2
398 12 5
 0 2
 1 0
 2 0
 3 0
 4 2
399 19 5
 0 2
 1 2
 2 0
 3 1
 4 0
400 13 5
 0 2
 1 0
 2 0
 3 3
 4 2
401 15 5
 0 2
 1 0
 2 0
 3 0
 4 1
402 3 5
 0 1
 1 0
 2 0
 3 1
 4 0
403 19 5
 0 1
 1 0
 2 0
 3 0
 4 0
404 12 5
 0 1
 1 1
 2 3
 3 2
 4 1
405 10 5
 0 0
 1 3
 2 0
 3 0
 4 1
406 15 5
 0 2
 1 0
 2 3
 3 3
 4 2
407 9 5
 0 0
 1 2
 2 0
 3 0
 4 0
408 14 5
 0 3
 1 2
 2 0
 3 1
 4 3
409 6 5
 0 0
 1 3
 2 0
 3 2
 4 2
410 3 5
 0 0
 1 1
 2 0
 3 3
 4 3
411 18 5
 0 2
 1 0
 2 1
 3 0
 4 3
412 5 5
 0 3
 1 2
 2 2
 3 0
 4 3
413 19 5
 0 1
 1 0
 2 2
 3 0
 4 1
414 7 5
 0 3
 1 0
 2 3
 3 3
 4 0
415 2 5
 0 1
 1 0
 2 0
 3 0
 4 0
416 1 5
 0 1
 1 0
 2 2
 3 0
 4 0
417 14 5
 0 0
 1 1
 2 0
 3 1
 4 3
418 18 5
 0 3
 1 0
 2 0
 3 3
 4 0
419 1 5
 0 0
 1 1
 2 0
 3 0
 4 3
420 1 5
 0 1
 1 3
 2 0
 3 0
 4 3
421 14 5
 0 0
 1 2
 2 1
 3 0
 4 2
422 13 5
 0 1
 1 3
 2 0
 3 0
 4 0
423 18 5
 0 0
 1 0
 2 1
 3 0
 4 0
424 12 5
 0 1
 1 1
 2 2
 3 0
 4 0
425 14 5
 0 2
 1 0
 2 1
 3 0
 4 3
426 14 5
 0 0
 1 1
 2 0
 3 0
 4 1
427 16 5
 0 3
 1 1
 2 2
 3 1
 4 0
428 20 5
 0 0
 1 0
 2 2
 3 2
 4 0
429 5 5
 0 3
 1 3
 2 0
 3 0
 4 0
430 16 5
 0 2
 1 1
 2 0
 3 0
 4 1
431 4 5
 0 3
 1 3
 2 0
 3 0
 4 1
432 15 5
 0 3
 1 2
 2 2
 3 3
 4 3
433 9 5
 0 2
 1 3
 2 1
 3 2
 4 2
434 7 5
 0 0
 1 0
 2 2
 3 0
 4 1
435 1 5
 0 2
 1 0
 2 1
 3 2
 4 1
436 12 5
 0 1
 1 1
 2 3
 3 1
 4 3
437 5 5
 0 3
 1 0
 2 2
 3 0
 4 0
438 16 5
 0 2
 1 3
 2 0
 3 3
 4 0
439 12 5
 0 0
 1 3
 2 0
 3 2
 4 3
440 18 5
 0 0
 1 0
 2 2
 3 1
 4 3
441 6 5
 0 2
 1 3
 2 0
 3 1
 4 2
442 1 5
 0 0
 1 1
 2 1
 3 3
 4 1
443 6 5
 0 0
 1 0
 2 0
 3 1
 4 2
444 20 5
 0 0
 1 3
 2 2
 3 0
 4 0
445 18 5
 0 1
 1 1
 2 3
 3 2
 4 0
446 10 5
 0 3
 1 0
 2 0
 3 1
 4 0
447 8 5
 0 1
 1 1
 2 1
 3 0
 4 2
448 2 5
 0 3
 1 0
 2 1
 3 0
 4 3
449 20 5
 0 2
 1 3
 2 0
 3 1
 4 0
450 16 5
 0 0
 1 0
 2 0
 3 0
 4 1
451 16 5
 0 2
 1 1
 2 0
 3 3
 4 0
452 19 5
 0 3
 1 0
 2 1
 3 0
 4 1
453 8 5
 0 1
 1 0
 2 3
 3 2
 4 2
454 3 5
 0 0
 1 3
 2 2
 3 0
 4 0
455 12 5
 0 2
 1 1
 2 0
 3 0
 4 0
456 17 5
 0 1
 1 0
 2 2
 3 1
 4 0
457 3 5
 0 0
 1 2
 2 3
 3 2
 4 2
458 13 5
 0 2
 1 0
 2 0
 3 0
 4 2
459 17 5
 0 3
 1 1
 2 0
 3 0
 4 2
460 16 5
 0 1
 1 1
 2 3
 3 0
 4 0
461 10 5
 0 3
 1 3
 2 0
 3 0
 4 0
462 17 5
 0 0
 1 1
 2 0
 3 0
 4 3
463 1 5
 0 2
 1 1
 2 0
 3 1
 4 0
464 9 5
 0 0
 1 0
 2 0
 3 2
 4 2
465 13 5
 0 3
 1 0
 2 1
 3 2
 4 0
466 11 5
 0 2
 1 0
 2 0
 3 1
 4 0
467 12 5
 0 2
 1 0
 2 2
 3 1
 4 1
468 3 5
 0 1
 1 0
 2 0
 3 1
 4 0
469 19 5
 0 1
 1 3
 2 1
 3 1
 4 1
470 8 5
 0 1
 1 3
 2 2
 3 0
 4 2
471 11 5
 0 0
 1 1
 2 2
 3 1
 4 1
472 1 5
 0 3
 1 2
 2 0
 3 1
 4 0
473 18 5
 0 1
 1 1
 2 2
 3 0
 4 0
474 20 5
 0 0
 1 0
 2 0
 3 0
 4 3
475 6 5
 0 3
 1 1
 2 3
 3 3
 4 0
476 2 5
 0 1
 1 0
 2 3
 3 1
 4 2
477 16 5
 0 1
 1 0
 2 0
 3 3
 4 0
478 1 5
 0 2
 1 2
 2 0
 3 1
 4 2
479 20 5
 0 0
 1 3
 2 2
 3 0
 4 0
480 7 5
 0 0
 1 2
 2 3
 3 1
 4 0
481 20 5
 0 1
 1 0
 2 0
 3 2
 4 3
482 6 5
 0 0
 1 0
 2 3
 3 3
 4 3
483 1 5
 0 3
 1 0
 2 1
 3 1
 4 1
484 1 5
 0 0
 1 3
 2 0
 3 0
 4 0
485 0 5
 0 0
 1 0
 2 0
 3 0
 4 0

# PRECEDENCES
3306
0 1
0 4
0 7
0 21
0 23
0 24
0 26
0 34
0 35
0 39
0 42
0 49
0 59
0 60
0 70
0 72
0 73
0 80
0 82
0 83
0 99
0 106
0 110
0 112
0 116
0 130
0 132
0 135
0 139
0 142
0 154
0 190
0 192
0 199
0 205
0 207
0 208
0 210
0 222
0 231
0 234
0 244
0 248
0 254
0 263
0 264
0 269
0 271
0 276
0 288
0 296
0 300
0 305
0 306
0 308
0 313
0 318
0 323
0 335
0 336
0 337
0 338
0 339
0 347
0 350
0 358
0 363
0 366
0 368
0 369
0 372
0 383
0 385
0 397
0 400
0 403
0 405
0 407
0 410
0 411
0 413
0 420
0 424
0 426
0 427
0 429
0 431
0 444
0 456
0 463
0 465
0 467
0 470
0 473
0 479
0 481
1 120
1 156
1 172
1 202
1 419
1 445
1 469
2 98
2 327
2 380
2 393
2 433
2 447
3 25
3 162
3 187
3 196
3 282
3 361
3 388
3 419
4 29
4 138
4 367
4 390
4 391
4 430
4 446
4 451
5 66
5 153
5 155
5 388
5 417
6 118
6 128
6 137
6 167
6 273
6 329
6 406
6 417
6 423
7 66
7 117
7 291
7 303
7 375
7 398
8 3
8 113
8 182
8 297
8 361
8 419
8 434
9 32
9 113
9 114
9 147
9 196
9 203
9 211
9 348
9 438
10 153
10 179
10 329
10 353
10 392
10 417
11 202
11 225
11 241
11 282
11 297
12 114
12 171
12 297
12 299
12 316
12 327
12 356
12 442
13 90
13 115
13 187
13 216
13 297
13 314
14 5
14 33
14 133
14 173
14 279
14 438
15 38
15 128
15 131
15 159
15 180
15 278
15 392
16 171
16 180
16 328
16 394
16 399
17 113
17 147
17 280
17 282
17 361
17 394
17 416
17 472
18 30
18 40
18 97
18 113
18 128
18 203
18 280
18 319
18 412
19 16
19 187
19 194
19 225
19 256
19 277
19 389
19 402
19 425
20 287
20 319
20 331
20 356
20 367
20 430
20 468
20 478
21 138
21 149
21 168
21 197
21 324
21 400
21 429
21 481
22 186
22 356
22 388
22 402
22 417
22 438
23 122
23 138
23 165
23 230
23 353
23 365
24 46
24 88
24 131
24 148
24 167
24 175
24 297
24 344
25 113
25 136
25 204
25 394
25 455
26 97
26 150
26 165
26 275
26 349
26 373
26 466
27 40
27 114
27 124
27 215
27 237
27 389
27 434
28 84
28 123
28 198
28 317
28 345
28 414
29 84
29 86
29 129
29 280
29 356
29 374
30 485
31 9
31 22
31 45
31 124
31 141
31 158
31 162
31 367
31 439
32 485
33 485
34 5
34 54
34 100
34 367
34 418
34 477
35 107
35 170
35 372
35 374
35 462
36 86
36 138
36 178
36 186
36 188
36 283
36 314
36 398
36 402
37 64
37 66
37 148
37 173
37 266
37 312
38 6
38 126
38 129
38 286
38 394
39 126
39 161
39 212
39 436
39 455
39 461
40 33
40 84
40 147
40 326
40 417
40 461
41 46
41 197
41 245
41 361
41 423
41 448
41 483
42 55
42 88
42 160
42 186
42 364
42 396
42 425
42 428
43 137
43 178
43 267
43 283
43 399
43 414
43 451
44 3
44 9
44 277
44 326
44 362
44 371
44 388
44 402
45 18
45 147
45 162
45 203
45 329
45 390
45 412
45 472
46 100
46 123
46 225
46 260
46 474
47 147
47 193
47 242
47 268
47 458
47 482
48 186
48 333
48 371
48 391
48 395
49 174
49 256
49 258
49 292
49 302
49 319
49 342
49 364
49 457
50 14
50 19
50 91
50 104
50 108
50 243
50 302
50 376
51 3
51 25
51 196
51 225
51 303
51 333
51 342
51 389
51 412
52 20
52 48
52 180
52 193
52 229
52 272
52 309
52 448
53 93
53 114
53 121
53 153
53 186
53 193
53 361
53 418
54 44
54 63
54 196
54 251
54 342
54 419
54 451
54 483
55 179
55 277
55 303
55 309
55 396
56 79
56 117
56 171
56 266
56 284
56 421
57 10
57 131
57 155
57 180
57 204
57 268
57 340
58 75
58 84
58 94
58 137
58 174
58 189
58 235
58 480
59 44
59 282
59 345
59 447
59 466
59 473
60 66
60 96
60 218
60 267
60 298
60 393
61 119
61 136
61 160
61 220
61 247
61 261
61 319
62 122
62 138
62 149
62 155
62 233
62 391
63 138
63 162
63 181
63 182
63 188
63 468
64 12
64 16
64 48
64 84
64 136
64 173
64 183
64 357
64 443
65 84
65 162
65 167
65 203
65 211
65 438
65 461
66 87
66 128
66 328
66 329
66 423
67 74
67 102
67 153
67 414
67 418
67 476
68 3
68 8
68 30
68 181
68 267
68 280
68 391
69 33
69 96
69 173
69 185
69 213
70 61
70 117
70 140
70 296
70 355
70 451
71 136
71 152
71 167
71 433
71 472
72 241
72 344
72 371
72 382
72 429
72 454
73 10
73 32
73 164
73 229
73 270
73 304
73 409
73 420
73 477
74 18
74 84
74 96
74 215
74 326
74 474
75 101
75 235
75 249
75 256
75 294
75 304
76 78
76 117
76 128
76 129
76 184
76 331
76 353
76 430
77 33
77 119
77 138
77 418
77 437
78 114
78 115
78 188
78 348
78 401
78 406
78 416
78 435
79 43
79 312
79 356
79 359
79 362
80 112
80 162
80 184
80 268
80 343
80 359
80 435
80 450
81 43
81 66
81 176
81 299
81 393
81 394
82 74
82 116
82 118
82 333
82 350
82 394
82 438
83 7
83 135
83 176
83 187
83 223
83 259
83 284
83 338
84 485
85 125
85 158
85 282
85 294
85 455
86 32
86 167
86 187
86 401
86 412
86 461
87 18
87 90
87 153
87 315
87 326
87 327
87 328
87 386
87 416
88 27
88 66
88 77
88 121
88 155
88 260
88 314
88 341
88 390
89 12
89 77
89 281
89 283
89 398
89 418
89 422
89 457
90 97
90 180
90 237
90 319
90 328
90 331
90 386
90 417
91 33
91 184
91 266
91 311
91 356
91 432
91 474
91 480
92 115
92 121
92 122
92 226
92 351
92 412
92 451
92 457
93 113
93 114
93 147
93 282
93 319
93 326
93 398
93 412
93 418
94 114
94 147
94 331
94 375
94 389
95 9
95 84
95 148
95 211
95 319
96 18
96 114
96 299
96 301
96 392
97 32
97 33
97 114
97 128
97 148
97 196
97 326
97 418
97 438
98 86
98 129
98 194
98 374
98 398
98 417
98 430
99 3
99 101
99 148
99 203
99 221
99 377
100 33
100 95
100 129
100 167
100 186
100 374
100 406
100 438
100 472
101 90
101 103
101 162
101 167
101 441
102 40
102 84
102 171
102 186
102 249
102 315
102 469
103 30
103 95
103 148
103 279
103 328
103 386
104 65
104 103
104 144
104 304
104 415
104 483
105 62
105 104
105 131
105 256
105 374
105 391
106 6
106 74
106 96
106 196
106 203
106 370
107 113
107 115
107 167
107 206
107 217
107 246
107 260
107 353
107 457
108 43
108 185
108 252
108 268
108 285
108 298
109 3
109 46
109 76
109 86
109 113
109 333
109 378
110 29
110 41
110 279
110 367
110 457
110 464
111 33
111 86
111 95
111 114
111 128
111 203
111 331
111 390
112 11
112 111
112 404
112 424
112 442
113 485
114 485
115 114
115 147
115 196
115 416
115 468
116 100
116 103
116 155
116 228
116 266
116 284
116 357
117 113
117 181
117 221
117 294
117 301
117 394
117 438
117 471
118 84
118 316
118 319
118 328
118 329
118 398
118 401
118 417
119 18
119 30
119 32
119 97
119 315
119 319
119 329
119 418
119 472
120 65
120 114
120 180
120 182
120 203
120 235
120 362
120 416
121 16
121 17
121 18
121 183
121 282
121 455
122 74
122 188
122 198
122 277
122 351
122 398
122 442
122 477
123 98
123 103
123 115
123 202
123 294
123 319
123 374
124 114
124 203
124 328
124 398
124 401
124 412
124 418
124 471
125 97
125 115
125 124
125 186
125 286
125 329
125 392
126 220
126 282
126 314
126 398
126 435
126 441
127 67
127 201
127 202
127 281
127 387
127 430
128 485
129 25
129 118
129 124
129 128
129 147
129 394
129 401
129 455
130 11
130 71
130 136
130 155
130 253
130 289
130 371
131 77
131 96
131 115
131 186
131 267
131 294
131 345
131 425
131 484
132 29
132 91
132 186
132 246
132 314
132 433
132 450
133 6
133 120
133 184
133 235
133 326
133 361
133 371
134 16
134 113
134 171
134 345
134 356
134 374
135 84
135 188
135 246
135 312
135 362
135 483
136 30
136 40
136 84
136 93
136 148
136 328
136 329
136 417
136 461
137 33
137 113
137 171
137 225
137 255
137 283
137 329
137 423
138 65
138 84
138 114
138 136
138 180
138 203
138 331
138 394
139 47
139 48
139 145
139 181
139 354
139 435
140 11
140 45
140 67
140 74
140 200
140 394
141 12
141 13
141 153
141 178
141 220
141 267
141 327
141 382
142 121
142 176
142 235
142 391
142 394
142 442
143 6
143 126
143 243
143 281
143 290
143 417
144 25
144 97
144 119
144 136
144 153
144 237
144 268
144 389
145 204
145 223
145 266
145 466
145 469
146 2
146 16
146 171
146 179
146 188
146 450
147 485
148 485
149 32
149 100
149 181
149 236
149 274
149 286
149 315
149 439
149 451
150 37
150 217
150 295
150 380
150 442
150 452
150 453
150 454
151 25
151 161
151 181
151 246
151 290
151 325
151 364
151 409
151 446
152 30
152 123
152 333
152 371
152 402
153 114
153 147
153 280
153 329
153 398
153 412
153 415
154 48
154 74
154 85
154 168
154 186
154 289
154 484
155 98
155 203
155 268
155 299
155 328
155 334
155 433
156 27
156 166
156 249
156 260
156 262
156 331
156 380
156 402
156 477
157 236
157 289
157 320
157 326
157 472
158 65
158 90
158 137
158 178
158 196
158 235
158 246
158 434
159 33
159 40
159 44
159 198
159 261
159 328
159 423
159 478
160 76
160 114
160 184
160 233
160 241
160 283
160 327
160 435
161 125
161 219
161 256
161 272
161 297
161 389
161 391
162 485
163 113
163 194
163 297
163 326
163 327
163 474
164 25
164 51
164 85
164 196
164 201
164 209
164 221
164 425
165 171
165 182
165 284
165 314
165 325
165 384
165 406
166 102
166 148
166 294
166 356
166 359
166 441
167 485
168 13
168 40
168 77
168 163
168 229
168 327
169 45
169 74
169 122
169 124
169 173
169 304
169 442
170 78
170 118
170 176
170 217
170 251
170 285
170 395
171 32
171 162
171 167
171 180
171 196
171 328
171 399
171 412
172 13
172 155
172 321
172 332
172 414
173 167
173 314
173 345
173 454
173 484
174 32
174 125
174 225
174 280
174 285
174 289
174 299
174 469
175 3
175 63
175 163
175 169
175 230
175 378
176 16
176 84
176 141
176 155
176 180
176 206
176 255
176 362
177 18
177 94
177 95
177 196
177 272
177 301
177 391
177 482
177 484
178 167
178 180
178 183
178 246
178 314
178 315
178 388
178 390
179 84
179 113
179 136
179 394
179 401
179 418
179 471
180 485
181 93
181 95
181 118
181 204
181 386
182 399
182 406
182 416
182 418
182 438
183 124
183 237
183 297
183 418
183 461
184 30
184 162
184 326
184 455
184 468
185 52
185 96
185 265
185 281
185 328
185 370
185 472
186 9
186 33
186 93
186 128
186 297
186 301
186 416
186 417
187 30
187 147
187 148
187 162
187 167
187 180
187 203
187 326
187 386
188 103
188 115
188 153
188 186
188 301
188 398
188 471
189 36
189 93
189 202
189 268
189 331
189 435
189 461
190 98
190 126
190 134
190 143
190 204
190 372
190 395
191 6
191 9
191 120
191 330
191 343
191 391
191 414
191 484
192 17
192 27
192 242
192 253
192 299
192 331
192 371
192 390
192 461
193 11
193 86
193 97
193 124
193 253
193 279
193 342
193 374
193 389
194 18
194 33
194 162
194 399
194 438
194 472
195 2
195 153
195 189
195 229
195 322
195 472
196 485
197 11
197 27
197 29
197 84
197 121
197 123
197 196
197 401
197 419
198 84
198 178
198 215
198 314
198 319
198 423
198 484
199 138
199 151
199 202
199 289
199 387
199 408
199 449
199 461
199 482
200 12
200 220
200 351
200 430
200 474
201 63
201 113
201 162
201 163
201 171
201 437
202 3
202 33
202 303
202 316
202 415
202 472
203 485
204 9
204 84
204 167
204 326
204 399
205 15
205 30
205 261
205 298
205 310
205 455
205 475
206 84
206 95
206 115
206 124
206 171
206 319
206 328
206 468
207 45
207 64
207 122
207 144
207 170
207 174
207 184
207 185
207 209
208 11
208 20
208 224
208 232
208 352
208 379
208 428
208 475
209 18
209 93
209 103
209 221
209 280
209 371
209 402
209 414
210 38
210 229
210 378
210 389
210 412
211 485
212 62
212 66
212 86
212 232
212 285
212 404
212 435
212 461
213 5
213 160
213 193
213 229
213 272
213 386
214 134
214 151
214 193
214 211
214 224
214 230
214 324
214 443
215 17
215 100
215 121
215 286
215 301
215 329
215 390
215 474
216 124
216 171
216 297
216 326
216 393
216 418
217 129
217 155
217 162
217 227
217 442
218 67
218 152
218 171
218 233
218 243
218 351
218 374
218 391
219 29
219 141
219 184
219 221
219 309
219 359
219 361
219 430
219 468
220 33
220 86
220 103
220 279
220 434
221 97
221 113
221 119
221 187
221 280
221 348
221 361
221 401
221 419
222 12
222 33
222 68
222 165
222 289
222 360
222 384
222 400
222 481
223 12
223 74
223 128
223 173
223 328
223 394
223 441
224 15
224 127
224 187
224 225
224 253
224 402
225 3
225 32
225 153
225 390
225 468
226 44
226 68
226 209
226 330
226 356
227 113
227 182
227 194
227 299
227 333
227 386
227 417
227 468
228 86
228 95
228 148
228 286
228 351
229 66
229 76
229 144
229 149
229 163
229 220
229 406
229 455
230 117
230 140
230 301
230 380
230 455
231 31
231 93
231 118
231 319
231 390
231 448
232 5
232 31
232 88
232 90
232 115
232 434
233 86
233 328
233 386
233 455
233 468
234 2
234 147
234 228
234 255
234 284
234 386
234 412
234 424
235 17
235 33
235 45
235 183
235 211
235 282
235 303
236 11
236 12
236 40
236 183
236 274
236 356
236 414
236 415
236 442
237 93
237 167
237 280
237 329
237 418
237 455
238 158
238 209
238 236
238 353
238 398
238 399
238 422
238 471
239 92
239 124
239 242
239 343
239 391
239 451
240 36
240 137
240 174
240 330
240 423
241 117
241 184
241 326
241 331
241 392
241 399
241 435
242 68
242 96
242 113
242 148
242 160
242 267
242 342
242 441
242 442
243 5
243 38
243 359
243 392
243 419
244 5
244 58
244 69
244 115
244 239
245 78
245 102
245 131
245 144
245 182
245 328
245 341
246 32
246 33
246 84
246 93
246 237
246 386
246 423
247 18
247 198
247 225
247 341
247 393
247 399
247 441
247 476
248 81
248 137
248 178
248 207
248 232
248 260
248 406
248 471
249 30
249 32
249 40
249 66
249 118
249 180
249 433
250 30
250 77
250 95
250 155
250 181
250 184
250 228
250 387
250 412
251 148
251 184
251 221
251 267
251 279
251 395
251 402
251 439
252 5
252 27
252 30
252 103
252 423
253 66
253 117
253 125
253 155
253 315
253 362
253 430
254 10
254 53
254 221
254 240
254 250
254 275
254 356
254 365
254 446
255 103
255 184
255 187
255 326
255 398
255 401
256 10
256 18
256 100
256 103
256 282
256 423
256 442
257 13
257 119
257 158
257 283
257 353
257 398
258 44
258 184
258 218
258 259
258 365
258 451
258 471
258 477
259 85
259 226
259 239
259 255
259 286
259 304
259 412
259 417
260 16
260 136
260 211
260 233
260 286
260 297
260 398
260 401
260 418
261 115
261 215
261 327
261 362
261 406
261 441
262 89
262 152
262 220
262 232
262 371
263 117
263 128
263 129
263 155
263 327
264 69
264 184
264 228
264 290
264 337
264 344
264 363
264 418
264 470
265 194
265 206
265 211
265 228
265 266
265 409
265 412
265 439
265 441
266 101
266 178
266 268
266 353
266 412
266 423
266 446
266 474
267 84
267 153
267 342
267 417
267 430
268 9
268 90
268 194
268 294
268 301
268 401
268 412
268 417
269 96
269 106
269 117
269 209
269 255
269 257
269 440
270 81
270 103
270 152
270 168
270 286
270 293
270 297
270 312
270 395
271 8
271 44
271 101
271 214
271 252
272 12
272 32
272 97
272 153
272 241
272 341
273 9
273 16
273 18
273 84
273 113
273 401
273 417
274 9
274 90
274 124
274 282
274 316
275 76
275 77
275 127
275 184
275 270
275 453
276 19
276 52
276 170
276 375
276 378
276 401
276 448
276 452
277 114
277 237
277 329
277 390
277 455
278 123
278 274
278 345
278 396
278 438
278 455
278 484
279 40
279 113
279 162
279 180
279 328
279 399
279 401
279 418
279 468
280 113
280 167
280 180
280 319
280 326
280 328
280 348
280 438
281 86
281 237
281 342
281 348
281 406
282 485
283 111
283 180
283 183
283 235
283 282
283 294
283 416
283 435
283 441
284 78
284 178
284 247
284 283
284 312
284 398
284 399
285 33
285 98
285 119
285 204
285 216
285 319
285 435
285 474
286 111
286 148
286 162
286 179
286 203
286 204
286 392
286 472
287 103
287 153
287 249
287 261
287 401
287 434
288 122
288 166
288 207
288 221
288 270
288 363
289 3
289 8
289 76
289 113
289 119
289 187
289 220
289 285
290 46
290 119
290 152
290 180
290 233
290 281
290 361
290 435
291 46
291 136
291 144
291 162
291 329
291 332
291 414
291 441
292 101
292 204
292 242
292 274
292 390
292 434
293 189
293 203
293 217
293 327
293 374
294 30
294 45
294 97
294 124
294 186
294 187
294 315
294 471
295 29
295 46
295 52
295 105
295 145
295 286
295 365
295 387
295 450
296 8
296 74
296 89
296 116
296 209
296 329
296 384
296 415
296 423
297 30
297 33
297 97
297 147
297 438
297 471
298 13
298 36
298 43
298 204
298 299
298 359
298 402
299 84
299 153
299 183
299 412
299 434
299 471
300 206
300 228
300 240
300 281
300 309
300 328
301 33
301 93
301 282
301 329
301 416
301 417
302 36
302 38
302 143
302 176
302 206
302 216
302 332
302 357
302 434
303 65
303 97
303 148
303 211
303 388
303 415
303 418
303 438
304 48
304 194
304 236
304 237
304 455
305 123
305 157
305 190
305 268
305 297
305 399
306 142
306 180
306 246
306 262
306 297
307 45
307 56
307 188
307 287
307 290
307 341
307 386
307 433
307 483
308 11
308 32
308 38
308 173
308 314
308 328
308 460
309 136
309 162
309 167
309 319
309 430
309 474
310 50
310 88
310 103
310 177
310 284
310 370
310 484
311 12
311 16
311 36
311 57
311 203
311 235
311 349
311 356
311 433
312 11
312 65
312 85
312 136
312 137
312 163
312 188
312 291
312 430
313 105
313 181
313 183
313 195
313 359
313 380
313 459
314 17
314 103
314 183
314 188
314 297
314 319
314 326
314 348
315 30
315 93
315 147
315 280
315 455
315 461
315 468
316 84
316 114
316 128
316 196
316 203
316 211
316 282
316 319
316 461
317 103
317 173
317 215
317 227
317 283
317 333
317 375
317 443
318 98
318 113
318 334
318 401
318 434
319 485
320 46
320 77
320 159
320 186
320 334
320 415
320 441
321 68
321 71
321 114
321 126
321 239
321 352
321 442
321 480
322 127
322 163
322 289
322 304
322 438
323 11
323 32
323 45
323 84
323 92
323 260
323 329
323 341
324 52
324 133
324 189
324 326
324 454
325 8
325 146
325 198
325 299
325 448
326 485
327 9
327 84
327 114
327 128
327 147
327 282
328 485
329 114
329 128
329 162
329 180
329 328
329 348
329 419
329 438
329 461
330 76
330 117
330 160
330 274
330 382
330 399
331 32
331 33
331 97
331 148
331 196
331 326
331 438
332 84
332 111
332 181
332 184
332 454
332 455
333 297
333 299
333 356
333 386
333 399
333 417
334 186
334 188
334 211
334 299
334 328
334 361
334 419
334 438
335 3
335 60
335 120
335 162
335 176
335 265
335 479
336 59
336 341
336 377
336 400
336 425
336 484
337 61
337 85
337 117
337 160
337 245
337 320
337 429
338 31
338 68
338 81
338 85
338 121
338 159
338 252
338 282
338 374
339 40
339 50
339 178
339 276
339 374
340 29
340 46
340 71
340 160
340 189
340 203
340 301
340 389
341 117
341 124
341 129
341 138
341 282
341 286
341 327
341 353
341 401
342 183
342 194
342 328
342 415
342 434
343 86
343 95
343 237
343 299
343 330
343 392
343 438
343 446
343 457
344 221
344 251
344 297
344 327
344 332
345 17
345 137
345 148
345 178
345 281
345 472
345 476
346 31
346 36
346 77
346 170
346 289
346 359
346 374
346 404
346 433
347 185
347 203
347 214
347 307
347 355
347 389
347 440
348 485
349 45
349 65
349 124
349 184
349 215
349 388
349 415
349 435
350 46
350 62
350 72
350 100
350 104
350 182
350 316
350 372
350 438
351 103
351 111
351 180
351 316
351 399
352 44
352 129
352 148
352 173
352 235
352 416
352 448
352 474
353 136
353 147
353 279
353 356
353 412
353 461
354 163
354 268
354 283
354 303
354 394
354 398
354 402
354 471
355 66
355 96
355 98
355 184
355 319
355 378
355 443
356 113
356 162
356 282
356 361
356 455
356 474
357 89
357 97
357 113
357 124
357 238
357 303
358 10
358 54
358 102
358 187
358 238
358 404
358 460
359 17
359 29
359 204
359 286
359 303
360 96
360 107
360 191
360 290
360 352
360 386
360 404
360 433
361 40
361 114
361 147
361 203
361 319
361 401
361 455
361 461
362 86
362 183
362 328
362 342
362 392
362 468
363 3
363 37
363 119
363 126
363 312
363 394
364 40
364 261
364 287
364 344
364 346
364 381
364 432
364 453
365 61
365 102
365 126
365 200
365 464
366 197
366 323
366 388
366 435
366 474
367 3
367 8
367 29
367 66
367 78
367 84
367 359
367 401
368 46
368 164
368 169
368 182
368 193
368 380
368 399
368 471
369 40
369 42
369 45
369 265
369 363
370 43
370 78
370 126
370 304
370 334
370 399
370 461
370 484
371 18
371 78
371 203
371 237
371 286
371 393
371 417
371 437
371 455
372 131
372 206
372 251
372 341
372 375
372 404
372 474
373 55
373 65
373 171
373 251
373 252
373 357
374 84
374 153
374 279
374 297
374 329
375 8
375 12
375 98
375 125
375 272
375 382
375 391
376 119
376 141
376 174
376 186
376 443
376 455
377 101
377 103
377 107
377 227
377 232
377 289
377 417
378 9
378 31
378 53
378 113
378 180
378 209
378 301
378 314
379 324
379 330
379 342
379 345
379 348
379 462
380 18
380 29
380 46
380 152
380 285
380 342
380 348
380 351
381 94
381 159
381 223
381 284
381 298
381 371
381 472
382 65
382 115
382 123
382 137
382 160
382 281
382 351
382 356
382 434
383 64
383 203
383 212
383 218
383 298
383 412
383 453
384 12
384 46
384 236
384 277
384 352
384 378
384 435
385 36
385 94
385 256
385 278
385 301
385 311
385 436
385 438
386 485
387 51
387 121
387 171
387 217
387 297
387 327
387 333
388 97
388 319
388 326
388 348
388 398
388 416
388 438
389 129
389 211
389 299
389 351
389 461
390 40
390 114
390 128
390 326
390 401
390 455
390 468
391 125
391 163
391 183
391 412
391 417
391 435
391 441
391 455
392 84
392 93
392 315
392 398
392 412
392 474
393 97
393 128
393 171
393 390
393 418
394 32
394 65
394 203
394 280
394 399
395 40
395 87
395 113
395 184
395 273
395 341
395 402
396 17
396 153
396 200
396 217
396 342
396 437
397 9
397 53
397 72
397 91
397 103
397 178
397 239
397 344
397 378
398 485
399 114
399 148
399 211
399 326
399 417
399 419
400 72
400 142
400 182
400 261
400 284
400 305
400 393
401 33
401 113
401 114
401 128
401 148
401 167
401 180
401 203
401 418
402 103
402 153
402 235
402 237
402 282
402 301
402 401
402 437
403 9
403 107
403 186
403 221
403 234
403 380
403 398
403 427
403 446
404 18
404 71
404 227
404 394
404 425
405 18
405 88
405 152
405 192
405 218
405 233
405 395
406 84
406 97
406 162
406 326
406 356
406 418
406 474
407 38
407 100
407 143
407 196
407 438
408 28
408 32
408 71
408 104
408 153
408 195
408 289
408 394
408 443
409 167
409 206
409 315
409 328
409 342
409 451
410 41
410 44
410 306
410 377
410 480
411 102
411 116
411 345
411 361
411 422
411 438
412 485
413 72
413 88
413 95
413 192
413 217
413 229
413 265
413 312
413 321
414 33
414 98
414 113
414 118
414 136
414 162
414 188
414 351
415 33
415 113
415 187
415 316
415 329
415 417
416 180
416 203
416 282
416 319
416 348
416 386
416 419
417 485
418 485
419 485
420 114
420 181
420 188
420 204
420 332
421 62
421 88
421 186
421 228
421 277
421 340
422 3
422 9
422 16
422 33
422 227
422 349
422 474
423 9
423 30
423 124
423 147
423 167
423 297
423 390
423 474
424 45
424 128
424 204
424 237
424 274
424 374
424 391
425 9
425 10
425 198
425 268
425 282
425 329
426 59
426 74
426 81
426 107
426 311
426 343
426 421
426 423
427 94
427 245
427 341
427 362
427 453
427 457
428 10
428 121
428 176
428 216
428 354
428 389
428 415
428 433
429 48
429 102
429 113
429 171
429 233
429 293
429 352
429 380
429 425
430 147
430 187
430 331
430 386
430 388
430 419
430 455
431 41
431 97
431 140
431 192
431 232
431 259
431 367
431 409
432 43
432 107
432 215
432 226
432 430
432 471
433 78
433 93
433 114
433 136
433 203
433 299
433 314
433 328
433 394
434 9
434 18
434 162
434 282
434 301
434 316
434 419
434 438
435 16
435 25
435 148
435 204
435 233
435 237
435 279
435 301
435 442
436 109
436 125
436 291
436 312
436 341
436 418
436 442
437 17
437 103
437 114
437 118
437 203
437 393
437 398
437 430
437 441
438 485
439 12
439 30
439 148
439 194
439 246
439 260
439 319
439 415
439 451
440 61
440 159
440 174
440 255
440 388
441 16
441 124
441 194
441 331
441 399
442 30
442 40
442 196
442 204
442 237
442 301
442 386
443 204
443 351
443 389
443 409
443 417
443 422
443 438
444 144
444 167
444 240
444 303
444 348
444 430
445 236
445 249
445 273
445 280
445 340
445 370
445 453
446 30
446 119
446 209
446 328
446 419
446 437
447 33
447 44
447 100
447 138
447 390
447 398
447 412
448 78
448 95
448 187
448 204
448 225
448 286
448 353
448 454
449 101
449 174
449 193
449 240
449 257
449 280
449 309
450 168
450 245
450 294
450 312
450 317
450 361
450 382
450 478
451 78
451 90
451 95
451 115
451 147
451 277
451 331
451 388
451 417
452 71
452 88
452 126
452 228
452 309
452 349
452 423
453 29
453 44
453 77
453 194
453 200
453 423
454 78
454 119
454 144
454 235
454 309
455 128
455 162
455 348
455 417
455 438
455 461
456 28
456 85
456 138
456 152
456 157
456 201
456 203
456 312
456 482
457 3
457 13
457 45
457 66
457 78
457 187
457 274
457 280
457 441
458 200
458 223
458 232
458 277
458 284
458 357
458 469
458 483
459 12
459 98
459 108
459 109
459 365
459 377
459 388
459 404
459 480
460 31
460 111
460 245
460 293
460 341
460 361
460 418
461 485
462 29
462 101
462 102
462 122
462 184
462 209
462 242
462 267
463 84
463 86
463 133
463 161
463 186
463 251
463 284
463 402
464 136
464 149
464 186
464 246
464 285
464 299
464 326
464 342
464 438
465 11
465 61
465 80
465 125
465 194
465 268
465 314
465 439
465 441
466 168
466 174
466 250
466 285
466 439
467 194
467 229
467 331
467 399
467 466
468 113
468 162
468 282
468 328
468 419
468 438
468 461
469 77
469 119
469 211
469 255
469 260
469 401
469 412
469 414
470 113
470 168
470 183
470 242
470 329
471 84
471 113
471 128
471 203
471 282
471 328
471 461
472 40
472 97
472 128
472 203
472 328
472 348
472 417
473 163
473 173
473 187
473 215
473 217
473 283
473 285
473 353
473 396
474 32
474 196
474 326
474 416
474 471
475 46
475 97
475 157
475 195
475 274
475 317
475 360
475 482
476 9
476 18
476 119
476 167
476 255
476 283
476 294
476 362
477 40
477 84
477 153
477 255
477 348
477 417
477 455
478 17
478 84
478 163
478 167
478 279
478 301
478 331
479 12
479 19
479 144
479 167
479 359
479 406
479 435
479 443
479 472
480 121
480 173
480 253
480 256
480 448
481 77
481 178
481 204
481 296
481 349
481 386
481 425
481 452
482 104
482 164
482 179
482 226
482 401
483 179
483 196
483 261
483 289
483 345
484 17
484 25
484 124
484 186
484 361
484 417
484 430
