# Tier 7 (Very Large) - Instance 22
# Generated with config: N=419, K=5, topology=grid, calendar=random

# HEADER: <num_tasks> <num_types> <num_units>
421 5 27

# RESOURCE TYPES
# Format: <type_id> <num_units> <unit_id1> <unit_id2> ...
0 6 0 1 2 3 4 5
1 6 6 7 8 9 10 11
2 5 12 13 14 15 16
3 5 17 18 19 20 21
4 5 22 23 24 25 26

# RESOURCE UNITS (Calendars)
# Format: <unit_id> <num_steps> <t1> <v1> <t2> <v2> ...
0 26 0 0 19 100 75 0 98 100 175 0 186 100 405 0 420 100 523 0 539 100 723 0 731 100 935 0 954 100 1164 0 1178 100 1347 0 1367 100 1452 0 1462 100 1705 0 1710 100 1916 0 1931 100 2117 0 4252 0
1 26 0 100 203 0 209 100 321 0 325 100 585 0 592 100 691 0 703 100 857 0 860 100 1069 0 1082 100 1302 0 1315 100 1518 0 1535 100 1737 0 1751 100 2007 0 2025 100 2266 0 2291 100 2444 0 2448 100 4252 0
2 26 0 0 9 100 112 0 132 100 206 0 226 100 408 0 433 100 533 0 540 100 668 0 690 100 963 0 987 100 1282 0 1288 100 1395 0 1414 100 1598 0 1606 100 1674 0 1692 100 1871 0 1894 100 2130 0 4252 0
3 26 0 100 225 0 227 100 346 0 349 100 531 0 539 100 807 0 818 100 993 0 1003 100 1189 0 1208 100 1414 0 1429 100 1621 0 1642 100 1928 0 1935 100 2132 0 2138 100 2288 0 2305 100 2386 0 2394 100 4252 0
4 26 0 0 18 100 210 0 235 100 365 0 383 100 614 0 625 100 745 0 753 100 871 0 878 100 1183 0 1208 100 1313 0 1333 100 1435 0 1452 100 1518 0 1520 100 1620 0 1640 100 1696 0 1720 100 1814 0 4252 0
5 26 0 100 134 0 147 100 317 0 329 100 401 0 416 100 594 0 604 100 851 0 874 100 988 0 998 100 1273 0 1292 100 1567 0 1580 100 1758 0 1781 100 1845 0 1857 100 2015 0 2022 100 2080 0 2088 100 4252 0
6 26 0 0 11 100 290 0 303 100 390 0 393 100 619 0 641 100 901 0 911 100 1087 0 1090 100 1282 0 1295 100 1475 0 1497 100 1701 0 1709 100 1964 0 1970 100 2194 0 2215 100 2309 0 2316 100 2556 0 4252 0
7 26 0 0 4 100 167 0 178 100 294 0 300 100 411 0 434 100 672 0 685 100 947 0 969 100 1178 0 1194 100 1391 0 1405 100 1465 0 1478 100 1761 0 1769 100 1834 0 1836 100 1979 0 2002 100 2154 0 4252 0
8 26 0 100 97 0 115 100 361 0 385 100 629 0 652 100 711 0 731 100 816 0 836 100 1102 0 1106 100 1157 0 1169 100 1368 0 1383 100 1609 0 1625 100 1812 0 1815 100 1976 0 1988 100 2261 0 2281 100 4252 0
9 26 0 100 180 0 204 100 367 0 377 100 468 0 474 100 729 0 737 100 910 0 913 100 1027 0 1047 100 1189 0 1206 100 1475 0 1499 100 1670 0 1685 100 1848 0 1872 100 2165 0 2178 100 2375 0 2392 100 4252 0
10 26 0 0 2 100 132 0 155 100 267 0 274 100 349 0 371 100 530 0 536 100 818 0 827 100 1128 0 1137 100 1359 0 1363 100 1458 0 1472 100 1751 0 1757 100 1906 0 1927 100 1988 0 1995 100 2141 0 4252 0
11 26 0 100 268 0 273 100 571 0 593 100 751 0 756 100 974 0 999 100 1129 0 1139 100 1359 0 1382 100 1630 0 1655 100 1951 0 1974 100 2114 0 2120 100 2403 0 2425 100 2673 0 2695 100 2935 0 2951 100 4252 0
12 26 0 0 11 100 314 0 328 100 520 0 525 100 718 0 735 100 816 0 829 100 1085 0 1099 100 1361 0 1374 100 1629 0 1644 100 1783 0 1794 100 2051 0 2061 100 2179 0 2182 100 2381 0 2389 100 2442 0 4252 0
13 26 0 100 248 0 255 100 485 0 509 100 684 0 686 100 864 0 884 100 1119 0 1127 100 1187 0 1212 100 1274 0 1278 100 1402 0 1413 100 1542 0 1565 100 1732 0 1746 100 1822 0 1838 100 1894 0 1904 100 4252 0
14 26 0 0 19 100 309 0 322 100 531 0 556 100 652 0 674 100 789 0 803 100 867 0 881 100 939 0 947 100 999 0 1017 100 1305 0 1309 100 1596 0 1604 100 1707 0 1724 100 1776 0 1787 100 2066 0 4252 0
15 26 0 0 19 100 263 0 274 100 469 0 487 100 679 0 689 100 925 0 935 100 1185 0 1195 100 1455 0 1462 100 1624 0 1640 100 1719 0 1728 100 1824 0 1827 100 2012 0 2037 100 2227 0 2237 100 2318 0 4252 0
16 26 0 0 17 100 87 0 105 100 359 0 370 100 464 0 468 100 536 0 549 100 740 0 759 100 1065 0 1072 100 1342 0 1361 100 1612 0 1618 100 1735 0 1737 100 1998 0 2021 100 2299 0 2313 100 2532 0 4252 0
17 26 0 0 15 100 206 0 217 100 442 0 462 100 568 0 570 100 639 0 664 100 761 0 776 100 830 0 835 100 1140 0 1158 100 1262 0 1273 100 1339 0 1347 100 1439 0 1452 100 1520 0 1533 100 1750 0 4252 0
18 26 0 100 85 0 106 100 164 0 177 100 299 0 309 100 420 0 422 100 589 0 594 100 712 0 717 100 801 0 817 100 997 0 1022 100 1314 0 1331 100 1423 0 1428 100 1487 0 1490 100 1739 0 1746 100 4252 0
19 26 0 100 114 0 121 100 293 0 296 100 597 0 606 100 721 0 731 100 844 0 850 100 1045 0 1048 100 1348 0 1373 100 1573 0 1592 100 1672 0 1695 100 1767 0 1787 100 1960 0 1975 100 2090 0 2106 100 4252 0
20 26 0 100 273 0 295 100 432 0 444 100 631 0 640 100 745 0 749 100 1024 0 1036 100 1160 0 1164 100 1359 0 1370 100 1525 0 1544 100 1786 0 1805 100 2059 0 2067 100 2339 0 2344 100 2397 0 2415 100 4252 0
21 26 0 100 64 0 82 100 380 0 399 100 602 0 622 100 687 0 696 100 851 0 873 100 1164 0 1166 100 1470 0 1493 100 1740 0 1744 100 1904 0 1910 100 2019 0 2031 100 2229 0 2244 100 2498 0 2512 100 4252 0
22 26 0 100 197 0 217 100 501 0 524 100 734 0 751 100 870 0 872 100 1085 0 1104 100 1160 0 1184 100 1458 0 1461 100 1641 0 1653 100 1952 0 1959 100 2104 0 2116 100 2384 0 2402 100 2527 0 2548 100 4252 0
23 26 0 100 240 0 247 100 416 0 440 100 622 0 624 100 720 0 743 100 994 0 1001 100 1116 0 1136 100 1320 0 1344 100 1511 0 1525 100 1612 0 1618 100 1899 0 1911 100 2073 0 2082 100 2211 0 2215 100 4252 0
24 26 0 0 6 100 276 0 293 100 470 0 494 100 679 0 695 100 772 0 776 100 996 0 1008 100 1181 0 1190 100 1245 0 1263 100 1477 0 1490 100 1680 0 1690 100 1943 0 1946 100 2077 0 2100 100 2394 0 4252 0
25 26 0 100 182 0 190 100 369 0 382 100 504 0 518 100 788 0 808 100 981 0 986 100 1038 0 1051 100 1200 0 1214 100 1421 0 1427 100 1576 0 1595 100 1859 0 1865 100 1922 0 1928 100 2023 0 2045 100 4252 0
26 26 0 100 109 0 112 100 249 0 272 100 479 0 500 100 725 0 742 100 805 0 814 100 991 0 997 100 1207 0 1215 100 1332 0 1340 100 1589 0 1613 100 1705 0 1730 100 1787 0 1803 100 2089 0 2098 100 4252 0

# TASKS
# Format: <task_id> <size> <num_reqs>
# Then for each requirement: <type_id> <qty>
0 0 5
 0 0
 1 0
 2 0
 3 0
 4 0
1 12 5
 0 2
 1 1
 2 0
 3 0
 4 2
2 19 5
 0 1
 1 3
 2 0
 3 0
 4 0
3 20 5
 0 2
 1 0
 2 0
 3 3
 4 2
4 20 5
 0 0
 1 3
 2 3
 3 2
 4 0
5 18 5
 0 0
 1 0
 2 1
 3 1
 4 3
6 6 5
 0 3
 1 0
 2 3
 3 1
 4 0
7 9 5
 0 3
 1 0
 2 1
 3 1
 4 2
8 18 5
 0 1
 1 0
 2 0
 3 0
 4 0
9 13 5
 0 0
 1 1
 2 0
 3 3
 4 0
10 17 5
 0 1
 1 0
 2 1
 3 0
 4 0
11 16 5
 0 0
 1 3
 2 0
 3 3
 4 3
12 4 5
 0 3
 1 0
 2 3
 3 3
 4 1
13 15 5
 0 2
 1 1
 2 0
 3 2
 4 0
14 11 5
 0 2
 1 0
 2 3
 3 2
 4 0
15 13 5
 0 0
 1 0
 2 0
 3 0
 4 3
16 3 5
 0 1
 1 0
 2 0
 3 1
 4 1
17 17 5
 0 3
 1 0
 2 2
 3 0
 4 0
18 5 5
 0 1
 1 2
 2 0
 3 3
 4 0
19 15 5
 0 0
 1 2
 2 1
 3 0
 4 1
20 6 5
 0 2
 1 2
 2 3
 3 2
 4 0
21 14 5
 0 3
 1 0
 2 2
 3 0
 4 2
22 13 5
 0 0
 1 0
 2 2
 3 2
 4 2
23 20 5
 0 3
 1 0
 2 3
 3 1
 4 3
24 13 5
 0 1
 1 3
 2 1
 3 0
 4 2
25 10 5
 0 0
 1 1
 2 2
 3 3
 4 3
26 19 5
 0 2
 1 1
 2 0
 3 1
 4 1
27 12 5
 0 1
 1 3
 2 2
 3 1
 4 2
28 4 5
 0 0
 1 0
 2 3
 3 2
 4 1
29 17 5
 0 3
 1 1
 2 0
 3 1
 4 3
30 4 5
 0 3
 1 0
 2 0
 3 3
 4 1
31 8 5
 0 3
 1 2
 2 0
 3 3
 4 3
32 9 5
 0 3
 1 0
 2 0
 3 0
 4 0
33 14 5
 0 0
 1 0
 2 2
 3 2
 4 0
34 8 5
 0 1
 1 2
 2 1
 3 3
 4 0
35 20 5
 0 2
 1 3
 2 1
 3 1
 4 0
36 12 5
 0 1
 1 2
 2 0
 3 0
 4 2
37 15 5
 0 1
 1 2
 2 2
 3 3
 4 0
38 1 5
 0 3
 1 2
 2 1
 3 0
 4 0
39 9 5
 0 0
 1 1
 2 3
 3 1
 4 0
40 13 5
 0 3
 1 1
 2 3
 3 3
 4 1
41 13 5
 0 0
 1 1
 2 0
 3 3
 4 1
42 7 5
 0 0
 1 3
 2 0
 3 1
 4 0
43 14 5
 0 2
 1 3
 2 3
 3 3
 4 0
44 10 5
 0 0
 1 0
 2 2
 3 0
 4 0
45 10 5
 0 1
 1 0
 2 2
 3 1
 4 0
46 10 5
 0 0
 1 0
 2 0
 3 2
 4 3
47 6 5
 0 0
 1 0
 2 0
 3 0
 4 3
48 13 5
 0 0
 1 2
 2 3
 3 3
 4 0
49 8 5
 0 1
 1 0
 2 1
 3 2
 4 0
50 12 5
 0 3
 1 2
 2 0
 3 1
 4 1
51 3 5
 0 3
 1 0
 2 2
 3 2
 4 3
52 19 5
 0 2
 1 2
 2 0
 3 0
 4 2
53 19 5
 0 1
 1 2
 2 3
 3 0
 4 0
54 2 5
 0 1
 1 3
 2 2
 3 1
 4 1
55 5 5
 0 1
 1 3
 2 2
 3 0
 4 0
56 13 5
 0 1
 1 2
 2 0
 3 1
 4 3
57 15 5
 0 3
 1 0
 2 0
 3 3
 4 0
58 6 5
 0 2
 1 0
 2 0
 3 2
 4 2
59 15 5
 0 0
 1 0
 2 3
 3 3
 4 3
60 18 5
 0 0
 1 1
 2 1
 3 2
 4 0
61 12 5
 0 1
 1 0
 2 2
 3 0
 4 0
62 19 5
 0 0
 1 1
 2 0
 3 0
 4 2
63 20 5
 0 2
 1 0
 2 2
 3 2
 4 3
64 13 5
 0 2
 1 2
 2 0
 3 3
 4 3
65 14 5
 0 3
 1 3
 2 0
 3 0
 4 2
66 19 5
 0 3
 1 1
 2 0
 3 0
 4 3
67 3 5
 0 1
 1 0
 2 0
 3 2
 4 3
68 6 5
 0 0
 1 0
 2 1
 3 2
 4 1
69 18 5
 0 1
 1 3
 2 0
 3 2
 4 3
70 14 5
 0 0
 1 1
 2 0
 3 0
 4 2
71 8 5
 0 2
 1 0
 2 2
 3 3
 4 1
72 10 5
 0 0
 1 0
 2 1
 3 0
 4 0
73 14 5
 0 3
 1 3
 2 1
 3 2
 4 3
74 14 5
 0 0
 1 1
 2 0
 3 2
 4 1
75 15 5
 0 2
 1 3
 2 0
 3 3
 4 0
76 10 5
 0 3
 1 2
 2 3
 3 1
 4 3
77 3 5
 0 1
 1 3
 2 2
 3 0
 4 0
78 8 5
 0 0
 1 0
 2 1
 3 0
 4 3
79 1 5
 0 2
 1 0
 2 1
 3 3
 4 3
80 11 5
 0 3
 1 2
 2 2
 3 2
 4 3
81 5 5
 0 3
 1 2
 2 0
 3 0
 4 3
82 13 5
 0 0
 1 0
 2 1
 3 1
 4 1
83 11 5
 0 2
 1 2
 2 1
 3 0
 4 0
84 17 5
 0 2
 1 2
 2 2
 3 1
 4 3
85 4 5
 0 3
 1 3
 2 2
 3 2
 4 1
86 10 5
 0 3
 1 0
 2 0
 3 1
 4 2
87 2 5
 0 0
 1 0
 2 2
 3 1
 4 0
88 18 5
 0 0
 1 0
 2 2
 3 3
 4 2
89 4 5
 0 2
 1 3
 2 2
 3 1
 4 0
90 2 5
 0 2
 1 2
 2 0
 3 0
 4 1
91 9 5
 0 3
 1 1
 2 1
 3 0
 4 2
92 14 5
 0 0
 1 2
 2 3
 3 0
 4 0
93 1 5
 0 3
 1 1
 2 0
 3 0
 4 0
94 13 5
 0 3
 1 3
 2 0
 3 2
 4 0
95 18 5
 0 0
 1 1
 2 0
 3 3
 4 0
96 8 5
 0 3
 1 3
 2 1
 3 1
 4 2
97 16 5
 0 0
 1 0
 2 3
 3 0
 4 0
98 10 5
 0 1
 1 0
 2 2
 3 2
 4 2
99 14 5
 0 0
 1 0
 2 0
 3 1
 4 1
100 2 5
 0 0
 1 1
 2 1
 3 2
 4 0
101 5 5
 0 0
 1 1
 2 3
 3 0
 4 1
102 7 5
 0 1
 1 1
 2 0
 3 0
 4 2
103 5 5
 0 0
 1 1
 2 1
 3 0
 4 1
104 10 5
 0 1
 1 1
 2 2
 3 3
 4 3
105 20 5
 0 0
 1 0
 2 2
 3 3
 4 1
106 19 5
 0 0
 1 0
 2 0
 3 3
 4 0
107 4 5
 0 0
 1 2
 2 3
 3 0
 4 0
108 3 5
 0 0
 1 0
 2 0
 3 1
 4 3
109 8 5
 0 1
 1 0
 2 1
 3 3
 4 1
110 4 5
 0 1
 1 2
 2 3
 3 2
 4 2
111 4 5
 0 1
 1 1
 2 3
 3 0
 4 2
112 10 5
 0 1
 1 2
 2 3
 3 3
 4 1
113 11 5
 0 3
 1 1
 2 1
 3 3
 4 3
114 1 5
 0 2
 1 3
 2 0
 3 0
 4 2
115 4 5
 0 3
 1 3
 2 0
 3 1
 4 0
116 14 5
 0 0
 1 0
 2 0
 3 1
 4 0
117 19 5
 0 1
 1 3
 2 2
 3 1
 4 1
118 13 5
 0 2
 1 1
 2 0
 3 3
 4 0
119 9 5
 0 2
 1 3
 2 0
 3 2
 4 0
120 3 5
 0 3
 1 2
 2 0
 3 0
 4 2
121 11 5
 0 0
 1 0
 2 0
 3 0
 4 2
122 12 5
 0 1
 1 2
 2 0
 3 0
 4 0
123 1 5
 0 0
 1 2
 2 3
 3 0
 4 1
124 14 5
 0 0
 1 1
 2 0
 3 0
 4 2
125 5 5
 0 2
 1 2
 2 1
 3 2
 4 0
126 4 5
 0 0
 1 2
 2 0
 3 3
 4 0
127 11 5
 0 0
 1 0
 2 2
 3 3
 4 0
128 10 5
 0 3
 1 0
 2 0
 3 2
 4 0
129 13 5
 0 0
 1 0
 2 1
 3 1
 4 0
130 11 5
 0 0
 1 3
 2 1
 3 3
 4 0
131 17 5
 0 2
 1 3
 2 0
 3 2
 4 0
132 7 5
 0 1
 1 0
 2 0
 3 1
 4 2
133 4 5
 0 3
 1 0
 2 0
 3 1
 4 3
134 11 5
 0 1
 1 3
 2 0
 3 1
 4 0
135 14 5
 0 0
 1 0
 2 0
 3 3
 4 3
136 3 5
 0 0
 1 2
 2 0
 3 0
 4 0
137 20 5
 0 1
 1 0
 2 2
 3 1
 4 0
138 10 5
 0 2
 1 1
 2 3
 3 1
 4 0
139 15 5
 0 0
 1 0
 2 3
 3 0
 4 0
140 14 5
 0 1
 1 3
 2 2
 3 0
 4 1
141 20 5
 0 1
 1 1
 2 3
 3 0
 4 1
142 19 5
 0 3
 1 3
 2 0
 3 3
 4 2
143 12 5
 0 3
 1 0
 2 1
 3 3
 4 2
144 7 5
 0 0
 1 2
 2 2
 3 0
 4 1
145 5 5
 0 0
 1 2
 2 2
 3 0
 4 3
146 12 5
 0 3
 1 1
 2 3
 3 0
 4 0
147 1 5
 0 2
 1 0
 2 1
 3 1
 4 0
148 19 5
 0 3
 1 3
 2 0
 3 0
 4 0
149 20 5
 0 0
 1 0
 2 0
 3 2
 4 0
150 17 5
 0 1
 1 2
 2 1
 3 3
 4 0
151 5 5
 0 3
 1 1
 2 1
 3 1
 4 3
152 14 5
 0 2
 1 1
 2 1
 3 3
 4 2
153 14 5
 0 0
 1 0
 2 1
 3 1
 4 3
154 20 5
 0 0
 1 2
 2 0
 3 2
 4 3
155 8 5
 0 0
 1 3
 2 0
 3 2
 4 1
156 8 5
 0 3
 1 2
 2 1
 3 1
 4 0
157 11 5
 0 1
 1 0
 2 0
 3 0
 4 1
158 7 5
 0 3
 1 2
 2 0
 3 1
 4 3
159 2 5
 0 3
 1 2
 2 0
 3 2
 4 0
160 3 5
 0 0
 1 2
 2 1
 3 3
 4 0
161 9 5
 0 0
 1 3
 2 2
 3 0
 4 2
162 16 5
 0 0
 1 2
 2 0
 3 3
 4 2
163 17 5
 0 1
 1 0
 2 3
 3 0
 4 2
164 6 5
 0 0
 1 0
 2 3
 3 1
 4 1
165 19 5
 0 1
 1 3
 2 0
 3 2
 4 3
166 18 5
 0 2
 1 3
 2 0
 3 0
 4 0
167 7 5
 0 1
 1 3
 2 0
 3 2
 4 2
168 9 5
 0 1
 1 2
 2 1
 3 0
 4 0
169 18 5
 0 0
 1 0
 2 0
 3 3
 4 3
170 11 5
 0 0
 1 2
 2 0
 3 0
 4 3
171 19 5
 0 2
 1 1
 2 3
 3 0
 4 0
172 7 5
 0 0
 1 0
 2 3
 3 2
 4 3
173 11 5
 0 0
 1 3
 2 1
 3 1
 4 3
174 13 5
 0 0
 1 2
 2 0
 3 3
 4 2
175 8 5
 0 2
 1 0
 2 0
 3 0
 4 3
176 18 5
 0 0
 1 2
 2 0
 3 3
 4 0
177 8 5
 0 1
 1 3
 2 0
 3 0
 4 0
178 11 5
 0 3
 1 2
 2 0
 3 0
 4 2
179 6 5
 0 0
 1 2
 2 1
 3 3
 4 0
180 15 5
 0 1
 1 0
 2 2
 3 0
 4 3
181 18 5
 0 3
 1 3
 2 0
 3 3
 4 1
182 19 5
 0 0
 1 0
 2 0
 3 3
 4 0
183 12 5
 0 0
 1 2
 2 1
 3 0
 4 2
184 17 5
 0 0
 1 0
 2 1
 3 0
 4 0
185 14 5
 0 1
 1 0
 2 2
 3 0
 4 0
186 16 5
 0 1
 1 1
 2 1
 3 1
 4 0
187 11 5
 0 0
 1 3
 2 1
 3 1
 4 0
188 18 5
 0 1
 1 0
 2 3
 3 1
 4 2
189 20 5
 0 2
 1 2
 2 0
 3 2
 4 0
190 8 5
 0 2
 1 3
 2 0
 3 2
 4 0
191 15 5
 0 1
 1 3
 2 1
 3 0
 4 2
192 18 5
 0 1
 1 0
 2 1
 3 1
 4 3
193 3 5
 0 2
 1 0
 2 0
 3 2
 4 2
194 2 5
 0 1
 1 0
 2 0
 3 3
 4 2
195 19 5
 0 0
 1 1
 2 2
 3 3
 4 3
196 19 5
 0 3
 1 0
 2 2
 3 3
 4 0
197 10 5
 0 0
 1 0
 2 0
 3 3
 4 0
198 18 5
 0 2
 1 2
 2 1
 3 2
 4 2
199 10 5
 0 2
 1 2
 2 2
 3 3
 4 0
200 5 5
 0 3
 1 3
 2 0
 3 0
 4 3
201 7 5
 0 0
 1 0
 2 2
 3 0
 4 3
202 15 5
 0 3
 1 0
 2 1
 3 2
 4 2
203 2 5
 0 0
 1 3
 2 0
 3 3
 4 0
204 20 5
 0 2
 1 1
 2 3
 3 1
 4 0
205 12 5
 0 0
 1 1
 2 1
 3 1
 4 2
206 16 5
 0 2
 1 3
 2 1
 3 2
 4 0
207 3 5
 0 3
 1 1
 2 3
 3 3
 4 3
208 11 5
 0 1
 1 2
 2 0
 3 2
 4 0
209 14 5
 0 0
 1 1
 2 2
 3 1
 4 2
210 15 5
 0 2
 1 3
 2 0
 3 1
 4 0
211 17 5
 0 2
 1 0
 2 1
 3 3
 4 0
212 6 5
 0 0
 1 1
 2 2
 3 1
 4 1
213 4 5
 0 0
 1 1
 2 0
 3 1
 4 0
214 18 5
 0 0
 1 2
 2 0
 3 2
 4 3
215 6 5
 0 0
 1 1
 2 2
 3 0
 4 3
216 3 5
 0 0
 1 1
 2 2
 3 2
 4 0
217 8 5
 0 2
 1 1
 2 0
 3 3
 4 0
218 12 5
 0 2
 1 0
 2 3
 3 0
 4 0
219 18 5
 0 2
 1 3
 2 2
 3 1
 4 3
220 3 5
 0 0
 1 2
 2 3
 3 0
 4 2
221 6 5
 0 0
 1 3
 2 3
 3 0
 4 0
222 9 5
 0 0
 1 0
 2 0
 3 1
 4 2
223 15 5
 0 2
 1 0
 2 0
 3 1
 4 0
224 11 5
 0 1
 1 2
 2 0
 3 2
 4 2
225 3 5
 0 0
 1 0
 2 0
 3 1
 4 0
226 3 5
 0 0
 1 2
 2 1
 3 1
 4 0
227 2 5
 0 1
 1 1
 2 3
 3 0
 4 0
228 19 5
 0 1
 1 0
 2 0
 3 0
 4 2
229 20 5
 0 0
 1 2
 2 1
 3 0
 4 0
230 16 5
 0 0
 1 2
 2 3
 3 0
 4 1
231 12 5
 0 0
 1 3
 2 0
 3 2
 4 3
232 15 5
 0 0
 1 0
 2 0
 3 0
 4 1
233 15 5
 0 3
 1 0
 2 0
 3 3
 4 0
234 1 5
 0 2
 1 0
 2 1
 3 1
 4 0
235 20 5
 0 2
 1 3
 2 0
 3 1
 4 2
236 17 5
 0 0
 1 1
 2 1
 3 3
 4 3
237 16 5
 0 0
 1 3
 2 0
 3 0
 4 1
238 18 5
 0 0
 1 2
 2 2
 3 1
 4 2
239 6 5
 0 0
 1 0
 2 2
 3 3
 4 0
240 19 5
 0 3
 1 3
 2 3
 3 0
 4 3
241 8 5
 0 1
 1 1
 2 0
 3 1
 4 2
242 12 5
 0 1
 1 2
 2 0
 3 1
 4 0
243 20 5
 0 0
 1 0
 2 2
 3 3
 4 0
244 5 5
 0 0
 1 1
 2 1
 3 0
 4 0
245 15 5
 0 0
 1 2
 2 2
 3 3
 4 1
246 16 5
 0 0
 1 0
 2 0
 3 2
 4 1
247 19 5
 0 1
 1 0
 2 3
 3 0
 4 1
248 6 5
 0 2
 1 3
 2 0
 3 0
 4 0
249 9 5
 0 1
 1 0
 2 2
 3 1
 4 1
250 3 5
 0 2
 1 3
 2 0
 3 0
 4 0
251 5 5
 0 3
 1 0
 2 0
 3 2
 4 2
252 6 5
 0 0
 1 1
 2 3
 3 0
 4 0
253 13 5
 0 3
 1 3
 2 0
 3 1
 4 1
254 2 5
 0 1
 1 0
 2 0
 3 0
 4 0
255 18 5
 0 3
 1 0
 2 3
 3 1
 4 0
256 13 5
 0 1
 1 0
 2 0
 3 0
 4 0
257 20 5
 0 2
 1 2
 2 1
 3 1
 4 0
258 16 5
 0 0
 1 0
 2 1
 3 0
 4 0
259 2 5
 0 0
 1 1
 2 2
 3 1
 4 0
260 1 5
 0 0
 1 3
 2 3
 3 1
 4 1
261 19 5
 0 0
 1 2
 2 1
 3 1
 4 1
262 20 5
 0 3
 1 3
 2 3
 3 0
 4 0
263 8 5
 0 2
 1 2
 2 2
 3 3
 4 3
264 6 5
 0 1
 1 3
 2 3
 3 1
 4 0
265 12 5
 0 1
 1 0
 2 3
 3 0
 4 1
266 5 5
 0 0
 1 2
 2 0
 3 3
 4 2
267 20 5
 0 0
 1 3
 2 1
 3 2
 4 3
268 14 5
 0 1
 1 0
 2 0
 3 0
 4 0
269 1 5
 0 0
 1 0
 2 0
 3 0
 4 1
270 20 5
 0 2
 1 1
 2 0
 3 0
 4 0
271 11 5
 0 3
 1 0
 2 0
 3 0
 4 2
272 16 5
 0 0
 1 0
 2 0
 3 3
 4 3
273 7 5
 0 0
 1 2
 2 2
 3 3
 4 0
274 4 5
 0 3
 1 3
 2 0
 3 1
 4 0
275 2 5
 0 3
 1 0
 2 3
 3 2
 4 1
276 18 5
 0 1
 1 1
 2 0
 3 1
 4 0
277 18 5
 0 3
 1 2
 2 0
 3 2
 4 2
278 11 5
 0 0
 1 1
 2 2
 3 1
 4 3
279 8 5
 0 1
 1 3
 2 3
 3 2
 4 0
280 5 5
 0 0
 1 1
 2 3
 3 0
 4 1
281 6 5
 0 3
 1 0
 2 0
 3 1
 4 1
282 15 5
 0 0
 1 0
 2 2
 3 1
 4 2
283 10 5
 0 3
 1 2
 2 3
 3 0
 4 0
284 19 5
 0 0
 1 2
 2 0
 3 0
 4 1
285 3 5
 0 1
 1 0
 2 2
 3 0
 4 0
286 17 5
 0 0
 1 2
 2 2
 3 0
 4 0
287 20 5
 0 0
 1 3
 2 2
 3 1
 4 3
288 11 5
 0 3
 1 2
 2 0
 3 2
 4 2
289 2 5
 0 0
 1 2
 2 2
 3 0
 4 2
290 18 5
 0 0
 1 0
 2 3
 3 0
 4 0
291 19 5
 0 1
 1 3
 2 2
 3 0
 4 3
292 6 5
 0 0
 1 3
 2 1
 3 0
 4 0
293 7 5
 0 0
 1 0
 2 2
 3 2
 4 0
294 3 5
 0 0
 1 0
 2 1
 3 3
 4 0
295 9 5
 0 0
 1 1
 2 3
 3 1
 4 0
296 3 5
 0 0
 1 2
 2 0
 3 0
 4 3
297 5 5
 0 3
 1 3
 2 0
 3 3
 4 1
298 1 5
 0 3
 1 3
 2 0
 3 0
 4 2
299 8 5
 0 1
 1 1
 2 1
 3 2
 4 1
300 6 5
 0 2
 1 1
 2 3
 3 1
 4 1
301 7 5
 0 3
 1 0
 2 2
 3 2
 4 0
302 10 5
 0 0
 1 2
 2 3
 3 0
 4 1
303 7 5
 0 0
 1 1
 2 3
 3 1
 4 1
304 2 5
 0 0
 1 3
 2 2
 3 2
 4 3
305 6 5
 0 0
 1 0
 2 0
 3 1
 4 0
306 3 5
 0 3
 1 0
 2 1
 3 1
 4 3
307 4 5
 0 0
 1 3
 2 0
 3 0
 4 0
308 15 5
 0 0
 1 2
 2 2
 3 0
 4 0
309 11 5
 0 3
 1 2
 2 1
 3 2
 4 0
310 6 5
 0 1
 1 0
 2 0
 3 0
 4 0
311 9 5
 0 0
 1 1
 2 1
 3 1
 4 2
312 20 5
 0 3
 1 3
 2 0
 3 2
 4 2
313 20 5
 0 0
 1 1
 2 2
 3 0
 4 3
314 20 5
 0 0
 1 1
 2 0
 3 0
 4 2
315 8 5
 0 1
 1 2
 2 3
 3 2
 4 1
316 11 5
 0 1
 1 0
 2 0
 3 1
 4 1
317 6 5
 0 2
 1 1
 2 2
 3 2
 4 0
318 10 5
 0 2
 1 0
 2 2
 3 3
 4 2
319 9 5
 0 1
 1 0
 2 1
 3 0
 4 0
320 1 5
 0 3
 1 2
 2 0
 3 1
 4 0
321 9 5
 0 3
 1 3
 2 3
 3 0
 4 0
322 4 5
 0 0
 1 0
 2 1
 3 0
 4 3
323 19 5
 0 1
 1 3
 2 3
 3 2
 4 0
324 8 5
 0 1
 1 2
 2 3
 3 0
 4 1
325 16 5
 0 0
 1 3
 2 1
 3 1
 4 2
326 13 5
 0 2
 1 0
 2 0
 3 0
 4 0
327 1 5
 0 3
 1 3
 2 3
 3 3
 4 0
328 14 5
 0 0
 1 1
 2 3
 3 2
 4 3
329 5 5
 0 0
 1 0
 2 2
 3 0
 4 1
330 19 5
 0 2
 1 0
 2 0
 3 0
 4 0
331 17 5
 0 2
 1 1
 2 0
 3 0
 4 2
332 14 5
 0 2
 1 2
 2 3
 3 0
 4 3
333 10 5
 0 0
 1 2
 2 0
 3 3
 4 0
334 16 5
 0 2
 1 1
 2 1
 3 1
 4 0
335 8 5
 0 2
 1 0
 2 3
 3 1
 4 3
336 16 5
 0 0
 1 1
 2 3
 3 2
 4 0
337 9 5
 0 0
 1 0
 2 0
 3 2
 4 1
338 20 5
 0 0
 1 0
 2 3
 3 1
 4 0
339 2 5
 0 0
 1 3
 2 2
 3 3
 4 3
340 18 5
 0 0
 1 0
 2 0
 3 1
 4 0
341 13 5
 0 0
 1 3
 2 0
 3 3
 4 1
342 8 5
 0 1
 1 0
 2 0
 3 2
 4 0
343 9 5
 0 3
 1 0
 2 3
 3 3
 4 0
344 14 5
 0 0
 1 1
 2 3
 3 0
 4 3
345 10 5
 0 0
 1 1
 2 2
 3 0
 4 0
346 3 5
 0 3
 1 0
 2 2
 3 2
 4 2
347 15 5
 0 0
 1 0
 2 0
 3 0
 4 2
348 14 5
 0 0
 1 1
 2 3
 3 3
 4 0
349 4 5
 0 1
 1 1
 2 0
 3 0
 4 1
350 13 5
 0 0
 1 3
 2 3
 3 0
 4 1
351 10 5
 0 1
 1 1
 2 3
 3 3
 4 0
352 18 5
 0 0
 1 0
 2 2
 3 0
 4 1
353 6 5
 0 0
 1 1
 2 2
 3 0
 4 3
354 19 5
 0 2
 1 0
 2 0
 3 1
 4 0
355 16 5
 0 2
 1 0
 2 1
 3 0
 4 0
356 18 5
 0 0
 1 0
 2 3
 3 0
 4 1
357 18 5
 0 3
 1 0
 2 1
 3 3
 4 0
358 3 5
 0 2
 1 0
 2 1
 3 1
 4 0
359 1 5
 0 2
 1 3
 2 3
 3 1
 4 0
360 15 5
 0 3
 1 3
 2 2
 3 3
 4 3
361 19 5
 0 0
 1 0
 2 0
 3 2
 4 0
362 10 5
 0 1
 1 0
 2 0
 3 3
 4 2
363 3 5
 0 3
 1 1
 2 3
 3 3
 4 3
364 16 5
 0 1
 1 3
 2 3
 3 1
 4 3
365 1 5
 0 1
 1 2
 2 2
 3 2
 4 3
366 2 5
 0 0
 1 2
 2 2
 3 1
 4 1
367 7 5
 0 3
 1 0
 2 2
 3 2
 4 2
368 5 5
 0 2
 1 1
 2 0
 3 2
 4 1
369 10 5
 0 0
 1 2
 2 1
 3 1
 4 0
370 8 5
 0 3
 1 3
 2 3
 3 1
 4 0
371 17 5
 0 0
 1 2
 2 0
 3 3
 4 0
372 14 5
 0 3
 1 1
 2 0
 3 3
 4 1
373 5 5
 0 3
 1 3
 2 0
 3 1
 4 0
374 18 5
 0 2
 1 2
 2 0
 3 3
 4 0
375 20 5
 0 3
 1 3
 2 0
 3 0
 4 0
376 16 5
 0 2
 1 0
 2 2
 3 1
 4 3
377 19 5
 0 1
 1 1
 2 0
 3 0
 4 0
378 18 5
 0 0
 1 1
 2 0
 3 3
 4 3
379 5 5
 0 3
 1 0
 2 2
 3 2
 4 0
380 17 5
 0 0
 1 1
 2 1
 3 0
 4 2
381 16 5
 0 3
 1 2
 2 1
 3 1
 4 3
382 2 5
 0 2
 1 3
 2 0
 3 3
 4 3
383 9 5
 0 2
 1 3
 2 0
 3 2
 4 0
384 10 5
 0 0
 1 3
 2 2
 3 2
 4 2
385 11 5
 0 2
 1 1
 2 3
 3 1
 4 2
386 7 5
 0 0
 1 0
 2 2
 3 1
 4 0
387 20 5
 0 0
 1 0
 2 0
 3 0
 4 3
388 8 5
 0 1
 1 0
 2 1
 3 1
 4 3
389 19 5
 0 0
 1 3
 2 1
 3 0
 4 0
390 15 5
 0 0
 1 0
 2 2
 3 1
 4 2
391 12 5
 0 0
 1 0
 2 0
 3 1
 4 1
392 8 5
 0 3
 1 0
 2 0
 3 2
 4 0
393 3 5
 0 3
 1 0
 2 2
 3 2
 4 0
394 15 5
 0 2
 1 1
 2 2
 3 1
 4 0
395 1 5
 0 0
 1 2
 2 1
 3 2
 4 0
396 3 5
 0 3
 1 0
 2 0
 3 1
 4 3
397 19 5
 0 1
 1 0
 2 1
 3 0
 4 0
398 14 5
 0 0
 1 0
 2 0
 3 0
 4 1
399 14 5
 0 0
 1 0
 2 2
 3 0
 4 1
400 2 5
 0 1
 1 2
 2 0
 3 0
 4 0
401 12 5
 0 0
 1 0
 2 3
 3 0
 4 3
402 18 5
 0 3
 1 2
 2 2
 3 3
 4 2
403 7 5
 0 2
 1 2
 2 0
 3 0
 4 0
404 19 5
 0 0
 1 0
 2 2
 3 0
 4 0
405 3 5
 0 1
 1 2
 2 3
 3 2
 4 1
406 5 5
 0 1
 1 0
 2 0
 3 0
 4 1
407 16 5
 0 0
 1 0
 2 1
 3 3
 4 1
408 5 5
 0 0
 1 1
 2 0
 3 0
 4 0
409 1 5
 0 3
 1 0
 2 0
 3 0
 4 1
410 6 5
 0 2
 1 0
 2 0
 3 1
 4 1
411 8 5
 0 0
 1 2
 2 3
 3 2
 4 0
412 14 5
 0 1
 1 0
 2 1
 3 0
 4 3
413 15 5
 0 1
 1 0
 2 0
 3 0
 4 3
414 9 5
 0 1
 1 3
 2 3
 3 1
 4 0
415 14 5
 0 0
 1 2
 2 0
 3 1
 4 1
416 9 5
 0 0
 1 0
 2 2
 3 1
 4 0
417 20 5
 0 2
 1 0
 2 1
 3 2
 4 2
418 4 5
 0 1
 1 1
 2 0
 3 3
 4 0
419 14 5
 0 0
 1 3
 2 0
 3 3
 4 0
420 0 5
 0 0
 1 0
 2 0
 3 0
 4 0

# PRECEDENCES
960
0 1
0 29
0 57
0 85
0 113
0 141
0 169
0 197
0 225
0 253
0 281
0 309
0 337
0 365
0 393
1 2
1 29
2 3
2 30
2 31
3 4
3 31
4 5
4 32
5 6
5 33
5 34
6 7
6 34
7 8
7 35
8 9
8 36
9 10
9 37
10 11
10 38
11 12
11 39
11 40
12 13
12 40
12 41
13 14
13 41
14 15
14 42
15 16
15 43
15 44
16 17
16 44
17 18
17 45
17 46
18 19
18 46
19 20
19 47
20 21
20 48
21 22
21 49
22 23
22 50
23 24
23 51
23 52
24 25
24 52
25 26
25 53
26 27
26 54
26 55
27 28
27 55
28 56
28 420
29 30
29 57
29 58
30 31
30 58
31 32
31 59
32 33
32 60
32 61
33 34
33 61
33 62
34 35
34 62
35 36
35 63
36 37
36 64
37 38
37 65
37 66
38 39
38 66
39 40
39 67
39 68
40 41
40 68
41 42
41 69
42 43
42 70
43 44
43 71
43 72
44 45
44 72
45 46
45 73
46 47
46 74
47 48
47 75
48 49
48 76
49 50
49 77
49 78
50 51
50 78
51 52
51 79
52 53
52 80
52 81
53 54
53 81
54 55
54 82
55 56
55 83
56 84
56 420
57 58
57 85
58 59
58 86
59 60
59 87
60 61
60 88
61 62
61 89
61 90
62 63
62 90
63 64
63 91
64 65
64 92
65 66
65 93
66 67
66 94
67 68
67 95
68 69
68 96
68 97
69 70
69 97
70 71
70 98
71 72
71 99
72 73
72 100
72 101
73 74
73 101
74 75
74 102
74 103
75 76
75 103
76 77
76 104
77 78
77 105
77 106
78 79
78 106
79 80
79 107
80 81
80 108
81 82
81 109
81 110
82 83
82 110
83 84
83 111
84 112
84 420
85 86
85 113
86 87
86 114
86 115
87 88
87 115
88 89
88 116
89 90
89 117
89 118
90 91
90 118
91 92
91 119
92 93
92 120
93 94
93 121
93 122
94 95
94 122
94 123
95 96
95 123
96 97
96 124
97 98
97 125
98 99
98 126
99 100
99 127
100 101
100 128
100 129
101 102
101 129
102 103
102 130
103 104
103 131
104 105
104 132
105 106
105 133
106 107
106 134
107 108
107 135
108 109
108 136
109 110
109 137
110 111
110 138
110 139
111 112
111 139
111 140
112 140
112 420
113 114
113 141
114 115
114 142
115 116
115 143
116 117
116 144
116 145
117 118
117 145
118 119
118 146
119 120
119 147
120 121
120 148
121 122
121 149
122 123
122 150
123 124
123 151
123 152
124 125
124 152
125 126
125 153
126 127
126 154
127 128
127 155
128 129
128 156
128 157
129 130
129 157
130 131
130 158
131 132
131 159
132 133
132 160
133 134
133 161
134 135
134 162
135 136
135 163
136 137
136 164
137 138
137 165
138 139
138 166
139 140
139 167
140 168
140 420
141 142
141 169
142 143
142 170
143 144
143 171
143 172
144 145
144 172
145 146
145 173
146 147
146 174
147 148
147 175
147 176
148 149
148 176
149 150
149 177
150 151
150 178
150 179
151 152
151 179
152 153
152 180
152 181
153 154
153 181
154 155
154 182
155 156
155 183
156 157
156 184
156 185
157 158
157 185
158 159
158 186
159 160
159 187
160 161
160 188
161 162
161 189
161 190
162 163
162 190
163 164
163 191
164 165
164 192
164 193
165 166
165 193
166 167
166 194
166 195
167 168
167 195
167 196
168 196
168 420
169 170
169 197
169 198
170 171
170 198
171 172
171 199
172 173
172 200
173 174
173 201
174 175
174 202
175 176
175 203
176 177
176 204
177 178
177 205
178 179
178 206
179 180
179 207
180 181
180 208
181 182
181 209
181 210
182 183
182 210
182 211
183 184
183 211
183 212
184 185
184 212
184 213
185 186
185 213
186 187
186 214
187 188
187 215
187 216
188 189
188 216
189 190
189 217
190 191
190 218
190 219
191 192
191 219
191 220
192 193
192 220
193 194
193 221
194 195
194 222
194 223
195 196
195 223
196 224
196 420
197 198
197 225
198 199
198 226
199 200
199 227
200 201
200 228
201 202
201 229
202 203
202 230
203 204
203 231
203 232
204 205
204 232
204 233
205 206
205 233
206 207
206 234
206 235
207 208
207 235
207 236
208 209
208 236
209 210
209 237
210 211
210 238
211 212
211 239
212 213
212 240
212 241
213 214
213 241
214 215
214 242
215 216
215 243
215 244
216 217
216 244
216 245
217 218
217 245
218 219
218 246
219 220
219 247
220 221
220 248
220 249
221 222
221 249
222 223
222 250
223 224
223 251
224 252
224 420
225 226
225 253
225 254
226 227
226 254
226 255
227 228
227 255
227 256
228 229
228 256
228 257
229 230
229 257
230 231
230 258
231 232
231 259
231 260
232 233
232 260
233 234
233 261
233 262
234 235
234 262
235 236
235 263
236 237
236 264
236 265
237 238
237 265
238 239
238 266
239 240
239 267
239 268
240 241
240 268
240 269
241 242
241 269
242 243
242 270
242 271
243 244
243 271
243 272
244 245
244 272
244 273
245 246
245 273
246 247
246 274
246 275
247 248
247 275
248 249
248 276
249 250
249 277
250 251
250 278
251 252
251 279
252 280
252 420
253 254
253 281
254 255
254 282
255 256
255 283
256 257
256 284
257 258
257 285
257 286
258 259
258 286
258 287
259 260
259 287
259 288
260 261
260 288
260 289
261 262
261 289
262 263
262 290
263 264
263 291
263 292
264 265
264 292
265 266
265 293
265 294
266 267
266 294
267 268
267 295
268 269
268 296
269 270
269 297
270 271
270 298
271 272
271 299
272 273
272 300
272 301
273 274
273 301
273 302
274 275
274 302
275 276
275 303
276 277
276 304
277 278
277 305
278 279
278 306
279 280
279 307
279 308
280 308
280 420
281 282
281 309
282 283
282 310
283 284
283 311
284 285
284 312
284 313
285 286
285 313
286 287
286 314
287 288
287 315
287 316
288 289
288 316
288 317
289 290
289 317
290 291
290 318
291 292
291 319
292 293
292 320
293 294
293 321
294 295
294 322
295 296
295 323
296 297
296 324
297 298
297 325
297 326
298 299
298 326
298 327
299 300
299 327
300 301
300 328
301 302
301 329
302 303
302 330
302 331
303 304
303 331
304 305
304 332
304 333
305 306
305 333
305 334
306 307
306 334
306 335
307 308
307 335
308 336
308 420
309 310
309 337
309 338
310 311
310 338
311 312
311 339
311 340
312 313
312 340
313 314
313 341
314 315
314 342
315 316
315 343
316 317
316 344
317 318
317 345
318 319
318 346
318 347
319 320
319 347
319 348
320 321
320 348
321 322
321 349
322 323
322 350
323 324
323 351
324 325
324 352
324 353
325 326
325 353
325 354
326 327
326 354
327 328
327 355
328 329
328 356
329 330
329 357
330 331
330 358
331 332
331 359
332 333
332 360
333 334
333 361
334 335
334 362
334 363
335 336
335 363
336 364
336 420
337 338
337 365
338 339
338 366
339 340
339 367
340 341
340 368
341 342
341 369
342 343
342 370
343 344
343 371
344 345
344 372
344 373
345 346
345 373
346 347
346 374
347 348
347 375
348 349
348 376
349 350
349 377
349 378
350 351
350 378
350 379
351 352
351 379
352 353
352 380
352 381
353 354
353 381
354 355
354 382
355 356
355 383
356 357
356 384
356 385
357 358
357 385
358 359
358 386
359 360
359 387
360 361
360 388
361 362
361 389
361 390
362 363
362 390
363 364
363 391
364 392
364 420
365 366
365 393
365 394
366 367
366 394
366 395
367 368
367 395
368 369
368 396
369 370
369 397
370 371
370 398
370 399
371 372
371 399
372 373
372 400
373 374
373 401
374 375
374 402
374 403
375 376
375 403
375 404
376 377
376 404
377 378
377 405
378 379
378 406
379 380
379 407
380 381
380 408
381 382
381 409
382 383
382 410
383 384
383 411
384 385
384 412
385 386
385 413
385 414
386 387
386 414
387 388
387 415
387 416
388 389
388 416
389 390
389 417
390 391
390 418
391 392
391 419
392 420
393 394
393 420
394 395
394 420
395 396
395 420
396 397
396 420
397 398
397 420
398 399
398 420
399 400
399 420
400 401
400 420
401 402
401 420
402 403
402 420
403 404
403 420
404 405
404 420
405 406
405 420
406 407
406 420
407 408
407 420
408 409
408 420
409 410
409 420
410 411
410 420
411 412
411 420
412 413
412 420
413 414
413 420
414 415
414 420
415 416
415 420
416 417
416 420
417 418
417 420
418 419
418 420
419 420
