# Tier 7 (Very Large) - Instance 5
# Generated with config: N=405, K=5, topology=grid, calendar=staggered

# HEADER: <num_tasks> <num_types> <num_units>
407 5 30

# RESOURCE TYPES
# Format: <type_id> <num_units> <unit_id1> <unit_id2> ...
0 5 0 1 2 3 4
1 6 5 6 7 8 9 10
2 8 11 12 13 14 15 16 17 18
3 6 19 20 21 22 23 24
4 5 25 26 27 28 29

# RESOURCE UNITS (Calendars)
# Format: <unit_id> <num_steps> <t1> <v1> <t2> <v2> ...
0 27 0 100 1 0 32 100 311 0 343 100 623 0 654 100 934 0 967 100 1246 0 1279 100 1558 0 1592 100 1870 0 1902 100 2179 0 2212 100 2493 0 2524 100 2800 0 2832 100 3111 0 3144 100 3424 0 3456 100 3734 0 4056 0
1 27 0 100 9 0 53 100 320 0 362 100 633 0 676 100 945 0 988 100 1255 0 1297 100 1566 0 1609 100 1874 0 1917 100 2182 0 2223 100 2488 0 2530 100 2801 0 2846 100 3112 0 3154 100 3425 0 3468 100 3737 0 4056 0
2 27 0 100 19 0 49 100 331 0 361 100 641 0 668 100 953 0 984 100 1266 0 1295 100 1575 0 1603 100 1888 0 1918 100 2200 0 2229 100 2508 0 2536 100 2816 0 2846 100 3126 0 3156 100 3439 0 3466 100 3746 0 4056 0
3 27 0 100 29 0 77 100 336 0 386 100 645 0 694 100 958 0 1009 100 1269 0 1317 100 1575 0 1626 100 1887 0 1937 100 2200 0 2249 100 2512 0 2561 100 2819 0 2868 100 3130 0 3182 100 3445 0 3494 100 3754 0 4056 0
4 27 0 100 40 0 83 100 352 0 392 100 663 0 706 100 975 0 1015 100 1285 0 1327 100 1599 0 1641 100 1907 0 1950 100 2219 0 2259 100 2531 0 2571 100 2838 0 2881 100 3148 0 3189 100 3460 0 3504 100 3772 0 4056 0
5 27 0 100 53 0 99 100 365 0 412 100 680 0 724 100 990 0 1035 100 1300 0 1346 100 1612 0 1657 100 1921 0 1967 100 2234 0 2281 100 2545 0 2590 100 2857 0 2902 100 3170 0 3216 100 3485 0 3531 100 3795 0 4056 0
6 27 0 100 63 0 93 100 374 0 406 100 688 0 719 100 1001 0 1034 100 1315 0 1346 100 1626 0 1657 100 1935 0 1966 100 2245 0 2277 100 2556 0 2588 100 2869 0 2899 100 3180 0 3210 100 3492 0 3522 100 3801 0 4056 0
7 27 0 100 70 0 107 100 382 0 420 100 695 0 733 100 1005 0 1044 100 1316 0 1354 100 1625 0 1663 100 1935 0 1973 100 2243 0 2281 100 2552 0 2590 100 2866 0 2904 100 3177 0 3214 100 3489 0 3525 100 3797 0 4056 0
8 27 0 100 81 0 122 100 394 0 432 100 704 0 743 100 1013 0 1053 100 1326 0 1367 100 1636 0 1677 100 1950 0 1990 100 2262 0 2301 100 2570 0 2609 100 2879 0 2919 100 3192 0 3231 100 3502 0 3540 100 3809 0 4056 0
9 27 0 100 95 0 143 100 405 0 452 100 715 0 764 100 1028 0 1074 100 1335 0 1383 100 1648 0 1694 100 1956 0 2003 100 2263 0 2313 100 2574 0 2623 100 2887 0 2934 100 3198 0 3245 100 3511 0 3560 100 3822 0 4056 0
10 27 0 100 104 0 133 100 412 0 444 100 722 0 752 100 1031 0 1063 100 1344 0 1373 100 1652 0 1682 100 1965 0 1996 100 2279 0 2307 100 2585 0 2615 100 2898 0 2927 100 3205 0 3236 100 3517 0 3549 100 3829 0 4056 0
11 27 0 100 115 0 143 100 428 0 458 100 742 0 773 100 1053 0 1081 100 1361 0 1388 100 1670 0 1701 100 1982 0 2010 100 2289 0 2316 100 2599 0 2626 100 2907 0 2935 100 3216 0 3244 100 3527 0 3554 100 3833 0 4056 0
12 27 0 100 125 0 181 100 437 0 491 100 745 0 799 100 1056 0 1112 100 1369 0 1422 100 1679 0 1733 100 1990 0 2043 100 2299 0 2356 100 2614 0 2668 100 2921 0 2977 100 3232 0 3288 100 3542 0 3598 100 3852 0 4056 0
13 27 0 100 135 0 172 100 449 0 484 100 758 0 794 100 1068 0 1103 100 1375 0 1412 100 1688 0 1726 100 2000 0 2037 100 2313 0 2347 100 2619 0 2655 100 2930 0 2968 100 3244 0 3279 100 3553 0 3590 100 3866 0 4056 0
14 27 0 100 143 0 197 100 455 0 510 100 768 0 821 100 1076 0 1130 100 1389 0 1443 100 1698 0 1751 100 2009 0 2062 100 2320 0 2374 100 2631 0 2684 100 2943 0 2997 100 3253 0 3306 100 3561 0 3615 100 3870 0 4056 0
15 27 0 100 157 0 207 100 468 0 520 100 781 0 831 100 1090 0 1141 100 1399 0 1451 100 1712 0 1762 100 2019 0 2072 100 2331 0 2383 100 2645 0 2695 100 2957 0 3008 100 3269 0 3321 100 3582 0 3631 100 3889 0 4056 0
16 27 0 100 166 0 204 100 477 0 513 100 790 0 828 100 1102 0 1138 100 1412 0 1449 100 1725 0 1762 100 2035 0 2070 100 2347 0 2386 100 2663 0 2699 100 2971 0 3009 100 3284 0 3319 100 3592 0 3628 100 3903 0 4056 0
17 27 0 100 176 0 227 100 486 0 537 100 795 0 843 100 1102 0 1151 100 1415 0 1464 100 1727 0 1776 100 2040 0 2089 100 2349 0 2401 100 2661 0 2711 100 2972 0 3022 100 3283 0 3333 100 3592 0 3641 100 3904 0 4056 0
18 27 0 100 185 0 228 100 496 0 539 100 809 0 854 100 1124 0 1168 100 1434 0 1480 100 1749 0 1792 100 2060 0 2106 100 2374 0 2419 100 2688 0 2733 100 2998 0 3044 100 3312 0 3357 100 3624 0 3669 100 3934 0 4056 0
19 27 0 100 196 0 242 100 503 0 550 100 815 0 862 100 1123 0 1169 100 1431 0 1480 100 1744 0 1793 100 2058 0 2107 100 2372 0 2420 100 2682 0 2729 100 2993 0 3041 100 3307 0 3353 100 3614 0 3661 100 3926 0 4056 0
20 27 0 100 206 0 261 100 515 0 569 100 825 0 881 100 1140 0 1197 100 1455 0 1509 100 1766 0 1822 100 2079 0 2136 100 2393 0 2447 100 2700 0 2757 100 3013 0 3069 100 3325 0 3379 100 3635 0 3689 100 3943 0 4056 0
21 27 0 100 218 0 242 100 526 0 553 100 841 0 867 100 1150 0 1177 100 1460 0 1487 100 1774 0 1798 100 2086 0 2110 100 2398 0 2424 100 2712 0 2736 100 3025 0 3049 100 3337 0 3363 100 3648 0 3675 100 3961 0 4056 0
22 27 0 100 229 0 263 100 541 0 573 100 848 0 880 100 1156 0 1191 100 1469 0 1502 100 1779 0 1815 100 2090 0 2124 100 2400 0 2434 100 2711 0 2746 100 3021 0 3054 100 3329 0 3363 100 3642 0 3678 100 3957 0 4056 0
23 27 0 100 241 0 272 100 551 0 583 100 863 0 891 100 1171 0 1203 100 1485 0 1517 100 1799 0 1829 100 2107 0 2139 100 2421 0 2451 100 2734 0 2765 100 3045 0 3075 100 3353 0 3381 100 3661 0 3690 100 3970 0 4056 0
24 27 0 100 248 0 301 100 559 0 613 100 869 0 923 100 1181 0 1234 100 1491 0 1542 100 1797 0 1851 100 2106 0 2159 100 2419 0 2472 100 2729 0 2782 100 3042 0 3095 100 3350 0 3405 100 3663 0 3715 100 3972 0 4056 0
25 27 0 100 261 0 314 100 573 0 626 100 884 0 935 100 1191 0 1243 100 1504 0 1556 100 1816 0 1870 100 2126 0 2179 100 2437 0 2491 100 2749 0 2802 100 3062 0 3113 100 3370 0 3422 100 3680 0 3731 100 3988 0 4056 0
26 27 0 100 270 0 295 100 579 0 605 100 888 0 913 100 1198 0 1224 100 1510 0 1534 100 1822 0 1849 100 2135 0 2161 100 2448 0 2472 100 2756 0 2781 100 3064 0 3089 100 3376 0 3401 100 3687 0 3711 100 3996 0 4056 0
27 27 0 100 280 0 307 100 594 0 619 100 906 0 931 100 1213 0 1240 100 1523 0 1551 100 1835 0 1862 100 2146 0 2173 100 2459 0 2485 100 2768 0 2795 100 3081 0 3109 100 3391 0 3416 100 3700 0 3728 100 4012 0 4056 0
28 27 0 100 291 0 348 100 606 0 660 100 918 0 975 100 1228 0 1284 100 1537 0 1592 100 1849 0 1905 100 2162 0 2216 100 2471 0 2526 100 2781 0 2838 100 3095 0 3149 100 3406 0 3461 100 3715 0 3771 100 4026 0 4056 0
29 27 0 100 299 0 343 100 608 0 653 100 918 0 960 100 1225 0 1270 100 1535 0 1578 100 1844 0 1886 100 2155 0 2197 100 2466 0 2509 100 2778 0 2822 100 3092 0 3134 100 3402 0 3447 100 3716 0 3759 100 4024 0 4056 0

# TASKS
# Format: <task_id> <size> <num_reqs>
# Then for each requirement: <type_id> <qty>
0 0 5
 0 0
 1 0
 2 0
 3 0
 4 0
1 20 5
 0 2
 1 0
 2 0
 3 3
 4 2
2 7 5
 0 2
 1 2
 2 2
 3 0
 4 3
3 14 5
 0 0
 1 0
 2 0
 3 3
 4 3
4 9 5
 0 2
 1 1
 2 0
 3 0
 4 0
5 14 5
 0 0
 1 0
 2 0
 3 2
 4 0
6 17 5
 0 1
 1 3
 2 0
 3 3
 4 3
7 20 5
 0 1
 1 0
 2 0
 3 0
 4 0
8 7 5
 0 0
 1 0
 2 3
 3 3
 4 0
9 18 5
 0 1
 1 0
 2 0
 3 1
 4 3
10 2 5
 0 3
 1 2
 2 1
 3 1
 4 3
11 7 5
 0 3
 1 1
 2 0
 3 1
 4 0
12 19 5
 0 3
 1 0
 2 3
 3 0
 4 3
13 1 5
 0 1
 1 2
 2 1
 3 0
 4 0
14 1 5
 0 2
 1 1
 2 0
 3 1
 4 1
15 5 5
 0 0
 1 3
 2 0
 3 0
 4 0
16 16 5
 0 0
 1 0
 2 1
 3 0
 4 0
17 4 5
 0 1
 1 0
 2 2
 3 0
 4 2
18 6 5
 0 0
 1 0
 2 2
 3 0
 4 1
19 12 5
 0 1
 1 2
 2 1
 3 3
 4 2
20 11 5
 0 0
 1 2
 2 0
 3 0
 4 0
21 3 5
 0 2
 1 2
 2 0
 3 0
 4 2
22 11 5
 0 0
 1 2
 2 0
 3 0
 4 2
23 6 5
 0 1
 1 1
 2 2
 3 1
 4 0
24 11 5
 0 0
 1 2
 2 0
 3 0
 4 0
25 14 5
 0 1
 1 2
 2 2
 3 3
 4 0
26 15 5
 0 1
 1 1
 2 1
 3 2
 4 1
27 20 5
 0 1
 1 2
 2 0
 3 1
 4 0
28 20 5
 0 0
 1 1
 2 0
 3 0
 4 1
29 4 5
 0 0
 1 0
 2 1
 3 0
 4 3
30 17 5
 0 0
 1 2
 2 0
 3 2
 4 0
31 2 5
 0 3
 1 0
 2 2
 3 3
 4 1
32 8 5
 0 2
 1 2
 2 0
 3 2
 4 3
33 3 5
 0 2
 1 1
 2 0
 3 0
 4 1
34 17 5
 0 0
 1 2
 2 3
 3 1
 4 0
35 6 5
 0 0
 1 2
 2 3
 3 1
 4 3
36 19 5
 0 3
 1 0
 2 0
 3 2
 4 0
37 15 5
 0 1
 1 2
 2 3
 3 1
 4 0
38 16 5
 0 3
 1 1
 2 1
 3 1
 4 0
39 15 5
 0 2
 1 2
 2 1
 3 3
 4 2
40 16 5
 0 3
 1 3
 2 0
 3 0
 4 1
41 2 5
 0 2
 1 1
 2 3
 3 3
 4 2
42 18 5
 0 0
 1 0
 2 0
 3 2
 4 0
43 6 5
 0 3
 1 2
 2 3
 3 0
 4 3
44 7 5
 0 3
 1 0
 2 0
 3 1
 4 3
45 5 5
 0 2
 1 1
 2 1
 3 0
 4 0
46 15 5
 0 1
 1 0
 2 1
 3 2
 4 3
47 10 5
 0 1
 1 3
 2 0
 3 1
 4 3
48 7 5
 0 0
 1 3
 2 1
 3 0
 4 0
49 8 5
 0 1
 1 3
 2 0
 3 0
 4 0
50 16 5
 0 0
 1 0
 2 0
 3 3
 4 2
51 16 5
 0 1
 1 1
 2 1
 3 3
 4 1
52 16 5
 0 0
 1 2
 2 3
 3 1
 4 0
53 18 5
 0 0
 1 1
 2 1
 3 1
 4 0
54 19 5
 0 0
 1 0
 2 0
 3 2
 4 0
55 14 5
 0 0
 1 2
 2 2
 3 0
 4 0
56 15 5
 0 1
 1 2
 2 0
 3 0
 4 0
57 17 5
 0 1
 1 0
 2 2
 3 1
 4 0
58 13 5
 0 0
 1 1
 2 0
 3 2
 4 1
59 7 5
 0 3
 1 2
 2 0
 3 3
 4 3
60 10 5
 0 0
 1 0
 2 2
 3 0
 4 2
61 7 5
 0 0
 1 3
 2 2
 3 1
 4 0
62 6 5
 0 0
 1 1
 2 1
 3 2
 4 0
63 14 5
 0 2
 1 1
 2 0
 3 2
 4 3
64 13 5
 0 2
 1 0
 2 3
 3 1
 4 2
65 18 5
 0 3
 1 0
 2 0
 3 1
 4 0
66 3 5
 0 0
 1 1
 2 0
 3 3
 4 0
67 20 5
 0 3
 1 1
 2 3
 3 1
 4 2
68 2 5
 0 3
 1 1
 2 2
 3 3
 4 2
69 4 5
 0 1
 1 1
 2 3
 3 0
 4 0
70 2 5
 0 0
 1 3
 2 3
 3 0
 4 0
71 17 5
 0 0
 1 0
 2 2
 3 2
 4 0
72 2 5
 0 1
 1 1
 2 3
 3 0
 4 0
73 14 5
 0 3
 1 3
 2 1
 3 0
 4 0
74 1 5
 0 2
 1 3
 2 0
 3 0
 4 1
75 4 5
 0 0
 1 1
 2 2
 3 0
 4 2
76 15 5
 0 0
 1 0
 2 0
 3 3
 4 2
77 7 5
 0 3
 1 1
 2 1
 3 3
 4 0
78 19 5
 0 0
 1 3
 2 0
 3 1
 4 1
79 1 5
 0 2
 1 0
 2 3
 3 0
 4 1
80 7 5
 0 1
 1 0
 2 2
 3 0
 4 2
81 19 5
 0 1
 1 3
 2 0
 3 3
 4 2
82 10 5
 0 2
 1 2
 2 0
 3 0
 4 0
83 8 5
 0 0
 1 0
 2 1
 3 2
 4 0
84 7 5
 0 0
 1 2
 2 0
 3 0
 4 2
85 3 5
 0 0
 1 0
 2 3
 3 0
 4 3
86 9 5
 0 0
 1 0
 2 0
 3 0
 4 3
87 6 5
 0 0
 1 1
 2 3
 3 3
 4 2
88 9 5
 0 1
 1 0
 2 2
 3 2
 4 1
89 20 5
 0 2
 1 3
 2 0
 3 3
 4 3
90 14 5
 0 0
 1 3
 2 1
 3 0
 4 0
91 2 5
 0 3
 1 0
 2 0
 3 0
 4 3
92 7 5
 0 1
 1 3
 2 1
 3 3
 4 2
93 15 5
 0 3
 1 2
 2 0
 3 0
 4 0
94 6 5
 0 3
 1 1
 2 0
 3 0
 4 3
95 17 5
 0 0
 1 0
 2 1
 3 1
 4 1
96 14 5
 0 1
 1 3
 2 2
 3 1
 4 3
97 9 5
 0 3
 1 3
 2 2
 3 3
 4 2
98 12 5
 0 0
 1 0
 2 3
 3 3
 4 2
99 14 5
 0 0
 1 3
 2 2
 3 1
 4 0
100 20 5
 0 0
 1 0
 2 2
 3 3
 4 2
101 3 5
 0 0
 1 0
 2 1
 3 1
 4 0
102 3 5
 0 1
 1 2
 2 0
 3 3
 4 1
103 2 5
 0 0
 1 2
 2 2
 3 3
 4 0
104 14 5
 0 1
 1 1
 2 2
 3 2
 4 1
105 18 5
 0 0
 1 3
 2 3
 3 0
 4 0
106 10 5
 0 3
 1 0
 2 1
 3 3
 4 3
107 7 5
 0 1
 1 2
 2 0
 3 1
 4 0
108 9 5
 0 2
 1 3
 2 2
 3 0
 4 1
109 17 5
 0 2
 1 0
 2 1
 3 0
 4 3
110 5 5
 0 2
 1 2
 2 1
 3 2
 4 3
111 17 5
 0 1
 1 0
 2 0
 3 0
 4 0
112 8 5
 0 3
 1 0
 2 2
 3 3
 4 2
113 13 5
 0 2
 1 3
 2 1
 3 3
 4 0
114 11 5
 0 3
 1 2
 2 2
 3 0
 4 0
115 20 5
 0 0
 1 0
 2 2
 3 3
 4 3
116 9 5
 0 2
 1 0
 2 3
 3 2
 4 1
117 9 5
 0 0
 1 0
 2 1
 3 0
 4 3
118 15 5
 0 2
 1 2
 2 3
 3 3
 4 3
119 17 5
 0 1
 1 0
 2 3
 3 3
 4 0
120 6 5
 0 3
 1 2
 2 0
 3 0
 4 3
121 11 5
 0 2
 1 1
 2 0
 3 0
 4 3
122 19 5
 0 0
 1 2
 2 1
 3 0
 4 0
123 9 5
 0 0
 1 0
 2 2
 3 0
 4 1
124 11 5
 0 0
 1 1
 2 0
 3 3
 4 0
125 18 5
 0 3
 1 0
 2 1
 3 0
 4 0
126 10 5
 0 1
 1 0
 2 0
 3 3
 4 1
127 14 5
 0 0
 1 0
 2 0
 3 3
 4 1
128 3 5
 0 1
 1 0
 2 3
 3 3
 4 3
129 7 5
 0 2
 1 0
 2 2
 3 3
 4 2
130 17 5
 0 2
 1 1
 2 2
 3 1
 4 0
131 7 5
 0 3
 1 3
 2 2
 3 3
 4 3
132 8 5
 0 3
 1 1
 2 2
 3 2
 4 3
133 2 5
 0 1
 1 0
 2 0
 3 2
 4 2
134 6 5
 0 0
 1 0
 2 2
 3 2
 4 0
135 17 5
 0 0
 1 0
 2 1
 3 0
 4 0
136 16 5
 0 0
 1 0
 2 1
 3 0
 4 0
137 17 5
 0 0
 1 2
 2 0
 3 2
 4 0
138 1 5
 0 0
 1 0
 2 2
 3 2
 4 2
139 5 5
 0 2
 1 2
 2 3
 3 1
 4 1
140 11 5
 0 0
 1 0
 2 0
 3 3
 4 1
141 2 5
 0 2
 1 0
 2 0
 3 2
 4 0
142 5 5
 0 2
 1 0
 2 3
 3 0
 4 0
143 14 5
 0 2
 1 0
 2 0
 3 0
 4 2
144 14 5
 0 0
 1 0
 2 0
 3 0
 4 1
145 9 5
 0 3
 1 0
 2 3
 3 2
 4 3
146 12 5
 0 0
 1 3
 2 0
 3 3
 4 2
147 11 5
 0 0
 1 1
 2 0
 3 1
 4 0
148 15 5
 0 0
 1 2
 2 3
 3 2
 4 1
149 17 5
 0 0
 1 0
 2 3
 3 3
 4 3
150 14 5
 0 3
 1 0
 2 0
 3 1
 4 0
151 1 5
 0 0
 1 0
 2 2
 3 0
 4 1
152 17 5
 0 0
 1 3
 2 1
 3 0
 4 1
153 19 5
 0 0
 1 2
 2 0
 3 2
 4 0
154 20 5
 0 1
 1 0
 2 1
 3 1
 4 0
155 18 5
 0 1
 1 2
 2 1
 3 3
 4 0
156 9 5
 0 3
 1 1
 2 2
 3 0
 4 0
157 1 5
 0 3
 1 1
 2 3
 3 0
 4 3
158 8 5
 0 0
 1 1
 2 0
 3 0
 4 3
159 14 5
 0 2
 1 1
 2 1
 3 0
 4 3
160 7 5
 0 2
 1 1
 2 2
 3 0
 4 1
161 12 5
 0 3
 1 0
 2 0
 3 1
 4 0
162 16 5
 0 2
 1 3
 2 0
 3 3
 4 3
163 3 5
 0 0
 1 0
 2 2
 3 3
 4 0
164 4 5
 0 2
 1 0
 2 3
 3 1
 4 2
165 18 5
 0 0
 1 3
 2 0
 3 0
 4 0
166 7 5
 0 0
 1 2
 2 0
 3 1
 4 0
167 6 5
 0 1
 1 3
 2 0
 3 3
 4 0
168 2 5
 0 0
 1 0
 2 1
 3 1
 4 1
169 10 5
 0 1
 1 2
 2 1
 3 3
 4 1
170 2 5
 0 0
 1 1
 2 2
 3 2
 4 1
171 4 5
 0 0
 1 0
 2 0
 3 3
 4 3
172 11 5
 0 2
 1 0
 2 0
 3 2
 4 2
173 4 5
 0 0
 1 0
 2 3
 3 2
 4 0
174 20 5
 0 1
 1 2
 2 0
 3 0
 4 0
175 4 5
 0 1
 1 0
 2 0
 3 0
 4 3
176 3 5
 0 3
 1 0
 2 0
 3 2
 4 3
177 4 5
 0 1
 1 3
 2 0
 3 1
 4 0
178 16 5
 0 3
 1 3
 2 0
 3 0
 4 2
179 5 5
 0 1
 1 0
 2 3
 3 1
 4 3
180 8 5
 0 3
 1 0
 2 0
 3 0
 4 1
181 18 5
 0 0
 1 1
 2 1
 3 3
 4 0
182 9 5
 0 3
 1 1
 2 1
 3 1
 4 2
183 3 5
 0 1
 1 0
 2 0
 3 3
 4 0
184 1 5
 0 0
 1 3
 2 0
 3 2
 4 3
185 1 5
 0 1
 1 2
 2 0
 3 0
 4 0
186 9 5
 0 2
 1 0
 2 0
 3 3
 4 2
187 3 5
 0 0
 1 0
 2 2
 3 3
 4 1
188 4 5
 0 0
 1 2
 2 1
 3 3
 4 3
189 17 5
 0 2
 1 3
 2 0
 3 0
 4 0
190 8 5
 0 2
 1 0
 2 3
 3 1
 4 0
191 1 5
 0 0
 1 0
 2 0
 3 0
 4 1
192 9 5
 0 3
 1 2
 2 0
 3 3
 4 0
193 7 5
 0 1
 1 3
 2 0
 3 0
 4 2
194 8 5
 0 3
 1 2
 2 3
 3 0
 4 3
195 2 5
 0 0
 1 2
 2 1
 3 1
 4 0
196 14 5
 0 3
 1 3
 2 1
 3 3
 4 1
197 18 5
 0 3
 1 0
 2 3
 3 2
 4 0
198 11 5
 0 3
 1 1
 2 3
 3 0
 4 1
199 6 5
 0 1
 1 0
 2 0
 3 0
 4 1
200 5 5
 0 1
 1 3
 2 2
 3 2
 4 0
201 14 5
 0 2
 1 0
 2 3
 3 0
 4 3
202 8 5
 0 2
 1 0
 2 3
 3 1
 4 2
203 7 5
 0 2
 1 2
 2 0
 3 0
 4 1
204 17 5
 0 0
 1 3
 2 0
 3 0
 4 3
205 3 5
 0 0
 1 3
 2 1
 3 2
 4 0
206 4 5
 0 0
 1 0
 2 2
 3 3
 4 2
207 3 5
 0 0
 1 0
 2 1
 3 0
 4 3
208 14 5
 0 3
 1 1
 2 1
 3 3
 4 0
209 2 5
 0 0
 1 1
 2 0
 3 3
 4 2
210 5 5
 0 2
 1 3
 2 3
 3 0
 4 3
211 20 5
 0 2
 1 1
 2 3
 3 0
 4 3
212 2 5
 0 0
 1 0
 2 0
 3 0
 4 1
213 7 5
 0 0
 1 1
 2 0
 3 1
 4 1
214 12 5
 0 0
 1 2
 2 0
 3 2
 4 2
215 14 5
 0 0
 1 3
 2 2
 3 2
 4 2
216 13 5
 0 0
 1 1
 2 2
 3 0
 4 3
217 10 5
 0 0
 1 3
 2 0
 3 0
 4 0
218 12 5
 0 3
 1 0
 2 0
 3 0
 4 1
219 6 5
 0 0
 1 1
 2 0
 3 0
 4 0
220 18 5
 0 1
 1 0
 2 2
 3 1
 4 0
221 13 5
 0 2
 1 3
 2 2
 3 0
 4 3
222 13 5
 0 3
 1 0
 2 0
 3 0
 4 0
223 3 5
 0 1
 1 0
 2 0
 3 0
 4 0
224 15 5
 0 2
 1 3
 2 0
 3 1
 4 0
225 20 5
 0 0
 1 3
 2 2
 3 0
 4 3
226 8 5
 0 3
 1 3
 2 2
 3 2
 4 2
227 19 5
 0 0
 1 2
 2 3
 3 0
 4 0
228 7 5
 0 0
 1 2
 2 3
 3 2
 4 0
229 19 5
 0 1
 1 0
 2 0
 3 3
 4 0
230 2 5
 0 3
 1 1
 2 2
 3 2
 4 1
231 2 5
 0 2
 1 0
 2 1
 3 0
 4 0
232 9 5
 0 1
 1 0
 2 0
 3 0
 4 1
233 12 5
 0 0
 1 3
 2 2
 3 2
 4 3
234 16 5
 0 2
 1 3
 2 1
 3 0
 4 1
235 5 5
 0 2
 1 1
 2 0
 3 0
 4 2
236 16 5
 0 0
 1 2
 2 3
 3 2
 4 1
237 17 5
 0 0
 1 3
 2 1
 3 1
 4 3
238 10 5
 0 2
 1 1
 2 3
 3 0
 4 3
239 4 5
 0 2
 1 0
 2 3
 3 2
 4 2
240 11 5
 0 1
 1 1
 2 2
 3 2
 4 2
241 1 5
 0 2
 1 1
 2 3
 3 0
 4 0
242 2 5
 0 0
 1 1
 2 0
 3 3
 4 1
243 16 5
 0 3
 1 3
 2 3
 3 3
 4 3
244 12 5
 0 1
 1 0
 2 0
 3 0
 4 2
245 8 5
 0 1
 1 0
 2 1
 3 3
 4 0
246 17 5
 0 1
 1 2
 2 3
 3 2
 4 0
247 7 5
 0 2
 1 0
 2 0
 3 0
 4 1
248 2 5
 0 0
 1 0
 2 2
 3 0
 4 0
249 8 5
 0 3
 1 0
 2 3
 3 0
 4 2
250 3 5
 0 0
 1 1
 2 3
 3 1
 4 0
251 8 5
 0 0
 1 0
 2 2
 3 1
 4 1
252 17 5
 0 2
 1 3
 2 3
 3 3
 4 0
253 3 5
 0 3
 1 0
 2 2
 3 0
 4 1
254 5 5
 0 0
 1 0
 2 2
 3 0
 4 1
255 13 5
 0 1
 1 3
 2 1
 3 0
 4 0
256 10 5
 0 2
 1 2
 2 0
 3 2
 4 0
257 6 5
 0 2
 1 1
 2 1
 3 0
 4 0
258 11 5
 0 2
 1 0
 2 1
 3 0
 4 1
259 18 5
 0 0
 1 0
 2 3
 3 3
 4 2
260 4 5
 0 2
 1 0
 2 0
 3 3
 4 1
261 3 5
 0 3
 1 1
 2 1
 3 0
 4 2
262 6 5
 0 2
 1 1
 2 2
 3 0
 4 2
263 2 5
 0 0
 1 2
 2 0
 3 1
 4 0
264 8 5
 0 0
 1 3
 2 0
 3 2
 4 0
265 3 5
 0 0
 1 1
 2 1
 3 3
 4 0
266 13 5
 0 3
 1 3
 2 3
 3 1
 4 0
267 6 5
 0 2
 1 0
 2 0
 3 2
 4 1
268 19 5
 0 0
 1 2
 2 0
 3 0
 4 3
269 1 5
 0 2
 1 0
 2 3
 3 0
 4 0
270 1 5
 0 1
 1 3
 2 0
 3 0
 4 3
271 2 5
 0 1
 1 0
 2 3
 3 2
 4 0
272 5 5
 0 2
 1 0
 2 1
 3 2
 4 0
273 3 5
 0 3
 1 0
 2 0
 3 0
 4 1
274 13 5
 0 0
 1 1
 2 3
 3 0
 4 3
275 17 5
 0 2
 1 1
 2 0
 3 0
 4 2
276 18 5
 0 3
 1 0
 2 3
 3 0
 4 2
277 15 5
 0 2
 1 0
 2 2
 3 0
 4 1
278 12 5
 0 1
 1 0
 2 1
 3 3
 4 1
279 19 5
 0 3
 1 0
 2 2
 3 1
 4 0
280 11 5
 0 0
 1 0
 2 2
 3 0
 4 2
281 1 5
 0 2
 1 2
 2 0
 3 0
 4 1
282 9 5
 0 0
 1 0
 2 1
 3 0
 4 1
283 18 5
 0 1
 1 2
 2 1
 3 0
 4 2
284 15 5
 0 3
 1 1
 2 2
 3 2
 4 0
285 19 5
 0 0
 1 3
 2 0
 3 1
 4 0
286 16 5
 0 0
 1 1
 2 3
 3 0
 4 0
287 15 5
 0 2
 1 0
 2 2
 3 1
 4 2
288 18 5
 0 0
 1 3
 2 0
 3 1
 4 0
289 18 5
 0 2
 1 2
 2 0
 3 1
 4 3
290 12 5
 0 0
 1 0
 2 2
 3 1
 4 1
291 16 5
 0 0
 1 2
 2 2
 3 3
 4 0
292 14 5
 0 1
 1 2
 2 2
 3 0
 4 3
293 11 5
 0 3
 1 1
 2 3
 3 3
 4 2
294 14 5
 0 2
 1 3
 2 0
 3 3
 4 0
295 14 5
 0 3
 1 2
 2 0
 3 3
 4 0
296 15 5
 0 0
 1 0
 2 2
 3 3
 4 3
297 14 5
 0 1
 1 3
 2 3
 3 0
 4 0
298 3 5
 0 0
 1 2
 2 0
 3 0
 4 3
299 20 5
 0 1
 1 0
 2 3
 3 0
 4 0
300 6 5
 0 1
 1 3
 2 0
 3 1
 4 3
301 8 5
 0 2
 1 2
 2 0
 3 0
 4 0
302 13 5
 0 2
 1 0
 2 0
 3 3
 4 1
303 7 5
 0 3
 1 0
 2 1
 3 1
 4 2
304 8 5
 0 1
 1 2
 2 0
 3 3
 4 0
305 18 5
 0 3
 1 2
 2 1
 3 0
 4 0
306 17 5
 0 0
 1 2
 2 2
 3 0
 4 1
307 11 5
 0 2
 1 2
 2 0
 3 1
 4 2
308 18 5
 0 2
 1 1
 2 0
 3 3
 4 1
309 6 5
 0 1
 1 0
 2 1
 3 0
 4 0
310 11 5
 0 2
 1 0
 2 0
 3 0
 4 0
311 18 5
 0 0
 1 2
 2 3
 3 3
 4 1
312 10 5
 0 2
 1 1
 2 3
 3 2
 4 2
313 1 5
 0 1
 1 3
 2 1
 3 1
 4 0
314 6 5
 0 2
 1 1
 2 1
 3 1
 4 0
315 1 5
 0 2
 1 2
 2 0
 3 2
 4 3
316 5 5
 0 0
 1 0
 2 2
 3 1
 4 0
317 11 5
 0 0
 1 1
 2 2
 3 0
 4 2
318 9 5
 0 1
 1 3
 2 2
 3 2
 4 3
319 7 5
 0 3
 1 0
 2 2
 3 1
 4 0
320 7 5
 0 3
 1 0
 2 1
 3 0
 4 3
321 5 5
 0 2
 1 2
 2 0
 3 3
 4 0
322 20 5
 0 0
 1 2
 2 1
 3 2
 4 0
323 16 5
 0 0
 1 1
 2 3
 3 1
 4 0
324 5 5
 0 3
 1 1
 2 1
 3 0
 4 1
325 9 5
 0 1
 1 0
 2 3
 3 1
 4 3
326 12 5
 0 0
 1 0
 2 1
 3 0
 4 0
327 3 5
 0 1
 1 0
 2 0
 3 2
 4 1
328 10 5
 0 0
 1 2
 2 0
 3 1
 4 2
329 20 5
 0 3
 1 1
 2 3
 3 2
 4 0
330 8 5
 0 0
 1 0
 2 0
 3 1
 4 0
331 9 5
 0 3
 1 3
 2 0
 3 0
 4 0
332 15 5
 0 1
 1 0
 2 0
 3 1
 4 2
333 10 5
 0 3
 1 0
 2 0
 3 0
 4 0
334 19 5
 0 1
 1 3
 2 0
 3 0
 4 2
335 19 5
 0 0
 1 0
 2 0
 3 0
 4 1
336 20 5
 0 3
 1 1
 2 1
 3 1
 4 3
337 5 5
 0 2
 1 1
 2 3
 3 3
 4 0
338 9 5
 0 0
 1 0
 2 1
 3 0
 4 1
339 4 5
 0 0
 1 2
 2 1
 3 1
 4 2
340 14 5
 0 1
 1 0
 2 0
 3 1
 4 0
341 8 5
 0 2
 1 0
 2 0
 3 2
 4 3
342 18 5
 0 0
 1 0
 2 0
 3 0
 4 2
343 14 5
 0 0
 1 2
 2 0
 3 2
 4 3
344 1 5
 0 0
 1 1
 2 0
 3 1
 4 1
345 2 5
 0 0
 1 3
 2 1
 3 0
 4 0
346 14 5
 0 2
 1 3
 2 1
 3 2
 4 3
347 11 5
 0 3
 1 0
 2 0
 3 3
 4 2
348 20 5
 0 1
 1 0
 2 0
 3 0
 4 2
349 9 5
 0 0
 1 1
 2 1
 3 0
 4 1
350 9 5
 0 1
 1 0
 2 0
 3 0
 4 0
351 12 5
 0 2
 1 1
 2 1
 3 3
 4 1
352 8 5
 0 2
 1 2
 2 3
 3 1
 4 0
353 14 5
 0 1
 1 2
 2 0
 3 3
 4 1
354 15 5
 0 1
 1 1
 2 1
 3 1
 4 1
355 11 5
 0 1
 1 1
 2 2
 3 2
 4 3
356 9 5
 0 0
 1 0
 2 1
 3 0
 4 0
357 10 5
 0 0
 1 1
 2 3
 3 2
 4 0
358 5 5
 0 3
 1 0
 2 2
 3 0
 4 1
359 8 5
 0 0
 1 0
 2 0
 3 0
 4 3
360 8 5
 0 0
 1 2
 2 0
 3 0
 4 0
361 16 5
 0 3
 1 2
 2 1
 3 0
 4 1
362 6 5
 0 0
 1 0
 2 2
 3 1
 4 0
363 14 5
 0 2
 1 1
 2 0
 3 0
 4 0
364 14 5
 0 1
 1 1
 2 1
 3 2
 4 2
365 20 5
 0 2
 1 2
 2 0
 3 2
 4 1
366 10 5
 0 1
 1 0
 2 3
 3 3
 4 1
367 3 5
 0 0
 1 0
 2 1
 3 0
 4 0
368 20 5
 0 3
 1 3
 2 3
 3 2
 4 0
369 13 5
 0 0
 1 1
 2 1
 3 3
 4 3
370 12 5
 0 3
 1 2
 2 0
 3 2
 4 0
371 19 5
 0 2
 1 0
 2 1
 3 1
 4 1
372 16 5
 0 0
 1 0
 2 1
 3 0
 4 0
373 4 5
 0 0
 1 0
 2 1
 3 0
 4 2
374 14 5
 0 2
 1 3
 2 0
 3 0
 4 0
375 8 5
 0 2
 1 0
 2 0
 3 3
 4 3
376 12 5
 0 2
 1 2
 2 0
 3 2
 4 0
377 9 5
 0 2
 1 2
 2 3
 3 0
 4 1
378 18 5
 0 2
 1 0
 2 2
 3 1
 4 3
379 12 5
 0 0
 1 2
 2 1
 3 3
 4 0
380 7 5
 0 1
 1 1
 2 3
 3 0
 4 2
381 7 5
 0 2
 1 0
 2 1
 3 1
 4 2
382 18 5
 0 3
 1 0
 2 0
 3 2
 4 3
383 5 5
 0 1
 1 3
 2 2
 3 0
 4 2
384 1 5
 0 0
 1 0
 2 1
 3 3
 4 0
385 19 5
 0 3
 1 0
 2 2
 3 2
 4 3
386 16 5
 0 2
 1 1
 2 2
 3 1
 4 0
387 2 5
 0 3
 1 1
 2 3
 3 1
 4 0
388 16 5
 0 0
 1 0
 2 3
 3 3
 4 2
389 14 5
 0 0
 1 3
 2 1
 3 3
 4 0
390 13 5
 0 2
 1 2
 2 0
 3 1
 4 1
391 5 5
 0 2
 1 2
 2 0
 3 1
 4 1
392 12 5
 0 3
 1 2
 2 3
 3 0
 4 3
393 1 5
 0 2
 1 1
 2 0
 3 0
 4 0
394 7 5
 0 2
 1 2
 2 0
 3 3
 4 3
395 13 5
 0 0
 1 2
 2 2
 3 0
 4 0
396 10 5
 0 1
 1 1
 2 0
 3 3
 4 3
397 18 5
 0 0
 1 1
 2 2
 3 1
 4 1
398 8 5
 0 0
 1 0
 2 0
 3 0
 4 1
399 13 5
 0 0
 1 0
 2 0
 3 0
 4 1
400 8 5
 0 0
 1 2
 2 2
 3 1
 4 0
401 19 5
 0 0
 1 1
 2 0
 3 0
 4 0
402 11 5
 0 0
 1 3
 2 0
 3 2
 4 0
403 14 5
 0 3
 1 0
 2 1
 3 1
 4 1
404 3 5
 0 1
 1 0
 2 0
 3 1
 4 2
405 3 5
 0 0
 1 2
 2 0
 3 3
 4 0
406 0 5
 0 0
 1 0
 2 0
 3 0
 4 0

# PRECEDENCES
912
0 1
0 29
0 57
0 85
0 113
0 141
0 169
0 197
0 225
0 253
0 281
0 309
0 337
0 365
0 393
1 2
1 29
2 3
2 30
2 31
3 4
3 31
4 5
4 32
5 6
5 33
6 7
6 34
7 8
7 35
8 9
8 36
9 10
9 37
9 38
10 11
10 38
11 12
11 39
12 13
12 40
13 14
13 41
13 42
14 15
14 42
14 43
15 16
15 43
15 44
16 17
16 44
16 45
17 18
17 45
18 19
18 46
18 47
19 20
19 47
20 21
20 48
21 22
21 49
22 23
22 50
23 24
23 51
24 25
24 52
25 26
25 53
25 54
26 27
26 54
27 28
27 55
27 56
28 56
28 406
29 30
29 57
30 31
30 58
30 59
31 32
31 59
31 60
32 33
32 60
32 61
33 34
33 61
33 62
34 35
34 62
35 36
35 63
36 37
36 64
37 38
37 65
38 39
38 66
38 67
39 40
39 67
40 41
40 68
41 42
41 69
42 43
42 70
43 44
43 71
44 45
44 72
45 46
45 73
45 74
46 47
46 74
47 48
47 75
47 76
48 49
48 76
49 50
49 77
49 78
50 51
50 78
51 52
51 79
52 53
52 80
52 81
53 54
53 81
53 82
54 55
54 82
55 56
55 83
55 84
56 84
56 406
57 58
57 85
58 59
58 86
59 60
59 87
59 88
60 61
60 88
60 89
61 62
61 89
62 63
62 90
63 64
63 91
64 65
64 92
65 66
65 93
66 67
66 94
66 95
67 68
67 95
67 96
68 69
68 96
69 70
69 97
69 98
70 71
70 98
71 72
71 99
71 100
72 73
72 100
72 101
73 74
73 101
73 102
74 75
74 102
75 76
75 103
76 77
76 104
77 78
77 105
78 79
78 106
79 80
79 107
80 81
80 108
81 82
81 109
82 83
82 110
83 84
83 111
83 112
84 112
84 406
85 86
85 113
86 87
86 114
87 88
87 115
87 116
88 89
88 116
88 117
89 90
89 117
90 91
90 118
91 92
91 119
92 93
92 120
93 94
93 121
94 95
94 122
95 96
95 123
96 97
96 124
96 125
97 98
97 125
98 99
98 126
99 100
99 127
100 101
100 128
101 102
101 129
101 130
102 103
102 130
103 104
103 131
104 105
104 132
104 133
105 106
105 133
105 134
106 107
106 134
106 135
107 108
107 135
108 109
108 136
109 110
109 137
109 138
110 111
110 138
111 112
111 139
112 140
112 406
113 114
113 141
113 142
114 115
114 142
115 116
115 143
116 117
116 144
116 145
117 118
117 145
117 146
118 119
118 146
118 147
119 120
119 147
120 121
120 148
120 149
121 122
121 149
122 123
122 150
123 124
123 151
123 152
124 125
124 152
125 126
125 153
125 154
126 127
126 154
126 155
127 128
127 155
128 129
128 156
129 130
129 157
130 131
130 158
131 132
131 159
132 133
132 160
133 134
133 161
133 162
134 135
134 162
135 136
135 163
136 137
136 164
137 138
137 165
138 139
138 166
138 167
139 140
139 167
139 168
140 168
140 406
141 142
141 169
142 143
142 170
143 144
143 171
144 145
144 172
145 146
145 173
145 174
146 147
146 174
147 148
147 175
148 149
148 176
149 150
149 177
150 151
150 178
151 152
151 179
152 153
152 180
153 154
153 181
153 182
154 155
154 182
155 156
155 183
156 157
156 184
157 158
157 185
158 159
158 186
158 187
159 160
159 187
160 161
160 188
161 162
161 189
162 163
162 190
163 164
163 191
163 192
164 165
164 192
165 166
165 193
165 194
166 167
166 194
166 195
167 168
167 195
167 196
168 196
168 406
169 170
169 197
170 171
170 198
171 172
171 199
171 200
172 173
172 200
173 174
173 201
173 202
174 175
174 202
175 176
175 203
175 204
176 177
176 204
177 178
177 205
177 206
178 179
178 206
179 180
179 207
180 181
180 208
181 182
181 209
181 210
182 183
182 210
183 184
183 211
184 185
184 212
185 186
185 213
186 187
186 214
187 188
187 215
188 189
188 216
189 190
189 217
190 191
190 218
191 192
191 219
192 193
192 220
192 221
193 194
193 221
194 195
194 222
195 196
195 223
195 224
196 224
196 406
197 198
197 225
198 199
198 226
199 200
199 227
200 201
200 228
201 202
201 229
202 203
202 230
202 231
203 204
203 231
204 205
204 232
205 206
205 233
205 234
206 207
206 234
207 208
207 235
208 209
208 236
209 210
209 237
209 238
210 211
210 238
211 212
211 239
211 240
212 213
212 240
213 214
213 241
214 215
214 242
215 216
215 243
216 217
216 244
217 218
217 245
218 219
218 246
219 220
219 247
220 221
220 248
220 249
221 222
221 249
222 223
222 250
223 224
223 251
224 252
224 406
225 226
225 253
225 254
226 227
226 254
227 228
227 255
228 229
228 256
229 230
229 257
230 231
230 258
231 232
231 259
232 233
232 260
233 234
233 261
233 262
234 235
234 262
235 236
235 263
236 237
236 264
237 238
237 265
237 266
238 239
238 266
239 240
239 267
240 241
240 268
241 242
241 269
242 243
242 270
243 244
243 271
244 245
244 272
245 246
245 273
245 274
246 247
246 274
247 248
247 275
248 249
248 276
249 250
249 277
250 251
250 278
251 252
251 279
252 280
252 406
253 254
253 281
254 255
254 282
255 256
255 283
256 257
256 284
257 258
257 285
258 259
258 286
258 287
259 260
259 287
260 261
260 288
261 262
261 289
262 263
262 290
263 264
263 291
264 265
264 292
265 266
265 293
266 267
266 294
266 295
267 268
267 295
268 269
268 296
269 270
269 297
269 298
270 271
270 298
271 272
271 299
272 273
272 300
273 274
273 301
274 275
274 302
275 276
275 303
276 277
276 304
277 278
277 305
277 306
278 279
278 306
279 280
279 307
280 308
280 406
281 282
281 309
282 283
282 310
283 284
283 311
283 312
284 285
284 312
284 313
285 286
285 313
285 314
286 287
286 314
287 288
287 315
288 289
288 316
288 317
289 290
289 317
290 291
290 318
291 292
291 319
292 293
292 320
293 294
293 321
294 295
294 322
294 323
295 296
295 323
295 324
296 297
296 324
297 298
297 325
298 299
298 326
299 300
299 327
300 301
300 328
301 302
301 329
302 303
302 330
303 304
303 331
304 305
304 332
305 306
305 333
306 307
306 334
307 308
307 335
308 336
308 406
309 310
309 337
309 338
310 311
310 338
311 312
311 339
312 313
312 340
312 341
313 314
313 341
314 315
314 342
314 343
315 316
315 343
316 317
316 344
317 318
317 345
318 319
318 346
319 320
319 347
320 321
320 348
321 322
321 349
322 323
322 350
323 324
323 351
324 325
324 352
325 326
325 353
326 327
326 354
327 328
327 355
327 356
328 329
328 356
328 357
329 330
329 357
330 331
330 358
331 332
331 359
331 360
332 333
332 360
333 334
333 361
334 335
334 362
335 336
335 363
336 364
336 406
337 338
337 365
337 366
338 339
338 366
339 340
339 367
339 368
340 341
340 368
341 342
341 369
342 343
342 370
342 371
343 344
343 371
343 372
344 345
344 372
344 373
345 346
345 373
345 374
346 347
346 374
347 348
347 375
348 349
348 376
349 350
349 377
349 378
350 351
350 378
350 379
351 352
351 379
351 380
352 353
352 380
353 354
353 381
354 355
354 382
354 383
355 356
355 383
356 357
356 384
357 358
357 385
358 359
358 386
359 360
359 387
360 361
360 388
361 362
361 389
361 390
362 363
362 390
363 364
363 391
364 392
364 406
365 366
365 393
365 394
366 367
366 394
367 368
367 395
368 369
368 396
368 397
369 370
369 397
369 398
370 371
370 398
371 372
371 399
372 373
372 400
373 374
373 401
373 402
374 375
374 402
375 376
375 403
375 404
376 377
376 404
377 378
377 405
378 379
379 380
380 381
381 382
382 383
383 384
384 385
385 386
386 387
387 388
388 389
389 390
390 391
391 392
392 406
393 394
393 406
394 395
394 406
395 396
395 406
396 397
396 406
397 398
397 406
398 399
398 406
399 400
399 406
400 401
400 406
401 402
401 406
402 403
402 406
403 404
403 406
404 405
404 406
405 406
