# Tier 7 (Very Large) - Instance 65
# Generated with config: N=457, K=3, topology=grid, calendar=staggered

# HEADER: <num_tasks> <num_types> <num_units>
459 3 21

# RESOURCE TYPES
# Format: <type_id> <num_units> <unit_id1> <unit_id2> ...
0 7 0 1 2 3 4 5 6
1 7 7 8 9 10 11 12 13
2 7 14 15 16 17 18 19 20

# RESOURCE UNITS (Calendars)
# Format: <unit_id> <num_steps> <t1> <v1> <t2> <v2> ...
0 23 0 100 1 0 40 100 399 0 439 100 800 0 840 100 1202 0 1241 100 1600 0 1639 100 1998 0 2039 100 2402 0 2440 100 2802 0 2843 100 3205 0 3244 100 3606 0 3644 100 4004 0 4420 0
1 23 0 100 18 0 76 100 419 0 478 100 820 0 877 100 1220 0 1277 100 1620 0 1677 100 2019 0 2076 100 2417 0 2475 100 2818 0 2877 100 3218 0 3274 100 3617 0 3673 100 4015 0 4420 0
2 23 0 100 38 0 106 100 441 0 506 100 841 0 907 100 1243 0 1308 100 1645 0 1712 100 2044 0 2111 100 2447 0 2514 100 2850 0 2918 100 3254 0 3319 100 3654 0 3721 100 4052 0 4420 0
3 23 0 100 58 0 128 100 461 0 529 100 857 0 928 100 1260 0 1332 100 1662 0 1732 100 2060 0 2130 100 2464 0 2534 100 2865 0 2936 100 3265 0 3335 100 3663 0 3733 100 4067 0 4420 0
4 23 0 100 74 0 119 100 476 0 523 100 877 0 923 100 1281 0 1326 100 1683 0 1729 100 2083 0 2128 100 2483 0 2530 100 2886 0 2931 100 3287 0 3334 100 3689 0 3734 100 4088 0 4420 0
5 23 0 100 94 0 132 100 496 0 535 100 896 0 937 100 1300 0 1340 100 1701 0 1739 100 2102 0 2140 100 2502 0 2542 100 2901 0 2942 100 3304 0 3342 100 3706 0 3747 100 4108 0 4420 0
6 23 0 100 115 0 178 100 514 0 579 100 916 0 979 100 1314 0 1377 100 1711 0 1774 100 2111 0 2176 100 2515 0 2578 100 2916 0 2982 100 3316 0 3381 100 3719 0 3783 100 4121 0 4420 0
7 23 0 100 133 0 183 100 537 0 585 100 938 0 988 100 1340 0 1389 100 1742 0 1792 100 2143 0 2191 100 2542 0 2590 100 2944 0 2992 100 3347 0 3395 100 3745 0 3793 100 4148 0 4420 0
8 23 0 100 152 0 193 100 550 0 591 100 953 0 994 100 1352 0 1392 100 1750 0 1791 100 2151 0 2190 100 2547 0 2589 100 2947 0 2989 100 3350 0 3393 100 3753 0 3794 100 4156 0 4420 0
9 23 0 100 173 0 234 100 573 0 635 100 971 0 1032 100 1371 0 1434 100 1773 0 1836 100 2174 0 2238 100 2576 0 2637 100 2975 0 3036 100 3374 0 3435 100 3772 0 3833 100 4173 0 4420 0
10 23 0 100 192 0 245 100 594 0 644 100 995 0 1045 100 1396 0 1449 100 1801 0 1852 100 2204 0 2256 100 2602 0 2652 100 3003 0 3054 100 3405 0 3455 100 3803 0 3853 100 4205 0 4420 0
11 23 0 100 211 0 257 100 611 0 657 100 1014 0 1061 100 1415 0 1459 100 1815 0 1861 100 2214 0 2259 100 2616 0 2663 100 3017 0 3060 100 3418 0 3462 100 3818 0 3864 100 4218 0 4420 0
12 23 0 100 228 0 268 100 631 0 669 100 1030 0 1067 100 1431 0 1469 100 1832 0 1872 100 2234 0 2271 100 2633 0 2670 100 3035 0 3073 100 3438 0 3477 100 3838 0 3876 100 4242 0 4420 0
13 23 0 100 248 0 297 100 651 0 701 100 1053 0 1104 100 1453 0 1501 100 1853 0 1904 100 2255 0 2303 100 2652 0 2701 100 3053 0 3102 100 3452 0 3501 100 3855 0 3903 100 4255 0 4420 0
14 23 0 100 267 0 306 100 669 0 707 100 1070 0 1111 100 1473 0 1512 100 1871 0 1909 100 2272 0 2311 100 2670 0 2711 100 3070 0 3109 100 3472 0 3510 100 3869 0 3910 100 4271 0 4420 0
15 23 0 100 288 0 351 100 687 0 751 100 1090 0 1154 100 1490 0 1556 100 1889 0 1952 100 2290 0 2354 100 2693 0 2756 100 3093 0 3156 100 3495 0 3558 100 3892 0 3955 100 4292 0 4420 0
16 23 0 100 305 0 336 100 705 0 735 100 1106 0 1138 100 1510 0 1543 100 1914 0 1946 100 2316 0 2347 100 2716 0 2750 100 3121 0 3154 100 3521 0 3555 100 3923 0 3953 100 4321 0 4420 0
17 23 0 100 326 0 371 100 725 0 771 100 1128 0 1175 100 1527 0 1573 100 1927 0 1974 100 2330 0 2375 100 2729 0 2776 100 3128 0 3177 100 3532 0 3581 100 3935 0 3981 100 4332 0 4420 0
18 23 0 100 343 0 391 100 743 0 789 100 1143 0 1188 100 1541 0 1590 100 1944 0 1989 100 2343 0 2388 100 2744 0 2791 100 3146 0 3192 100 3545 0 3594 100 3948 0 3995 100 4351 0 4420 0
19 23 0 100 363 0 433 100 760 0 830 100 1159 0 1231 100 1560 0 1630 100 1957 0 2028 100 2355 0 2426 100 2758 0 2829 100 3158 0 3231 100 3560 0 3633 100 3963 0 4034 100 4363 0 4420 0
20 23 0 100 381 0 441 100 781 0 839 100 1180 0 1238 100 1580 0 1637 100 1976 0 2036 100 2377 0 2435 100 2778 0 2838 100 3180 0 3238 100 3578 0 3635 100 3978 0 4037 100 4376 0 4420 0

# TASKS
# Format: <task_id> <size> <num_reqs>
# Then for each requirement: <type_id> <qty>
0 0 3
 0 0
 1 0
 2 0
1 16 3
 0 3
 1 1
 2 0
2 6 3
 0 2
 1 3
 2 3
3 20 3
 0 0
 1 1
 2 1
4 10 3
 0 0
 1 2
 2 1
5 10 3
 0 3
 1 3
 2 0
6 4 3
 0 0
 1 2
 2 0
7 15 3
 0 0
 1 2
 2 2
8 7 3
 0 0
 1 2
 2 0
9 12 3
 0 1
 1 3
 2 1
10 13 3
 0 0
 1 0
 2 3
11 5 3
 0 0
 1 2
 2 3
12 4 3
 0 1
 1 0
 2 3
13 1 3
 0 0
 1 0
 2 1
14 17 3
 0 1
 1 3
 2 3
15 16 3
 0 0
 1 0
 2 1
16 15 3
 0 3
 1 0
 2 3
17 1 3
 0 0
 1 0
 2 1
18 14 3
 0 1
 1 1
 2 0
19 19 3
 0 0
 1 0
 2 2
20 4 3
 0 1
 1 3
 2 0
21 4 3
 0 0
 1 0
 2 1
22 15 3
 0 0
 1 1
 2 0
23 2 3
 0 0
 1 1
 2 0
24 17 3
 0 0
 1 0
 2 1
25 2 3
 0 0
 1 3
 2 1
26 9 3
 0 2
 1 0
 2 0
27 7 3
 0 3
 1 1
 2 0
28 11 3
 0 1
 1 2
 2 0
29 18 3
 0 3
 1 0
 2 1
30 16 3
 0 0
 1 0
 2 2
31 17 3
 0 1
 1 3
 2 0
32 2 3
 0 2
 1 0
 2 1
33 19 3
 0 1
 1 0
 2 0
34 9 3
 0 3
 1 2
 2 2
35 6 3
 0 2
 1 2
 2 2
36 8 3
 0 0
 1 0
 2 1
37 14 3
 0 2
 1 0
 2 0
38 8 3
 0 0
 1 0
 2 2
39 6 3
 0 0
 1 1
 2 0
40 15 3
 0 2
 1 2
 2 2
41 15 3
 0 1
 1 0
 2 0
42 17 3
 0 1
 1 3
 2 0
43 4 3
 0 2
 1 0
 2 0
44 7 3
 0 1
 1 0
 2 0
45 13 3
 0 1
 1 2
 2 1
46 4 3
 0 3
 1 0
 2 2
47 2 3
 0 3
 1 1
 2 0
48 4 3
 0 2
 1 1
 2 2
49 5 3
 0 0
 1 3
 2 0
50 6 3
 0 3
 1 1
 2 1
51 12 3
 0 2
 1 1
 2 3
52 15 3
 0 0
 1 3
 2 3
53 5 3
 0 0
 1 2
 2 0
54 15 3
 0 2
 1 0
 2 3
55 19 3
 0 0
 1 2
 2 2
56 2 3
 0 0
 1 1
 2 0
57 9 3
 0 1
 1 2
 2 3
58 14 3
 0 2
 1 2
 2 3
59 18 3
 0 1
 1 2
 2 1
60 3 3
 0 0
 1 3
 2 1
61 6 3
 0 1
 1 1
 2 1
62 19 3
 0 2
 1 2
 2 3
63 20 3
 0 0
 1 0
 2 2
64 20 3
 0 1
 1 3
 2 0
65 5 3
 0 1
 1 0
 2 0
66 20 3
 0 2
 1 1
 2 0
67 14 3
 0 0
 1 2
 2 2
68 12 3
 0 2
 1 2
 2 2
69 11 3
 0 3
 1 0
 2 0
70 3 3
 0 1
 1 0
 2 0
71 20 3
 0 0
 1 1
 2 3
72 5 3
 0 3
 1 2
 2 0
73 15 3
 0 0
 1 0
 2 3
74 19 3
 0 2
 1 0
 2 2
75 2 3
 0 1
 1 0
 2 0
76 9 3
 0 1
 1 3
 2 0
77 1 3
 0 1
 1 3
 2 3
78 15 3
 0 0
 1 3
 2 3
79 10 3
 0 1
 1 0
 2 2
80 2 3
 0 0
 1 0
 2 1
81 16 3
 0 0
 1 1
 2 0
82 1 3
 0 3
 1 3
 2 2
83 19 3
 0 1
 1 2
 2 0
84 15 3
 0 0
 1 0
 2 1
85 4 3
 0 3
 1 0
 2 0
86 14 3
 0 2
 1 0
 2 3
87 19 3
 0 3
 1 0
 2 2
88 10 3
 0 0
 1 1
 2 3
89 11 3
 0 0
 1 0
 2 2
90 7 3
 0 0
 1 0
 2 3
91 18 3
 0 2
 1 2
 2 2
92 16 3
 0 0
 1 0
 2 1
93 19 3
 0 1
 1 1
 2 2
94 2 3
 0 0
 1 1
 2 0
95 5 3
 0 3
 1 0
 2 0
96 1 3
 0 3
 1 3
 2 3
97 9 3
 0 0
 1 1
 2 0
98 12 3
 0 1
 1 0
 2 3
99 13 3
 0 3
 1 2
 2 0
100 16 3
 0 0
 1 0
 2 2
101 14 3
 0 1
 1 0
 2 3
102 4 3
 0 1
 1 3
 2 0
103 3 3
 0 1
 1 0
 2 3
104 19 3
 0 3
 1 3
 2 3
105 15 3
 0 3
 1 0
 2 0
106 20 3
 0 1
 1 0
 2 0
107 7 3
 0 0
 1 0
 2 3
108 17 3
 0 2
 1 0
 2 0
109 18 3
 0 0
 1 2
 2 1
110 11 3
 0 2
 1 0
 2 3
111 19 3
 0 2
 1 3
 2 2
112 7 3
 0 0
 1 0
 2 1
113 12 3
 0 0
 1 0
 2 3
114 12 3
 0 2
 1 1
 2 1
115 15 3
 0 2
 1 3
 2 0
116 16 3
 0 2
 1 0
 2 1
117 9 3
 0 3
 1 0
 2 3
118 19 3
 0 2
 1 3
 2 3
119 18 3
 0 2
 1 3
 2 3
120 10 3
 0 3
 1 3
 2 0
121 3 3
 0 3
 1 0
 2 3
122 20 3
 0 0
 1 2
 2 1
123 6 3
 0 0
 1 1
 2 2
124 20 3
 0 1
 1 0
 2 1
125 10 3
 0 0
 1 3
 2 3
126 1 3
 0 0
 1 0
 2 2
127 8 3
 0 2
 1 0
 2 2
128 4 3
 0 3
 1 0
 2 1
129 11 3
 0 3
 1 3
 2 0
130 20 3
 0 0
 1 2
 2 0
131 11 3
 0 2
 1 1
 2 3
132 5 3
 0 1
 1 0
 2 0
133 20 3
 0 0
 1 0
 2 1
134 14 3
 0 2
 1 0
 2 2
135 5 3
 0 2
 1 0
 2 0
136 12 3
 0 2
 1 1
 2 3
137 16 3
 0 3
 1 2
 2 2
138 13 3
 0 3
 1 3
 2 2
139 17 3
 0 0
 1 1
 2 0
140 11 3
 0 3
 1 3
 2 2
141 5 3
 0 2
 1 0
 2 2
142 16 3
 0 0
 1 3
 2 1
143 20 3
 0 0
 1 3
 2 2
144 7 3
 0 0
 1 2
 2 2
145 3 3
 0 0
 1 0
 2 2
146 16 3
 0 1
 1 0
 2 3
147 5 3
 0 1
 1 1
 2 0
148 17 3
 0 0
 1 3
 2 3
149 17 3
 0 0
 1 1
 2 2
150 5 3
 0 0
 1 1
 2 0
151 5 3
 0 1
 1 0
 2 0
152 17 3
 0 2
 1 0
 2 0
153 2 3
 0 0
 1 2
 2 0
154 8 3
 0 3
 1 0
 2 2
155 10 3
 0 0
 1 0
 2 1
156 10 3
 0 2
 1 2
 2 1
157 16 3
 0 0
 1 0
 2 3
158 7 3
 0 1
 1 0
 2 0
159 19 3
 0 3
 1 0
 2 1
160 11 3
 0 0
 1 0
 2 1
161 10 3
 0 1
 1 0
 2 2
162 16 3
 0 2
 1 0
 2 1
163 16 3
 0 0
 1 1
 2 0
164 20 3
 0 2
 1 0
 2 2
165 12 3
 0 0
 1 1
 2 0
166 10 3
 0 3
 1 1
 2 3
167 14 3
 0 1
 1 0
 2 3
168 19 3
 0 2
 1 1
 2 0
169 2 3
 0 0
 1 1
 2 1
170 11 3
 0 2
 1 0
 2 2
171 12 3
 0 3
 1 3
 2 0
172 9 3
 0 1
 1 0
 2 1
173 19 3
 0 3
 1 1
 2 0
174 19 3
 0 0
 1 1
 2 2
175 10 3
 0 1
 1 0
 2 3
176 8 3
 0 0
 1 0
 2 1
177 1 3
 0 3
 1 3
 2 2
178 10 3
 0 0
 1 3
 2 2
179 18 3
 0 3
 1 1
 2 0
180 12 3
 0 0
 1 0
 2 3
181 13 3
 0 3
 1 0
 2 2
182 20 3
 0 2
 1 0
 2 0
183 3 3
 0 0
 1 1
 2 3
184 16 3
 0 3
 1 1
 2 0
185 7 3
 0 0
 1 3
 2 3
186 5 3
 0 0
 1 0
 2 1
187 13 3
 0 0
 1 0
 2 3
188 17 3
 0 2
 1 1
 2 3
189 14 3
 0 1
 1 1
 2 1
190 3 3
 0 3
 1 0
 2 3
191 9 3
 0 2
 1 0
 2 0
192 9 3
 0 1
 1 0
 2 1
193 8 3
 0 3
 1 3
 2 0
194 7 3
 0 0
 1 3
 2 2
195 17 3
 0 2
 1 0
 2 0
196 20 3
 0 1
 1 0
 2 0
197 10 3
 0 0
 1 2
 2 0
198 4 3
 0 2
 1 0
 2 3
199 2 3
 0 0
 1 0
 2 2
200 11 3
 0 1
 1 3
 2 0
201 1 3
 0 2
 1 1
 2 0
202 5 3
 0 1
 1 0
 2 2
203 6 3
 0 0
 1 1
 2 0
204 15 3
 0 2
 1 2
 2 3
205 5 3
 0 1
 1 0
 2 0
206 7 3
 0 3
 1 0
 2 0
207 19 3
 0 2
 1 2
 2 2
208 6 3
 0 0
 1 2
 2 3
209 2 3
 0 2
 1 2
 2 1
210 13 3
 0 1
 1 0
 2 2
211 12 3
 0 2
 1 1
 2 0
212 3 3
 0 0
 1 3
 2 1
213 12 3
 0 0
 1 1
 2 1
214 2 3
 0 1
 1 0
 2 3
215 19 3
 0 0
 1 3
 2 0
216 17 3
 0 0
 1 2
 2 3
217 18 3
 0 0
 1 2
 2 0
218 9 3
 0 3
 1 1
 2 3
219 16 3
 0 3
 1 1
 2 1
220 12 3
 0 0
 1 0
 2 2
221 19 3
 0 0
 1 3
 2 2
222 2 3
 0 0
 1 0
 2 2
223 8 3
 0 3
 1 1
 2 0
224 16 3
 0 2
 1 0
 2 0
225 18 3
 0 0
 1 0
 2 1
226 1 3
 0 3
 1 0
 2 1
227 7 3
 0 3
 1 0
 2 0
228 6 3
 0 0
 1 0
 2 1
229 1 3
 0 0
 1 2
 2 0
230 5 3
 0 1
 1 2
 2 0
231 8 3
 0 3
 1 0
 2 1
232 15 3
 0 0
 1 3
 2 0
233 13 3
 0 0
 1 2
 2 2
234 13 3
 0 0
 1 1
 2 3
235 6 3
 0 0
 1 3
 2 2
236 3 3
 0 3
 1 0
 2 2
237 8 3
 0 3
 1 0
 2 0
238 12 3
 0 2
 1 2
 2 3
239 17 3
 0 1
 1 0
 2 3
240 17 3
 0 2
 1 0
 2 0
241 14 3
 0 2
 1 0
 2 3
242 17 3
 0 2
 1 0
 2 3
243 1 3
 0 2
 1 0
 2 0
244 5 3
 0 2
 1 3
 2 1
245 20 3
 0 0
 1 0
 2 3
246 19 3
 0 3
 1 2
 2 0
247 1 3
 0 0
 1 0
 2 3
248 18 3
 0 2
 1 3
 2 3
249 12 3
 0 2
 1 1
 2 3
250 1 3
 0 0
 1 0
 2 2
251 14 3
 0 2
 1 1
 2 3
252 15 3
 0 2
 1 1
 2 2
253 18 3
 0 1
 1 0
 2 0
254 10 3
 0 0
 1 1
 2 3
255 17 3
 0 3
 1 3
 2 0
256 9 3
 0 3
 1 0
 2 2
257 17 3
 0 3
 1 0
 2 2
258 10 3
 0 0
 1 1
 2 0
259 4 3
 0 2
 1 0
 2 3
260 5 3
 0 2
 1 0
 2 3
261 14 3
 0 1
 1 3
 2 3
262 2 3
 0 1
 1 2
 2 1
263 1 3
 0 0
 1 1
 2 0
264 9 3
 0 2
 1 0
 2 0
265 9 3
 0 1
 1 0
 2 2
266 14 3
 0 1
 1 0
 2 2
267 9 3
 0 2
 1 1
 2 0
268 6 3
 0 0
 1 3
 2 3
269 9 3
 0 2
 1 0
 2 1
270 15 3
 0 1
 1 0
 2 0
271 19 3
 0 3
 1 0
 2 1
272 7 3
 0 1
 1 1
 2 3
273 6 3
 0 2
 1 1
 2 3
274 9 3
 0 0
 1 1
 2 0
275 1 3
 0 3
 1 3
 2 1
276 1 3
 0 0
 1 0
 2 3
277 15 3
 0 0
 1 2
 2 1
278 18 3
 0 0
 1 3
 2 0
279 7 3
 0 0
 1 1
 2 0
280 16 3
 0 3
 1 0
 2 3
281 18 3
 0 0
 1 3
 2 1
282 18 3
 0 3
 1 2
 2 1
283 9 3
 0 2
 1 2
 2 0
284 4 3
 0 2
 1 0
 2 0
285 3 3
 0 1
 1 3
 2 0
286 14 3
 0 2
 1 0
 2 2
287 8 3
 0 2
 1 2
 2 0
288 14 3
 0 1
 1 1
 2 0
289 4 3
 0 1
 1 1
 2 1
290 6 3
 0 0
 1 3
 2 3
291 11 3
 0 2
 1 3
 2 2
292 10 3
 0 2
 1 3
 2 0
293 2 3
 0 0
 1 2
 2 3
294 14 3
 0 0
 1 2
 2 0
295 11 3
 0 3
 1 3
 2 0
296 15 3
 0 0
 1 3
 2 3
297 4 3
 0 0
 1 0
 2 2
298 5 3
 0 0
 1 2
 2 2
299 9 3
 0 0
 1 3
 2 1
300 18 3
 0 0
 1 3
 2 3
301 2 3
 0 2
 1 0
 2 1
302 7 3
 0 0
 1 1
 2 0
303 5 3
 0 1
 1 0
 2 3
304 18 3
 0 1
 1 2
 2 3
305 14 3
 0 0
 1 1
 2 0
306 10 3
 0 2
 1 1
 2 1
307 3 3
 0 0
 1 1
 2 2
308 8 3
 0 1
 1 0
 2 0
309 15 3
 0 0
 1 1
 2 1
310 10 3
 0 3
 1 3
 2 2
311 19 3
 0 0
 1 1
 2 0
312 9 3
 0 2
 1 0
 2 0
313 10 3
 0 3
 1 2
 2 1
314 6 3
 0 0
 1 0
 2 1
315 12 3
 0 1
 1 2
 2 2
316 8 3
 0 1
 1 0
 2 0
317 14 3
 0 2
 1 2
 2 1
318 16 3
 0 1
 1 0
 2 3
319 6 3
 0 0
 1 3
 2 3
320 2 3
 0 1
 1 2
 2 0
321 6 3
 0 3
 1 3
 2 2
322 20 3
 0 1
 1 2
 2 2
323 10 3
 0 3
 1 2
 2 1
324 18 3
 0 2
 1 3
 2 2
325 19 3
 0 3
 1 0
 2 3
326 15 3
 0 0
 1 0
 2 3
327 8 3
 0 0
 1 2
 2 2
328 17 3
 0 2
 1 0
 2 1
329 14 3
 0 2
 1 3
 2 1
330 4 3
 0 0
 1 1
 2 0
331 15 3
 0 3
 1 0
 2 0
332 12 3
 0 1
 1 0
 2 2
333 7 3
 0 1
 1 0
 2 0
334 17 3
 0 0
 1 0
 2 1
335 12 3
 0 0
 1 2
 2 2
336 10 3
 0 2
 1 2
 2 1
337 19 3
 0 2
 1 0
 2 2
338 18 3
 0 1
 1 0
 2 2
339 20 3
 0 2
 1 3
 2 3
340 14 3
 0 1
 1 2
 2 0
341 19 3
 0 1
 1 2
 2 0
342 5 3
 0 2
 1 0
 2 0
343 9 3
 0 2
 1 0
 2 0
344 15 3
 0 2
 1 0
 2 1
345 2 3
 0 2
 1 1
 2 3
346 18 3
 0 0
 1 1
 2 0
347 8 3
 0 0
 1 1
 2 2
348 1 3
 0 1
 1 3
 2 3
349 10 3
 0 0
 1 3
 2 0
350 11 3
 0 0
 1 1
 2 0
351 1 3
 0 3
 1 3
 2 0
352 16 3
 0 2
 1 0
 2 2
353 16 3
 0 1
 1 0
 2 0
354 12 3
 0 0
 1 1
 2 0
355 10 3
 0 2
 1 0
 2 0
356 9 3
 0 1
 1 1
 2 1
357 8 3
 0 1
 1 0
 2 3
358 20 3
 0 2
 1 2
 2 3
359 1 3
 0 3
 1 0
 2 0
360 11 3
 0 1
 1 2
 2 0
361 10 3
 0 3
 1 0
 2 0
362 13 3
 0 2
 1 0
 2 2
363 13 3
 0 1
 1 0
 2 0
364 9 3
 0 0
 1 0
 2 1
365 9 3
 0 2
 1 2
 2 0
366 13 3
 0 1
 1 2
 2 2
367 6 3
 0 2
 1 2
 2 0
368 17 3
 0 1
 1 1
 2 0
369 5 3
 0 0
 1 3
 2 2
370 8 3
 0 0
 1 0
 2 3
371 6 3
 0 0
 1 0
 2 3
372 1 3
 0 2
 1 0
 2 3
373 4 3
 0 0
 1 3
 2 0
374 7 3
 0 2
 1 3
 2 2
375 16 3
 0 3
 1 2
 2 0
376 8 3
 0 3
 1 2
 2 2
377 19 3
 0 1
 1 1
 2 0
378 10 3
 0 3
 1 2
 2 0
379 14 3
 0 0
 1 3
 2 2
380 19 3
 0 1
 1 2
 2 0
381 18 3
 0 2
 1 0
 2 2
382 11 3
 0 2
 1 3
 2 3
383 16 3
 0 2
 1 1
 2 1
384 11 3
 0 1
 1 0
 2 3
385 4 3
 0 0
 1 1
 2 0
386 9 3
 0 1
 1 0
 2 0
387 4 3
 0 3
 1 2
 2 0
388 19 3
 0 3
 1 3
 2 3
389 6 3
 0 0
 1 0
 2 3
390 15 3
 0 0
 1 3
 2 1
391 13 3
 0 0
 1 1
 2 0
392 10 3
 0 1
 1 2
 2 2
393 5 3
 0 1
 1 3
 2 0
394 3 3
 0 2
 1 0
 2 0
395 4 3
 0 0
 1 1
 2 2
396 17 3
 0 0
 1 1
 2 1
397 10 3
 0 3
 1 1
 2 3
398 8 3
 0 2
 1 0
 2 1
399 19 3
 0 0
 1 0
 2 3
400 16 3
 0 1
 1 3
 2 1
401 18 3
 0 2
 1 2
 2 3
402 19 3
 0 1
 1 2
 2 3
403 17 3
 0 1
 1 0
 2 3
404 2 3
 0 0
 1 2
 2 0
405 11 3
 0 2
 1 0
 2 3
406 14 3
 0 0
 1 3
 2 1
407 20 3
 0 1
 1 0
 2 0
408 11 3
 0 1
 1 0
 2 0
409 17 3
 0 1
 1 3
 2 3
410 1 3
 0 3
 1 1
 2 3
411 14 3
 0 3
 1 1
 2 0
412 9 3
 0 2
 1 0
 2 1
413 10 3
 0 0
 1 0
 2 1
414 1 3
 0 0
 1 0
 2 2
415 11 3
 0 0
 1 3
 2 3
416 14 3
 0 1
 1 0
 2 2
417 19 3
 0 1
 1 2
 2 1
418 11 3
 0 3
 1 0
 2 0
419 10 3
 0 2
 1 1
 2 3
420 7 3
 0 1
 1 0
 2 3
421 4 3
 0 2
 1 0
 2 0
422 10 3
 0 3
 1 1
 2 2
423 10 3
 0 1
 1 3
 2 0
424 11 3
 0 0
 1 2
 2 1
425 4 3
 0 0
 1 3
 2 2
426 13 3
 0 2
 1 0
 2 1
427 6 3
 0 1
 1 0
 2 2
428 19 3
 0 0
 1 2
 2 0
429 10 3
 0 0
 1 0
 2 2
430 17 3
 0 0
 1 2
 2 1
431 15 3
 0 2
 1 2
 2 2
432 20 3
 0 0
 1 1
 2 0
433 3 3
 0 0
 1 1
 2 2
434 17 3
 0 1
 1 0
 2 2
435 6 3
 0 3
 1 1
 2 2
436 6 3
 0 0
 1 0
 2 2
437 5 3
 0 3
 1 3
 2 1
438 2 3
 0 2
 1 0
 2 0
439 20 3
 0 0
 1 3
 2 1
440 17 3
 0 3
 1 2
 2 0
441 6 3
 0 3
 1 2
 2 2
442 15 3
 0 0
 1 0
 2 2
443 6 3
 0 0
 1 0
 2 1
444 18 3
 0 3
 1 0
 2 0
445 20 3
 0 3
 1 3
 2 0
446 17 3
 0 2
 1 1
 2 2
447 2 3
 0 1
 1 1
 2 0
448 7 3
 0 0
 1 1
 2 3
449 19 3
 0 0
 1 1
 2 0
450 16 3
 0 3
 1 3
 2 0
451 9 3
 0 0
 1 0
 2 2
452 5 3
 0 3
 1 0
 2 0
453 15 3
 0 1
 1 1
 2 1
454 6 3
 0 1
 1 0
 2 0
455 5 3
 0 2
 1 2
 2 0
456 3 3
 0 1
 1 0
 2 3
457 2 3
 0 0
 1 2
 2 0
458 0 3
 0 0
 1 0
 2 0

# PRECEDENCES
1018
0 1
0 31
0 61
0 91
0 121
0 151
0 181
0 211
0 241
0 271
0 301
0 331
0 361
0 391
0 421
0 451
1 2
1 31
2 3
2 32
3 4
3 33
4 5
4 34
5 6
5 35
6 7
6 36
7 8
7 37
8 9
8 38
9 10
9 39
10 11
10 40
10 41
11 12
11 41
11 42
12 13
12 42
13 14
13 43
14 15
14 44
15 16
15 45
15 46
16 17
16 46
16 47
17 18
17 47
18 19
18 48
19 20
19 49
19 50
20 21
20 50
21 22
21 51
22 23
22 52
23 24
23 53
24 25
24 54
25 26
25 55
25 56
26 27
26 56
27 28
27 57
28 29
28 58
29 30
29 59
29 60
30 60
30 458
31 32
31 61
32 33
32 62
33 34
33 63
34 35
34 64
34 65
35 36
35 65
36 37
36 66
37 38
37 67
38 39
38 68
39 40
39 69
39 70
40 41
40 70
41 42
41 71
41 72
42 43
42 72
43 44
43 73
43 74
44 45
44 74
45 46
45 75
45 76
46 47
46 76
47 48
47 77
47 78
48 49
48 78
49 50
49 79
50 51
50 80
50 81
51 52
51 81
51 82
52 53
52 82
53 54
53 83
54 55
54 84
55 56
55 85
56 57
56 86
57 58
57 87
57 88
58 59
58 88
59 60
59 89
60 90
60 458
61 62
61 91
62 63
62 92
63 64
63 93
64 65
64 94
65 66
65 95
66 67
66 96
67 68
67 97
68 69
68 98
69 70
69 99
70 71
70 100
71 72
71 101
72 73
72 102
72 103
73 74
73 103
74 75
74 104
75 76
75 105
75 106
76 77
76 106
77 78
77 107
78 79
78 108
79 80
79 109
80 81
80 110
81 82
81 111
82 83
82 112
83 84
83 113
84 85
84 114
85 86
85 115
86 87
86 116
87 88
87 117
88 89
88 118
88 119
89 90
89 119
90 120
90 458
91 92
91 121
91 122
92 93
92 122
93 94
93 123
93 124
94 95
94 124
95 96
95 125
96 97
96 126
96 127
97 98
97 127
98 99
98 128
98 129
99 100
99 129
100 101
100 130
100 131
101 102
101 131
101 132
102 103
102 132
103 104
103 133
104 105
104 134
105 106
105 135
106 107
106 136
107 108
107 137
108 109
108 138
108 139
109 110
109 139
110 111
110 140
111 112
111 141
111 142
112 113
112 142
113 114
113 143
114 115
114 144
115 116
115 145
115 146
116 117
116 146
117 118
117 147
118 119
118 148
119 120
119 149
120 150
120 458
121 122
121 151
122 123
122 152
122 153
123 124
123 153
124 125
124 154
124 155
125 126
125 155
126 127
126 156
127 128
127 157
128 129
128 158
129 130
129 159
130 131
130 160
131 132
131 161
132 133
132 162
133 134
133 163
134 135
134 164
134 165
135 136
135 165
136 137
136 166
137 138
137 167
138 139
138 168
139 140
139 169
140 141
140 170
141 142
141 171
142 143
142 172
143 144
143 173
143 174
144 145
144 174
145 146
145 175
145 176
146 147
146 176
147 148
147 177
148 149
148 178
148 179
149 150
149 179
150 180
150 458
151 152
151 181
152 153
152 182
152 183
153 154
153 183
154 155
154 184
154 185
155 156
155 185
156 157
156 186
156 187
157 158
157 187
158 159
158 188
159 160
159 189
159 190
160 161
160 190
161 162
161 191
162 163
162 192
163 164
163 193
163 194
164 165
164 194
165 166
165 195
166 167
166 196
167 168
167 197
167 198
168 169
168 198
168 199
169 170
169 199
169 200
170 171
170 200
170 201
171 172
171 201
171 202
172 173
172 202
173 174
173 203
174 175
174 204
175 176
175 205
176 177
176 206
177 178
177 207
178 179
178 208
178 209
179 180
179 209
179 210
180 210
180 458
181 182
181 211
182 183
182 212
183 184
183 213
184 185
184 214
184 215
185 186
185 215
186 187
186 216
187 188
187 217
187 218
188 189
188 218
188 219
189 190
189 219
190 191
190 220
191 192
191 221
192 193
192 222
192 223
193 194
193 223
194 195
194 224
195 196
195 225
196 197
196 226
197 198
197 227
198 199
198 228
199 200
199 229
200 201
200 230
201 202
201 231
202 203
202 232
202 233
203 204
203 233
203 234
204 205
204 234
205 206
205 235
206 207
206 236
207 208
207 237
207 238
208 209
208 238
209 210
209 239
210 240
210 458
211 212
211 241
212 213
212 242
213 214
213 243
214 215
214 244
214 245
215 216
215 245
215 246
216 217
216 246
217 218
217 247
218 219
218 248
218 249
219 220
219 249
220 221
220 250
221 222
221 251
222 223
222 252
222 253
223 224
223 253
224 225
224 254
225 226
225 255
226 227
226 256
227 228
227 257
228 229
228 258
229 230
229 259
230 231
230 260
231 232
231 261
232 233
232 262
232 263
233 234
233 263
233 264
234 235
234 264
235 236
235 265
236 237
236 266
236 267
237 238
237 267
237 268
238 239
238 268
239 240
239 269
240 270
240 458
241 242
241 271
242 243
242 272
243 244
243 273
244 245
244 274
245 246
245 275
246 247
246 276
246 277
247 248
247 277
248 249
248 278
249 250
249 279
250 251
250 280
251 252
251 281
252 253
252 282
253 254
253 283
254 255
254 284
255 256
255 285
256 257
256 286
257 258
257 287
258 259
258 288
258 289
259 260
259 289
260 261
260 290
260 291
261 262
261 291
262 263
262 292
262 293
263 264
263 293
264 265
264 294
265 266
265 295
266 267
266 296
267 268
267 297
268 269
268 298
269 270
269 299
270 300
270 458
271 272
271 301
271 302
272 273
272 302
273 274
273 303
273 304
274 275
274 304
275 276
275 305
276 277
276 306
277 278
277 307
278 279
278 308
278 309
279 280
279 309
280 281
280 310
281 282
281 311
282 283
282 312
282 313
283 284
283 313
284 285
284 314
284 315
285 286
285 315
286 287
286 316
287 288
287 317
288 289
288 318
289 290
289 319
290 291
290 320
291 292
291 321
292 293
292 322
293 294
293 323
294 295
294 324
295 296
295 325
296 297
296 326
296 327
297 298
297 327
298 299
298 328
299 300
299 329
299 330
300 330
300 458
301 302
301 331
301 332
302 303
302 332
302 333
303 304
303 333
304 305
304 334
304 335
305 306
305 335
305 336
306 307
306 336
306 337
307 308
307 337
307 338
308 309
308 338
308 339
309 310
309 339
310 311
310 340
311 312
311 341
312 313
312 342
313 314
313 343
314 315
314 344
315 316
315 345
315 346
316 317
316 346
317 318
317 347
318 319
318 348
319 320
319 349
320 321
320 350
321 322
321 351
321 352
322 323
322 352
323 324
323 353
324 325
324 354
324 355
325 326
325 355
326 327
326 356
327 328
327 357
327 358
328 329
328 358
328 359
329 330
329 359
330 360
330 458
331 332
331 361
332 333
332 362
333 334
333 363
334 335
334 364
335 336
335 365
336 337
336 366
337 338
337 367
338 339
338 368
339 340
339 369
340 341
340 370
341 342
341 371
342 343
342 372
342 373
343 344
343 373
343 374
344 345
344 374
345 346
345 375
346 347
346 376
347 348
347 377
348 349
348 378
349 350
349 379
350 351
350 380
351 352
351 381
351 382
352 353
352 382
353 354
353 383
354 355
354 384
355 356
355 385
356 357
356 386
357 358
357 387
357 388
358 359
358 388
359 360
359 389
359 390
360 390
360 458
361 362
361 391
362 363
362 392
363 364
363 393
363 394
364 365
364 394
365 366
365 395
366 367
366 396
366 397
367 368
367 397
367 398
368 369
368 398
369 370
369 399
370 371
370 400
370 401
371 372
371 401
372 373
372 402
372 403
373 374
373 403
373 404
374 375
374 404
375 376
375 405
375 406
376 377
376 406
377 378
377 407
378 379
378 408
379 380
379 409
380 381
380 410
381 382
381 411
382 383
382 412
383 384
383 413
384 385
384 414
384 415
385 386
385 415
386 387
386 416
386 417
387 388
387 417
388 389
388 418
389 390
389 419
389 420
390 420
390 458
391 392
391 421
392 393
392 422
393 394
393 423
393 424
394 395
394 424
394 425
395 396
395 425
395 426
396 397
396 426
397 398
397 427
398 399
398 428
399 400
399 429
400 401
400 430
401 402
401 431
402 403
402 432
402 433
403 404
403 433
403 434
404 405
404 434
405 406
405 435
406 407
406 436
407 408
407 437
407 438
408 409
408 438
409 410
409 439
410 411
410 440
410 441
411 412
411 441
411 442
412 413
412 442
412 443
413 414
413 443
414 415
414 444
414 445
415 416
415 445
415 446
416 417
416 446
417 418
417 447
417 448
418 419
418 448
419 420
419 449
420 450
420 458
421 422
421 451
422 423
422 452
423 424
423 453
423 454
424 425
424 454
425 426
425 455
426 427
426 456
427 428
427 457
428 429
429 430
430 431
431 432
432 433
433 434
434 435
435 436
436 437
437 438
438 439
439 440
440 441
441 442
442 443
443 444
444 445
445 446
446 447
447 448
448 449
449 450
450 458
451 452
451 458
452 453
452 458
453 454
453 458
454 455
454 458
455 456
455 458
456 457
456 458
457 458
