# Tier 7 (Very Large) - Instance 14
# Generated with config: N=457, K=5, topology=grid, calendar=staggered

# HEADER: <num_tasks> <num_types> <num_units>
459 5 26

# RESOURCE TYPES
# Format: <type_id> <num_units> <unit_id1> <unit_id2> ...
0 5 0 1 2 3 4
1 5 5 6 7 8 9
2 7 10 11 12 13 14 15 16
3 4 17 18 19 20
4 5 21 22 23 24 25

# RESOURCE UNITS (Calendars)
# Format: <unit_id> <num_steps> <t1> <v1> <t2> <v2> ...
0 30 0 100 1 0 37 100 281 0 319 100 558 0 597 100 836 0 872 100 1112 0 1150 100 1390 0 1427 100 1669 0 1706 100 1948 0 1986 100 2230 0 2268 100 2508 0 2546 100 2786 0 2824 100 3064 0 3101 100 3342 0 3379 100 3621 0 3658 100 4196 0
1 30 0 100 11 0 36 100 288 0 313 100 569 0 595 100 850 0 875 100 1131 0 1155 100 1405 0 1430 100 1682 0 1707 100 1958 0 1983 100 2239 0 2265 100 2520 0 2545 100 2796 0 2824 100 3076 0 3100 100 3354 0 3380 100 3632 0 3657 100 4196 0
2 30 0 100 21 0 47 100 299 0 326 100 582 0 607 100 861 0 885 100 1138 0 1164 100 1419 0 1444 100 1699 0 1723 100 1976 0 2000 100 2252 0 2277 100 2532 0 2557 100 2811 0 2838 100 3093 0 3120 100 3370 0 3394 100 3648 0 3675 100 4196 0
3 30 0 100 33 0 66 100 315 0 347 100 594 0 626 100 872 0 906 100 1153 0 1185 100 1430 0 1460 100 1705 0 1739 100 1986 0 2019 100 2266 0 2299 100 2544 0 2577 100 2821 0 2852 100 3099 0 3131 100 3377 0 3410 100 3655 0 3686 100 4196 0
4 30 0 100 43 0 78 100 319 0 355 100 596 0 633 100 873 0 907 100 1148 0 1183 100 1427 0 1465 100 1706 0 1741 100 1982 0 2020 100 2261 0 2299 100 2539 0 2574 100 2818 0 2853 100 3094 0 3129 100 3370 0 3406 100 3646 0 3681 100 4196 0
5 30 0 100 55 0 85 100 330 0 361 100 605 0 638 100 884 0 917 100 1164 0 1196 100 1444 0 1478 100 1725 0 1759 100 2004 0 2036 100 2284 0 2317 100 2565 0 2599 100 2845 0 2879 100 3127 0 3160 100 3409 0 3443 100 3691 0 3722 100 4196 0
6 30 0 100 63 0 96 100 343 0 375 100 620 0 652 100 896 0 928 100 1175 0 1209 100 1457 0 1492 100 1740 0 1773 100 2020 0 2052 100 2296 0 2330 100 2574 0 2606 100 2854 0 2886 100 3129 0 3164 100 3408 0 3443 100 3687 0 3720 100 4196 0
7 30 0 100 76 0 118 100 358 0 401 100 637 0 679 100 915 0 956 100 1194 0 1237 100 1475 0 1515 100 1755 0 1795 100 2031 0 2073 100 2310 0 2350 100 2586 0 2628 100 2867 0 2906 100 3142 0 3182 100 3421 0 3461 100 3698 0 3738 100 4196 0
8 30 0 100 84 0 129 100 362 0 408 100 640 0 686 100 918 0 964 100 1194 0 1242 100 1475 0 1521 100 1756 0 1801 100 2032 0 2078 100 2313 0 2358 100 2591 0 2636 100 2871 0 2917 100 3148 0 3195 100 3429 0 3474 100 3708 0 3755 100 4196 0
9 30 0 100 98 0 125 100 376 0 403 100 654 0 678 100 934 0 960 100 1211 0 1238 100 1493 0 1520 100 1776 0 1801 100 2054 0 2078 100 2333 0 2358 100 2613 0 2637 100 2888 0 2915 100 3169 0 3194 100 3449 0 3473 100 3724 0 3749 100 4196 0
10 30 0 100 107 0 151 100 381 0 427 100 662 0 709 100 942 0 988 100 1222 0 1268 100 1503 0 1548 100 1781 0 1825 100 2060 0 2107 100 2342 0 2389 100 2619 0 2667 100 2899 0 2944 100 3180 0 3224 100 3459 0 3505 100 3741 0 3786 100 4196 0
11 30 0 100 119 0 146 100 402 0 427 100 682 0 708 100 960 0 986 100 1239 0 1264 100 1520 0 1546 100 1802 0 1825 100 2077 0 2103 100 2356 0 2381 100 2633 0 2658 100 2912 0 2937 100 3191 0 3217 100 3468 0 3493 100 3746 0 3771 100 4196 0
12 30 0 100 130 0 173 100 408 0 452 100 684 0 731 100 967 0 1011 100 1242 0 1285 100 1517 0 1560 100 1796 0 1840 100 2074 0 2120 100 2354 0 2397 100 2629 0 2672 100 2905 0 2949 100 3184 0 3230 100 3464 0 3510 100 3744 0 3789 100 4196 0
13 30 0 100 138 0 176 100 417 0 453 100 695 0 732 100 974 0 1012 100 1255 0 1293 100 1538 0 1576 100 1818 0 1856 100 2101 0 2139 100 2382 0 2416 100 2658 0 2696 100 2940 0 2977 100 3220 0 3255 100 3497 0 3533 100 3773 0 3808 100 4196 0
14 30 0 100 149 0 184 100 427 0 462 100 707 0 744 100 989 0 1027 100 1268 0 1303 100 1543 0 1578 100 1820 0 1855 100 2096 0 2131 100 2374 0 2410 100 2652 0 2690 100 2931 0 2968 100 3211 0 3246 100 3489 0 3525 100 3769 0 3803 100 4196 0
15 30 0 100 163 0 200 100 445 0 480 100 722 0 755 100 999 0 1033 100 1278 0 1314 100 1555 0 1591 100 1837 0 1872 100 2113 0 2147 100 2392 0 2428 100 2669 0 2703 100 2949 0 2984 100 3225 0 3259 100 3505 0 3541 100 3783 0 3818 100 4196 0
16 30 0 100 170 0 208 100 452 0 487 100 727 0 766 100 1008 0 1047 100 1292 0 1328 100 1572 0 1607 100 1850 0 1888 100 2130 0 2166 100 2407 0 2442 100 2685 0 2722 100 2964 0 3000 100 3243 0 3280 100 3525 0 3561 100 3804 0 3839 100 4196 0
17 30 0 100 182 0 213 100 457 0 490 100 737 0 771 100 1017 0 1051 100 1294 0 1328 100 1571 0 1604 100 1851 0 1883 100 2132 0 2165 100 2411 0 2442 100 2689 0 2722 100 2969 0 3001 100 3249 0 3280 100 3527 0 3561 100 3806 0 3839 100 4196 0
18 30 0 100 191 0 234 100 470 0 514 100 748 0 791 100 1028 0 1071 100 1308 0 1350 100 1587 0 1631 100 1867 0 1910 100 2144 0 2190 100 2423 0 2466 100 2700 0 2746 100 2979 0 3023 100 3258 0 3302 100 3535 0 3580 100 3814 0 3857 100 4196 0
19 30 0 100 203 0 236 100 482 0 515 100 761 0 795 100 1040 0 1074 100 1321 0 1355 100 1600 0 1632 100 1876 0 1907 100 2152 0 2183 100 2431 0 2463 100 2709 0 2740 100 2987 0 3020 100 3264 0 3297 100 3543 0 3574 100 3818 0 3850 100 4196 0
20 30 0 100 213 0 235 100 489 0 514 100 770 0 795 100 1053 0 1077 100 1334 0 1359 100 1612 0 1636 100 1893 0 1915 100 2169 0 2194 100 2452 0 2474 100 2729 0 2754 100 3008 0 3032 100 3289 0 3312 100 3566 0 3591 100 3845 0 3870 100 4196 0
21 30 0 100 225 0 258 100 505 0 537 100 784 0 818 100 1063 0 1094 100 1342 0 1375 100 1624 0 1658 100 1902 0 1935 100 2182 0 2215 100 2463 0 2495 100 2744 0 2775 100 3019 0 3053 100 3302 0 3335 100 3581 0 3615 100 3864 0 3897 100 4196 0
22 30 0 100 236 0 284 100 514 0 562 100 795 0 842 100 1074 0 1122 100 1351 0 1398 100 1627 0 1675 100 1903 0 1950 100 2182 0 2231 100 2459 0 2507 100 2737 0 2784 100 3014 0 3064 100 3296 0 3346 100 3576 0 3624 100 3854 0 3902 100 4196 0
23 30 0 100 245 0 282 100 520 0 557 100 797 0 836 100 1074 0 1111 100 1354 0 1391 100 1629 0 1668 100 1911 0 1951 100 2193 0 2231 100 2470 0 2507 100 2748 0 2784 100 3026 0 3063 100 3301 0 3337 100 3576 0 3613 100 3853 0 3893 100 4196 0
24 30 0 100 257 0 295 100 536 0 573 100 813 0 851 100 1093 0 1133 100 1375 0 1412 100 1651 0 1690 100 1932 0 1971 100 2214 0 2252 100 2489 0 2528 100 2770 0 2807 100 3046 0 3083 100 3324 0 3361 100 3599 0 3636 100 3878 0 3916 100 4196 0
25 30 0 100 267 0 297 100 546 0 576 100 822 0 853 100 1102 0 1134 100 1384 0 1415 100 1661 0 1690 100 1935 0 1964 100 2212 0 2245 100 2492 0 2525 100 2775 0 2804 100 3055 0 3087 100 3332 0 3361 100 3607 0 3638 100 3887 0 3916 100 4196 0

# TASKS
# Format: <task_id> <size> <num_reqs>
# Then for each requirement: <type_id> <qty>
0 0 5
 0 0
 1 0
 2 0
 3 0
 4 0
1 10 5
 0 2
 1 3
 2 0
 3 0
 4 3
2 3 5
 0 0
 1 3
 2 1
 3 2
 4 1
3 19 5
 0 0
 1 0
 2 0
 3 2
 4 0
4 11 5
 0 0
 1 0
 2 0
 3 3
 4 3
5 3 5
 0 3
 1 0
 2 0
 3 0
 4 2
6 6 5
 0 0
 1 2
 2 0
 3 0
 4 0
7 14 5
 0 3
 1 0
 2 2
 3 3
 4 3
8 7 5
 0 1
 1 0
 2 1
 3 0
 4 3
9 11 5
 0 2
 1 3
 2 2
 3 1
 4 0
10 7 5
 0 0
 1 0
 2 0
 3 2
 4 2
11 10 5
 0 2
 1 3
 2 3
 3 1
 4 0
12 6 5
 0 3
 1 0
 2 1
 3 0
 4 2
13 11 5
 0 0
 1 1
 2 3
 3 0
 4 2
14 18 5
 0 0
 1 0
 2 0
 3 1
 4 1
15 10 5
 0 2
 1 1
 2 3
 3 0
 4 0
16 17 5
 0 0
 1 1
 2 2
 3 2
 4 3
17 8 5
 0 1
 1 0
 2 3
 3 0
 4 0
18 15 5
 0 1
 1 0
 2 2
 3 0
 4 2
19 10 5
 0 1
 1 1
 2 0
 3 0
 4 2
20 14 5
 0 0
 1 0
 2 2
 3 3
 4 0
21 16 5
 0 0
 1 0
 2 3
 3 0
 4 3
22 19 5
 0 1
 1 1
 2 2
 3 2
 4 2
23 17 5
 0 0
 1 2
 2 2
 3 2
 4 2
24 2 5
 0 1
 1 0
 2 0
 3 0
 4 0
25 17 5
 0 2
 1 2
 2 1
 3 0
 4 0
26 14 5
 0 1
 1 1
 2 1
 3 0
 4 1
27 20 5
 0 1
 1 0
 2 2
 3 0
 4 2
28 2 5
 0 3
 1 1
 2 2
 3 3
 4 2
29 3 5
 0 1
 1 2
 2 3
 3 0
 4 3
30 10 5
 0 1
 1 0
 2 1
 3 0
 4 1
31 6 5
 0 2
 1 2
 2 0
 3 0
 4 0
32 16 5
 0 3
 1 2
 2 1
 3 2
 4 0
33 16 5
 0 1
 1 0
 2 0
 3 0
 4 2
34 15 5
 0 1
 1 0
 2 2
 3 2
 4 0
35 9 5
 0 3
 1 0
 2 0
 3 2
 4 0
36 8 5
 0 2
 1 3
 2 0
 3 1
 4 0
37 4 5
 0 0
 1 3
 2 3
 3 1
 4 3
38 5 5
 0 3
 1 0
 2 1
 3 0
 4 0
39 14 5
 0 3
 1 1
 2 1
 3 3
 4 1
40 13 5
 0 0
 1 0
 2 0
 3 3
 4 1
41 5 5
 0 2
 1 3
 2 1
 3 0
 4 0
42 5 5
 0 3
 1 3
 2 1
 3 3
 4 0
43 9 5
 0 0
 1 3
 2 3
 3 1
 4 0
44 18 5
 0 0
 1 0
 2 0
 3 1
 4 1
45 17 5
 0 3
 1 2
 2 2
 3 0
 4 0
46 11 5
 0 0
 1 1
 2 0
 3 1
 4 0
47 6 5
 0 0
 1 2
 2 0
 3 2
 4 0
48 3 5
 0 3
 1 2
 2 0
 3 3
 4 3
49 3 5
 0 0
 1 0
 2 0
 3 0
 4 1
50 1 5
 0 0
 1 2
 2 2
 3 3
 4 3
51 8 5
 0 1
 1 1
 2 2
 3 2
 4 0
52 9 5
 0 2
 1 0
 2 0
 3 0
 4 2
53 4 5
 0 2
 1 3
 2 0
 3 2
 4 0
54 8 5
 0 2
 1 2
 2 1
 3 3
 4 2
55 13 5
 0 3
 1 2
 2 2
 3 0
 4 0
56 4 5
 0 0
 1 0
 2 0
 3 0
 4 3
57 4 5
 0 0
 1 2
 2 2
 3 0
 4 2
58 18 5
 0 1
 1 1
 2 0
 3 3
 4 0
59 7 5
 0 0
 1 3
 2 0
 3 2
 4 3
60 7 5
 0 1
 1 0
 2 0
 3 0
 4 3
61 20 5
 0 1
 1 3
 2 1
 3 2
 4 2
62 13 5
 0 0
 1 0
 2 0
 3 2
 4 0
63 15 5
 0 0
 1 1
 2 1
 3 2
 4 1
64 6 5
 0 2
 1 1
 2 2
 3 0
 4 0
65 2 5
 0 2
 1 2
 2 2
 3 0
 4 1
66 7 5
 0 2
 1 0
 2 2
 3 0
 4 1
67 8 5
 0 3
 1 2
 2 0
 3 2
 4 1
68 9 5
 0 0
 1 0
 2 2
 3 3
 4 0
69 9 5
 0 3
 1 1
 2 3
 3 2
 4 0
70 20 5
 0 0
 1 0
 2 3
 3 2
 4 0
71 6 5
 0 0
 1 3
 2 3
 3 1
 4 3
72 1 5
 0 0
 1 2
 2 3
 3 1
 4 3
73 11 5
 0 0
 1 3
 2 0
 3 3
 4 0
74 13 5
 0 3
 1 0
 2 1
 3 3
 4 0
75 7 5
 0 0
 1 0
 2 2
 3 1
 4 1
76 3 5
 0 0
 1 2
 2 0
 3 2
 4 1
77 8 5
 0 3
 1 0
 2 0
 3 1
 4 2
78 18 5
 0 0
 1 3
 2 0
 3 0
 4 2
79 1 5
 0 1
 1 1
 2 1
 3 2
 4 2
80 14 5
 0 0
 1 2
 2 0
 3 3
 4 2
81 10 5
 0 1
 1 2
 2 1
 3 2
 4 0
82 10 5
 0 1
 1 0
 2 2
 3 1
 4 0
83 8 5
 0 2
 1 2
 2 0
 3 2
 4 0
84 12 5
 0 3
 1 1
 2 1
 3 3
 4 0
85 7 5
 0 2
 1 1
 2 0
 3 2
 4 3
86 13 5
 0 3
 1 2
 2 3
 3 1
 4 0
87 4 5
 0 0
 1 0
 2 3
 3 1
 4 1
88 13 5
 0 2
 1 1
 2 1
 3 2
 4 3
89 5 5
 0 0
 1 3
 2 3
 3 1
 4 2
90 7 5
 0 0
 1 0
 2 0
 3 2
 4 3
91 10 5
 0 0
 1 0
 2 2
 3 3
 4 2
92 16 5
 0 1
 1 3
 2 3
 3 2
 4 3
93 18 5
 0 0
 1 3
 2 0
 3 2
 4 2
94 4 5
 0 0
 1 3
 2 1
 3 3
 4 0
95 15 5
 0 3
 1 0
 2 0
 3 2
 4 0
96 19 5
 0 3
 1 1
 2 3
 3 0
 4 0
97 13 5
 0 1
 1 0
 2 3
 3 0
 4 0
98 14 5
 0 1
 1 2
 2 0
 3 3
 4 0
99 10 5
 0 3
 1 0
 2 2
 3 0
 4 0
100 17 5
 0 1
 1 1
 2 0
 3 1
 4 0
101 13 5
 0 0
 1 1
 2 1
 3 1
 4 2
102 16 5
 0 0
 1 3
 2 2
 3 1
 4 0
103 15 5
 0 3
 1 0
 2 2
 3 0
 4 3
104 15 5
 0 1
 1 1
 2 0
 3 3
 4 3
105 20 5
 0 2
 1 0
 2 3
 3 1
 4 0
106 11 5
 0 0
 1 1
 2 0
 3 0
 4 0
107 8 5
 0 1
 1 3
 2 0
 3 2
 4 0
108 2 5
 0 3
 1 0
 2 1
 3 1
 4 3
109 5 5
 0 0
 1 1
 2 1
 3 3
 4 0
110 4 5
 0 0
 1 0
 2 0
 3 3
 4 1
111 9 5
 0 0
 1 3
 2 2
 3 2
 4 1
112 8 5
 0 0
 1 2
 2 1
 3 3
 4 0
113 14 5
 0 0
 1 0
 2 0
 3 2
 4 3
114 13 5
 0 1
 1 3
 2 0
 3 3
 4 0
115 1 5
 0 1
 1 0
 2 3
 3 0
 4 3
116 7 5
 0 1
 1 1
 2 0
 3 1
 4 3
117 7 5
 0 1
 1 2
 2 3
 3 3
 4 0
118 15 5
 0 1
 1 0
 2 0
 3 1
 4 0
119 11 5
 0 2
 1 1
 2 0
 3 0
 4 3
120 3 5
 0 1
 1 0
 2 0
 3 3
 4 0
121 1 5
 0 1
 1 2
 2 0
 3 1
 4 0
122 3 5
 0 1
 1 2
 2 1
 3 0
 4 0
123 14 5
 0 3
 1 1
 2 0
 3 2
 4 0
124 18 5
 0 0
 1 0
 2 3
 3 0
 4 3
125 2 5
 0 0
 1 3
 2 3
 3 0
 4 2
126 18 5
 0 0
 1 1
 2 2
 3 1
 4 0
127 16 5
 0 0
 1 2
 2 1
 3 1
 4 0
128 18 5
 0 3
 1 1
 2 2
 3 0
 4 0
129 18 5
 0 3
 1 2
 2 0
 3 0
 4 3
130 10 5
 0 0
 1 3
 2 0
 3 3
 4 0
131 7 5
 0 3
 1 1
 2 0
 3 3
 4 0
132 8 5
 0 0
 1 3
 2 0
 3 2
 4 1
133 15 5
 0 2
 1 0
 2 2
 3 2
 4 1
134 20 5
 0 0
 1 0
 2 0
 3 1
 4 3
135 2 5
 0 0
 1 1
 2 0
 3 0
 4 0
136 1 5
 0 0
 1 1
 2 0
 3 3
 4 0
137 11 5
 0 3
 1 0
 2 2
 3 2
 4 0
138 5 5
 0 2
 1 0
 2 1
 3 0
 4 1
139 11 5
 0 0
 1 2
 2 0
 3 2
 4 2
140 15 5
 0 0
 1 2
 2 1
 3 0
 4 2
141 20 5
 0 0
 1 2
 2 2
 3 3
 4 3
142 12 5
 0 3
 1 2
 2 1
 3 3
 4 0
143 17 5
 0 2
 1 0
 2 0
 3 3
 4 3
144 16 5
 0 1
 1 0
 2 3
 3 3
 4 3
145 17 5
 0 1
 1 1
 2 0
 3 0
 4 1
146 12 5
 0 1
 1 0
 2 0
 3 3
 4 0
147 20 5
 0 1
 1 0
 2 3
 3 2
 4 2
148 8 5
 0 2
 1 0
 2 2
 3 0
 4 2
149 2 5
 0 0
 1 1
 2 3
 3 1
 4 3
150 18 5
 0 0
 1 0
 2 0
 3 1
 4 0
151 6 5
 0 2
 1 0
 2 1
 3 1
 4 0
152 8 5
 0 0
 1 2
 2 2
 3 1
 4 3
153 11 5
 0 3
 1 3
 2 1
 3 0
 4 0
154 15 5
 0 0
 1 2
 2 0
 3 3
 4 1
155 13 5
 0 0
 1 1
 2 0
 3 0
 4 0
156 18 5
 0 0
 1 1
 2 3
 3 3
 4 2
157 2 5
 0 3
 1 2
 2 1
 3 1
 4 0
158 5 5
 0 2
 1 0
 2 2
 3 2
 4 0
159 2 5
 0 0
 1 1
 2 0
 3 3
 4 0
160 10 5
 0 0
 1 3
 2 0
 3 1
 4 0
161 5 5
 0 0
 1 0
 2 0
 3 0
 4 2
162 14 5
 0 0
 1 3
 2 3
 3 3
 4 1
163 11 5
 0 0
 1 2
 2 0
 3 1
 4 0
164 8 5
 0 2
 1 3
 2 0
 3 2
 4 0
165 6 5
 0 0
 1 3
 2 2
 3 3
 4 3
166 15 5
 0 0
 1 3
 2 0
 3 3
 4 0
167 6 5
 0 2
 1 1
 2 2
 3 3
 4 3
168 3 5
 0 2
 1 0
 2 2
 3 2
 4 0
169 4 5
 0 2
 1 0
 2 3
 3 3
 4 2
170 15 5
 0 0
 1 2
 2 2
 3 2
 4 3
171 19 5
 0 2
 1 1
 2 0
 3 1
 4 0
172 8 5
 0 1
 1 0
 2 0
 3 1
 4 0
173 10 5
 0 0
 1 2
 2 0
 3 0
 4 2
174 16 5
 0 0
 1 2
 2 0
 3 3
 4 3
175 20 5
 0 2
 1 3
 2 0
 3 2
 4 3
176 10 5
 0 1
 1 0
 2 1
 3 1
 4 0
177 5 5
 0 0
 1 1
 2 2
 3 3
 4 3
178 2 5
 0 2
 1 3
 2 2
 3 0
 4 0
179 8 5
 0 2
 1 2
 2 0
 3 2
 4 1
180 20 5
 0 3
 1 2
 2 0
 3 1
 4 1
181 12 5
 0 2
 1 0
 2 3
 3 0
 4 0
182 18 5
 0 1
 1 0
 2 1
 3 0
 4 1
183 1 5
 0 0
 1 0
 2 0
 3 2
 4 0
184 2 5
 0 0
 1 1
 2 0
 3 0
 4 3
185 6 5
 0 0
 1 1
 2 0
 3 0
 4 1
186 1 5
 0 0
 1 3
 2 1
 3 2
 4 2
187 9 5
 0 3
 1 0
 2 0
 3 0
 4 0
188 14 5
 0 0
 1 1
 2 1
 3 0
 4 2
189 16 5
 0 2
 1 0
 2 1
 3 0
 4 3
190 9 5
 0 3
 1 0
 2 2
 3 2
 4 1
191 9 5
 0 2
 1 1
 2 0
 3 3
 4 0
192 12 5
 0 2
 1 0
 2 2
 3 0
 4 0
193 18 5
 0 0
 1 0
 2 1
 3 0
 4 3
194 7 5
 0 3
 1 2
 2 0
 3 3
 4 1
195 17 5
 0 2
 1 1
 2 1
 3 0
 4 0
196 4 5
 0 1
 1 2
 2 2
 3 3
 4 0
197 8 5
 0 2
 1 0
 2 3
 3 2
 4 3
198 2 5
 0 0
 1 3
 2 0
 3 3
 4 0
199 5 5
 0 0
 1 0
 2 3
 3 0
 4 0
200 16 5
 0 0
 1 2
 2 3
 3 1
 4 0
201 12 5
 0 1
 1 3
 2 0
 3 0
 4 0
202 6 5
 0 1
 1 0
 2 0
 3 0
 4 2
203 16 5
 0 1
 1 2
 2 0
 3 3
 4 1
204 15 5
 0 0
 1 1
 2 3
 3 1
 4 0
205 9 5
 0 0
 1 0
 2 1
 3 1
 4 2
206 10 5
 0 1
 1 3
 2 1
 3 0
 4 0
207 18 5
 0 0
 1 0
 2 0
 3 3
 4 3
208 4 5
 0 0
 1 0
 2 0
 3 1
 4 0
209 11 5
 0 0
 1 2
 2 0
 3 0
 4 1
210 1 5
 0 1
 1 3
 2 0
 3 3
 4 0
211 18 5
 0 2
 1 2
 2 0
 3 1
 4 2
212 8 5
 0 3
 1 1
 2 3
 3 2
 4 1
213 16 5
 0 0
 1 1
 2 2
 3 2
 4 1
214 9 5
 0 0
 1 1
 2 0
 3 1
 4 2
215 17 5
 0 2
 1 1
 2 0
 3 2
 4 0
216 4 5
 0 2
 1 3
 2 1
 3 1
 4 0
217 10 5
 0 0
 1 1
 2 2
 3 3
 4 1
218 15 5
 0 1
 1 0
 2 3
 3 0
 4 0
219 15 5
 0 0
 1 1
 2 0
 3 3
 4 0
220 10 5
 0 3
 1 0
 2 2
 3 3
 4 2
221 19 5
 0 2
 1 0
 2 1
 3 2
 4 0
222 13 5
 0 1
 1 0
 2 0
 3 1
 4 2
223 15 5
 0 1
 1 3
 2 0
 3 1
 4 0
224 10 5
 0 0
 1 1
 2 2
 3 0
 4 3
225 6 5
 0 3
 1 1
 2 0
 3 2
 4 2
226 19 5
 0 1
 1 1
 2 1
 3 2
 4 2
227 17 5
 0 3
 1 0
 2 3
 3 1
 4 0
228 14 5
 0 2
 1 2
 2 0
 3 0
 4 0
229 14 5
 0 3
 1 1
 2 3
 3 0
 4 0
230 12 5
 0 2
 1 2
 2 0
 3 3
 4 2
231 4 5
 0 0
 1 0
 2 3
 3 1
 4 2
232 2 5
 0 0
 1 2
 2 2
 3 2
 4 3
233 14 5
 0 0
 1 3
 2 2
 3 3
 4 0
234 19 5
 0 3
 1 0
 2 1
 3 0
 4 1
235 6 5
 0 0
 1 0
 2 1
 3 2
 4 3
236 2 5
 0 0
 1 1
 2 2
 3 2
 4 2
237 12 5
 0 2
 1 0
 2 0
 3 3
 4 0
238 6 5
 0 3
 1 0
 2 1
 3 0
 4 2
239 11 5
 0 0
 1 1
 2 3
 3 2
 4 0
240 2 5
 0 0
 1 2
 2 0
 3 1
 4 0
241 18 5
 0 0
 1 3
 2 2
 3 1
 4 0
242 6 5
 0 3
 1 0
 2 1
 3 1
 4 2
243 12 5
 0 2
 1 3
 2 2
 3 1
 4 1
244 16 5
 0 3
 1 0
 2 3
 3 0
 4 2
245 19 5
 0 2
 1 0
 2 0
 3 1
 4 3
246 5 5
 0 2
 1 3
 2 3
 3 0
 4 2
247 4 5
 0 0
 1 0
 2 1
 3 2
 4 3
248 15 5
 0 0
 1 1
 2 1
 3 1
 4 0
249 15 5
 0 1
 1 2
 2 1
 3 2
 4 3
250 18 5
 0 2
 1 3
 2 0
 3 0
 4 2
251 15 5
 0 1
 1 0
 2 0
 3 3
 4 0
252 5 5
 0 0
 1 3
 2 3
 3 2
 4 0
253 6 5
 0 3
 1 0
 2 0
 3 2
 4 0
254 11 5
 0 2
 1 1
 2 2
 3 2
 4 1
255 12 5
 0 0
 1 2
 2 3
 3 3
 4 0
256 2 5
 0 3
 1 2
 2 0
 3 0
 4 3
257 6 5
 0 0
 1 2
 2 3
 3 0
 4 0
258 7 5
 0 1
 1 0
 2 1
 3 0
 4 0
259 8 5
 0 1
 1 0
 2 0
 3 3
 4 0
260 1 5
 0 0
 1 0
 2 0
 3 0
 4 1
261 19 5
 0 2
 1 1
 2 0
 3 0
 4 0
262 14 5
 0 2
 1 1
 2 2
 3 2
 4 2
263 2 5
 0 1
 1 2
 2 0
 3 1
 4 0
264 1 5
 0 3
 1 2
 2 0
 3 3
 4 0
265 18 5
 0 3
 1 1
 2 0
 3 0
 4 2
266 5 5
 0 2
 1 2
 2 0
 3 1
 4 1
267 7 5
 0 1
 1 0
 2 0
 3 1
 4 3
268 7 5
 0 1
 1 3
 2 1
 3 2
 4 0
269 19 5
 0 2
 1 0
 2 0
 3 3
 4 2
270 8 5
 0 3
 1 0
 2 1
 3 0
 4 3
271 18 5
 0 3
 1 0
 2 2
 3 2
 4 1
272 10 5
 0 0
 1 1
 2 2
 3 1
 4 1
273 3 5
 0 3
 1 1
 2 0
 3 1
 4 1
274 16 5
 0 0
 1 2
 2 1
 3 3
 4 0
275 4 5
 0 0
 1 0
 2 1
 3 0
 4 0
276 16 5
 0 2
 1 0
 2 2
 3 0
 4 1
277 12 5
 0 0
 1 1
 2 3
 3 2
 4 0
278 1 5
 0 1
 1 1
 2 3
 3 0
 4 0
279 15 5
 0 3
 1 1
 2 2
 3 0
 4 3
280 16 5
 0 1
 1 1
 2 3
 3 0
 4 0
281 1 5
 0 3
 1 2
 2 3
 3 2
 4 0
282 9 5
 0 0
 1 3
 2 0
 3 0
 4 0
283 15 5
 0 1
 1 3
 2 3
 3 1
 4 0
284 4 5
 0 2
 1 0
 2 1
 3 0
 4 0
285 8 5
 0 0
 1 0
 2 0
 3 1
 4 0
286 13 5
 0 1
 1 0
 2 3
 3 2
 4 0
287 16 5
 0 0
 1 1
 2 0
 3 1
 4 3
288 6 5
 0 2
 1 1
 2 2
 3 3
 4 3
289 4 5
 0 3
 1 2
 2 1
 3 1
 4 0
290 20 5
 0 2
 1 1
 2 3
 3 0
 4 1
291 6 5
 0 2
 1 0
 2 0
 3 0
 4 2
292 18 5
 0 1
 1 0
 2 1
 3 0
 4 2
293 12 5
 0 0
 1 0
 2 2
 3 2
 4 1
294 19 5
 0 2
 1 0
 2 3
 3 3
 4 0
295 15 5
 0 3
 1 1
 2 2
 3 3
 4 0
296 18 5
 0 0
 1 0
 2 2
 3 0
 4 1
297 18 5
 0 0
 1 1
 2 0
 3 2
 4 0
298 13 5
 0 3
 1 0
 2 0
 3 0
 4 0
299 12 5
 0 2
 1 2
 2 0
 3 1
 4 0
300 17 5
 0 1
 1 0
 2 0
 3 0
 4 3
301 18 5
 0 1
 1 0
 2 0
 3 2
 4 3
302 3 5
 0 3
 1 0
 2 0
 3 1
 4 2
303 7 5
 0 0
 1 0
 2 0
 3 3
 4 1
304 14 5
 0 2
 1 3
 2 2
 3 1
 4 2
305 3 5
 0 0
 1 2
 2 0
 3 2
 4 0
306 6 5
 0 2
 1 2
 2 0
 3 0
 4 2
307 8 5
 0 2
 1 3
 2 2
 3 3
 4 3
308 16 5
 0 3
 1 0
 2 0
 3 1
 4 0
309 15 5
 0 0
 1 3
 2 0
 3 1
 4 2
310 10 5
 0 1
 1 0
 2 2
 3 0
 4 3
311 20 5
 0 0
 1 0
 2 0
 3 3
 4 1
312 10 5
 0 3
 1 0
 2 3
 3 0
 4 1
313 3 5
 0 3
 1 1
 2 1
 3 3
 4 3
314 6 5
 0 0
 1 3
 2 3
 3 1
 4 0
315 18 5
 0 2
 1 1
 2 3
 3 2
 4 3
316 15 5
 0 2
 1 3
 2 0
 3 2
 4 3
317 17 5
 0 3
 1 0
 2 0
 3 0
 4 0
318 17 5
 0 0
 1 1
 2 3
 3 0
 4 2
319 1 5
 0 0
 1 2
 2 0
 3 0
 4 2
320 5 5
 0 0
 1 0
 2 1
 3 2
 4 0
321 4 5
 0 1
 1 3
 2 0
 3 2
 4 3
322 13 5
 0 3
 1 0
 2 0
 3 0
 4 3
323 1 5
 0 3
 1 0
 2 0
 3 3
 4 3
324 9 5
 0 1
 1 0
 2 2
 3 3
 4 1
325 8 5
 0 0
 1 3
 2 0
 3 1
 4 0
326 17 5
 0 2
 1 0
 2 3
 3 0
 4 2
327 7 5
 0 1
 1 1
 2 3
 3 3
 4 0
328 19 5
 0 1
 1 1
 2 3
 3 0
 4 2
329 20 5
 0 0
 1 0
 2 3
 3 3
 4 3
330 8 5
 0 1
 1 2
 2 2
 3 0
 4 0
331 9 5
 0 0
 1 2
 2 2
 3 0
 4 3
332 2 5
 0 1
 1 1
 2 1
 3 0
 4 0
333 15 5
 0 3
 1 0
 2 3
 3 0
 4 0
334 4 5
 0 1
 1 2
 2 3
 3 3
 4 1
335 16 5
 0 0
 1 1
 2 3
 3 1
 4 1
336 19 5
 0 1
 1 1
 2 3
 3 0
 4 0
337 16 5
 0 3
 1 0
 2 0
 3 3
 4 0
338 3 5
 0 1
 1 3
 2 0
 3 3
 4 3
339 11 5
 0 0
 1 2
 2 2
 3 3
 4 1
340 17 5
 0 2
 1 0
 2 0
 3 0
 4 2
341 20 5
 0 3
 1 0
 2 2
 3 0
 4 0
342 3 5
 0 0
 1 3
 2 2
 3 0
 4 1
343 8 5
 0 1
 1 1
 2 0
 3 1
 4 2
344 11 5
 0 3
 1 0
 2 3
 3 0
 4 1
345 9 5
 0 0
 1 3
 2 1
 3 1
 4 2
346 19 5
 0 0
 1 3
 2 1
 3 2
 4 1
347 14 5
 0 1
 1 1
 2 0
 3 2
 4 3
348 3 5
 0 1
 1 3
 2 1
 3 2
 4 2
349 7 5
 0 2
 1 3
 2 3
 3 2
 4 2
350 10 5
 0 0
 1 3
 2 0
 3 0
 4 3
351 6 5
 0 0
 1 0
 2 1
 3 2
 4 3
352 2 5
 0 0
 1 1
 2 3
 3 0
 4 2
353 7 5
 0 1
 1 0
 2 1
 3 2
 4 0
354 12 5
 0 2
 1 1
 2 0
 3 3
 4 3
355 14 5
 0 2
 1 0
 2 1
 3 1
 4 1
356 2 5
 0 1
 1 3
 2 0
 3 0
 4 2
357 18 5
 0 1
 1 3
 2 0
 3 3
 4 3
358 8 5
 0 0
 1 0
 2 2
 3 0
 4 0
359 14 5
 0 0
 1 2
 2 1
 3 1
 4 0
360 5 5
 0 0
 1 3
 2 0
 3 2
 4 2
361 11 5
 0 0
 1 0
 2 1
 3 1
 4 0
362 11 5
 0 1
 1 0
 2 0
 3 0
 4 1
363 2 5
 0 2
 1 2
 2 2
 3 0
 4 0
364 15 5
 0 3
 1 1
 2 0
 3 2
 4 0
365 17 5
 0 2
 1 1
 2 2
 3 3
 4 3
366 19 5
 0 2
 1 2
 2 3
 3 0
 4 0
367 13 5
 0 3
 1 3
 2 3
 3 0
 4 2
368 1 5
 0 3
 1 3
 2 0
 3 0
 4 3
369 18 5
 0 2
 1 0
 2 1
 3 2
 4 0
370 7 5
 0 1
 1 3
 2 3
 3 1
 4 2
371 3 5
 0 1
 1 0
 2 3
 3 2
 4 1
372 17 5
 0 0
 1 2
 2 3
 3 1
 4 0
373 13 5
 0 3
 1 0
 2 2
 3 3
 4 0
374 19 5
 0 3
 1 2
 2 0
 3 3
 4 0
375 1 5
 0 3
 1 0
 2 3
 3 0
 4 0
376 11 5
 0 0
 1 3
 2 3
 3 2
 4 1
377 9 5
 0 0
 1 2
 2 2
 3 0
 4 1
378 11 5
 0 3
 1 1
 2 3
 3 3
 4 0
379 8 5
 0 0
 1 0
 2 0
 3 1
 4 0
380 14 5
 0 2
 1 2
 2 3
 3 3
 4 2
381 20 5
 0 1
 1 3
 2 2
 3 2
 4 1
382 9 5
 0 1
 1 1
 2 0
 3 2
 4 0
383 17 5
 0 2
 1 0
 2 0
 3 0
 4 1
384 20 5
 0 1
 1 0
 2 3
 3 1
 4 3
385 13 5
 0 2
 1 0
 2 1
 3 3
 4 0
386 8 5
 0 0
 1 3
 2 0
 3 0
 4 0
387 14 5
 0 0
 1 1
 2 0
 3 1
 4 2
388 20 5
 0 3
 1 1
 2 2
 3 1
 4 3
389 6 5
 0 2
 1 0
 2 3
 3 1
 4 2
390 9 5
 0 3
 1 1
 2 3
 3 2
 4 3
391 1 5
 0 1
 1 2
 2 0
 3 1
 4 2
392 7 5
 0 0
 1 0
 2 1
 3 0
 4 1
393 15 5
 0 0
 1 3
 2 1
 3 0
 4 1
394 7 5
 0 0
 1 1
 2 0
 3 2
 4 0
395 15 5
 0 2
 1 0
 2 0
 3 1
 4 0
396 8 5
 0 1
 1 0
 2 3
 3 0
 4 1
397 3 5
 0 0
 1 2
 2 1
 3 3
 4 1
398 1 5
 0 0
 1 1
 2 3
 3 1
 4 1
399 15 5
 0 3
 1 0
 2 1
 3 0
 4 3
400 2 5
 0 2
 1 2
 2 0
 3 0
 4 2
401 16 5
 0 1
 1 2
 2 0
 3 0
 4 3
402 6 5
 0 3
 1 0
 2 1
 3 0
 4 0
403 16 5
 0 3
 1 0
 2 2
 3 2
 4 2
404 11 5
 0 1
 1 3
 2 1
 3 0
 4 2
405 19 5
 0 1
 1 1
 2 3
 3 1
 4 1
406 10 5
 0 0
 1 1
 2 2
 3 2
 4 2
407 1 5
 0 0
 1 0
 2 0
 3 1
 4 3
408 2 5
 0 0
 1 3
 2 2
 3 1
 4 0
409 4 5
 0 0
 1 3
 2 2
 3 2
 4 0
410 1 5
 0 1
 1 2
 2 0
 3 0
 4 2
411 17 5
 0 0
 1 0
 2 1
 3 3
 4 3
412 8 5
 0 0
 1 1
 2 0
 3 0
 4 1
413 1 5
 0 3
 1 1
 2 1
 3 2
 4 2
414 11 5
 0 0
 1 0
 2 0
 3 2
 4 1
415 7 5
 0 1
 1 2
 2 2
 3 0
 4 1
416 12 5
 0 0
 1 1
 2 3
 3 0
 4 2
417 6 5
 0 0
 1 3
 2 0
 3 3
 4 2
418 1 5
 0 1
 1 2
 2 2
 3 1
 4 2
419 5 5
 0 0
 1 3
 2 0
 3 2
 4 0
420 12 5
 0 0
 1 0
 2 3
 3 1
 4 2
421 19 5
 0 2
 1 2
 2 1
 3 0
 4 3
422 20 5
 0 2
 1 0
 2 3
 3 3
 4 0
423 15 5
 0 0
 1 0
 2 3
 3 0
 4 1
424 1 5
 0 3
 1 1
 2 0
 3 2
 4 2
425 15 5
 0 0
 1 1
 2 0
 3 2
 4 0
426 6 5
 0 0
 1 0
 2 2
 3 0
 4 2
427 11 5
 0 3
 1 0
 2 1
 3 0
 4 0
428 20 5
 0 3
 1 2
 2 0
 3 0
 4 0
429 4 5
 0 0
 1 3
 2 2
 3 0
 4 1
430 6 5
 0 1
 1 0
 2 0
 3 0
 4 0
431 1 5
 0 2
 1 1
 2 1
 3 0
 4 2
432 5 5
 0 0
 1 1
 2 1
 3 0
 4 3
433 10 5
 0 2
 1 3
 2 2
 3 1
 4 2
434 4 5
 0 0
 1 3
 2 1
 3 0
 4 1
435 13 5
 0 0
 1 0
 2 2
 3 1
 4 0
436 7 5
 0 2
 1 0
 2 0
 3 2
 4 0
437 8 5
 0 2
 1 1
 2 1
 3 0
 4 0
438 3 5
 0 1
 1 3
 2 2
 3 0
 4 0
439 9 5
 0 1
 1 0
 2 3
 3 2
 4 1
440 11 5
 0 0
 1 0
 2 0
 3 1
 4 3
441 3 5
 0 0
 1 1
 2 3
 3 1
 4 0
442 19 5
 0 0
 1 3
 2 3
 3 0
 4 2
443 15 5
 0 0
 1 0
 2 2
 3 3
 4 3
444 18 5
 0 2
 1 1
 2 2
 3 3
 4 0
445 9 5
 0 2
 1 0
 2 2
 3 2
 4 0
446 11 5
 0 0
 1 0
 2 2
 3 0
 4 1
447 18 5
 0 0
 1 1
 2 0
 3 0
 4 0
448 12 5
 0 2
 1 0
 2 1
 3 2
 4 2
449 4 5
 0 0
 1 0
 2 0
 3 0
 4 1
450 2 5
 0 3
 1 2
 2 3
 3 2
 4 2
451 7 5
 0 1
 1 1
 2 1
 3 1
 4 3
452 9 5
 0 3
 1 2
 2 0
 3 1
 4 0
453 2 5
 0 1
 1 3
 2 0
 3 0
 4 0
454 6 5
 0 0
 1 3
 2 0
 3 2
 4 1
455 12 5
 0 0
 1 3
 2 0
 3 2
 4 0
456 6 5
 0 3
 1 1
 2 0
 3 0
 4 0
457 6 5
 0 0
 1 1
 2 1
 3 0
 4 0
458 0 5
 0 0
 1 0
 2 0
 3 0
 4 0

# PRECEDENCES
1034
0 1
0 31
0 61
0 91
0 121
0 151
0 181
0 211
0 241
0 271
0 301
0 331
0 361
0 391
0 421
0 451
1 2
1 31
1 32
2 3
2 32
3 4
3 33
4 5
4 34
5 6
5 35
6 7
6 36
6 37
7 8
7 37
8 9
8 38
9 10
9 39
10 11
10 40
11 12
11 41
11 42
12 13
12 42
13 14
13 43
13 44
14 15
14 44
15 16
15 45
15 46
16 17
16 46
17 18
17 47
17 48
18 19
18 48
19 20
19 49
20 21
20 50
21 22
21 51
22 23
22 52
23 24
23 53
24 25
24 54
25 26
25 55
26 27
26 56
27 28
27 57
28 29
28 58
28 59
29 30
29 59
30 60
30 458
31 32
31 61
31 62
32 33
32 62
33 34
33 63
34 35
34 64
34 65
35 36
35 65
35 66
36 37
36 66
36 67
37 38
37 67
38 39
38 68
39 40
39 69
39 70
40 41
40 70
41 42
41 71
42 43
42 72
43 44
43 73
44 45
44 74
45 46
45 75
45 76
46 47
46 76
47 48
47 77
48 49
48 78
49 50
49 79
49 80
50 51
50 80
50 81
51 52
51 81
51 82
52 53
52 82
53 54
53 83
54 55
54 84
54 85
55 56
55 85
55 86
56 57
56 86
56 87
57 58
57 87
57 88
58 59
58 88
59 60
59 89
60 90
60 458
61 62
61 91
61 92
62 63
62 92
63 64
63 93
64 65
64 94
64 95
65 66
65 95
66 67
66 96
67 68
67 97
68 69
68 98
68 99
69 70
69 99
69 100
70 71
70 100
71 72
71 101
71 102
72 73
72 102
73 74
73 103
74 75
74 104
74 105
75 76
75 105
76 77
76 106
77 78
77 107
78 79
78 108
79 80
79 109
80 81
80 110
81 82
81 111
82 83
82 112
83 84
83 113
84 85
84 114
85 86
85 115
85 116
86 87
86 116
87 88
87 117
88 89
88 118
89 90
89 119
90 120
90 458
91 92
91 121
91 122
92 93
92 122
93 94
93 123
94 95
94 124
95 96
95 125
96 97
96 126
96 127
97 98
97 127
98 99
98 128
99 100
99 129
99 130
100 101
100 130
100 131
101 102
101 131
101 132
102 103
102 132
103 104
103 133
104 105
104 134
105 106
105 135
106 107
106 136
106 137
107 108
107 137
108 109
108 138
109 110
109 139
110 111
110 140
111 112
111 141
112 113
112 142
113 114
113 143
114 115
114 144
115 116
115 145
116 117
116 146
117 118
117 147
117 148
118 119
118 148
119 120
119 149
120 150
120 458
121 122
121 151
121 152
122 123
122 152
122 153
123 124
123 153
124 125
124 154
125 126
125 155
126 127
126 156
126 157
127 128
127 157
128 129
128 158
129 130
129 159
130 131
130 160
131 132
131 161
132 133
132 162
133 134
133 163
133 164
134 135
134 164
135 136
135 165
136 137
136 166
137 138
137 167
138 139
138 168
139 140
139 169
140 141
140 170
141 142
141 171
142 143
142 172
142 173
143 144
143 173
144 145
144 174
144 175
145 146
145 175
146 147
146 176
147 148
147 177
148 149
148 178
149 150
149 179
149 180
150 180
150 458
151 152
151 181
151 182
152 153
152 182
153 154
153 183
154 155
154 184
155 156
155 185
155 186
156 157
156 186
157 158
157 187
157 188
158 159
158 188
159 160
159 189
159 190
160 161
160 190
160 191
161 162
161 191
161 192
162 163
162 192
162 193
163 164
163 193
163 194
164 165
164 194
165 166
165 195
165 196
166 167
166 196
167 168
167 197
167 198
168 169
168 198
169 170
169 199
170 171
170 200
171 172
171 201
171 202
172 173
172 202
173 174
173 203
174 175
174 204
175 176
175 205
175 206
176 177
176 206
176 207
177 178
177 207
178 179
178 208
178 209
179 180
179 209
180 210
180 458
181 182
181 211
182 183
182 212
183 184
183 213
184 185
184 214
185 186
185 215
185 216
186 187
186 216
186 217
187 188
187 217
187 218
188 189
188 218
188 219
189 190
189 219
190 191
190 220
191 192
191 221
192 193
192 222
193 194
193 223
194 195
194 224
195 196
195 225
196 197
196 226
197 198
197 227
198 199
198 228
199 200
199 229
200 201
200 230
201 202
201 231
201 232
202 203
202 232
202 233
203 204
203 233
204 205
204 234
204 235
205 206
205 235
206 207
206 236
207 208
207 237
208 209
208 238
209 210
209 239
210 240
210 458
211 212
211 241
211 242
212 213
212 242
213 214
213 243
213 244
214 215
214 244
215 216
215 245
215 246
216 217
216 246
217 218
217 247
218 219
218 248
219 220
219 249
219 250
220 221
220 250
221 222
221 251
222 223
222 252
223 224
223 253
224 225
224 254
225 226
225 255
225 256
226 227
226 256
227 228
227 257
228 229
228 258
228 259
229 230
229 259
229 260
230 231
230 260
231 232
231 261
231 262
232 233
232 262
233 234
233 263
233 264
234 235
234 264
235 236
235 265
236 237
236 266
236 267
237 238
237 267
238 239
238 268
238 269
239 240
239 269
240 270
240 458
241 242
241 271
242 243
242 272
243 244
243 273
244 245
244 274
245 246
245 275
246 247
246 276
247 248
247 277
248 249
248 278
248 279
249 250
249 279
249 280
250 251
250 280
251 252
251 281
252 253
252 282
253 254
253 283
254 255
254 284
254 285
255 256
255 285
256 257
256 286
257 258
257 287
258 259
258 288
259 260
259 289
259 290
260 261
260 290
261 262
261 291
261 292
262 263
262 292
262 293
263 264
263 293
264 265
264 294
265 266
265 295
266 267
266 296
267 268
267 297
268 269
268 298
269 270
269 299
269 300
270 300
270 458
271 272
271 301
272 273
272 302
273 274
273 303
273 304
274 275
274 304
274 305
275 276
275 305
275 306
276 277
276 306
277 278
277 307
277 308
278 279
278 308
278 309
279 280
279 309
279 310
280 281
280 310
280 311
281 282
281 311
282 283
282 312
282 313
283 284
283 313
284 285
284 314
284 315
285 286
285 315
286 287
286 316
287 288
287 317
287 318
288 289
288 318
289 290
289 319
290 291
290 320
291 292
291 321
292 293
292 322
293 294
293 323
294 295
294 324
295 296
295 325
296 297
296 326
297 298
297 327
297 328
298 299
298 328
299 300
299 329
299 330
300 330
300 458
301 302
301 331
302 303
302 332
303 304
303 333
304 305
304 334
304 335
305 306
305 335
306 307
306 336
306 337
307 308
307 337
308 309
308 338
309 310
309 339
310 311
310 340
311 312
311 341
312 313
312 342
313 314
313 343
314 315
314 344
315 316
315 345
316 317
316 346
316 347
317 318
317 347
318 319
318 348
318 349
319 320
319 349
320 321
320 350
321 322
321 351
322 323
322 352
323 324
323 353
323 354
324 325
324 354
325 326
325 355
326 327
326 356
327 328
327 357
328 329
328 358
328 359
329 330
329 359
330 360
330 458
331 332
331 361
332 333
332 362
333 334
333 363
333 364
334 335
334 364
335 336
335 365
335 366
336 337
336 366
337 338
337 367
338 339
338 368
339 340
339 369
340 341
340 370
341 342
341 371
342 343
342 372
343 344
343 373
343 374
344 345
344 374
344 375
345 346
345 375
345 376
346 347
346 376
347 348
347 377
348 349
348 378
348 379
349 350
349 379
350 351
350 380
351 352
351 381
352 353
352 382
353 354
353 383
353 384
354 355
354 384
354 385
355 356
355 385
355 386
356 357
356 386
357 358
357 387
357 388
358 359
358 388
358 389
359 360
359 389
359 390
360 390
360 458
361 362
361 391
362 363
362 392
363 364
363 393
363 394
364 365
364 394
364 395
365 366
365 395
365 396
366 367
366 396
367 368
367 397
368 369
368 398
369 370
369 399
370 371
370 400
371 372
371 401
372 373
372 402
373 374
373 403
374 375
374 404
374 405
375 376
375 405
375 406
376 377
376 406
376 407
377 378
377 407
377 408
378 379
378 408
379 380
379 409
380 381
380 410
381 382
381 411
381 412
382 383
382 412
383 384
383 413
384 385
384 414
385 386
385 415
386 387
386 416
386 417
387 388
387 417
388 389
388 418
388 419
389 390
389 419
389 420
390 420
390 458
391 392
391 421
391 422
392 393
392 422
392 423
393 394
393 423
394 395
394 424
395 396
395 425
396 397
396 426
397 398
397 427
397 428
398 399
398 428
399 400
399 429
400 401
400 430
401 402
401 431
401 432
402 403
402 432
403 404
403 433
403 434
404 405
404 434
405 406
405 435
406 407
406 436
407 408
407 437
407 438
408 409
408 438
408 439
409 410
409 439
410 411
410 440
411 412
411 441
412 413
412 442
413 414
413 443
414 415
414 444
415 416
415 445
416 417
416 446
417 418
417 447
418 419
418 448
419 420
419 449
420 450
420 458
421 422
421 451
422 423
422 452
423 424
423 453
424 425
424 454
425 426
425 455
426 427
426 456
427 428
427 457
428 429
429 430
430 431
431 432
432 433
433 434
434 435
435 436
436 437
437 438
438 439
439 440
440 441
441 442
442 443
443 444
444 445
445 446
446 447
447 448
448 449
449 450
450 458
451 452
451 458
452 453
452 458
453 454
453 458
454 455
454 458
455 456
455 458
456 457
456 458
457 458
