# Tier 7 (Very Large) - Instance 36
# Generated with config: N=498, K=3, topology=random_dag, calendar=random

# HEADER: <num_tasks> <num_types> <num_units>
500 3 24

# RESOURCE TYPES
# Format: <type_id> <num_units> <unit_id1> <unit_id2> ...
0 8 0 1 2 3 4 5 6 7
1 8 8 9 10 11 12 13 14 15
2 8 16 17 18 19 20 21 22 23

# RESOURCE UNITS (Calendars)
# Format: <unit_id> <num_steps> <t1> <v1> <t2> <v2> ...
0 22 0 0 24 100 270 0 295 100 688 0 721 100 1005 0 1008 100 1276 0 1308 100 1425 0 1445 100 1678 0 1706 100 1776 0 1800 100 2195 0 2210 100 2441 0 2468 100 2581 0 4631 0
1 22 0 0 2 100 105 0 110 100 391 0 412 100 764 0 782 100 852 0 860 100 1077 0 1085 100 1332 0 1337 100 1544 0 1549 100 1764 0 1786 100 1901 0 1905 100 1982 0 4631 0
2 22 0 100 129 0 156 100 550 0 561 100 726 0 728 100 1028 0 1049 100 1116 0 1136 100 1273 0 1275 100 1444 0 1463 100 1683 0 1694 100 1852 0 1866 100 1982 0 2011 100 4631 0
3 22 0 0 25 100 325 0 329 100 569 0 582 100 677 0 690 100 835 0 850 100 975 0 996 100 1104 0 1118 100 1268 0 1278 100 1454 0 1461 100 1614 0 1621 100 1697 0 4631 0
4 22 0 100 338 0 360 100 531 0 546 100 835 0 865 100 1235 0 1253 100 1324 0 1350 100 1422 0 1449 100 1709 0 1720 100 1790 0 1802 100 2130 0 2156 100 2552 0 2576 100 4631 0
5 22 0 0 23 100 170 0 203 100 330 0 347 100 492 0 503 100 797 0 829 100 972 0 976 100 1279 0 1281 100 1577 0 1604 100 1981 0 1993 100 2076 0 2086 100 2268 0 4631 0
6 22 0 0 25 100 329 0 337 100 702 0 724 100 829 0 841 100 1107 0 1123 100 1427 0 1435 100 1770 0 1776 100 1851 0 1883 100 2163 0 2167 100 2369 0 2373 100 2451 0 4631 0
7 22 0 100 67 0 87 100 377 0 406 100 574 0 604 100 999 0 1008 100 1180 0 1194 100 1421 0 1451 100 1592 0 1612 100 1826 0 1832 100 2226 0 2239 100 2337 0 2340 100 4631 0
8 22 0 0 21 100 119 0 122 100 286 0 307 100 646 0 675 100 759 0 782 100 855 0 879 100 1201 0 1225 100 1503 0 1513 100 1896 0 1921 100 2177 0 2201 100 2492 0 4631 0
9 22 0 100 112 0 120 100 377 0 391 100 550 0 572 100 640 0 655 100 994 0 1002 100 1390 0 1400 100 1519 0 1535 100 1607 0 1635 100 1823 0 1835 100 2144 0 2149 100 4631 0
10 22 0 0 19 100 101 0 112 100 238 0 262 100 517 0 524 100 750 0 761 100 869 0 872 100 1118 0 1148 100 1255 0 1279 100 1428 0 1457 100 1653 0 1665 100 2058 0 4631 0
11 22 0 100 252 0 261 100 449 0 458 100 573 0 593 100 904 0 909 100 1005 0 1017 100 1346 0 1360 100 1658 0 1662 100 1945 0 1965 100 2239 0 2254 100 2607 0 2628 100 4631 0
12 22 0 0 11 100 376 0 404 100 661 0 670 100 1018 0 1029 100 1202 0 1216 100 1396 0 1420 100 1531 0 1545 100 1871 0 1894 100 2154 0 2172 100 2260 0 2290 100 2438 0 4631 0
13 22 0 0 23 100 370 0 372 100 673 0 677 100 855 0 871 100 1235 0 1259 100 1336 0 1362 100 1736 0 1758 100 1876 0 1904 100 2140 0 2157 100 2367 0 2389 100 2712 0 4631 0
14 22 0 100 308 0 326 100 461 0 482 100 857 0 879 100 1253 0 1279 100 1668 0 1678 100 2060 0 2082 100 2474 0 2476 100 2743 0 2769 100 2841 0 2864 100 3114 0 3123 100 4631 0
15 22 0 0 24 100 284 0 307 100 381 0 389 100 687 0 708 100 912 0 915 100 1273 0 1276 100 1523 0 1536 100 1885 0 1903 100 2002 0 2004 100 2318 0 2332 100 2713 0 4631 0
16 22 0 100 285 0 312 100 448 0 458 100 750 0 759 100 1145 0 1167 100 1254 0 1263 100 1579 0 1587 100 1928 0 1954 100 2335 0 2354 100 2623 0 2655 100 2721 0 2736 100 4631 0
17 22 0 0 7 100 150 0 159 100 474 0 485 100 633 0 637 100 823 0 847 100 1084 0 1109 100 1235 0 1242 100 1582 0 1608 100 1694 0 1714 100 2023 0 2034 100 2242 0 4631 0
18 22 0 100 220 0 240 100 453 0 455 100 741 0 746 100 861 0 887 100 1155 0 1184 100 1365 0 1374 100 1722 0 1743 100 2049 0 2062 100 2152 0 2174 100 2418 0 2445 100 4631 0
19 22 0 0 5 100 302 0 304 100 430 0 434 100 686 0 713 100 1000 0 1030 100 1101 0 1109 100 1218 0 1237 100 1462 0 1467 100 1707 0 1725 100 2106 0 2139 100 2466 0 4631 0
20 22 0 0 21 100 199 0 220 100 586 0 590 100 804 0 822 100 902 0 922 100 991 0 998 100 1261 0 1273 100 1510 0 1518 100 1689 0 1721 100 1875 0 1895 100 2210 0 4631 0
21 22 0 0 14 100 133 0 143 100 226 0 232 100 527 0 546 100 772 0 789 100 1049 0 1070 100 1224 0 1244 100 1535 0 1552 100 1899 0 1914 100 2248 0 2251 100 2418 0 4631 0
22 22 0 100 215 0 234 100 438 0 466 100 738 0 770 100 981 0 1010 100 1078 0 1093 100 1450 0 1466 100 1851 0 1870 100 2036 0 2061 100 2393 0 2425 100 2609 0 2613 100 4631 0
23 22 0 0 14 100 274 0 305 100 506 0 519 100 695 0 724 100 885 0 909 100 1248 0 1275 100 1588 0 1605 100 1702 0 1705 100 1966 0 1999 100 2158 0 2176 100 2419 0 4631 0

# TASKS
# Format: <task_id> <size> <num_reqs>
# Then for each requirement: <type_id> <qty>
0 0 3
 0 0
 1 0
 2 0
1 3 3
 0 0
 1 2
 2 1
2 9 3
 0 3
 1 1
 2 2
3 18 3
 0 0
 1 3
 2 0
4 7 3
 0 0
 1 3
 2 3
5 20 3
 0 3
 1 1
 2 3
6 14 3
 0 0
 1 2
 2 3
7 13 3
 0 3
 1 0
 2 1
8 15 3
 0 1
 1 0
 2 3
9 6 3
 0 2
 1 0
 2 0
10 8 3
 0 3
 1 0
 2 0
11 5 3
 0 1
 1 1
 2 2
12 14 3
 0 3
 1 3
 2 0
13 16 3
 0 0
 1 3
 2 2
14 18 3
 0 0
 1 1
 2 0
15 5 3
 0 0
 1 3
 2 2
16 14 3
 0 0
 1 2
 2 3
17 9 3
 0 2
 1 3
 2 3
18 11 3
 0 2
 1 2
 2 1
19 18 3
 0 1
 1 1
 2 3
20 5 3
 0 1
 1 0
 2 1
21 13 3
 0 0
 1 2
 2 1
22 15 3
 0 2
 1 3
 2 3
23 13 3
 0 2
 1 2
 2 3
24 18 3
 0 0
 1 1
 2 2
25 3 3
 0 1
 1 0
 2 2
26 10 3
 0 0
 1 2
 2 0
27 2 3
 0 2
 1 2
 2 2
28 11 3
 0 0
 1 1
 2 2
29 7 3
 0 0
 1 2
 2 0
30 20 3
 0 3
 1 0
 2 0
31 13 3
 0 2
 1 0
 2 3
32 12 3
 0 0
 1 1
 2 0
33 9 3
 0 0
 1 2
 2 2
34 15 3
 0 0
 1 2
 2 3
35 19 3
 0 3
 1 3
 2 3
36 2 3
 0 3
 1 2
 2 0
37 5 3
 0 0
 1 1
 2 0
38 2 3
 0 0
 1 0
 2 3
39 2 3
 0 0
 1 1
 2 0
40 13 3
 0 1
 1 2
 2 2
41 2 3
 0 1
 1 0
 2 0
42 8 3
 0 3
 1 0
 2 2
43 16 3
 0 3
 1 3
 2 0
44 18 3
 0 1
 1 0
 2 2
45 12 3
 0 1
 1 1
 2 3
46 16 3
 0 2
 1 0
 2 0
47 6 3
 0 0
 1 2
 2 3
48 11 3
 0 0
 1 0
 2 2
49 9 3
 0 0
 1 1
 2 0
50 9 3
 0 0
 1 0
 2 3
51 3 3
 0 2
 1 0
 2 3
52 3 3
 0 0
 1 2
 2 3
53 8 3
 0 2
 1 0
 2 1
54 19 3
 0 3
 1 0
 2 0
55 11 3
 0 3
 1 0
 2 3
56 16 3
 0 2
 1 3
 2 1
57 4 3
 0 2
 1 0
 2 0
58 9 3
 0 1
 1 0
 2 0
59 6 3
 0 0
 1 0
 2 1
60 1 3
 0 0
 1 3
 2 1
61 18 3
 0 3
 1 1
 2 2
62 16 3
 0 0
 1 1
 2 1
63 9 3
 0 3
 1 0
 2 0
64 18 3
 0 0
 1 0
 2 2
65 8 3
 0 0
 1 2
 2 0
66 3 3
 0 0
 1 1
 2 2
67 16 3
 0 0
 1 2
 2 1
68 19 3
 0 0
 1 1
 2 0
69 7 3
 0 1
 1 2
 2 0
70 9 3
 0 2
 1 0
 2 1
71 6 3
 0 0
 1 2
 2 0
72 1 3
 0 0
 1 1
 2 0
73 6 3
 0 0
 1 0
 2 1
74 7 3
 0 3
 1 0
 2 3
75 11 3
 0 0
 1 0
 2 1
76 10 3
 0 3
 1 2
 2 0
77 8 3
 0 0
 1 0
 2 1
78 20 3
 0 1
 1 0
 2 3
79 11 3
 0 3
 1 2
 2 2
80 19 3
 0 1
 1 0
 2 3
81 19 3
 0 2
 1 0
 2 0
82 10 3
 0 0
 1 3
 2 1
83 5 3
 0 0
 1 1
 2 3
84 4 3
 0 3
 1 0
 2 0
85 1 3
 0 2
 1 0
 2 1
86 11 3
 0 1
 1 0
 2 2
87 13 3
 0 2
 1 3
 2 2
88 3 3
 0 0
 1 3
 2 0
89 4 3
 0 0
 1 3
 2 2
90 16 3
 0 2
 1 3
 2 0
91 5 3
 0 2
 1 2
 2 0
92 13 3
 0 2
 1 2
 2 0
93 7 3
 0 3
 1 0
 2 1
94 5 3
 0 1
 1 0
 2 0
95 16 3
 0 3
 1 0
 2 1
96 2 3
 0 2
 1 3
 2 3
97 17 3
 0 1
 1 0
 2 2
98 1 3
 0 3
 1 0
 2 2
99 5 3
 0 0
 1 1
 2 0
100 14 3
 0 3
 1 3
 2 0
101 5 3
 0 0
 1 1
 2 0
102 2 3
 0 0
 1 3
 2 3
103 16 3
 0 2
 1 2
 2 1
104 3 3
 0 2
 1 0
 2 3
105 8 3
 0 2
 1 0
 2 0
106 5 3
 0 1
 1 2
 2 0
107 14 3
 0 1
 1 3
 2 1
108 5 3
 0 3
 1 0
 2 2
109 1 3
 0 0
 1 0
 2 3
110 6 3
 0 0
 1 3
 2 0
111 16 3
 0 3
 1 1
 2 1
112 12 3
 0 3
 1 0
 2 0
113 3 3
 0 1
 1 2
 2 0
114 9 3
 0 0
 1 2
 2 0
115 11 3
 0 2
 1 2
 2 0
116 12 3
 0 2
 1 2
 2 0
117 20 3
 0 1
 1 2
 2 1
118 9 3
 0 2
 1 3
 2 2
119 14 3
 0 0
 1 3
 2 1
120 19 3
 0 0
 1 1
 2 0
121 1 3
 0 1
 1 2
 2 0
122 6 3
 0 2
 1 2
 2 3
123 9 3
 0 3
 1 2
 2 2
124 5 3
 0 3
 1 3
 2 2
125 7 3
 0 3
 1 2
 2 0
126 10 3
 0 3
 1 2
 2 3
127 10 3
 0 3
 1 2
 2 1
128 15 3
 0 1
 1 2
 2 1
129 2 3
 0 2
 1 0
 2 0
130 8 3
 0 0
 1 3
 2 2
131 11 3
 0 3
 1 0
 2 1
132 3 3
 0 0
 1 0
 2 2
133 14 3
 0 0
 1 1
 2 3
134 15 3
 0 2
 1 0
 2 0
135 17 3
 0 1
 1 3
 2 3
136 14 3
 0 2
 1 3
 2 3
137 14 3
 0 1
 1 0
 2 3
138 13 3
 0 0
 1 1
 2 2
139 9 3
 0 1
 1 3
 2 0
140 3 3
 0 1
 1 3
 2 0
141 13 3
 0 2
 1 0
 2 2
142 4 3
 0 3
 1 2
 2 1
143 5 3
 0 1
 1 0
 2 0
144 12 3
 0 2
 1 1
 2 2
145 8 3
 0 0
 1 0
 2 1
146 13 3
 0 1
 1 0
 2 2
147 7 3
 0 0
 1 1
 2 0
148 14 3
 0 1
 1 1
 2 2
149 9 3
 0 0
 1 1
 2 3
150 4 3
 0 2
 1 2
 2 0
151 20 3
 0 2
 1 2
 2 2
152 8 3
 0 0
 1 2
 2 0
153 7 3
 0 0
 1 3
 2 1
154 18 3
 0 0
 1 0
 2 1
155 7 3
 0 2
 1 0
 2 0
156 8 3
 0 0
 1 3
 2 2
157 3 3
 0 2
 1 1
 2 3
158 9 3
 0 2
 1 0
 2 2
159 12 3
 0 2
 1 1
 2 2
160 18 3
 0 0
 1 3
 2 1
161 19 3
 0 0
 1 1
 2 2
162 17 3
 0 1
 1 0
 2 0
163 2 3
 0 2
 1 1
 2 0
164 1 3
 0 0
 1 3
 2 0
165 5 3
 0 1
 1 2
 2 3
166 20 3
 0 1
 1 0
 2 0
167 7 3
 0 0
 1 1
 2 1
168 19 3
 0 0
 1 2
 2 2
169 11 3
 0 3
 1 0
 2 0
170 1 3
 0 1
 1 0
 2 0
171 8 3
 0 1
 1 0
 2 2
172 20 3
 0 3
 1 0
 2 3
173 17 3
 0 0
 1 1
 2 0
174 6 3
 0 1
 1 3
 2 0
175 5 3
 0 0
 1 0
 2 1
176 1 3
 0 3
 1 3
 2 3
177 6 3
 0 3
 1 0
 2 2
178 9 3
 0 1
 1 2
 2 0
179 6 3
 0 3
 1 1
 2 0
180 7 3
 0 0
 1 0
 2 3
181 10 3
 0 0
 1 0
 2 1
182 13 3
 0 3
 1 2
 2 1
183 9 3
 0 3
 1 2
 2 0
184 17 3
 0 3
 1 1
 2 2
185 7 3
 0 1
 1 0
 2 0
186 9 3
 0 2
 1 0
 2 2
187 7 3
 0 1
 1 3
 2 3
188 9 3
 0 1
 1 2
 2 2
189 9 3
 0 3
 1 0
 2 3
190 5 3
 0 0
 1 0
 2 1
191 12 3
 0 0
 1 1
 2 2
192 9 3
 0 0
 1 3
 2 1
193 15 3
 0 1
 1 0
 2 0
194 14 3
 0 0
 1 2
 2 1
195 1 3
 0 1
 1 0
 2 1
196 5 3
 0 0
 1 0
 2 2
197 5 3
 0 3
 1 3
 2 2
198 1 3
 0 0
 1 2
 2 1
199 11 3
 0 0
 1 2
 2 1
200 1 3
 0 1
 1 1
 2 2
201 10 3
 0 2
 1 2
 2 2
202 4 3
 0 1
 1 3
 2 3
203 20 3
 0 1
 1 0
 2 1
204 11 3
 0 0
 1 3
 2 1
205 15 3
 0 2
 1 0
 2 2
206 15 3
 0 3
 1 0
 2 0
207 10 3
 0 1
 1 0
 2 2
208 4 3
 0 1
 1 2
 2 2
209 12 3
 0 0
 1 0
 2 1
210 5 3
 0 0
 1 0
 2 2
211 4 3
 0 2
 1 1
 2 0
212 10 3
 0 0
 1 1
 2 2
213 15 3
 0 0
 1 3
 2 0
214 3 3
 0 0
 1 3
 2 0
215 14 3
 0 0
 1 0
 2 1
216 17 3
 0 0
 1 0
 2 1
217 12 3
 0 3
 1 1
 2 0
218 1 3
 0 0
 1 0
 2 1
219 13 3
 0 0
 1 2
 2 2
220 1 3
 0 0
 1 1
 2 2
221 13 3
 0 2
 1 0
 2 0
222 10 3
 0 0
 1 2
 2 3
223 1 3
 0 3
 1 0
 2 0
224 9 3
 0 0
 1 0
 2 1
225 7 3
 0 0
 1 3
 2 1
226 2 3
 0 1
 1 2
 2 1
227 14 3
 0 3
 1 1
 2 0
228 19 3
 0 3
 1 3
 2 2
229 16 3
 0 0
 1 0
 2 2
230 5 3
 0 3
 1 0
 2 0
231 17 3
 0 1
 1 1
 2 2
232 1 3
 0 0
 1 1
 2 0
233 20 3
 0 0
 1 1
 2 3
234 10 3
 0 2
 1 3
 2 3
235 7 3
 0 3
 1 3
 2 3
236 3 3
 0 2
 1 2
 2 3
237 9 3
 0 1
 1 1
 2 3
238 3 3
 0 0
 1 0
 2 3
239 4 3
 0 2
 1 1
 2 0
240 19 3
 0 3
 1 1
 2 0
241 18 3
 0 3
 1 1
 2 1
242 18 3
 0 1
 1 0
 2 3
243 5 3
 0 2
 1 0
 2 2
244 15 3
 0 2
 1 3
 2 2
245 15 3
 0 2
 1 0
 2 3
246 19 3
 0 2
 1 1
 2 3
247 16 3
 0 3
 1 3
 2 2
248 12 3
 0 0
 1 0
 2 3
249 11 3
 0 3
 1 0
 2 3
250 14 3
 0 0
 1 1
 2 2
251 16 3
 0 2
 1 0
 2 0
252 7 3
 0 3
 1 2
 2 0
253 11 3
 0 0
 1 2
 2 0
254 10 3
 0 1
 1 2
 2 0
255 18 3
 0 0
 1 1
 2 2
256 16 3
 0 2
 1 0
 2 0
257 12 3
 0 1
 1 0
 2 2
258 4 3
 0 0
 1 1
 2 2
259 8 3
 0 1
 1 2
 2 3
260 14 3
 0 1
 1 0
 2 0
261 17 3
 0 1
 1 0
 2 0
262 19 3
 0 1
 1 0
 2 3
263 1 3
 0 0
 1 1
 2 3
264 10 3
 0 0
 1 1
 2 0
265 7 3
 0 3
 1 0
 2 1
266 13 3
 0 0
 1 1
 2 3
267 4 3
 0 0
 1 3
 2 3
268 16 3
 0 1
 1 3
 2 0
269 4 3
 0 0
 1 3
 2 0
270 6 3
 0 0
 1 2
 2 0
271 18 3
 0 2
 1 2
 2 0
272 18 3
 0 1
 1 1
 2 0
273 1 3
 0 0
 1 0
 2 3
274 17 3
 0 3
 1 1
 2 3
275 10 3
 0 1
 1 0
 2 0
276 9 3
 0 0
 1 3
 2 1
277 11 3
 0 2
 1 0
 2 0
278 15 3
 0 0
 1 0
 2 1
279 16 3
 0 1
 1 0
 2 0
280 4 3
 0 0
 1 1
 2 0
281 1 3
 0 0
 1 1
 2 0
282 17 3
 0 2
 1 0
 2 2
283 20 3
 0 1
 1 2
 2 0
284 9 3
 0 0
 1 2
 2 0
285 5 3
 0 1
 1 0
 2 3
286 6 3
 0 0
 1 1
 2 2
287 15 3
 0 0
 1 2
 2 1
288 13 3
 0 1
 1 0
 2 0
289 1 3
 0 1
 1 1
 2 0
290 19 3
 0 0
 1 2
 2 1
291 6 3
 0 1
 1 1
 2 2
292 13 3
 0 3
 1 1
 2 0
293 15 3
 0 1
 1 1
 2 0
294 4 3
 0 2
 1 0
 2 0
295 11 3
 0 2
 1 1
 2 1
296 18 3
 0 0
 1 3
 2 0
297 3 3
 0 2
 1 1
 2 3
298 14 3
 0 0
 1 3
 2 2
299 11 3
 0 3
 1 0
 2 0
300 17 3
 0 0
 1 0
 2 1
301 1 3
 0 3
 1 3
 2 1
302 15 3
 0 1
 1 1
 2 0
303 8 3
 0 0
 1 0
 2 2
304 3 3
 0 0
 1 2
 2 3
305 10 3
 0 3
 1 3
 2 0
306 8 3
 0 1
 1 2
 2 1
307 18 3
 0 3
 1 1
 2 0
308 1 3
 0 0
 1 1
 2 0
309 14 3
 0 2
 1 3
 2 0
310 9 3
 0 3
 1 2
 2 1
311 11 3
 0 0
 1 1
 2 1
312 1 3
 0 0
 1 0
 2 3
313 18 3
 0 0
 1 3
 2 2
314 18 3
 0 0
 1 2
 2 2
315 8 3
 0 2
 1 3
 2 0
316 16 3
 0 0
 1 0
 2 1
317 18 3
 0 2
 1 0
 2 2
318 20 3
 0 0
 1 3
 2 1
319 8 3
 0 2
 1 0
 2 2
320 16 3
 0 2
 1 0
 2 1
321 9 3
 0 0
 1 2
 2 2
322 3 3
 0 3
 1 1
 2 1
323 19 3
 0 1
 1 0
 2 1
324 3 3
 0 0
 1 3
 2 2
325 9 3
 0 3
 1 0
 2 2
326 18 3
 0 1
 1 2
 2 1
327 9 3
 0 0
 1 0
 2 3
328 17 3
 0 0
 1 3
 2 2
329 15 3
 0 2
 1 1
 2 1
330 6 3
 0 2
 1 1
 2 0
331 17 3
 0 1
 1 0
 2 0
332 17 3
 0 3
 1 0
 2 1
333 2 3
 0 0
 1 1
 2 2
334 15 3
 0 3
 1 0
 2 0
335 16 3
 0 0
 1 0
 2 2
336 19 3
 0 0
 1 1
 2 2
337 8 3
 0 0
 1 3
 2 0
338 9 3
 0 1
 1 0
 2 0
339 11 3
 0 0
 1 0
 2 1
340 16 3
 0 0
 1 3
 2 0
341 17 3
 0 1
 1 0
 2 2
342 2 3
 0 0
 1 0
 2 2
343 1 3
 0 2
 1 1
 2 0
344 7 3
 0 2
 1 2
 2 2
345 4 3
 0 0
 1 0
 2 1
346 12 3
 0 0
 1 1
 2 0
347 16 3
 0 0
 1 3
 2 0
348 1 3
 0 2
 1 1
 2 1
349 10 3
 0 0
 1 1
 2 0
350 20 3
 0 1
 1 1
 2 2
351 11 3
 0 2
 1 0
 2 1
352 18 3
 0 1
 1 3
 2 0
353 13 3
 0 0
 1 1
 2 0
354 14 3
 0 2
 1 3
 2 1
355 20 3
 0 3
 1 3
 2 1
356 6 3
 0 2
 1 1
 2 2
357 9 3
 0 3
 1 1
 2 2
358 2 3
 0 2
 1 0
 2 2
359 10 3
 0 3
 1 3
 2 2
360 4 3
 0 1
 1 0
 2 2
361 14 3
 0 1
 1 3
 2 3
362 13 3
 0 1
 1 0
 2 0
363 20 3
 0 0
 1 1
 2 0
364 9 3
 0 0
 1 0
 2 1
365 7 3
 0 0
 1 1
 2 1
366 11 3
 0 2
 1 1
 2 2
367 6 3
 0 1
 1 3
 2 0
368 17 3
 0 3
 1 3
 2 3
369 18 3
 0 1
 1 2
 2 3
370 7 3
 0 0
 1 0
 2 1
371 15 3
 0 1
 1 0
 2 3
372 16 3
 0 0
 1 1
 2 2
373 16 3
 0 0
 1 1
 2 0
374 1 3
 0 1
 1 2
 2 2
375 16 3
 0 0
 1 3
 2 0
376 11 3
 0 0
 1 2
 2 3
377 1 3
 0 0
 1 0
 2 1
378 3 3
 0 2
 1 2
 2 0
379 18 3
 0 1
 1 0
 2 1
380 10 3
 0 3
 1 0
 2 2
381 16 3
 0 2
 1 1
 2 0
382 16 3
 0 0
 1 1
 2 3
383 14 3
 0 1
 1 3
 2 1
384 1 3
 0 0
 1 3
 2 2
385 12 3
 0 2
 1 1
 2 0
386 5 3
 0 1
 1 2
 2 0
387 1 3
 0 3
 1 1
 2 0
388 2 3
 0 3
 1 3
 2 0
389 15 3
 0 0
 1 0
 2 1
390 9 3
 0 2
 1 0
 2 0
391 14 3
 0 3
 1 3
 2 0
392 15 3
 0 1
 1 1
 2 2
393 12 3
 0 0
 1 1
 2 3
394 12 3
 0 3
 1 1
 2 0
395 8 3
 0 2
 1 1
 2 1
396 18 3
 0 1
 1 0
 2 0
397 7 3
 0 0
 1 2
 2 0
398 19 3
 0 0
 1 0
 2 3
399 16 3
 0 1
 1 3
 2 2
400 7 3
 0 1
 1 3
 2 0
401 15 3
 0 3
 1 0
 2 0
402 16 3
 0 2
 1 0
 2 2
403 12 3
 0 1
 1 1
 2 0
404 2 3
 0 0
 1 1
 2 0
405 9 3
 0 0
 1 1
 2 1
406 12 3
 0 2
 1 3
 2 2
407 18 3
 0 1
 1 0
 2 2
408 14 3
 0 1
 1 2
 2 0
409 13 3
 0 2
 1 0
 2 0
410 14 3
 0 2
 1 0
 2 1
411 11 3
 0 2
 1 1
 2 0
412 17 3
 0 1
 1 3
 2 0
413 5 3
 0 0
 1 2
 2 0
414 15 3
 0 0
 1 2
 2 0
415 11 3
 0 2
 1 3
 2 3
416 13 3
 0 0
 1 2
 2 2
417 19 3
 0 0
 1 0
 2 3
418 5 3
 0 3
 1 0
 2 3
419 10 3
 0 0
 1 2
 2 0
420 20 3
 0 0
 1 0
 2 1
421 19 3
 0 0
 1 1
 2 2
422 17 3
 0 2
 1 1
 2 1
423 3 3
 0 1
 1 0
 2 3
424 18 3
 0 1
 1 2
 2 3
425 11 3
 0 1
 1 0
 2 0
426 9 3
 0 0
 1 3
 2 0
427 4 3
 0 3
 1 0
 2 1
428 17 3
 0 0
 1 0
 2 3
429 11 3
 0 2
 1 1
 2 1
430 2 3
 0 2
 1 0
 2 3
431 13 3
 0 0
 1 0
 2 3
432 5 3
 0 3
 1 1
 2 0
433 3 3
 0 2
 1 0
 2 0
434 8 3
 0 2
 1 3
 2 0
435 10 3
 0 2
 1 1
 2 3
436 7 3
 0 3
 1 3
 2 0
437 18 3
 0 3
 1 0
 2 3
438 5 3
 0 3
 1 0
 2 3
439 6 3
 0 2
 1 0
 2 2
440 18 3
 0 0
 1 3
 2 0
441 5 3
 0 1
 1 1
 2 2
442 18 3
 0 3
 1 2
 2 0
443 19 3
 0 2
 1 2
 2 2
444 12 3
 0 2
 1 2
 2 1
445 17 3
 0 1
 1 0
 2 1
446 10 3
 0 2
 1 0
 2 0
447 12 3
 0 2
 1 1
 2 3
448 5 3
 0 3
 1 2
 2 0
449 19 3
 0 2
 1 1
 2 2
450 17 3
 0 1
 1 0
 2 3
451 8 3
 0 1
 1 0
 2 1
452 4 3
 0 0
 1 1
 2 3
453 7 3
 0 0
 1 0
 2 3
454 6 3
 0 2
 1 2
 2 0
455 5 3
 0 1
 1 0
 2 0
456 13 3
 0 1
 1 0
 2 3
457 8 3
 0 1
 1 0
 2 0
458 13 3
 0 3
 1 0
 2 3
459 4 3
 0 1
 1 0
 2 3
460 1 3
 0 1
 1 1
 2 0
461 12 3
 0 2
 1 1
 2 3
462 20 3
 0 2
 1 3
 2 3
463 5 3
 0 3
 1 3
 2 3
464 10 3
 0 2
 1 0
 2 1
465 19 3
 0 0
 1 2
 2 2
466 11 3
 0 0
 1 0
 2 3
467 12 3
 0 3
 1 0
 2 2
468 1 3
 0 3
 1 1
 2 1
469 6 3
 0 2
 1 1
 2 0
470 10 3
 0 0
 1 2
 2 1
471 13 3
 0 0
 1 3
 2 2
472 20 3
 0 1
 1 0
 2 0
473 1 3
 0 1
 1 0
 2 0
474 10 3
 0 3
 1 2
 2 2
475 12 3
 0 0
 1 1
 2 0
476 16 3
 0 1
 1 2
 2 0
477 20 3
 0 3
 1 1
 2 1
478 9 3
 0 1
 1 0
 2 3
479 7 3
 0 0
 1 1
 2 0
480 17 3
 0 0
 1 3
 2 1
481 8 3
 0 1
 1 0
 2 3
482 1 3
 0 3
 1 0
 2 0
483 6 3
 0 3
 1 1
 2 3
484 9 3
 0 0
 1 2
 2 3
485 2 3
 0 0
 1 2
 2 0
486 20 3
 0 3
 1 0
 2 2
487 19 3
 0 2
 1 1
 2 0
488 17 3
 0 0
 1 2
 2 1
489 10 3
 0 2
 1 3
 2 0
490 7 3
 0 1
 1 0
 2 0
491 7 3
 0 2
 1 3
 2 2
492 8 3
 0 1
 1 0
 2 0
493 1 3
 0 2
 1 0
 2 0
494 17 3
 0 3
 1 1
 2 0
495 19 3
 0 1
 1 0
 2 0
496 14 3
 0 2
 1 0
 2 1
497 19 3
 0 2
 1 1
 2 0
498 3 3
 0 2
 1 3
 2 1
499 0 3
 0 0
 1 0
 2 0

# PRECEDENCES
2979
0 9
0 14
0 31
0 36
0 41
0 45
0 61
0 62
0 65
0 67
0 69
0 72
0 75
0 76
0 78
0 87
0 90
0 99
0 114
0 124
0 129
0 133
0 136
0 139
0 148
0 156
0 163
0 164
0 172
0 174
0 179
0 182
0 184
0 190
0 194
0 205
0 209
0 211
0 214
0 215
0 231
0 237
0 239
0 242
0 250
0 255
0 259
0 260
0 267
0 280
0 283
0 287
0 288
0 289
0 293
0 295
0 300
0 304
0 312
0 314
0 319
0 321
0 323
0 325
0 326
0 327
0 329
0 332
0 334
0 335
0 343
0 353
0 377
0 378
0 379
0 380
0 383
0 392
0 395
0 398
0 400
0 401
0 405
0 410
0 417
0 419
0 427
0 432
0 440
0 444
0 446
0 461
0 470
0 472
0 475
0 479
0 482
0 488
0 492
0 496
0 497
1 12
1 118
1 125
1 135
1 282
1 308
1 354
1 390
2 5
2 165
2 216
2 292
2 331
2 354
3 42
3 277
3 349
3 367
4 23
4 89
4 117
4 206
4 253
4 433
5 43
5 115
5 266
5 459
5 464
6 57
6 137
6 171
6 298
6 390
7 12
7 17
7 94
7 277
8 83
8 189
8 206
8 207
8 228
8 256
8 313
8 408
9 51
9 112
9 122
9 260
9 282
9 330
10 82
10 95
10 198
10 389
10 418
10 423
11 181
11 262
11 264
11 277
11 408
12 499
13 10
13 52
13 154
13 166
13 181
13 198
13 227
13 299
14 6
14 32
14 107
14 146
14 297
14 481
15 154
15 189
15 225
15 414
15 498
16 49
16 51
16 128
16 142
16 155
16 341
16 433
16 442
17 499
18 11
18 58
18 85
18 117
18 403
18 433
18 438
19 13
19 48
19 271
19 359
19 463
19 474
20 27
20 85
20 189
20 207
20 253
20 381
20 442
20 467
21 3
21 171
21 229
21 315
21 375
21 436
21 447
21 448
22 499
23 42
23 206
23 407
23 409
23 433
23 437
24 28
24 94
24 387
24 426
25 22
25 48
25 51
25 63
25 82
25 85
25 189
25 253
26 95
26 151
26 206
26 285
27 60
27 119
27 135
27 192
27 262
27 308
27 367
28 22
28 74
28 189
28 227
28 349
28 365
28 399
28 478
29 17
29 77
29 298
29 350
29 409
29 463
30 82
30 119
30 212
30 271
30 284
30 367
30 418
31 6
31 50
31 83
31 157
31 311
31 373
31 420
31 487
32 15
32 338
32 356
32 366
32 371
32 478
32 494
33 27
33 305
33 458
33 465
34 224
34 227
34 349
34 350
34 367
34 433
35 12
35 77
35 82
35 125
35 270
35 305
36 3
36 37
36 170
36 351
36 366
37 178
37 192
37 217
37 240
37 336
37 390
38 35
38 152
38 227
38 290
38 350
38 389
38 433
39 17
39 94
39 349
39 367
40 60
40 80
40 111
40 168
41 112
41 115
41 151
41 225
41 303
41 347
41 349
41 365
42 499
43 39
43 47
43 188
43 200
43 381
44 15
44 132
44 177
44 221
44 299
44 434
45 43
45 63
45 153
45 219
45 223
45 253
45 437
45 464
46 121
46 213
46 351
46 374
46 412
47 63
47 89
47 147
47 256
47 307
47 407
47 416
47 463
48 499
49 28
49 95
49 102
49 367
49 389
50 39
50 212
50 285
50 355
51 499
52 48
52 270
52 349
52 350
52 433
52 458
53 22
53 137
53 192
53 305
53 367
53 467
54 46
54 60
54 120
54 143
54 158
54 258
55 77
55 127
55 157
55 198
55 249
55 317
55 399
55 411
56 22
56 125
56 270
56 433
57 158
57 202
57 227
57 354
58 25
58 48
58 94
58 251
58 269
58 270
58 333
58 382
59 79
59 82
59 84
59 89
59 189
60 189
60 290
60 407
60 437
61 29
61 111
61 162
61 221
61 265
61 273
61 309
61 340
62 32
62 131
62 387
62 494
63 48
63 51
63 119
63 122
63 206
63 234
63 333
63 346
64 58
64 130
64 140
64 331
65 32
65 84
65 180
65 235
65 367
65 424
65 453
65 463
66 13
66 127
66 181
66 228
66 277
66 366
66 490
67 26
67 96
67 97
67 116
67 360
68 74
68 109
68 128
68 138
68 270
68 416
68 474
69 24
69 84
69 126
69 303
69 383
69 442
70 43
70 109
70 140
70 157
70 220
70 346
70 385
70 484
71 35
71 39
71 138
71 229
71 257
71 263
71 411
71 445
72 55
72 71
72 134
72 208
72 262
72 342
72 349
72 418
73 170
73 247
73 408
73 420
73 431
73 485
74 17
74 111
74 206
74 270
74 363
74 384
74 467
75 22
75 39
75 51
75 112
75 168
75 222
75 333
75 368
76 13
76 40
76 92
76 93
76 313
77 17
77 51
77 125
77 277
77 367
78 10
78 93
78 168
78 201
78 208
78 212
78 264
78 360
79 152
79 224
79 270
79 305
79 463
80 12
80 63
80 82
80 166
80 223
80 437
81 11
81 25
81 58
81 189
81 441
82 499
83 22
83 166
83 290
83 298
84 3
84 12
84 56
84 224
84 333
84 409
84 414
85 12
85 166
85 227
85 282
85 308
85 350
85 363
85 445
86 27
86 208
86 307
86 308
86 457
86 490
87 272
87 286
87 366
87 371
87 422
87 430
88 161
88 208
88 386
88 439
89 34
89 94
89 111
89 284
90 17
90 89
90 150
90 169
90 241
90 438
90 494
91 42
91 51
91 102
91 147
91 157
91 273
91 394
92 22
92 48
92 407
92 425
92 442
92 480
93 42
93 264
93 347
93 478
94 499
95 35
95 60
95 89
95 282
95 349
95 355
95 372
95 389
96 19
96 166
96 181
96 191
96 245
96 425
96 436
96 469
97 30
97 35
97 161
97 178
97 282
97 365
97 439
98 77
98 277
98 290
98 333
98 445
99 7
99 57
99 76
99 101
99 136
99 191
99 375
99 381
100 50
100 126
100 134
100 193
100 349
100 445
101 358
101 364
101 365
101 414
102 63
102 155
102 346
102 494
103 84
103 223
103 225
103 248
103 349
103 390
103 434
104 107
104 142
104 281
104 426
104 434
104 452
104 477
104 489
105 60
105 77
105 173
105 225
105 273
106 25
106 29
106 71
106 127
106 245
106 355
106 483
107 20
107 170
107 201
107 409
107 415
108 7
108 212
108 285
108 414
109 141
109 142
109 273
109 349
109 460
110 12
110 17
110 22
110 227
110 270
110 349
110 350
110 437
111 12
111 17
111 48
111 227
111 270
111 433
111 437
112 26
112 212
112 252
112 347
112 415
113 108
113 127
113 202
113 265
113 298
113 429
114 58
114 146
114 195
114 291
114 305
114 364
115 35
115 202
115 269
115 354
115 448
115 450
116 29
116 38
116 49
116 113
116 138
116 338
116 390
116 462
117 39
117 110
117 270
117 277
117 290
118 111
118 305
118 389
118 467
119 22
119 42
119 82
119 94
119 125
119 224
119 270
119 433
120 4
120 127
120 191
120 371
121 143
121 339
121 345
121 351
121 434
122 119
122 189
122 277
122 298
122 350
122 463
123 115
123 138
123 200
123 273
123 324
123 357
124 12
124 140
124 165
124 237
124 256
124 386
125 499
126 122
126 152
126 192
126 224
126 234
126 331
126 333
126 354
127 48
127 94
127 102
127 234
127 235
127 256
127 442
127 487
128 29
128 40
128 83
128 158
128 271
128 346
128 434
128 483
129 26
129 34
129 109
129 370
129 409
130 42
130 330
130 346
130 363
130 463
131 39
131 63
131 95
131 152
131 307
131 331
131 336
131 429
132 17
132 38
132 191
132 253
132 418
133 83
133 324
133 402
133 445
134 30
134 51
134 168
134 331
134 363
135 17
135 111
135 206
135 234
135 284
135 349
135 372
135 407
136 29
136 93
136 227
136 229
136 291
136 320
137 3
137 151
137 270
137 409
137 424
137 458
138 79
138 128
138 155
138 277
138 285
138 457
139 103
139 151
139 154
139 182
139 262
139 264
139 419
140 39
140 115
140 197
140 387
140 420
140 421
140 441
140 474
141 94
141 222
141 254
141 457
141 483
142 1
142 23
142 162
142 217
143 152
143 168
143 186
143 298
144 110
144 127
144 331
144 373
144 491
145 34
145 68
145 168
145 247
145 324
145 350
145 465
146 22
146 92
146 170
146 222
146 235
146 355
146 404
146 468
147 34
147 74
147 192
147 354
147 359
148 17
148 206
148 230
148 243
148 359
148 422
148 459
148 462
149 155
149 219
149 246
149 376
149 421
149 437
149 477
150 20
150 115
150 233
150 349
150 434
151 12
151 34
151 35
151 94
151 166
151 253
152 7
152 39
152 56
152 189
152 234
152 349
153 11
153 17
153 338
153 411
153 480
154 34
154 57
154 191
154 206
154 349
154 418
154 457
155 52
155 94
155 224
155 423
156 6
156 349
156 350
156 373
156 418
156 490
157 42
157 206
157 409
157 420
158 22
158 42
158 56
158 270
158 277
158 414
159 4
159 25
159 204
159 307
159 320
159 385
159 396
159 414
160 33
160 106
160 282
160 303
160 406
161 34
161 176
161 192
161 217
161 245
162 3
162 117
162 189
162 202
162 212
163 10
163 55
163 189
163 266
163 345
163 435
164 5
164 40
164 230
164 264
165 89
165 93
165 167
165 183
165 371
165 387
165 393
166 34
166 39
166 234
166 298
166 372
166 407
166 433
166 463
167 103
167 191
167 296
167 372
168 12
168 35
168 186
168 223
168 414
168 420
168 423
169 56
169 105
169 141
169 387
169 424
169 477
170 17
170 118
170 155
170 224
170 384
170 449
170 468
171 34
171 35
171 56
171 98
171 204
172 3
172 35
172 306
172 348
172 384
172 467
173 38
173 168
173 207
173 254
173 367
173 415
173 425
173 442
174 7
174 11
174 40
174 169
174 372
174 473
175 59
175 173
175 186
175 333
175 347
175 424
176 19
176 40
176 55
176 235
176 484
177 83
177 126
177 296
177 438
178 3
178 118
178 132
178 330
178 381
178 393
179 51
179 282
179 297
179 316
179 439
179 445
179 452
180 91
180 122
180 307
180 317
180 347
180 450
181 79
181 189
181 227
181 284
181 429
182 50
182 296
182 323
182 396
182 406
183 3
183 7
183 234
183 330
183 463
184 298
184 311
184 336
184 443
185 152
185 240
185 256
185 257
185 265
185 285
185 355
185 403
186 22
186 77
186 82
186 94
186 346
186 409
187 26
187 178
187 196
187 227
188 119
188 122
188 152
188 155
188 224
188 262
188 299
188 350
189 17
189 48
189 125
189 349
189 350
190 94
190 199
190 252
190 351
191 7
191 17
191 125
191 270
191 290
192 48
192 89
192 119
192 284
192 290
192 308
192 414
192 458
193 50
193 80
193 155
193 468
194 26
194 71
194 134
194 399
195 10
195 23
195 60
195 147
195 264
195 269
195 316
195 445
196 117
196 262
196 347
196 356
196 367
196 468
197 30
197 74
197 188
197 202
198 29
198 94
198 234
198 271
199 13
199 59
199 218
199 244
199 382
200 20
200 60
200 79
200 95
200 316
200 363
200 415
201 10
201 115
201 125
201 130
201 256
201 269
201 468
202 3
202 89
202 282
202 423
203 23
203 56
203 178
203 298
203 480
204 12
204 51
204 98
204 282
204 349
204 350
204 414
205 222
205 298
205 344
205 470
205 495
206 22
206 51
206 227
206 290
206 349
206 367
206 433
207 17
207 122
207 234
207 270
207 308
207 389
208 1
208 23
208 25
208 256
208 262
208 333
208 347
209 74
209 238
209 464
209 473
210 20
210 84
210 91
210 122
211 129
211 191
211 240
211 297
211 365
211 372
212 82
212 271
212 333
212 407
212 425
212 445
213 35
213 122
213 137
213 175
213 350
213 474
214 59
214 223
214 278
214 447
214 455
214 464
214 481
215 122
215 232
215 338
215 349
215 397
216 12
216 16
216 418
216 493
217 3
217 17
217 80
217 94
217 95
217 168
217 355
218 56
218 79
218 91
218 130
218 252
218 264
218 361
219 10
219 20
219 100
219 425
219 442
220 13
220 363
220 399
220 442
220 477
221 98
221 130
221 411
221 429
222 1
222 102
222 223
222 254
223 29
223 60
223 82
223 158
223 409
224 499
225 35
225 117
225 330
225 363
225 389
225 420
225 429
226 8
226 110
226 197
226 234
226 252
226 269
226 275
226 302
227 499
228 38
228 112
228 115
228 135
228 175
228 208
228 384
228 448
229 27
229 39
229 82
229 166
229 290
229 373
229 409
230 50
230 412
230 415
230 420
231 152
231 213
231 317
231 338
231 421
231 487
231 491
232 11
232 183
232 187
232 212
233 34
233 93
233 155
233 178
233 284
233 416
233 463
234 51
234 290
234 367
234 437
235 60
235 94
235 137
235 206
235 207
235 284
235 442
236 18
236 24
236 95
236 103
236 233
236 251
236 263
236 477
237 27
237 76
237 162
237 425
237 467
238 35
238 85
238 135
238 254
238 277
238 414
238 471
239 11
239 23
239 109
239 233
239 241
239 313
239 317
239 375
240 85
240 119
240 125
240 157
240 445
241 30
241 48
241 207
241 330
241 465
242 35
242 52
242 58
242 238
242 372
242 455
243 86
243 175
243 192
243 212
243 390
243 397
243 478
244 228
244 243
244 264
244 431
244 485
245 10
245 80
245 128
245 185
245 225
245 471
245 485
246 105
246 206
246 213
246 230
246 271
246 277
246 456
246 480
247 208
247 305
247 347
247 384
248 6
248 37
248 38
248 111
248 162
248 192
248 413
249 171
249 191
249 201
249 341
249 368
249 437
249 442
249 468
250 10
250 223
250 246
250 391
250 407
250 490
251 60
251 77
251 111
251 118
251 181
251 192
251 207
251 349
252 22
252 77
252 157
252 168
252 277
253 3
253 122
253 158
253 298
253 346
253 458
254 42
254 60
254 158
254 284
254 355
254 372
255 44
255 145
255 197
255 297
256 17
256 63
256 74
256 94
256 384
256 458
256 463
256 471
257 111
257 152
257 227
257 234
257 253
257 271
258 3
258 173
258 235
258 346
258 359
258 420
258 424
259 29
259 70
259 93
259 153
259 420
259 448
259 459
260 81
260 204
260 229
260 396
261 56
261 64
261 94
261 223
261 247
261 274
261 476
262 23
262 42
262 118
262 206
262 355
262 363
262 409
262 442
263 27
263 37
263 370
263 372
263 389
263 390
264 10
264 77
264 85
264 355
264 367
264 425
265 60
265 111
265 307
265 354
266 17
266 51
266 60
266 85
266 204
266 252
266 290
266 298
267 56
267 129
267 313
267 445
267 493
268 202
268 207
268 251
268 355
268 415
269 12
269 38
269 111
269 117
269 349
269 442
270 499
271 17
271 22
271 82
271 308
271 333
271 407
271 414
272 192
272 235
272 303
272 414
272 437
273 63
273 89
273 152
273 191
273 251
273 350
273 483
274 74
274 79
274 126
274 138
274 186
274 204
274 434
274 483
275 29
275 165
275 274
275 284
275 484
276 11
276 104
276 159
276 429
276 484
277 499
278 16
278 108
278 110
278 324
278 351
278 450
278 484
279 10
279 251
279 277
279 282
279 368
280 17
280 374
280 408
280 413
280 433
281 38
281 80
281 195
281 207
281 306
281 411
282 77
282 110
282 119
282 298
282 367
282 409
282 433
282 437
283 100
283 103
283 150
283 193
283 416
283 425
284 12
284 17
284 22
284 125
284 224
284 290
284 367
285 331
285 384
285 423
285 463
286 17
286 59
286 200
286 265
286 362
287 115
287 135
287 198
287 264
287 494
288 22
288 101
288 208
288 269
288 407
288 442
289 52
289 134
289 328
289 486
290 499
291 27
291 35
291 166
291 269
291 372
292 210
292 311
292 443
292 451
292 487
293 15
293 52
293 132
293 364
293 366
293 406
293 475
294 53
294 230
294 306
294 369
294 449
294 451
294 477
295 1
295 33
295 107
295 137
295 228
295 256
295 341
295 448
296 10
296 57
296 134
296 206
296 407
296 408
296 448
297 108
297 230
297 233
297 274
298 22
298 48
298 94
298 277
298 349
298 367
298 437
299 22
299 85
299 198
299 204
299 367
299 389
299 429
300 2
300 16
300 28
300 140
300 180
300 342
300 445
300 458
301 71
301 187
301 229
301 254
301 281
301 307
301 390
302 40
302 55
302 257
302 328
302 366
302 457
303 7
303 56
303 138
303 251
303 324
303 359
303 406
304 26
304 101
304 130
304 263
304 348
304 352
304 376
305 12
305 42
305 51
305 224
305 270
305 367
305 433
306 89
306 141
306 220
306 244
306 330
307 60
307 111
307 186
307 189
307 284
308 48
308 82
308 125
308 224
308 270
308 290
308 433
309 86
309 193
309 282
309 413
309 435
309 448
309 491
310 3
310 34
310 73
310 234
310 257
310 264
311 66
311 86
311 252
311 277
312 92
312 195
312 228
312 230
313 143
313 191
313 197
313 198
313 202
313 254
313 350
313 408
314 25
314 186
314 302
314 315
314 485
315 185
315 308
315 341
315 371
315 430
315 457
315 471
315 485
316 52
316 85
316 212
316 254
316 415
316 420
317 34
317 37
317 350
317 382
317 407
318 115
318 152
318 227
318 368
318 409
318 411
318 483
319 58
319 284
319 310
319 337
319 442
319 463
319 474
320 79
320 157
320 186
320 200
320 284
320 434
321 176
321 227
321 270
321 408
322 37
322 93
322 125
322 256
322 474
323 89
323 92
323 140
323 318
323 396
323 434
324 23
324 93
324 128
324 171
324 191
324 228
324 266
324 290
325 71
325 81
325 150
325 276
325 442
326 15
326 119
326 130
326 187
326 222
326 248
326 397
326 473
327 49
327 52
327 218
327 254
327 257
327 320
327 365
327 396
328 22
328 225
328 318
328 347
328 384
329 91
329 100
329 195
329 244
329 247
330 119
330 166
330 349
330 367
330 414
331 84
331 234
331 270
331 271
331 290
331 414
331 445
332 26
332 150
332 169
332 223
332 336
332 430
332 448
333 12
333 51
333 94
333 224
333 227
333 433
334 185
334 254
334 412
334 431
334 487
335 128
335 151
335 256
335 424
335 457
336 39
336 253
336 254
336 298
337 21
337 112
337 151
337 160
337 212
337 213
337 236
337 340
338 6
338 19
338 63
338 132
338 191
338 258
338 333
339 23
339 28
339 51
339 56
339 176
339 195
339 495
340 13
340 51
340 83
340 112
340 131
340 224
340 298
340 305
341 51
341 122
341 225
341 450
342 43
342 170
342 198
342 391
343 89
343 309
343 357
343 469
344 59
344 155
344 223
344 224
344 347
344 354
344 430
344 473
345 42
345 102
345 134
345 271
345 420
346 39
346 110
346 189
346 308
346 437
347 166
347 198
347 224
347 277
347 290
347 467
348 42
348 126
348 175
348 296
348 339
349 499
350 499
351 126
351 235
351 414
351 433
352 199
352 227
352 251
352 286
353 144
353 303
353 363
353 385
353 398
353 448
353 465
353 469
354 23
354 60
354 189
354 191
354 407
355 3
355 12
355 22
355 42
355 82
356 143
356 420
356 441
356 450
357 55
357 154
357 317
357 324
357 354
357 358
357 384
357 493
358 25
358 50
358 77
358 95
358 277
358 420
358 452
358 463
359 83
359 166
359 198
359 206
359 471
360 158
360 232
360 236
360 333
360 490
361 107
361 134
361 175
361 273
361 480
362 110
362 228
362 253
362 270
362 291
362 448
363 77
363 119
363 189
363 298
363 350
364 13
364 60
364 89
364 107
364 193
364 277
364 291
364 494
365 3
365 42
365 122
365 130
365 467
366 3
366 135
366 143
366 178
366 270
366 305
366 458
367 499
368 29
368 34
368 166
368 192
368 238
368 298
368 399
369 134
369 408
369 428
369 441
370 35
370 118
370 252
370 359
371 39
371 196
371 324
371 399
371 426
371 439
372 48
372 51
372 94
372 227
372 349
372 367
372 433
373 7
373 57
373 125
373 152
373 171
373 217
373 223
373 433
374 105
374 233
374 358
374 437
375 42
375 112
375 178
375 345
375 394
376 38
376 142
376 279
376 297
377 4
377 17
377 311
377 316
377 331
377 416
377 490
378 91
378 192
378 252
378 363
379 75
379 247
379 339
379 484
379 493
380 2
380 130
380 241
380 243
381 22
381 42
381 157
381 270
382 84
382 268
382 330
382 372
383 27
383 189
383 409
383 433
384 39
384 51
384 56
384 284
384 433
384 437
385 77
385 181
385 204
385 256
385 367
385 430
385 495
386 107
386 429
386 437
386 485
387 42
387 132
387 154
387 178
387 271
388 84
388 113
388 154
388 228
388 232
388 422
388 442
389 42
389 110
389 206
389 305
389 409
390 30
390 51
390 173
390 257
390 305
390 350
391 12
391 140
391 422
391 433
391 445
392 80
392 85
392 317
392 344
392 397
392 399
392 422
393 119
393 192
393 355
393 415
393 423
393 458
393 471
394 98
394 208
394 269
394 413
395 3
395 52
395 108
395 252
396 42
396 162
396 192
396 307
397 111
397 122
397 125
397 213
397 390
397 412
397 452
398 3
398 140
398 208
398 225
398 458
399 52
399 83
399 162
399 407
399 420
400 17
400 197
400 411
400 466
401 11
401 34
401 95
401 108
401 157
401 271
401 419
401 437
402 140
402 197
402 257
402 265
402 273
402 460
403 38
403 134
403 147
403 204
403 271
403 409
404 3
404 4
404 130
404 170
404 266
404 384
404 396
404 460
405 248
405 273
405 336
405 338
405 373
405 407
405 462
405 468
406 79
406 82
406 110
406 204
406 282
406 290
406 452
407 51
407 94
407 227
407 277
407 349
408 26
408 40
408 42
408 162
408 189
408 217
409 12
409 17
409 48
409 51
409 125
409 224
409 350
410 54
410 130
410 188
410 301
410 473
411 157
411 212
411 269
411 389
411 409
412 143
412 191
412 284
412 307
412 350
413 117
413 171
413 252
413 423
413 471
413 483
413 494
414 42
414 82
414 125
414 277
415 3
415 48
415 77
415 110
415 206
415 270
415 298
415 463
416 77
416 85
416 94
416 152
416 171
416 234
416 316
416 399
417 19
417 68
417 247
417 339
417 356
417 385
418 29
418 39
418 82
418 89
418 206
418 227
418 425
419 74
419 240
419 257
419 265
419 273
419 363
420 94
420 111
420 189
420 234
420 277
420 290
420 367
420 372
421 53
421 154
421 252
421 285
421 420
421 423
422 152
422 240
422 249
422 262
422 273
422 346
423 17
423 22
423 56
423 82
423 111
423 284
423 350
423 433
424 48
424 224
424 367
424 471
425 7
425 34
425 189
425 234
425 414
425 433
426 59
426 94
426 108
426 204
426 217
426 230
426 240
426 399
427 51
427 121
427 191
427 263
427 328
428 171
428 200
428 274
428 291
428 339
428 441
428 491
429 23
429 35
429 48
429 270
429 414
430 10
430 154
430 235
430 299
430 418
430 420
431 34
431 240
431 266
431 425
431 477
432 7
432 196
432 277
432 284
432 389
433 499
434 155
434 223
434 336
434 433
435 102
435 112
435 117
435 258
435 270
435 406
436 16
436 91
436 263
436 358
436 365
436 435
436 451
436 483
437 499
438 6
438 89
438 155
438 331
438 389
438 434
438 442
439 11
439 58
439 170
439 193
439 213
439 222
439 316
439 484
440 85
440 88
440 123
440 149
440 186
440 213
440 265
441 17
441 79
441 130
441 191
441 262
441 420
441 424
442 34
442 84
442 333
442 350
442 372
442 433
442 463
443 13
443 91
443 135
443 203
443 318
443 345
443 415
444 29
444 161
444 195
444 207
444 294
444 349
444 375
444 467
445 39
445 110
445 305
445 350
446 4
446 226
446 268
446 402
446 454
446 484
447 77
447 84
447 140
447 171
447 403
447 439
447 460
448 74
448 89
448 110
448 126
448 223
448 363
448 409
449 23
449 126
449 189
449 192
449 346
449 389
449 415
449 425
450 23
450 152
450 234
450 282
450 308
450 420
450 445
450 471
451 155
451 188
451 270
451 350
452 111
452 207
452 271
452 277
453 82
453 96
453 143
453 155
453 253
453 305
453 366
453 463
454 189
454 201
454 324
454 339
454 354
455 170
455 192
455 212
455 229
455 251
455 317
456 38
456 91
456 103
456 132
456 142
456 162
456 229
457 42
457 117
457 151
457 189
457 384
457 433
458 3
458 125
458 224
458 270
458 333
458 367
458 414
459 4
459 50
459 188
459 193
459 197
459 346
459 415
459 483
460 22
460 56
460 77
460 175
460 277
460 365
460 463
461 372
461 388
461 396
461 415
462 56
462 84
462 95
462 105
462 408
463 48
463 82
463 125
463 227
464 56
464 224
464 389
464 449
465 85
465 105
465 223
465 330
465 478
466 83
466 322
466 450
466 476
467 3
467 48
467 270
467 284
467 350
467 407
467 414
468 85
468 186
468 253
468 256
469 56
469 188
469 217
469 413
470 57
470 115
470 256
470 284
470 340
470 393
470 495
471 48
471 117
471 119
471 125
471 166
471 270
471 437
472 5
472 68
472 275
472 362
472 437
473 40
473 126
473 134
473 144
473 431
474 27
474 181
474 212
474 409
474 437
475 12
475 35
475 40
475 55
475 252
475 487
476 34
476 95
476 171
476 181
476 193
476 331
476 483
477 29
477 111
477 151
477 331
477 389
478 56
478 119
478 282
478 367
479 76
479 119
479 128
479 457
479 465
479 467
480 27
480 83
480 262
480 298
480 336
480 384
480 415
480 418
481 311
481 393
481 462
481 484
481 489
482 98
482 261
482 271
482 272
482 276
482 324
483 29
483 84
483 89
483 111
483 119
483 202
483 346
484 38
484 50
484 63
484 95
484 193
484 284
484 474
484 483
485 256
485 282
485 316
485 430
486 68
486 143
486 313
486 355
487 84
487 290
487 399
487 415
487 420
487 429
487 478
487 483
488 159
488 330
488 454
488 455
489 25
489 47
489 59
489 152
489 223
490 17
490 60
490 80
490 108
490 299
490 425
491 27
491 151
491 262
491 452
492 17
492 32
492 49
492 169
492 181
492 204
492 451
492 480
493 126
493 147
493 235
493 358
493 365
494 29
494 74
494 89
494 308
494 347
494 389
494 420
495 20
495 77
495 105
495 175
495 181
495 224
495 411
495 429
496 4
496 31
496 150
496 165
496 192
496 217
496 253
496 297
497 151
497 177
497 279
497 338
497 388
497 421
497 494
498 191
498 201
498 266
498 399
498 425
498 430
498 483
