# Tier 7 (Very Large) - Instance 12
# Generated with config: N=414, K=4, topology=random_dag, calendar=staggered

# HEADER: <num_tasks> <num_types> <num_units>
416 4 20

# RESOURCE TYPES
# Format: <type_id> <num_units> <unit_id1> <unit_id2> ...
0 4 0 1 2 3
1 5 4 5 6 7 8
2 5 9 10 11 12 13
3 6 14 15 16 17 18 19

# RESOURCE UNITS (Calendars)
# Format: <unit_id> <num_steps> <t1> <v1> <t2> <v2> ...
0 24 0 100 1 0 42 100 343 0 383 100 679 0 719 100 1015 0 1056 100 1357 0 1396 100 1693 0 1733 100 2033 0 2073 100 2373 0 2414 100 2713 0 2754 100 3052 0 3094 100 3395 0 3435 100 4090 0
1 24 0 100 16 0 54 100 352 0 392 100 691 0 732 100 1035 0 1075 100 1375 0 1412 100 1715 0 1754 100 2057 0 2095 100 2395 0 2436 100 2738 0 2778 100 3080 0 3121 100 3423 0 3464 100 4090 0
2 24 0 100 33 0 96 100 374 0 434 100 712 0 773 100 1050 0 1110 100 1389 0 1448 100 1727 0 1787 100 2066 0 2126 100 2408 0 2467 100 2747 0 2808 100 3090 0 3152 100 3432 0 3494 100 4090 0
3 24 0 100 49 0 91 100 389 0 434 100 733 0 777 100 1074 0 1116 100 1412 0 1454 100 1750 0 1793 100 2091 0 2134 100 2434 0 2478 100 2777 0 2820 100 3119 0 3164 100 3462 0 3503 100 4090 0
4 24 0 100 67 0 109 100 402 0 447 100 744 0 789 100 1087 0 1129 100 1426 0 1469 100 1767 0 1812 100 2108 0 2152 100 2446 0 2492 100 2788 0 2832 100 3130 0 3172 100 3466 0 3509 100 4090 0
5 24 0 100 85 0 135 100 428 0 476 100 769 0 818 100 1109 0 1157 100 1445 0 1492 100 1782 0 1833 100 2122 0 2172 100 2465 0 2516 100 2807 0 2856 100 3147 0 3195 100 3488 0 3536 100 4090 0
6 24 0 100 103 0 142 100 439 0 480 100 780 0 821 100 1118 0 1156 100 1456 0 1495 100 1792 0 1833 100 2135 0 2176 100 2474 0 2515 100 2816 0 2858 100 3157 0 3198 100 3498 0 3537 100 4090 0
7 24 0 100 120 0 157 100 461 0 500 100 799 0 839 100 1143 0 1182 100 1485 0 1523 100 1824 0 1862 100 2163 0 2203 100 2506 0 2546 100 2847 0 2885 100 3186 0 3225 100 3524 0 3562 100 4090 0
8 24 0 100 137 0 174 100 475 0 514 100 816 0 854 100 1158 0 1196 100 1500 0 1537 100 1838 0 1876 100 2178 0 2216 100 2518 0 2556 100 2859 0 2896 100 3195 0 3232 100 3531 0 3568 100 4090 0
9 24 0 100 153 0 183 100 496 0 525 100 837 0 865 100 1173 0 1200 100 1509 0 1539 100 1851 0 1881 100 2192 0 2222 100 2530 0 2558 100 2869 0 2898 100 3212 0 3242 100 3551 0 3579 100 4090 0
10 24 0 100 171 0 229 100 509 0 569 100 848 0 908 100 1189 0 1246 100 1530 0 1590 100 1868 0 1926 100 2207 0 2267 100 2548 0 2608 100 2888 0 2946 100 3226 0 3284 100 3564 0 3623 100 4090 0
11 24 0 100 188 0 236 100 530 0 578 100 870 0 917 100 1210 0 1259 100 1548 0 1597 100 1887 0 1935 100 2225 0 2274 100 2565 0 2611 100 2906 0 2954 100 3249 0 3297 100 3589 0 3637 100 4090 0
12 24 0 100 205 0 232 100 543 0 570 100 881 0 910 100 1222 0 1250 100 1563 0 1591 100 1906 0 1935 100 2246 0 2274 100 2587 0 2613 100 2923 0 2950 100 3259 0 3288 100 3600 0 3626 100 4090 0
13 24 0 100 221 0 261 100 565 0 604 100 904 0 943 100 1246 0 1284 100 1588 0 1627 100 1927 0 1965 100 2264 0 2301 100 2602 0 2641 100 2942 0 2981 100 3284 0 3322 100 3626 0 3665 100 4090 0
14 24 0 100 238 0 288 100 577 0 627 100 915 0 968 100 1256 0 1308 100 1595 0 1649 100 1934 0 1985 100 2271 0 2323 100 2608 0 2659 100 2945 0 2996 100 3281 0 3334 100 3621 0 3671 100 4090 0
15 24 0 100 255 0 304 100 597 0 646 100 938 0 987 100 1277 0 1326 100 1614 0 1663 100 1955 0 2006 100 2298 0 2348 100 2638 0 2690 100 2981 0 3030 100 3320 0 3371 100 3660 0 3712 100 4090 0
16 24 0 100 271 0 311 100 611 0 649 100 952 0 990 100 1294 0 1332 100 1634 0 1672 100 1971 0 2009 100 2308 0 2346 100 2646 0 2686 100 2990 0 3027 100 3327 0 3367 100 3670 0 3709 100 4090 0
17 24 0 100 290 0 344 100 628 0 682 100 967 0 1020 100 1302 0 1355 100 1639 0 1694 100 1980 0 2035 100 2321 0 2376 100 2660 0 2714 100 3002 0 3057 100 3343 0 3399 100 3682 0 3736 100 4090 0
18 24 0 100 306 0 336 100 643 0 676 100 986 0 1019 100 1325 0 1355 100 1666 0 1700 100 2006 0 2038 100 2348 0 2381 100 2688 0 2720 100 3028 0 3059 100 3367 0 3399 100 3707 0 3738 100 4090 0
19 24 0 100 323 0 364 100 660 0 702 100 1002 0 1043 100 1340 0 1380 100 1682 0 1723 100 2022 0 2065 100 2367 0 2407 100 2706 0 2749 100 3049 0 3092 100 3390 0 3432 100 3730 0 3771 100 4090 0

# TASKS
# Format: <task_id> <size> <num_reqs>
# Then for each requirement: <type_id> <qty>
0 0 4
 0 0
 1 0
 2 0
 3 0
1 16 4
 0 0
 1 2
 2 1
 3 0
2 15 4
 0 0
 1 2
 2 3
 3 2
3 13 4
 0 2
 1 2
 2 0
 3 2
4 8 4
 0 2
 1 1
 2 1
 3 0
5 18 4
 0 1
 1 2
 2 0
 3 0
6 12 4
 0 0
 1 1
 2 3
 3 0
7 18 4
 0 0
 1 2
 2 3
 3 0
8 19 4
 0 2
 1 3
 2 0
 3 0
9 12 4
 0 0
 1 0
 2 0
 3 2
10 10 4
 0 0
 1 2
 2 0
 3 3
11 10 4
 0 3
 1 3
 2 0
 3 3
12 8 4
 0 0
 1 3
 2 2
 3 0
13 20 4
 0 0
 1 3
 2 0
 3 2
14 18 4
 0 0
 1 3
 2 0
 3 3
15 16 4
 0 2
 1 2
 2 2
 3 1
16 13 4
 0 2
 1 1
 2 3
 3 1
17 7 4
 0 0
 1 3
 2 1
 3 2
18 5 4
 0 0
 1 0
 2 3
 3 1
19 16 4
 0 3
 1 0
 2 0
 3 0
20 18 4
 0 0
 1 3
 2 2
 3 0
21 14 4
 0 1
 1 0
 2 1
 3 3
22 1 4
 0 1
 1 0
 2 2
 3 3
23 14 4
 0 2
 1 0
 2 2
 3 1
24 13 4
 0 2
 1 0
 2 1
 3 3
25 7 4
 0 3
 1 3
 2 0
 3 3
26 19 4
 0 0
 1 2
 2 0
 3 2
27 9 4
 0 2
 1 2
 2 1
 3 0
28 19 4
 0 2
 1 0
 2 0
 3 0
29 15 4
 0 2
 1 1
 2 3
 3 2
30 13 4
 0 0
 1 0
 2 2
 3 3
31 9 4
 0 0
 1 3
 2 0
 3 2
32 14 4
 0 2
 1 3
 2 1
 3 1
33 15 4
 0 2
 1 3
 2 1
 3 1
34 8 4
 0 0
 1 1
 2 1
 3 2
35 11 4
 0 1
 1 0
 2 2
 3 0
36 13 4
 0 3
 1 3
 2 0
 3 2
37 9 4
 0 0
 1 0
 2 2
 3 1
38 19 4
 0 0
 1 2
 2 3
 3 2
39 13 4
 0 3
 1 0
 2 2
 3 0
40 11 4
 0 3
 1 0
 2 1
 3 3
41 16 4
 0 2
 1 3
 2 0
 3 1
42 10 4
 0 0
 1 0
 2 2
 3 1
43 17 4
 0 2
 1 0
 2 2
 3 3
44 19 4
 0 0
 1 3
 2 3
 3 3
45 19 4
 0 2
 1 2
 2 1
 3 3
46 4 4
 0 2
 1 3
 2 0
 3 2
47 18 4
 0 0
 1 2
 2 1
 3 1
48 5 4
 0 0
 1 2
 2 0
 3 1
49 18 4
 0 0
 1 3
 2 0
 3 0
50 20 4
 0 3
 1 0
 2 0
 3 0
51 19 4
 0 1
 1 3
 2 0
 3 0
52 16 4
 0 3
 1 1
 2 1
 3 1
53 6 4
 0 0
 1 0
 2 1
 3 0
54 10 4
 0 1
 1 0
 2 0
 3 0
55 5 4
 0 0
 1 3
 2 0
 3 2
56 12 4
 0 1
 1 0
 2 0
 3 0
57 9 4
 0 3
 1 1
 2 1
 3 0
58 3 4
 0 0
 1 2
 2 2
 3 0
59 16 4
 0 3
 1 3
 2 0
 3 2
60 3 4
 0 1
 1 0
 2 1
 3 3
61 19 4
 0 1
 1 2
 2 0
 3 0
62 4 4
 0 1
 1 3
 2 0
 3 0
63 2 4
 0 0
 1 0
 2 2
 3 2
64 5 4
 0 2
 1 3
 2 0
 3 2
65 9 4
 0 1
 1 3
 2 0
 3 0
66 4 4
 0 0
 1 1
 2 0
 3 0
67 5 4
 0 0
 1 3
 2 1
 3 0
68 7 4
 0 0
 1 3
 2 3
 3 3
69 17 4
 0 1
 1 3
 2 1
 3 3
70 15 4
 0 2
 1 1
 2 1
 3 0
71 5 4
 0 2
 1 2
 2 3
 3 2
72 2 4
 0 0
 1 3
 2 3
 3 0
73 18 4
 0 0
 1 0
 2 0
 3 2
74 4 4
 0 1
 1 0
 2 0
 3 0
75 12 4
 0 0
 1 0
 2 1
 3 3
76 20 4
 0 0
 1 2
 2 0
 3 2
77 16 4
 0 0
 1 1
 2 0
 3 0
78 9 4
 0 1
 1 0
 2 0
 3 0
79 17 4
 0 2
 1 1
 2 3
 3 1
80 9 4
 0 2
 1 2
 2 2
 3 3
81 11 4
 0 3
 1 2
 2 0
 3 0
82 2 4
 0 1
 1 3
 2 0
 3 3
83 18 4
 0 0
 1 2
 2 0
 3 0
84 10 4
 0 0
 1 0
 2 1
 3 0
85 19 4
 0 0
 1 3
 2 2
 3 3
86 5 4
 0 3
 1 3
 2 1
 3 0
87 16 4
 0 1
 1 3
 2 0
 3 1
88 6 4
 0 0
 1 1
 2 0
 3 0
89 15 4
 0 2
 1 2
 2 2
 3 2
90 4 4
 0 0
 1 3
 2 3
 3 1
91 5 4
 0 1
 1 2
 2 3
 3 2
92 1 4
 0 1
 1 2
 2 1
 3 3
93 4 4
 0 2
 1 2
 2 3
 3 0
94 1 4
 0 2
 1 0
 2 0
 3 3
95 3 4
 0 3
 1 1
 2 1
 3 0
96 16 4
 0 0
 1 0
 2 1
 3 0
97 11 4
 0 1
 1 0
 2 0
 3 0
98 15 4
 0 2
 1 2
 2 3
 3 3
99 10 4
 0 2
 1 0
 2 1
 3 2
100 14 4
 0 0
 1 0
 2 0
 3 3
101 10 4
 0 1
 1 2
 2 0
 3 3
102 1 4
 0 1
 1 0
 2 2
 3 2
103 14 4
 0 2
 1 2
 2 0
 3 0
104 17 4
 0 0
 1 1
 2 1
 3 2
105 17 4
 0 0
 1 2
 2 3
 3 0
106 20 4
 0 3
 1 1
 2 2
 3 3
107 16 4
 0 0
 1 3
 2 0
 3 1
108 20 4
 0 2
 1 1
 2 3
 3 0
109 9 4
 0 1
 1 3
 2 0
 3 2
110 7 4
 0 0
 1 0
 2 3
 3 0
111 15 4
 0 0
 1 1
 2 1
 3 3
112 6 4
 0 0
 1 0
 2 1
 3 1
113 13 4
 0 2
 1 0
 2 0
 3 2
114 13 4
 0 1
 1 0
 2 2
 3 2
115 14 4
 0 0
 1 0
 2 1
 3 0
116 14 4
 0 0
 1 2
 2 0
 3 0
117 17 4
 0 0
 1 2
 2 1
 3 2
118 6 4
 0 2
 1 2
 2 3
 3 2
119 5 4
 0 2
 1 3
 2 2
 3 1
120 13 4
 0 2
 1 1
 2 0
 3 1
121 10 4
 0 2
 1 0
 2 0
 3 2
122 7 4
 0 1
 1 0
 2 3
 3 2
123 16 4
 0 3
 1 0
 2 2
 3 0
124 6 4
 0 3
 1 2
 2 3
 3 3
125 3 4
 0 3
 1 0
 2 0
 3 0
126 4 4
 0 3
 1 2
 2 0
 3 3
127 19 4
 0 0
 1 0
 2 3
 3 2
128 17 4
 0 2
 1 0
 2 3
 3 1
129 15 4
 0 1
 1 0
 2 1
 3 2
130 7 4
 0 3
 1 0
 2 2
 3 1
131 13 4
 0 0
 1 1
 2 0
 3 2
132 20 4
 0 3
 1 0
 2 2
 3 0
133 3 4
 0 0
 1 2
 2 1
 3 3
134 16 4
 0 2
 1 2
 2 2
 3 0
135 13 4
 0 0
 1 0
 2 0
 3 1
136 7 4
 0 2
 1 0
 2 1
 3 0
137 3 4
 0 2
 1 2
 2 0
 3 0
138 7 4
 0 1
 1 1
 2 1
 3 3
139 19 4
 0 0
 1 3
 2 3
 3 0
140 5 4
 0 1
 1 1
 2 2
 3 0
141 1 4
 0 0
 1 0
 2 0
 3 3
142 17 4
 0 2
 1 3
 2 3
 3 0
143 17 4
 0 3
 1 0
 2 1
 3 0
144 16 4
 0 1
 1 3
 2 0
 3 3
145 2 4
 0 3
 1 0
 2 0
 3 1
146 9 4
 0 1
 1 0
 2 0
 3 0
147 16 4
 0 2
 1 0
 2 0
 3 1
148 13 4
 0 0
 1 0
 2 1
 3 1
149 13 4
 0 3
 1 0
 2 3
 3 2
150 10 4
 0 1
 1 1
 2 2
 3 2
151 11 4
 0 0
 1 1
 2 2
 3 0
152 13 4
 0 1
 1 0
 2 0
 3 2
153 10 4
 0 0
 1 3
 2 2
 3 3
154 3 4
 0 3
 1 3
 2 1
 3 0
155 10 4
 0 0
 1 1
 2 3
 3 0
156 5 4
 0 2
 1 0
 2 0
 3 0
157 16 4
 0 1
 1 0
 2 0
 3 3
158 10 4
 0 2
 1 0
 2 0
 3 2
159 12 4
 0 0
 1 3
 2 0
 3 2
160 7 4
 0 0
 1 2
 2 0
 3 0
161 18 4
 0 2
 1 0
 2 2
 3 3
162 12 4
 0 0
 1 0
 2 0
 3 1
163 7 4
 0 1
 1 2
 2 0
 3 3
164 16 4
 0 0
 1 2
 2 0
 3 3
165 1 4
 0 3
 1 1
 2 0
 3 0
166 13 4
 0 1
 1 3
 2 0
 3 3
167 16 4
 0 3
 1 3
 2 3
 3 3
168 14 4
 0 2
 1 1
 2 0
 3 1
169 9 4
 0 2
 1 3
 2 3
 3 0
170 12 4
 0 2
 1 1
 2 0
 3 2
171 2 4
 0 1
 1 3
 2 2
 3 0
172 6 4
 0 2
 1 0
 2 2
 3 2
173 17 4
 0 0
 1 0
 2 1
 3 0
174 6 4
 0 1
 1 0
 2 3
 3 3
175 6 4
 0 2
 1 1
 2 0
 3 0
176 2 4
 0 3
 1 0
 2 2
 3 2
177 14 4
 0 3
 1 3
 2 1
 3 3
178 18 4
 0 3
 1 0
 2 0
 3 2
179 10 4
 0 2
 1 1
 2 1
 3 1
180 14 4
 0 0
 1 0
 2 1
 3 1
181 2 4
 0 2
 1 3
 2 0
 3 0
182 18 4
 0 0
 1 1
 2 1
 3 0
183 2 4
 0 2
 1 0
 2 3
 3 0
184 16 4
 0 0
 1 1
 2 1
 3 0
185 3 4
 0 1
 1 2
 2 0
 3 2
186 18 4
 0 1
 1 2
 2 3
 3 3
187 16 4
 0 0
 1 3
 2 0
 3 0
188 18 4
 0 2
 1 0
 2 1
 3 0
189 16 4
 0 1
 1 2
 2 0
 3 2
190 12 4
 0 0
 1 3
 2 0
 3 0
191 4 4
 0 2
 1 3
 2 1
 3 2
192 6 4
 0 1
 1 0
 2 0
 3 2
193 3 4
 0 0
 1 1
 2 0
 3 0
194 12 4
 0 3
 1 0
 2 0
 3 0
195 9 4
 0 1
 1 0
 2 1
 3 0
196 13 4
 0 3
 1 0
 2 2
 3 0
197 10 4
 0 3
 1 3
 2 0
 3 0
198 10 4
 0 1
 1 0
 2 2
 3 2
199 3 4
 0 0
 1 0
 2 1
 3 1
200 19 4
 0 0
 1 0
 2 3
 3 0
201 19 4
 0 2
 1 1
 2 1
 3 3
202 1 4
 0 0
 1 2
 2 0
 3 0
203 11 4
 0 0
 1 1
 2 0
 3 0
204 2 4
 0 0
 1 3
 2 2
 3 0
205 16 4
 0 0
 1 0
 2 1
 3 1
206 2 4
 0 3
 1 1
 2 0
 3 1
207 4 4
 0 3
 1 2
 2 2
 3 1
208 6 4
 0 1
 1 2
 2 0
 3 0
209 17 4
 0 1
 1 3
 2 3
 3 0
210 6 4
 0 2
 1 3
 2 0
 3 2
211 1 4
 0 0
 1 1
 2 0
 3 1
212 5 4
 0 3
 1 2
 2 0
 3 3
213 13 4
 0 1
 1 0
 2 2
 3 0
214 11 4
 0 0
 1 1
 2 1
 3 0
215 16 4
 0 2
 1 1
 2 0
 3 1
216 2 4
 0 1
 1 1
 2 0
 3 3
217 1 4
 0 1
 1 1
 2 0
 3 0
218 15 4
 0 0
 1 2
 2 1
 3 0
219 12 4
 0 3
 1 2
 2 2
 3 2
220 16 4
 0 3
 1 2
 2 0
 3 0
221 6 4
 0 1
 1 0
 2 0
 3 0
222 3 4
 0 0
 1 1
 2 0
 3 1
223 6 4
 0 0
 1 0
 2 1
 3 3
224 16 4
 0 2
 1 1
 2 0
 3 1
225 14 4
 0 1
 1 1
 2 1
 3 3
226 3 4
 0 1
 1 0
 2 0
 3 2
227 3 4
 0 0
 1 0
 2 1
 3 0
228 17 4
 0 1
 1 1
 2 3
 3 3
229 18 4
 0 1
 1 2
 2 3
 3 1
230 8 4
 0 3
 1 1
 2 0
 3 3
231 16 4
 0 0
 1 0
 2 0
 3 3
232 15 4
 0 0
 1 0
 2 0
 3 2
233 5 4
 0 3
 1 0
 2 3
 3 2
234 3 4
 0 3
 1 3
 2 3
 3 0
235 11 4
 0 0
 1 3
 2 2
 3 0
236 8 4
 0 2
 1 2
 2 0
 3 0
237 12 4
 0 0
 1 0
 2 3
 3 0
238 4 4
 0 1
 1 0
 2 0
 3 2
239 8 4
 0 3
 1 0
 2 0
 3 0
240 20 4
 0 3
 1 0
 2 0
 3 2
241 5 4
 0 0
 1 2
 2 0
 3 0
242 11 4
 0 3
 1 0
 2 3
 3 2
243 18 4
 0 1
 1 2
 2 3
 3 3
244 4 4
 0 0
 1 3
 2 2
 3 2
245 14 4
 0 1
 1 3
 2 0
 3 0
246 12 4
 0 0
 1 2
 2 0
 3 0
247 1 4
 0 3
 1 2
 2 3
 3 0
248 10 4
 0 0
 1 0
 2 1
 3 2
249 3 4
 0 0
 1 0
 2 2
 3 0
250 17 4
 0 0
 1 0
 2 2
 3 2
251 15 4
 0 1
 1 3
 2 0
 3 0
252 10 4
 0 0
 1 1
 2 0
 3 3
253 16 4
 0 2
 1 3
 2 1
 3 0
254 7 4
 0 3
 1 0
 2 0
 3 0
255 4 4
 0 1
 1 3
 2 0
 3 0
256 12 4
 0 0
 1 1
 2 2
 3 2
257 12 4
 0 3
 1 3
 2 0
 3 0
258 16 4
 0 0
 1 1
 2 0
 3 3
259 16 4
 0 0
 1 3
 2 0
 3 1
260 13 4
 0 0
 1 2
 2 2
 3 1
261 20 4
 0 0
 1 2
 2 1
 3 0
262 16 4
 0 3
 1 3
 2 2
 3 0
263 10 4
 0 2
 1 3
 2 2
 3 1
264 6 4
 0 2
 1 1
 2 0
 3 0
265 1 4
 0 3
 1 0
 2 1
 3 1
266 19 4
 0 1
 1 0
 2 0
 3 1
267 12 4
 0 0
 1 0
 2 1
 3 0
268 18 4
 0 1
 1 1
 2 2
 3 1
269 8 4
 0 0
 1 0
 2 0
 3 1
270 9 4
 0 0
 1 0
 2 3
 3 2
271 3 4
 0 2
 1 3
 2 2
 3 1
272 8 4
 0 0
 1 3
 2 2
 3 0
273 3 4
 0 1
 1 3
 2 2
 3 0
274 8 4
 0 0
 1 2
 2 0
 3 0
275 1 4
 0 0
 1 0
 2 1
 3 0
276 3 4
 0 3
 1 0
 2 0
 3 3
277 6 4
 0 0
 1 1
 2 3
 3 1
278 5 4
 0 3
 1 3
 2 2
 3 3
279 19 4
 0 1
 1 0
 2 1
 3 0
280 7 4
 0 2
 1 3
 2 0
 3 0
281 13 4
 0 0
 1 3
 2 2
 3 0
282 13 4
 0 0
 1 0
 2 1
 3 0
283 9 4
 0 1
 1 0
 2 0
 3 1
284 1 4
 0 3
 1 2
 2 3
 3 1
285 8 4
 0 3
 1 1
 2 0
 3 0
286 4 4
 0 0
 1 0
 2 1
 3 0
287 1 4
 0 0
 1 1
 2 1
 3 3
288 17 4
 0 2
 1 0
 2 2
 3 2
289 14 4
 0 0
 1 2
 2 2
 3 0
290 8 4
 0 0
 1 2
 2 0
 3 1
291 12 4
 0 0
 1 0
 2 2
 3 1
292 5 4
 0 3
 1 0
 2 2
 3 1
293 20 4
 0 3
 1 1
 2 0
 3 3
294 8 4
 0 1
 1 2
 2 2
 3 0
295 10 4
 0 2
 1 0
 2 0
 3 0
296 11 4
 0 3
 1 3
 2 3
 3 2
297 13 4
 0 0
 1 0
 2 1
 3 0
298 12 4
 0 1
 1 2
 2 1
 3 0
299 11 4
 0 3
 1 2
 2 1
 3 2
300 14 4
 0 3
 1 0
 2 1
 3 1
301 15 4
 0 1
 1 2
 2 1
 3 3
302 5 4
 0 1
 1 0
 2 2
 3 3
303 17 4
 0 2
 1 3
 2 2
 3 1
304 15 4
 0 2
 1 1
 2 1
 3 2
305 9 4
 0 3
 1 0
 2 1
 3 0
306 12 4
 0 0
 1 3
 2 1
 3 0
307 11 4
 0 0
 1 0
 2 2
 3 2
308 8 4
 0 1
 1 3
 2 2
 3 3
309 17 4
 0 2
 1 0
 2 2
 3 0
310 10 4
 0 1
 1 3
 2 3
 3 1
311 8 4
 0 0
 1 2
 2 1
 3 2
312 1 4
 0 1
 1 0
 2 2
 3 2
313 9 4
 0 3
 1 3
 2 0
 3 3
314 13 4
 0 2
 1 2
 2 3
 3 1
315 20 4
 0 2
 1 2
 2 1
 3 0
316 8 4
 0 1
 1 2
 2 3
 3 1
317 4 4
 0 0
 1 3
 2 1
 3 0
318 14 4
 0 2
 1 2
 2 1
 3 2
319 12 4
 0 3
 1 3
 2 0
 3 0
320 10 4
 0 2
 1 2
 2 0
 3 3
321 14 4
 0 2
 1 0
 2 3
 3 2
322 2 4
 0 2
 1 1
 2 0
 3 2
323 12 4
 0 2
 1 1
 2 0
 3 3
324 7 4
 0 1
 1 0
 2 0
 3 1
325 2 4
 0 2
 1 3
 2 0
 3 0
326 1 4
 0 1
 1 0
 2 0
 3 0
327 19 4
 0 0
 1 2
 2 0
 3 0
328 14 4
 0 0
 1 0
 2 3
 3 1
329 7 4
 0 0
 1 1
 2 1
 3 3
330 3 4
 0 0
 1 2
 2 0
 3 2
331 2 4
 0 1
 1 0
 2 2
 3 0
332 17 4
 0 0
 1 3
 2 2
 3 2
333 7 4
 0 0
 1 2
 2 0
 3 2
334 8 4
 0 0
 1 2
 2 1
 3 0
335 2 4
 0 1
 1 1
 2 3
 3 0
336 13 4
 0 0
 1 0
 2 0
 3 1
337 16 4
 0 2
 1 2
 2 1
 3 3
338 18 4
 0 3
 1 0
 2 3
 3 0
339 3 4
 0 2
 1 0
 2 2
 3 2
340 16 4
 0 0
 1 2
 2 0
 3 0
341 3 4
 0 1
 1 1
 2 0
 3 2
342 20 4
 0 2
 1 0
 2 3
 3 2
343 9 4
 0 1
 1 3
 2 2
 3 3
344 3 4
 0 1
 1 2
 2 2
 3 1
345 16 4
 0 2
 1 2
 2 3
 3 1
346 1 4
 0 0
 1 0
 2 1
 3 1
347 1 4
 0 0
 1 1
 2 2
 3 0
348 13 4
 0 0
 1 0
 2 3
 3 2
349 18 4
 0 2
 1 1
 2 0
 3 2
350 6 4
 0 3
 1 2
 2 3
 3 3
351 20 4
 0 3
 1 0
 2 2
 3 3
352 3 4
 0 2
 1 1
 2 0
 3 2
353 19 4
 0 0
 1 3
 2 0
 3 1
354 5 4
 0 1
 1 0
 2 0
 3 3
355 10 4
 0 2
 1 0
 2 0
 3 2
356 8 4
 0 0
 1 1
 2 0
 3 1
357 8 4
 0 0
 1 3
 2 1
 3 0
358 18 4
 0 1
 1 2
 2 0
 3 0
359 8 4
 0 2
 1 0
 2 1
 3 0
360 10 4
 0 2
 1 2
 2 0
 3 1
361 4 4
 0 1
 1 0
 2 1
 3 0
362 17 4
 0 3
 1 3
 2 1
 3 3
363 18 4
 0 2
 1 3
 2 1
 3 1
364 12 4
 0 1
 1 0
 2 1
 3 3
365 9 4
 0 2
 1 1
 2 2
 3 3
366 4 4
 0 1
 1 0
 2 0
 3 0
367 9 4
 0 2
 1 3
 2 1
 3 1
368 15 4
 0 2
 1 0
 2 0
 3 0
369 12 4
 0 0
 1 2
 2 0
 3 3
370 7 4
 0 2
 1 2
 2 0
 3 2
371 15 4
 0 2
 1 0
 2 2
 3 0
372 12 4
 0 3
 1 0
 2 0
 3 3
373 13 4
 0 1
 1 0
 2 1
 3 1
374 10 4
 0 0
 1 0
 2 1
 3 0
375 5 4
 0 0
 1 0
 2 0
 3 1
376 4 4
 0 3
 1 0
 2 2
 3 0
377 4 4
 0 1
 1 0
 2 1
 3 2
378 8 4
 0 1
 1 0
 2 0
 3 0
379 1 4
 0 0
 1 0
 2 0
 3 1
380 20 4
 0 3
 1 0
 2 3
 3 3
381 19 4
 0 0
 1 1
 2 2
 3 3
382 17 4
 0 3
 1 2
 2 0
 3 0
383 4 4
 0 2
 1 2
 2 1
 3 0
384 17 4
 0 0
 1 3
 2 1
 3 0
385 18 4
 0 1
 1 0
 2 0
 3 0
386 5 4
 0 0
 1 3
 2 1
 3 2
387 10 4
 0 0
 1 2
 2 0
 3 3
388 18 4
 0 1
 1 3
 2 2
 3 0
389 16 4
 0 0
 1 1
 2 1
 3 2
390 4 4
 0 0
 1 0
 2 2
 3 2
391 4 4
 0 0
 1 2
 2 1
 3 1
392 10 4
 0 0
 1 0
 2 3
 3 0
393 13 4
 0 2
 1 1
 2 0
 3 0
394 20 4
 0 0
 1 1
 2 3
 3 0
395 12 4
 0 1
 1 2
 2 0
 3 0
396 6 4
 0 2
 1 0
 2 3
 3 0
397 2 4
 0 1
 1 0
 2 0
 3 1
398 9 4
 0 2
 1 0
 2 0
 3 0
399 14 4
 0 3
 1 0
 2 3
 3 0
400 12 4
 0 2
 1 1
 2 0
 3 2
401 7 4
 0 2
 1 1
 2 0
 3 2
402 15 4
 0 2
 1 0
 2 0
 3 3
403 16 4
 0 1
 1 2
 2 0
 3 2
404 12 4
 0 0
 1 1
 2 0
 3 0
405 1 4
 0 0
 1 1
 2 3
 3 2
406 2 4
 0 3
 1 0
 2 3
 3 2
407 20 4
 0 0
 1 0
 2 0
 3 1
408 15 4
 0 0
 1 1
 2 2
 3 1
409 17 4
 0 0
 1 1
 2 0
 3 3
410 16 4
 0 3
 1 0
 2 1
 3 0
411 11 4
 0 0
 1 0
 2 1
 3 0
412 10 4
 0 1
 1 0
 2 3
 3 1
413 4 4
 0 1
 1 0
 2 2
 3 0
414 2 4
 0 3
 1 3
 2 0
 3 1
415 0 4
 0 0
 1 0
 2 0
 3 0

# PRECEDENCES
2470
0 2
0 4
0 7
0 9
0 14
0 21
0 23
0 27
0 32
0 33
0 35
0 37
0 50
0 60
0 62
0 68
0 70
0 74
0 75
0 76
0 77
0 82
0 85
0 88
0 95
0 99
0 104
0 108
0 113
0 121
0 122
0 125
0 128
0 131
0 133
0 140
0 143
0 150
0 156
0 158
0 162
0 168
0 177
0 181
0 183
0 184
0 188
0 191
0 200
0 202
0 204
0 208
0 210
0 212
0 213
0 215
0 219
0 222
0 224
0 235
0 238
0 240
0 242
0 259
0 265
0 272
0 276
0 278
0 279
0 280
0 281
0 282
0 289
0 294
0 298
0 300
0 303
0 308
0 314
0 321
0 331
0 334
0 342
0 344
0 346
0 347
0 349
0 352
0 356
0 362
0 368
0 371
0 374
0 375
0 381
0 385
0 386
0 387
0 389
0 395
0 409
0 410
0 414
1 119
1 124
1 146
1 236
1 237
1 339
1 351
1 397
2 107
2 187
2 221
2 225
2 288
3 415
4 26
4 66
4 84
4 247
4 269
4 273
4 337
5 237
5 296
5 357
5 384
6 18
6 56
6 118
6 124
7 14
7 61
7 74
7 102
7 190
7 252
7 256
7 354
8 55
8 91
8 96
8 102
8 186
8 198
9 99
9 176
9 220
9 239
9 299
9 319
9 366
9 392
10 67
10 94
10 192
10 254
10 297
10 323
11 415
12 112
12 127
12 157
12 171
12 229
12 335
13 38
13 165
13 225
13 256
13 274
13 299
13 315
13 340
14 290
14 292
14 320
14 329
14 399
15 17
15 18
15 56
15 249
15 264
15 309
16 54
16 147
16 153
16 154
16 163
16 164
16 377
16 411
17 56
17 165
17 264
17 360
17 393
18 415
19 112
19 126
19 130
19 141
19 322
19 393
20 63
20 86
20 226
20 296
20 360
21 41
21 61
21 94
21 179
21 187
21 243
21 262
21 407
22 10
22 206
22 209
22 275
22 306
23 18
23 71
23 186
23 379
23 397
24 90
24 118
24 127
24 196
24 205
25 28
25 59
25 115
25 320
25 369
25 405
25 407
26 10
26 43
26 84
26 205
26 223
26 234
26 284
27 3
27 132
27 179
27 193
27 342
27 387
28 56
28 111
28 223
28 277
28 285
28 304
28 380
29 24
29 56
29 114
29 234
29 251
29 266
29 317
30 73
30 283
30 297
30 403
31 3
31 12
31 182
31 332
32 2
32 3
32 15
32 111
33 13
33 66
33 117
33 204
33 384
33 395
33 397
34 56
34 66
34 90
34 129
34 171
35 93
35 172
35 263
35 353
36 63
36 84
36 103
36 117
36 268
36 296
36 339
36 359
37 133
37 135
37 201
37 380
38 119
38 126
38 138
38 161
38 203
38 229
38 364
38 407
39 56
39 134
39 250
39 255
39 292
40 38
40 52
40 106
40 193
40 266
40 365
41 52
41 130
41 147
41 164
41 382
42 254
42 256
42 324
42 351
43 46
43 118
43 155
43 161
43 192
43 205
43 369
44 18
44 59
44 106
44 114
44 152
45 135
45 141
45 175
45 182
45 220
45 365
46 15
46 18
46 78
46 119
46 152
46 365
46 380
47 132
47 157
47 205
47 323
48 61
48 120
48 164
48 221
48 236
48 256
48 260
48 283
49 8
49 20
49 201
49 316
50 28
50 115
50 183
50 306
50 325
50 353
50 376
51 28
51 67
51 229
51 366
52 64
52 66
52 205
52 229
52 237
53 73
53 116
53 126
53 257
53 258
53 315
53 372
53 405
54 120
54 185
54 192
54 239
54 335
54 345
54 350
55 24
55 61
55 218
55 317
55 382
56 415
57 415
58 130
58 135
58 223
58 264
58 325
58 350
58 357
58 393
59 3
59 90
59 129
59 165
59 256
59 309
59 350
59 360
60 169
60 193
60 234
60 412
61 112
61 159
61 296
61 304
61 360
61 363
62 163
62 230
62 292
62 322
62 390
63 6
63 115
63 264
63 366
64 83
64 127
64 132
64 147
64 192
64 306
64 340
64 393
65 67
65 147
65 166
65 399
66 57
66 134
66 223
66 357
66 405
67 112
67 135
67 295
67 296
68 29
68 136
68 215
68 293
69 10
69 12
69 66
69 297
69 302
69 328
69 399
70 24
70 83
70 322
70 350
70 358
70 373
70 392
70 413
71 1
71 182
71 249
71 271
71 277
72 5
72 11
72 64
72 107
72 190
72 209
72 234
72 317
73 3
73 57
73 264
73 306
73 360
73 393
74 15
74 129
74 146
74 209
74 244
74 340
74 397
74 406
75 11
75 72
75 164
75 165
75 261
75 273
75 355
75 372
76 12
76 127
76 147
76 239
76 241
76 391
77 52
77 139
77 142
77 248
77 301
77 335
77 376
78 114
78 118
78 155
78 229
78 275
78 295
78 367
79 17
79 90
79 138
79 179
79 216
79 217
79 306
79 313
80 132
80 136
80 203
80 251
80 384
81 102
81 251
81 324
81 360
81 364
82 1
82 87
82 119
82 122
82 129
82 226
82 257
82 288
83 11
83 106
83 229
83 236
83 295
83 367
84 67
84 90
84 115
84 157
84 372
84 380
85 6
85 52
85 93
85 111
86 129
86 256
86 348
86 367
87 24
87 66
87 127
87 129
87 159
87 192
87 196
87 232
88 66
88 94
88 101
88 129
88 148
88 214
88 261
88 406
89 45
89 160
89 223
89 325
90 415
91 39
91 66
91 102
91 147
91 317
92 79
92 81
92 171
92 274
92 275
92 305
93 138
93 227
93 333
93 357
94 11
94 59
94 115
94 130
94 155
94 249
94 256
94 363
95 209
95 290
95 351
95 404
96 98
96 170
96 237
96 293
96 407
97 6
97 28
97 64
97 90
97 106
97 221
97 290
98 1
98 53
98 110
98 135
98 190
98 230
98 355
99 18
99 93
99 135
99 251
100 13
100 103
100 148
100 217
100 228
100 367
100 388
101 102
101 124
101 134
101 285
102 84
102 196
102 292
102 350
102 365
103 26
103 42
103 46
103 56
103 147
103 236
103 237
103 315
104 29
104 59
104 151
104 376
105 137
105 141
105 144
105 241
106 57
106 114
106 129
106 306
106 325
106 360
106 369
107 120
107 135
107 165
107 167
107 171
107 237
107 264
107 329
108 56
108 69
108 109
108 112
108 157
108 189
108 230
108 287
109 245
109 258
109 312
109 345
109 393
110 11
110 18
110 59
110 138
110 236
110 275
110 325
111 83
111 119
111 157
111 159
111 174
111 295
111 360
111 363
112 90
112 119
112 124
112 236
112 249
112 309
112 325
112 369
113 255
113 258
113 293
113 335
114 415
115 3
115 59
115 138
115 236
115 264
115 275
115 309
115 325
116 106
116 196
116 266
116 295
116 351
117 15
117 42
117 124
117 271
117 357
117 377
118 56
118 90
118 129
118 264
118 325
119 11
119 129
119 249
119 275
120 78
120 119
120 126
120 258
120 266
120 384
121 86
121 116
121 185
121 221
121 253
121 328
122 14
122 159
122 321
122 333
123 89
123 225
123 250
123 257
123 286
124 3
124 11
124 114
124 256
124 275
124 350
124 393
125 4
125 66
125 97
125 149
125 207
125 221
125 292
125 304
126 11
126 56
126 78
126 115
127 15
127 130
127 138
127 155
127 229
127 341
127 405
128 39
128 83
128 119
128 241
128 278
128 333
128 381
128 396
129 415
130 56
130 57
130 90
130 114
130 275
130 360
131 47
131 55
131 71
131 96
131 301
132 115
132 138
132 152
132 254
132 264
132 309
132 380
133 22
133 115
133 197
133 234
133 255
133 328
133 365
134 11
134 90
134 264
134 275
135 18
135 57
135 236
135 367
136 223
136 227
136 295
136 296
136 297
136 335
136 357
136 407
137 24
137 97
137 147
137 163
137 179
137 292
138 165
138 249
138 325
138 360
138 369
138 393
139 130
139 157
139 199
139 284
139 311
139 384
140 54
140 58
140 158
140 216
140 235
140 285
140 348
140 406
141 3
141 10
141 11
141 135
141 163
141 257
142 26
142 119
142 249
142 283
142 378
142 407
143 18
143 61
143 94
143 116
143 178
143 179
143 286
143 397
144 24
144 54
144 203
144 268
144 348
145 58
145 116
145 205
145 234
145 324
145 360
146 90
146 135
146 190
146 192
146 312
146 325
146 405
147 129
147 138
147 306
147 309
147 341
147 367
148 58
148 110
148 111
148 134
148 155
148 193
148 393
149 29
149 34
149 54
149 119
150 75
150 154
150 211
150 256
150 400
151 3
151 38
151 52
151 246
151 253
151 254
151 327
151 355
152 106
152 155
152 157
152 165
152 229
152 309
152 393
153 24
153 34
153 67
153 90
153 277
153 284
153 383
153 398
154 59
154 114
154 254
154 304
154 323
154 363
154 367
154 393
155 129
155 256
155 275
155 325
155 393
156 48
156 83
156 106
156 138
156 204
156 225
156 343
156 392
157 3
157 56
157 129
157 275
157 350
158 10
158 19
158 41
158 73
158 206
158 317
158 340
159 134
159 138
159 236
159 256
159 306
160 17
160 132
160 211
160 234
160 323
161 94
161 118
161 124
161 152
161 251
161 257
161 350
161 351
162 165
162 181
162 183
162 257
163 165
163 174
163 249
163 380
164 30
164 159
164 203
164 230
164 249
164 264
164 269
164 290
165 415
166 266
166 295
166 367
166 393
167 28
167 30
167 111
167 403
168 59
168 106
168 247
168 260
168 318
169 83
169 107
169 154
169 159
170 129
170 220
170 251
170 319
170 396
170 412
171 11
171 90
171 165
171 275
171 309
171 350
172 87
172 103
172 163
172 229
172 237
172 269
172 328
172 354
173 5
173 47
173 102
173 117
173 274
173 291
173 341
174 57
174 59
174 155
174 256
174 341
175 6
175 83
175 84
175 229
175 271
175 369
175 383
176 157
176 226
176 283
176 354
176 413
177 118
177 178
177 186
177 359
177 392
178 45
178 110
178 142
178 149
178 231
179 19
179 42
179 174
179 220
179 257
180 58
180 110
180 136
180 146
180 171
180 203
180 255
180 264
181 102
181 109
181 325
181 332
182 115
182 124
182 147
182 165
182 236
182 309
182 363
183 12
183 80
183 157
183 185
183 213
183 293
184 134
184 226
184 338
184 384
185 18
185 83
185 112
185 119
185 141
185 164
185 309
185 348
186 135
186 138
186 223
186 295
187 146
187 147
187 251
187 302
187 312
188 16
188 43
188 192
188 266
188 358
188 370
189 1
189 65
189 71
189 120
189 209
189 283
189 291
190 11
190 106
190 112
190 129
190 166
190 174
190 249
190 351
191 96
191 147
191 164
191 251
191 262
191 339
192 90
192 159
192 236
192 296
193 3
193 152
193 256
193 277
193 304
193 337
194 52
194 118
194 126
194 257
194 369
194 407
195 1
195 102
195 114
195 203
195 306
195 325
195 338
196 157
196 171
196 325
196 369
196 405
197 5
197 129
197 130
197 332
198 63
198 299
198 335
198 397
199 12
199 51
199 57
199 129
199 317
199 360
200 52
200 190
200 249
200 261
200 378
200 412
201 164
201 299
201 326
201 357
201 411
202 29
202 80
202 133
202 283
202 309
203 17
203 138
203 229
203 285
203 296
203 351
203 357
203 407
204 75
204 118
204 145
204 151
204 165
204 237
204 299
204 345
205 66
205 115
205 132
205 159
205 254
206 136
206 161
206 233
206 250
206 297
206 341
206 350
207 44
207 57
207 66
207 129
207 266
207 320
207 332
208 152
208 197
208 228
208 337
209 17
209 28
209 38
209 58
209 116
209 246
209 275
210 41
210 48
210 147
210 184
210 193
210 351
211 3
211 111
211 114
211 196
211 405
212 30
212 45
212 141
212 277
212 297
212 312
212 335
212 338
213 73
213 110
213 170
213 297
214 25
214 34
214 234
214 302
214 306
214 328
215 58
215 73
215 74
215 195
215 220
215 258
215 291
216 44
216 247
216 249
216 327
216 367
217 102
217 111
217 152
217 220
217 316
217 322
217 401
218 5
218 46
218 48
218 124
218 185
218 269
218 380
218 382
219 139
219 141
219 155
219 206
219 228
219 324
219 346
220 56
220 112
220 166
220 167
220 182
220 312
220 363
221 11
221 17
221 84
221 159
221 161
221 232
222 205
222 236
222 277
222 302
223 3
223 11
223 56
223 157
223 295
223 325
224 46
224 52
224 90
224 112
224 203
224 284
224 363
225 94
225 106
225 157
225 295
225 324
226 3
226 17
226 115
226 152
226 283
226 340
226 348
226 393
227 106
227 114
227 196
227 320
228 26
228 57
228 59
228 161
228 196
228 251
228 296
228 309
229 114
229 165
229 369
229 393
230 126
230 134
230 205
230 249
230 341
230 363
230 399
231 55
231 81
231 164
231 225
231 293
231 382
231 404
232 116
232 161
232 237
232 295
233 11
233 297
233 351
233 365
234 78
234 116
234 138
234 211
234 268
234 324
234 365
234 403
235 160
235 197
235 243
235 291
235 293
235 313
235 395
235 406
236 56
236 114
236 165
236 249
236 264
236 275
236 325
236 360
237 56
237 114
237 165
237 249
237 256
237 266
237 393
238 73
238 159
238 179
238 246
238 335
239 15
239 129
239 226
239 365
240 36
240 41
240 48
240 80
240 100
240 193
241 26
241 28
241 102
241 193
241 332
241 363
241 365
241 388
242 24
242 252
242 256
242 327
242 412
243 94
243 126
243 209
243 268
243 330
243 338
244 17
244 28
244 38
244 90
244 118
244 141
244 211
244 351
245 56
245 154
245 175
245 211
245 233
245 234
245 288
245 296
246 112
246 269
246 288
246 312
246 325
246 350
246 405
247 17
247 30
247 138
247 166
247 341
247 363
247 393
248 49
248 211
248 245
248 258
248 286
249 415
250 18
250 57
250 58
250 59
250 167
250 223
251 59
251 106
251 124
251 130
251 155
251 266
251 275
251 360
252 28
252 42
252 135
252 396
253 12
253 163
253 233
253 322
253 403
254 3
254 18
254 59
254 119
254 266
254 295
254 309
254 340
255 115
255 130
255 233
255 296
255 322
255 360
255 372
256 415
257 3
257 15
257 56
257 166
257 351
258 11
258 17
258 73
258 166
259 10
259 66
259 91
259 132
259 236
259 402
260 24
260 34
260 233
260 249
261 225
261 332
261 348
261 393
262 254
262 290
262 320
262 322
263 65
263 155
263 157
263 307
263 328
263 359
264 415
265 30
265 127
265 202
265 361
266 18
266 56
266 90
266 249
266 256
266 275
267 93
267 94
267 114
267 195
267 244
267 269
267 327
267 335
268 6
268 73
268 157
268 306
268 365
268 407
269 94
269 165
269 190
269 223
269 275
269 277
269 309
269 369
270 24
270 41
270 130
270 132
270 179
270 324
270 359
271 115
271 127
271 152
271 196
271 257
271 357
272 59
272 243
272 264
272 269
272 286
272 304
272 351
272 404
273 17
273 42
273 119
273 174
273 229
273 249
273 309
273 354
274 109
274 135
274 155
274 243
274 322
274 379
275 415
276 173
276 176
276 198
276 267
276 355
276 400
277 73
277 157
277 236
277 256
277 264
277 295
277 306
277 340
278 154
278 184
278 307
278 322
278 413
279 24
279 91
279 154
279 379
280 58
280 71
280 72
280 127
280 134
280 145
280 194
280 262
281 31
281 130
281 147
281 176
281 198
281 253
281 367
282 41
282 44
282 55
282 101
282 106
282 156
282 375
283 115
283 147
283 166
283 171
283 190
284 56
284 59
284 118
284 135
284 309
285 118
285 119
285 138
285 171
285 264
285 309
286 11
286 12
286 26
286 87
286 120
286 147
286 317
286 345
287 51
287 197
287 205
287 301
287 309
287 343
288 15
288 114
288 165
288 285
288 325
288 380
289 1
289 247
289 268
289 400
290 90
290 94
290 203
290 227
290 268
290 297
290 372
291 46
291 286
291 336
291 350
291 383
292 15
292 114
292 130
292 132
292 372
292 405
293 24
293 110
293 138
293 141
293 234
293 284
293 393
293 412
294 4
294 23
294 171
294 227
294 241
294 270
294 338
295 18
295 57
295 90
295 114
295 306
295 309
295 360
296 73
296 114
296 118
296 138
296 341
296 369
297 57
297 66
297 106
297 360
298 137
298 175
298 186
298 407
299 30
299 53
299 73
299 159
299 180
299 268
299 302
299 338
300 10
300 97
300 147
300 168
300 230
300 302
300 319
301 117
301 187
301 205
301 253
301 341
301 359
301 403
302 260
302 324
302 330
302 355
302 367
302 399
303 148
303 189
303 326
303 345
304 78
304 118
304 119
304 134
304 229
305 67
305 94
305 105
305 106
305 148
305 372
305 398
306 415
307 83
307 169
307 233
307 377
308 117
308 118
308 186
308 209
308 377
309 415
310 3
310 40
310 41
310 98
310 115
310 193
310 309
311 38
311 223
311 307
311 369
311 396
311 402
312 90
312 249
312 337
312 367
312 407
313 25
313 106
313 132
313 255
313 323
313 372
313 407
314 5
314 26
314 192
314 228
314 349
314 354
315 127
315 155
315 220
315 249
315 367
315 384
316 164
316 256
316 273
316 296
316 309
316 383
316 384
317 24
317 147
317 192
317 244
317 285
318 83
318 118
318 146
318 148
318 167
318 174
318 250
319 157
319 232
319 233
319 268
319 304
319 315
320 106
320 110
320 124
320 147
320 190
320 275
320 277
321 154
321 223
321 229
321 234
321 277
322 64
322 249
322 285
322 296
322 297
322 309
323 134
323 147
323 155
323 157
323 171
323 306
323 369
323 405
324 90
324 106
324 112
324 192
324 257
324 275
325 415
326 43
326 103
326 141
326 379
327 145
327 166
327 220
327 236
327 359
328 66
328 110
328 161
328 195
328 246
328 269
329 64
329 115
329 119
329 237
330 17
330 64
330 115
330 132
330 325
330 407
331 91
331 152
331 178
331 186
331 352
331 410
332 106
332 155
332 196
332 285
333 56
333 117
333 119
333 203
333 249
333 283
333 354
334 111
334 152
334 229
334 378
334 392
334 413
335 102
335 120
335 174
335 193
335 227
335 275
335 306
335 366
336 114
336 116
336 147
336 159
336 203
337 18
337 229
337 236
337 295
338 61
338 203
338 234
338 246
339 46
339 56
339 111
339 171
339 205
339 223
340 11
340 18
340 114
340 249
340 306
340 369
340 393
341 11
341 57
341 90
341 129
341 264
341 275
341 309
342 11
342 59
342 225
342 335
342 336
342 383
343 117
343 123
343 192
343 246
344 40
344 103
344 142
344 148
344 252
345 58
345 64
345 102
345 283
345 397
346 19
346 24
346 99
346 241
347 121
347 134
347 313
347 372
348 78
348 111
348 157
348 304
348 350
348 369
349 10
349 56
349 66
349 211
350 415
351 3
351 106
351 155
351 171
351 256
351 266
351 309
352 18
352 42
352 244
352 252
352 324
352 377
352 384
352 401
353 151
353 249
353 377
353 403
354 90
354 116
354 190
354 251
354 264
355 18
355 65
355 90
355 127
355 239
355 264
355 360
356 5
356 141
356 169
356 202
356 255
356 314
356 342
356 396
357 90
357 130
357 171
357 295
357 325
357 341
358 11
358 55
358 110
358 236
358 243
358 351
358 383
358 396
359 61
359 141
359 190
359 388
360 415
361 61
361 111
361 220
361 328
361 333
361 354
362 92
362 180
362 196
362 258
362 262
362 337
362 361
362 401
363 18
363 130
363 249
363 325
364 3
364 111
364 152
364 236
364 264
364 277
365 90
365 118
365 124
365 229
365 350
366 6
366 171
366 192
366 229
367 18
367 57
367 129
367 165
367 249
367 264
367 309
368 1
368 51
368 105
368 332
368 394
368 408
369 415
370 134
370 145
370 148
370 325
371 64
371 120
371 136
371 193
371 241
371 317
371 363
372 15
372 73
372 147
372 159
372 285
372 295
372 325
373 65
373 117
373 151
373 170
373 270
373 365
374 110
374 112
374 136
374 213
374 246
374 275
374 363
375 67
375 187
375 222
375 297
375 324
375 393
376 83
376 146
376 211
376 254
376 333
376 341
377 46
377 52
377 171
377 211
377 249
377 283
377 335
378 48
378 67
378 73
378 247
378 332
379 159
379 160
379 209
379 255
379 268
379 339
380 134
380 165
380 295
380 350
381 3
381 30
381 83
381 106
381 158
381 169
381 230
381 337
382 5
382 116
382 192
382 322
382 324
383 15
383 129
383 161
383 171
383 275
384 67
384 129
384 132
384 152
384 257
384 304
384 350
385 21
385 54
385 98
385 115
385 341
386 55
386 138
386 268
386 400
387 116
387 134
387 138
387 154
387 252
387 361
387 377
388 157
388 211
388 256
388 304
388 405
389 114
389 165
389 218
389 230
389 241
389 253
389 290
389 322
390 45
390 232
390 237
390 256
390 296
390 299
390 363
391 43
391 110
391 257
391 266
391 340
391 351
392 83
392 102
392 126
392 170
392 358
392 393
392 394
393 415
394 44
394 221
394 264
394 319
395 67
395 75
395 151
395 232
395 348
396 146
396 337
396 338
396 382
397 52
397 64
397 110
397 257
397 329
398 22
398 132
398 182
398 307
398 355
398 390
399 78
399 83
399 110
399 114
399 135
399 155
399 254
399 367
400 28
400 83
400 134
400 148
400 399
401 5
401 120
401 182
401 209
401 275
402 182
402 258
402 266
402 372
402 382
403 83
403 115
403 157
403 165
403 166
403 306
403 351
404 22
404 94
404 216
404 234
405 56
405 114
405 129
405 171
405 393
406 80
406 146
406 155
406 180
406 203
406 283
407 118
407 152
407 174
407 254
408 226
408 257
408 258
408 269
408 412
409 86
409 127
409 164
409 174
409 260
409 291
409 310
410 54
410 78
410 129
410 175
410 233
411 57
411 81
411 132
411 144
411 293
411 312
411 360
411 366
412 127
412 141
412 255
412 354
412 363
413 71
413 207
413 296
413 318
413 326
413 377
413 399
414 236
414 237
414 255
414 274
414 291
414 346
414 351
