# Tier 7 (Very Large) - Instance 80
# Generated with config: N=438, K=4, topology=grid, calendar=random

# HEADER: <num_tasks> <num_types> <num_units>
440 4 24

# RESOURCE TYPES
# Format: <type_id> <num_units> <unit_id1> <unit_id2> ...
0 7 0 1 2 3 4 5 6
1 6 7 8 9 10 11 12
2 6 13 14 15 16 17 18
3 5 19 20 21 22 23

# RESOURCE UNITS (Calendars)
# Format: <unit_id> <num_steps> <t1> <v1> <t2> <v2> ...
0 30 0 0 14 100 294 0 303 100 435 0 444 100 614 0 618 100 685 0 701 100 875 0 879 100 970 0 989 100 1101 0 1115 100 1237 0 1256 100 1534 0 1538 100 1607 0 1629 100 1903 0 1922 100 2001 0 2004 100 2116 0 2134 100 2396 0 4561 0
1 30 0 100 55 0 75 100 351 0 356 100 594 0 601 100 665 0 676 100 876 0 893 100 1166 0 1189 100 1354 0 1377 100 1607 0 1627 100 1732 0 1734 100 1789 0 1792 100 2027 0 2035 100 2223 0 2230 100 2398 0 2401 100 2526 0 2540 100 4561 0
2 30 0 0 23 100 182 0 197 100 283 0 295 100 389 0 409 100 534 0 552 100 828 0 833 100 951 0 954 100 1231 0 1245 100 1353 0 1359 100 1489 0 1510 100 1711 0 1716 100 1926 0 1929 100 2048 0 2052 100 2191 0 2197 100 2298 0 4561 0
3 30 0 0 19 100 212 0 217 100 480 0 493 100 723 0 745 100 893 0 907 100 1170 0 1184 100 1430 0 1447 100 1585 0 1606 100 1881 0 1896 100 2164 0 2176 100 2292 0 2295 100 2537 0 2543 100 2791 0 2802 100 2939 0 2944 100 3114 0 4561 0
4 30 0 100 98 0 117 100 248 0 257 100 447 0 453 100 602 0 625 100 902 0 914 100 1031 0 1038 100 1116 0 1138 100 1186 0 1199 100 1409 0 1418 100 1589 0 1608 100 1839 0 1843 100 2115 0 2119 100 2368 0 2372 100 2447 0 2451 100 4561 0
5 30 0 0 20 100 218 0 237 100 346 0 348 100 557 0 566 100 633 0 637 100 816 0 819 100 1002 0 1014 100 1232 0 1244 100 1467 0 1489 100 1589 0 1605 100 1771 0 1779 100 1849 0 1869 100 1940 0 1952 100 2193 0 2207 100 2337 0 4561 0
6 30 0 0 22 100 132 0 147 100 233 0 249 100 479 0 484 100 537 0 540 100 611 0 630 100 743 0 765 100 975 0 980 100 1078 0 1091 100 1341 0 1345 100 1564 0 1570 100 1695 0 1711 100 1988 0 1995 100 2266 0 2268 100 2461 0 4561 0
7 30 0 100 239 0 241 100 410 0 412 100 599 0 617 100 782 0 799 100 880 0 896 100 1160 0 1162 100 1358 0 1368 100 1527 0 1534 100 1789 0 1800 100 1870 0 1885 100 2159 0 2167 100 2306 0 2321 100 2475 0 2490 100 2651 0 2658 100 4561 0
8 30 0 100 139 0 160 100 296 0 303 100 585 0 606 100 690 0 703 100 768 0 779 100 860 0 865 100 957 0 968 100 1207 0 1230 100 1294 0 1315 100 1549 0 1554 100 1687 0 1708 100 1869 0 1873 100 2098 0 2121 100 2230 0 2244 100 4561 0
9 30 0 100 85 0 93 100 265 0 281 100 337 0 355 100 461 0 466 100 572 0 581 100 769 0 777 100 831 0 834 100 991 0 996 100 1250 0 1264 100 1485 0 1489 100 1743 0 1765 100 2043 0 2057 100 2235 0 2258 100 2451 0 2464 100 4561 0
10 30 0 100 145 0 168 100 388 0 399 100 602 0 611 100 852 0 864 100 1004 0 1021 100 1173 0 1185 100 1308 0 1325 100 1509 0 1532 100 1770 0 1772 100 1833 0 1856 100 1990 0 2000 100 2106 0 2108 100 2180 0 2182 100 2305 0 2317 100 4561 0
11 30 0 100 246 0 250 100 305 0 317 100 525 0 546 100 727 0 745 100 962 0 982 100 1102 0 1108 100 1173 0 1192 100 1294 0 1308 100 1587 0 1599 100 1835 0 1851 100 1988 0 1992 100 2215 0 2221 100 2495 0 2502 100 2736 0 2751 100 4561 0
12 30 0 100 220 0 240 100 447 0 453 100 645 0 654 100 735 0 758 100 816 0 828 100 1072 0 1080 100 1267 0 1289 100 1385 0 1387 100 1617 0 1620 100 1829 0 1834 100 2035 0 2047 100 2107 0 2110 100 2381 0 2392 100 2557 0 2562 100 4561 0
13 30 0 0 3 100 257 0 266 100 515 0 525 100 693 0 709 100 952 0 965 100 1025 0 1035 100 1311 0 1313 100 1385 0 1406 100 1680 0 1688 100 1886 0 1906 100 1974 0 1986 100 2234 0 2253 100 2411 0 2424 100 2499 0 2510 100 2786 0 4561 0
14 30 0 0 9 100 245 0 266 100 536 0 554 100 768 0 778 100 1059 0 1078 100 1296 0 1306 100 1384 0 1402 100 1544 0 1559 100 1717 0 1721 100 1998 0 2003 100 2209 0 2221 100 2405 0 2417 100 2553 0 2566 100 2848 0 2871 100 3072 0 4561 0
15 30 0 100 180 0 195 100 462 0 474 100 677 0 696 100 936 0 943 100 1152 0 1173 100 1438 0 1448 100 1524 0 1546 100 1614 0 1634 100 1874 0 1885 100 1995 0 2007 100 2209 0 2225 100 2348 0 2356 100 2607 0 2622 100 2776 0 2781 100 4561 0
16 30 0 0 20 100 297 0 316 100 527 0 536 100 646 0 658 100 804 0 817 100 909 0 918 100 1054 0 1072 100 1213 0 1223 100 1324 0 1332 100 1397 0 1411 100 1491 0 1509 100 1746 0 1769 100 1908 0 1914 100 2141 0 2158 100 2375 0 4561 0
17 30 0 100 192 0 202 100 262 0 266 100 516 0 532 100 759 0 772 100 923 0 928 100 1020 0 1032 100 1254 0 1260 100 1369 0 1378 100 1478 0 1487 100 1652 0 1657 100 1711 0 1713 100 1928 0 1939 100 2002 0 2007 100 2160 0 2163 100 4561 0
18 30 0 100 236 0 247 100 461 0 484 100 731 0 751 100 907 0 921 100 981 0 1001 100 1187 0 1201 100 1330 0 1341 100 1449 0 1451 100 1597 0 1618 100 1887 0 1908 100 1995 0 2010 100 2088 0 2090 100 2344 0 2357 100 2547 0 2560 100 4561 0
19 30 0 100 258 0 275 100 415 0 436 100 550 0 563 100 643 0 662 100 724 0 734 100 978 0 996 100 1193 0 1208 100 1271 0 1282 100 1467 0 1476 100 1532 0 1544 100 1706 0 1711 100 1871 0 1879 100 1946 0 1949 100 2027 0 2044 100 4561 0
20 30 0 0 5 100 82 0 84 100 194 0 201 100 433 0 436 100 537 0 553 100 602 0 614 100 872 0 890 100 1171 0 1189 100 1423 0 1430 100 1646 0 1660 100 1786 0 1797 100 1872 0 1886 100 2026 0 2036 100 2175 0 2187 100 2243 0 4561 0
21 30 0 100 56 0 68 100 274 0 277 100 535 0 550 100 623 0 637 100 896 0 909 100 1145 0 1155 100 1373 0 1376 100 1424 0 1443 100 1608 0 1611 100 1684 0 1692 100 1766 0 1772 100 1852 0 1864 100 2139 0 2162 100 2298 0 2320 100 4561 0
22 30 0 0 5 100 134 0 137 100 361 0 384 100 502 0 519 100 604 0 611 100 861 0 882 100 991 0 1010 100 1230 0 1242 100 1442 0 1456 100 1603 0 1606 100 1726 0 1733 100 1934 0 1941 100 2109 0 2119 100 2359 0 2368 100 2640 0 4561 0
23 30 0 0 8 100 150 0 168 100 226 0 243 100 387 0 394 100 480 0 488 100 690 0 699 100 924 0 940 100 1033 0 1044 100 1100 0 1107 100 1254 0 1264 100 1359 0 1361 100 1537 0 1540 100 1668 0 1683 100 1732 0 1747 100 1861 0 4561 0

# TASKS
# Format: <task_id> <size> <num_reqs>
# Then for each requirement: <type_id> <qty>
0 0 4
 0 0
 1 0
 2 0
 3 0
1 7 4
 0 3
 1 0
 2 1
 3 3
2 2 4
 0 0
 1 2
 2 3
 3 0
3 6 4
 0 3
 1 0
 2 3
 3 0
4 4 4
 0 0
 1 3
 2 2
 3 2
5 19 4
 0 0
 1 1
 2 3
 3 3
6 4 4
 0 2
 1 1
 2 1
 3 2
7 10 4
 0 0
 1 2
 2 2
 3 0
8 14 4
 0 0
 1 3
 2 1
 3 0
9 3 4
 0 0
 1 0
 2 3
 3 0
10 6 4
 0 2
 1 0
 2 0
 3 1
11 5 4
 0 0
 1 1
 2 2
 3 0
12 8 4
 0 1
 1 0
 2 2
 3 1
13 10 4
 0 0
 1 0
 2 1
 3 1
14 3 4
 0 3
 1 2
 2 0
 3 2
15 8 4
 0 0
 1 3
 2 1
 3 3
16 7 4
 0 1
 1 0
 2 0
 3 3
17 10 4
 0 2
 1 0
 2 2
 3 2
18 15 4
 0 0
 1 3
 2 0
 3 1
19 11 4
 0 3
 1 0
 2 2
 3 2
20 17 4
 0 0
 1 1
 2 2
 3 0
21 20 4
 0 0
 1 0
 2 0
 3 1
22 4 4
 0 1
 1 0
 2 0
 3 0
23 2 4
 0 3
 1 3
 2 0
 3 1
24 5 4
 0 1
 1 0
 2 3
 3 0
25 20 4
 0 1
 1 2
 2 1
 3 3
26 6 4
 0 3
 1 3
 2 3
 3 2
27 20 4
 0 3
 1 0
 2 2
 3 0
28 7 4
 0 3
 1 3
 2 2
 3 1
29 9 4
 0 3
 1 0
 2 1
 3 0
30 14 4
 0 3
 1 0
 2 0
 3 0
31 8 4
 0 2
 1 2
 2 2
 3 2
32 19 4
 0 0
 1 2
 2 3
 3 3
33 5 4
 0 0
 1 0
 2 2
 3 0
34 9 4
 0 2
 1 0
 2 1
 3 3
35 9 4
 0 0
 1 0
 2 3
 3 2
36 16 4
 0 0
 1 2
 2 1
 3 3
37 4 4
 0 3
 1 1
 2 2
 3 2
38 4 4
 0 1
 1 3
 2 2
 3 0
39 15 4
 0 0
 1 0
 2 1
 3 1
40 15 4
 0 0
 1 0
 2 2
 3 0
41 9 4
 0 2
 1 0
 2 1
 3 0
42 9 4
 0 2
 1 3
 2 0
 3 2
43 7 4
 0 1
 1 2
 2 2
 3 1
44 9 4
 0 0
 1 2
 2 0
 3 2
45 8 4
 0 3
 1 0
 2 0
 3 0
46 2 4
 0 0
 1 3
 2 2
 3 0
47 3 4
 0 3
 1 1
 2 2
 3 3
48 19 4
 0 0
 1 3
 2 1
 3 1
49 7 4
 0 2
 1 1
 2 2
 3 0
50 18 4
 0 1
 1 1
 2 1
 3 0
51 10 4
 0 2
 1 3
 2 2
 3 2
52 20 4
 0 1
 1 0
 2 2
 3 0
53 3 4
 0 1
 1 3
 2 1
 3 2
54 9 4
 0 3
 1 0
 2 1
 3 1
55 11 4
 0 2
 1 1
 2 2
 3 0
56 3 4
 0 3
 1 2
 2 0
 3 0
57 15 4
 0 1
 1 0
 2 2
 3 0
58 1 4
 0 0
 1 0
 2 3
 3 2
59 4 4
 0 0
 1 0
 2 0
 3 1
60 16 4
 0 0
 1 0
 2 2
 3 0
61 15 4
 0 0
 1 1
 2 1
 3 0
62 17 4
 0 0
 1 1
 2 2
 3 0
63 5 4
 0 2
 1 3
 2 2
 3 2
64 18 4
 0 3
 1 0
 2 1
 3 3
65 11 4
 0 1
 1 3
 2 3
 3 3
66 8 4
 0 0
 1 3
 2 0
 3 3
67 12 4
 0 1
 1 0
 2 3
 3 0
68 4 4
 0 3
 1 3
 2 0
 3 2
69 15 4
 0 0
 1 0
 2 2
 3 2
70 3 4
 0 0
 1 1
 2 3
 3 1
71 11 4
 0 2
 1 2
 2 2
 3 0
72 14 4
 0 3
 1 0
 2 0
 3 3
73 10 4
 0 2
 1 1
 2 3
 3 0
74 19 4
 0 2
 1 0
 2 2
 3 2
75 6 4
 0 3
 1 3
 2 2
 3 2
76 17 4
 0 2
 1 0
 2 2
 3 2
77 20 4
 0 3
 1 3
 2 0
 3 0
78 19 4
 0 3
 1 2
 2 0
 3 0
79 9 4
 0 0
 1 0
 2 1
 3 1
80 5 4
 0 1
 1 3
 2 3
 3 0
81 1 4
 0 1
 1 3
 2 2
 3 0
82 18 4
 0 0
 1 3
 2 3
 3 3
83 5 4
 0 1
 1 0
 2 0
 3 1
84 12 4
 0 2
 1 3
 2 1
 3 2
85 10 4
 0 3
 1 3
 2 0
 3 0
86 3 4
 0 3
 1 0
 2 2
 3 0
87 13 4
 0 3
 1 2
 2 3
 3 3
88 2 4
 0 2
 1 3
 2 0
 3 1
89 10 4
 0 0
 1 1
 2 2
 3 3
90 19 4
 0 3
 1 0
 2 0
 3 1
91 12 4
 0 0
 1 3
 2 0
 3 3
92 9 4
 0 1
 1 2
 2 3
 3 0
93 8 4
 0 0
 1 1
 2 3
 3 0
94 16 4
 0 1
 1 3
 2 0
 3 2
95 20 4
 0 3
 1 3
 2 0
 3 0
96 9 4
 0 3
 1 1
 2 1
 3 1
97 13 4
 0 2
 1 0
 2 0
 3 3
98 13 4
 0 0
 1 0
 2 1
 3 0
99 6 4
 0 0
 1 3
 2 2
 3 0
100 20 4
 0 3
 1 0
 2 2
 3 1
101 9 4
 0 2
 1 2
 2 0
 3 0
102 4 4
 0 0
 1 3
 2 2
 3 0
103 12 4
 0 3
 1 3
 2 0
 3 0
104 11 4
 0 0
 1 0
 2 0
 3 1
105 16 4
 0 1
 1 0
 2 0
 3 0
106 12 4
 0 2
 1 2
 2 2
 3 3
107 9 4
 0 0
 1 2
 2 0
 3 3
108 5 4
 0 0
 1 1
 2 0
 3 0
109 11 4
 0 0
 1 1
 2 0
 3 2
110 19 4
 0 3
 1 3
 2 3
 3 0
111 14 4
 0 3
 1 2
 2 0
 3 2
112 17 4
 0 0
 1 2
 2 0
 3 2
113 7 4
 0 2
 1 2
 2 0
 3 0
114 11 4
 0 3
 1 3
 2 2
 3 0
115 3 4
 0 3
 1 0
 2 0
 3 0
116 7 4
 0 2
 1 0
 2 1
 3 1
117 19 4
 0 0
 1 0
 2 1
 3 0
118 16 4
 0 3
 1 0
 2 1
 3 0
119 4 4
 0 3
 1 3
 2 3
 3 1
120 12 4
 0 2
 1 0
 2 0
 3 0
121 8 4
 0 0
 1 2
 2 0
 3 2
122 12 4
 0 0
 1 1
 2 3
 3 0
123 5 4
 0 3
 1 2
 2 1
 3 1
124 15 4
 0 3
 1 3
 2 0
 3 3
125 2 4
 0 2
 1 3
 2 1
 3 3
126 4 4
 0 2
 1 0
 2 3
 3 0
127 8 4
 0 3
 1 0
 2 3
 3 0
128 12 4
 0 3
 1 0
 2 2
 3 0
129 19 4
 0 3
 1 2
 2 0
 3 0
130 10 4
 0 0
 1 1
 2 0
 3 0
131 14 4
 0 3
 1 3
 2 3
 3 1
132 17 4
 0 0
 1 1
 2 2
 3 2
133 20 4
 0 1
 1 2
 2 0
 3 2
134 11 4
 0 3
 1 3
 2 0
 3 0
135 4 4
 0 0
 1 0
 2 0
 3 1
136 9 4
 0 3
 1 0
 2 1
 3 3
137 15 4
 0 0
 1 0
 2 2
 3 0
138 2 4
 0 1
 1 0
 2 0
 3 0
139 15 4
 0 1
 1 0
 2 3
 3 0
140 4 4
 0 3
 1 3
 2 0
 3 3
141 13 4
 0 2
 1 2
 2 0
 3 0
142 10 4
 0 2
 1 1
 2 2
 3 0
143 10 4
 0 2
 1 2
 2 0
 3 2
144 18 4
 0 0
 1 2
 2 3
 3 0
145 6 4
 0 2
 1 3
 2 1
 3 3
146 18 4
 0 0
 1 0
 2 3
 3 0
147 9 4
 0 0
 1 2
 2 0
 3 0
148 6 4
 0 2
 1 0
 2 3
 3 0
149 12 4
 0 1
 1 0
 2 0
 3 1
150 8 4
 0 0
 1 3
 2 3
 3 3
151 16 4
 0 3
 1 0
 2 1
 3 2
152 6 4
 0 1
 1 2
 2 0
 3 0
153 2 4
 0 1
 1 0
 2 2
 3 2
154 20 4
 0 1
 1 0
 2 0
 3 0
155 1 4
 0 2
 1 3
 2 0
 3 2
156 1 4
 0 0
 1 2
 2 1
 3 0
157 20 4
 0 3
 1 0
 2 1
 3 1
158 6 4
 0 3
 1 0
 2 2
 3 2
159 16 4
 0 1
 1 3
 2 2
 3 0
160 4 4
 0 3
 1 2
 2 2
 3 0
161 17 4
 0 0
 1 0
 2 1
 3 0
162 9 4
 0 1
 1 3
 2 2
 3 1
163 5 4
 0 3
 1 1
 2 3
 3 1
164 12 4
 0 0
 1 0
 2 1
 3 3
165 14 4
 0 0
 1 3
 2 3
 3 3
166 5 4
 0 0
 1 3
 2 0
 3 0
167 10 4
 0 0
 1 1
 2 2
 3 3
168 7 4
 0 3
 1 3
 2 3
 3 0
169 6 4
 0 1
 1 0
 2 2
 3 0
170 13 4
 0 0
 1 0
 2 0
 3 2
171 16 4
 0 2
 1 2
 2 1
 3 0
172 9 4
 0 0
 1 2
 2 1
 3 3
173 13 4
 0 0
 1 0
 2 0
 3 1
174 18 4
 0 1
 1 2
 2 0
 3 0
175 11 4
 0 0
 1 3
 2 0
 3 2
176 3 4
 0 1
 1 2
 2 3
 3 1
177 11 4
 0 0
 1 0
 2 1
 3 2
178 20 4
 0 1
 1 0
 2 1
 3 0
179 4 4
 0 3
 1 3
 2 0
 3 0
180 15 4
 0 2
 1 2
 2 0
 3 2
181 10 4
 0 2
 1 0
 2 1
 3 0
182 8 4
 0 2
 1 1
 2 0
 3 0
183 14 4
 0 1
 1 3
 2 2
 3 3
184 20 4
 0 0
 1 1
 2 2
 3 3
185 5 4
 0 2
 1 2
 2 0
 3 2
186 7 4
 0 1
 1 0
 2 3
 3 0
187 3 4
 0 1
 1 3
 2 1
 3 0
188 5 4
 0 2
 1 3
 2 2
 3 0
189 9 4
 0 2
 1 3
 2 0
 3 2
190 12 4
 0 1
 1 1
 2 0
 3 1
191 15 4
 0 1
 1 0
 2 1
 3 0
192 18 4
 0 3
 1 2
 2 2
 3 2
193 20 4
 0 0
 1 1
 2 3
 3 3
194 1 4
 0 2
 1 0
 2 3
 3 0
195 3 4
 0 2
 1 0
 2 0
 3 1
196 12 4
 0 2
 1 0
 2 0
 3 1
197 7 4
 0 1
 1 1
 2 1
 3 0
198 2 4
 0 2
 1 3
 2 0
 3 2
199 7 4
 0 0
 1 2
 2 0
 3 3
200 15 4
 0 0
 1 0
 2 0
 3 3
201 20 4
 0 2
 1 3
 2 2
 3 0
202 12 4
 0 3
 1 1
 2 2
 3 0
203 11 4
 0 3
 1 3
 2 2
 3 0
204 8 4
 0 2
 1 0
 2 3
 3 2
205 10 4
 0 3
 1 0
 2 3
 3 0
206 10 4
 0 2
 1 3
 2 3
 3 0
207 3 4
 0 1
 1 0
 2 1
 3 0
208 9 4
 0 0
 1 2
 2 2
 3 3
209 17 4
 0 0
 1 1
 2 0
 3 2
210 17 4
 0 2
 1 0
 2 1
 3 0
211 12 4
 0 0
 1 3
 2 0
 3 0
212 3 4
 0 3
 1 0
 2 0
 3 0
213 2 4
 0 1
 1 3
 2 3
 3 3
214 6 4
 0 0
 1 0
 2 0
 3 3
215 13 4
 0 3
 1 2
 2 2
 3 0
216 3 4
 0 2
 1 3
 2 2
 3 0
217 4 4
 0 2
 1 0
 2 0
 3 0
218 5 4
 0 1
 1 0
 2 1
 3 0
219 2 4
 0 2
 1 1
 2 0
 3 2
220 19 4
 0 2
 1 0
 2 0
 3 3
221 17 4
 0 3
 1 1
 2 3
 3 0
222 14 4
 0 3
 1 1
 2 2
 3 2
223 7 4
 0 2
 1 0
 2 2
 3 0
224 19 4
 0 0
 1 2
 2 0
 3 2
225 3 4
 0 3
 1 1
 2 1
 3 1
226 15 4
 0 1
 1 0
 2 0
 3 1
227 2 4
 0 3
 1 2
 2 0
 3 3
228 14 4
 0 2
 1 0
 2 1
 3 0
229 14 4
 0 0
 1 2
 2 0
 3 3
230 14 4
 0 0
 1 2
 2 0
 3 3
231 5 4
 0 0
 1 3
 2 3
 3 3
232 10 4
 0 0
 1 3
 2 1
 3 1
233 2 4
 0 2
 1 2
 2 0
 3 0
234 11 4
 0 2
 1 1
 2 0
 3 0
235 16 4
 0 3
 1 1
 2 0
 3 3
236 17 4
 0 0
 1 0
 2 3
 3 3
237 13 4
 0 1
 1 0
 2 0
 3 0
238 20 4
 0 2
 1 2
 2 2
 3 1
239 2 4
 0 1
 1 0
 2 3
 3 1
240 10 4
 0 0
 1 0
 2 2
 3 2
241 2 4
 0 0
 1 1
 2 0
 3 1
242 1 4
 0 1
 1 1
 2 1
 3 3
243 19 4
 0 2
 1 0
 2 0
 3 0
244 15 4
 0 0
 1 3
 2 3
 3 0
245 13 4
 0 0
 1 1
 2 2
 3 3
246 10 4
 0 0
 1 1
 2 0
 3 0
247 17 4
 0 0
 1 0
 2 0
 3 1
248 5 4
 0 2
 1 3
 2 2
 3 2
249 19 4
 0 0
 1 2
 2 2
 3 0
250 16 4
 0 2
 1 2
 2 3
 3 0
251 9 4
 0 0
 1 1
 2 2
 3 1
252 8 4
 0 2
 1 2
 2 1
 3 1
253 9 4
 0 0
 1 1
 2 3
 3 2
254 14 4
 0 1
 1 1
 2 0
 3 1
255 3 4
 0 3
 1 0
 2 3
 3 0
256 14 4
 0 3
 1 0
 2 0
 3 3
257 9 4
 0 1
 1 3
 2 2
 3 1
258 10 4
 0 2
 1 0
 2 1
 3 0
259 12 4
 0 2
 1 3
 2 0
 3 0
260 18 4
 0 2
 1 0
 2 0
 3 3
261 8 4
 0 3
 1 2
 2 2
 3 2
262 6 4
 0 1
 1 0
 2 1
 3 1
263 10 4
 0 2
 1 0
 2 2
 3 3
264 10 4
 0 0
 1 2
 2 0
 3 2
265 2 4
 0 0
 1 1
 2 0
 3 0
266 3 4
 0 2
 1 0
 2 2
 3 0
267 11 4
 0 2
 1 0
 2 1
 3 3
268 15 4
 0 2
 1 3
 2 0
 3 0
269 17 4
 0 0
 1 1
 2 2
 3 1
270 5 4
 0 3
 1 2
 2 2
 3 0
271 8 4
 0 2
 1 1
 2 0
 3 3
272 13 4
 0 2
 1 3
 2 0
 3 3
273 16 4
 0 1
 1 2
 2 1
 3 0
274 4 4
 0 0
 1 3
 2 0
 3 0
275 8 4
 0 0
 1 0
 2 1
 3 3
276 1 4
 0 1
 1 0
 2 0
 3 1
277 16 4
 0 0
 1 0
 2 2
 3 0
278 9 4
 0 2
 1 2
 2 1
 3 1
279 15 4
 0 0
 1 0
 2 0
 3 3
280 7 4
 0 2
 1 0
 2 2
 3 1
281 16 4
 0 2
 1 0
 2 0
 3 3
282 19 4
 0 1
 1 0
 2 0
 3 0
283 18 4
 0 3
 1 0
 2 0
 3 2
284 6 4
 0 2
 1 2
 2 3
 3 2
285 7 4
 0 0
 1 0
 2 1
 3 2
286 13 4
 0 1
 1 1
 2 3
 3 3
287 4 4
 0 1
 1 1
 2 0
 3 1
288 3 4
 0 0
 1 1
 2 2
 3 3
289 10 4
 0 3
 1 2
 2 0
 3 0
290 20 4
 0 0
 1 2
 2 1
 3 2
291 15 4
 0 1
 1 0
 2 2
 3 0
292 14 4
 0 1
 1 0
 2 2
 3 3
293 12 4
 0 0
 1 0
 2 0
 3 2
294 13 4
 0 1
 1 2
 2 0
 3 0
295 16 4
 0 3
 1 3
 2 3
 3 3
296 7 4
 0 0
 1 3
 2 3
 3 2
297 16 4
 0 0
 1 0
 2 1
 3 0
298 15 4
 0 3
 1 1
 2 3
 3 3
299 16 4
 0 0
 1 3
 2 1
 3 0
300 18 4
 0 3
 1 0
 2 0
 3 1
301 9 4
 0 2
 1 3
 2 0
 3 2
302 12 4
 0 0
 1 3
 2 3
 3 2
303 3 4
 0 0
 1 0
 2 2
 3 1
304 19 4
 0 2
 1 0
 2 0
 3 3
305 1 4
 0 1
 1 3
 2 1
 3 0
306 9 4
 0 0
 1 2
 2 3
 3 2
307 5 4
 0 3
 1 3
 2 3
 3 0
308 17 4
 0 1
 1 3
 2 0
 3 0
309 16 4
 0 0
 1 2
 2 3
 3 0
310 1 4
 0 1
 1 1
 2 0
 3 0
311 16 4
 0 3
 1 0
 2 0
 3 2
312 6 4
 0 1
 1 2
 2 0
 3 2
313 3 4
 0 1
 1 3
 2 2
 3 3
314 5 4
 0 2
 1 2
 2 1
 3 1
315 5 4
 0 1
 1 0
 2 1
 3 2
316 8 4
 0 2
 1 3
 2 0
 3 2
317 4 4
 0 3
 1 0
 2 0
 3 2
318 7 4
 0 3
 1 1
 2 1
 3 0
319 20 4
 0 1
 1 0
 2 0
 3 0
320 8 4
 0 2
 1 3
 2 1
 3 0
321 12 4
 0 0
 1 3
 2 2
 3 3
322 13 4
 0 0
 1 2
 2 0
 3 1
323 20 4
 0 1
 1 2
 2 0
 3 3
324 6 4
 0 1
 1 0
 2 1
 3 1
325 18 4
 0 0
 1 2
 2 0
 3 0
326 5 4
 0 2
 1 1
 2 0
 3 1
327 10 4
 0 2
 1 0
 2 3
 3 0
328 8 4
 0 0
 1 3
 2 0
 3 3
329 6 4
 0 3
 1 3
 2 0
 3 0
330 17 4
 0 0
 1 1
 2 1
 3 0
331 7 4
 0 0
 1 0
 2 2
 3 0
332 20 4
 0 3
 1 3
 2 0
 3 3
333 7 4
 0 0
 1 3
 2 2
 3 1
334 3 4
 0 0
 1 1
 2 0
 3 1
335 18 4
 0 2
 1 1
 2 3
 3 1
336 20 4
 0 1
 1 3
 2 2
 3 2
337 10 4
 0 1
 1 3
 2 1
 3 3
338 2 4
 0 3
 1 2
 2 1
 3 0
339 9 4
 0 3
 1 1
 2 1
 3 3
340 5 4
 0 3
 1 1
 2 0
 3 1
341 8 4
 0 2
 1 3
 2 0
 3 3
342 15 4
 0 1
 1 0
 2 0
 3 3
343 12 4
 0 1
 1 0
 2 1
 3 3
344 1 4
 0 0
 1 1
 2 0
 3 1
345 18 4
 0 1
 1 1
 2 0
 3 0
346 11 4
 0 0
 1 2
 2 0
 3 0
347 7 4
 0 2
 1 1
 2 0
 3 0
348 18 4
 0 1
 1 3
 2 0
 3 0
349 14 4
 0 0
 1 2
 2 0
 3 0
350 5 4
 0 2
 1 2
 2 1
 3 2
351 8 4
 0 3
 1 2
 2 3
 3 2
352 4 4
 0 2
 1 1
 2 0
 3 0
353 14 4
 0 2
 1 2
 2 3
 3 3
354 10 4
 0 0
 1 0
 2 3
 3 2
355 20 4
 0 0
 1 2
 2 0
 3 1
356 10 4
 0 1
 1 3
 2 1
 3 1
357 15 4
 0 0
 1 0
 2 0
 3 1
358 9 4
 0 0
 1 0
 2 2
 3 1
359 9 4
 0 0
 1 3
 2 3
 3 0
360 10 4
 0 1
 1 0
 2 0
 3 3
361 7 4
 0 1
 1 1
 2 0
 3 2
362 17 4
 0 2
 1 3
 2 1
 3 1
363 7 4
 0 3
 1 1
 2 2
 3 2
364 8 4
 0 0
 1 0
 2 2
 3 1
365 19 4
 0 2
 1 2
 2 2
 3 0
366 18 4
 0 1
 1 0
 2 3
 3 0
367 10 4
 0 0
 1 1
 2 1
 3 3
368 3 4
 0 0
 1 0
 2 1
 3 1
369 5 4
 0 2
 1 3
 2 2
 3 3
370 13 4
 0 1
 1 1
 2 0
 3 0
371 19 4
 0 3
 1 3
 2 0
 3 1
372 14 4
 0 0
 1 0
 2 3
 3 0
373 14 4
 0 3
 1 1
 2 3
 3 3
374 11 4
 0 3
 1 3
 2 2
 3 3
375 9 4
 0 3
 1 0
 2 0
 3 0
376 7 4
 0 0
 1 1
 2 1
 3 3
377 3 4
 0 0
 1 2
 2 0
 3 2
378 20 4
 0 2
 1 3
 2 2
 3 0
379 14 4
 0 0
 1 2
 2 0
 3 3
380 5 4
 0 0
 1 1
 2 3
 3 2
381 20 4
 0 0
 1 1
 2 1
 3 0
382 17 4
 0 0
 1 1
 2 0
 3 0
383 1 4
 0 3
 1 0
 2 1
 3 3
384 8 4
 0 3
 1 1
 2 1
 3 3
385 3 4
 0 2
 1 1
 2 1
 3 0
386 9 4
 0 2
 1 0
 2 0
 3 0
387 16 4
 0 3
 1 3
 2 1
 3 3
388 5 4
 0 0
 1 0
 2 1
 3 3
389 8 4
 0 1
 1 3
 2 2
 3 3
390 2 4
 0 0
 1 0
 2 1
 3 0
391 16 4
 0 2
 1 1
 2 3
 3 0
392 1 4
 0 1
 1 2
 2 1
 3 2
393 4 4
 0 0
 1 1
 2 3
 3 0
394 4 4
 0 1
 1 1
 2 1
 3 3
395 16 4
 0 1
 1 0
 2 0
 3 2
396 11 4
 0 1
 1 3
 2 3
 3 0
397 4 4
 0 0
 1 2
 2 3
 3 2
398 7 4
 0 0
 1 0
 2 0
 3 3
399 7 4
 0 0
 1 0
 2 3
 3 0
400 2 4
 0 2
 1 0
 2 1
 3 2
401 7 4
 0 1
 1 1
 2 1
 3 1
402 14 4
 0 0
 1 2
 2 0
 3 0
403 3 4
 0 1
 1 1
 2 2
 3 0
404 7 4
 0 3
 1 2
 2 2
 3 0
405 15 4
 0 2
 1 3
 2 0
 3 0
406 12 4
 0 0
 1 3
 2 0
 3 3
407 20 4
 0 1
 1 2
 2 3
 3 0
408 7 4
 0 3
 1 3
 2 2
 3 3
409 12 4
 0 3
 1 0
 2 0
 3 3
410 9 4
 0 2
 1 3
 2 3
 3 0
411 12 4
 0 1
 1 1
 2 1
 3 0
412 2 4
 0 1
 1 0
 2 3
 3 3
413 1 4
 0 3
 1 3
 2 3
 3 0
414 5 4
 0 0
 1 1
 2 0
 3 2
415 17 4
 0 1
 1 1
 2 2
 3 0
416 5 4
 0 0
 1 3
 2 0
 3 0
417 3 4
 0 3
 1 1
 2 0
 3 2
418 17 4
 0 3
 1 3
 2 3
 3 2
419 16 4
 0 3
 1 2
 2 3
 3 0
420 3 4
 0 0
 1 0
 2 0
 3 2
421 15 4
 0 3
 1 0
 2 0
 3 0
422 20 4
 0 2
 1 0
 2 1
 3 2
423 12 4
 0 0
 1 1
 2 0
 3 0
424 12 4
 0 1
 1 0
 2 3
 3 0
425 11 4
 0 0
 1 1
 2 2
 3 0
426 11 4
 0 3
 1 3
 2 0
 3 0
427 16 4
 0 0
 1 1
 2 3
 3 0
428 8 4
 0 3
 1 0
 2 2
 3 3
429 4 4
 0 3
 1 0
 2 2
 3 3
430 5 4
 0 0
 1 0
 2 2
 3 3
431 1 4
 0 3
 1 0
 2 0
 3 2
432 17 4
 0 0
 1 1
 2 1
 3 0
433 9 4
 0 2
 1 0
 2 3
 3 0
434 17 4
 0 1
 1 2
 2 3
 3 0
435 20 4
 0 2
 1 1
 2 3
 3 3
436 6 4
 0 0
 1 0
 2 0
 3 1
437 4 4
 0 0
 1 0
 2 1
 3 3
438 7 4
 0 0
 1 2
 2 3
 3 0
439 0 4
 0 0
 1 0
 2 0
 3 0

# PRECEDENCES
974
0 1
0 30
0 59
0 88
0 117
0 146
0 175
0 204
0 233
0 262
0 291
0 320
0 349
0 378
0 407
0 436
1 2
1 30
1 31
2 3
2 31
3 4
3 32
3 33
4 5
4 33
4 34
5 6
5 34
5 35
6 7
6 35
6 36
7 8
7 36
7 37
8 9
8 37
9 10
9 38
10 11
10 39
11 12
11 40
11 41
12 13
12 41
13 14
13 42
14 15
14 43
14 44
15 16
15 44
16 17
16 45
17 18
17 46
18 19
18 47
19 20
19 48
19 49
20 21
20 49
20 50
21 22
21 50
22 23
22 51
23 24
23 52
24 25
24 53
25 26
25 54
26 27
26 55
26 56
27 28
27 56
28 29
28 57
28 58
29 58
29 439
30 31
30 59
31 32
31 60
32 33
32 61
33 34
33 62
34 35
34 63
35 36
35 64
36 37
36 65
36 66
37 38
37 66
38 39
38 67
39 40
39 68
40 41
40 69
41 42
41 70
42 43
42 71
43 44
43 72
44 45
44 73
45 46
45 74
46 47
46 75
47 48
47 76
47 77
48 49
48 77
49 50
49 78
50 51
50 79
51 52
51 80
52 53
52 81
53 54
53 82
54 55
54 83
55 56
55 84
55 85
56 57
56 85
56 86
57 58
57 86
57 87
58 87
58 439
59 60
59 88
60 61
60 89
60 90
61 62
61 90
62 63
62 91
62 92
63 64
63 92
64 65
64 93
65 66
65 94
66 67
66 95
67 68
67 96
68 69
68 97
68 98
69 70
69 98
70 71
70 99
70 100
71 72
71 100
72 73
72 101
73 74
73 102
74 75
74 103
75 76
75 104
76 77
76 105
77 78
77 106
78 79
78 107
79 80
79 108
80 81
80 109
81 82
81 110
82 83
82 111
83 84
83 112
83 113
84 85
84 113
84 114
85 86
85 114
86 87
86 115
87 116
87 439
88 89
88 117
88 118
89 90
89 118
90 91
90 119
91 92
91 120
92 93
92 121
93 94
93 122
93 123
94 95
94 123
94 124
95 96
95 124
96 97
96 125
97 98
97 126
97 127
98 99
98 127
98 128
99 100
99 128
100 101
100 129
100 130
101 102
101 130
102 103
102 131
103 104
103 132
103 133
104 105
104 133
105 106
105 134
105 135
106 107
106 135
106 136
107 108
107 136
108 109
108 137
109 110
109 138
110 111
110 139
111 112
111 140
112 113
112 141
113 114
113 142
114 115
114 143
114 144
115 116
115 144
116 145
116 439
117 118
117 146
118 119
118 147
119 120
119 148
120 121
120 149
121 122
121 150
122 123
122 151
123 124
123 152
123 153
124 125
124 153
124 154
125 126
125 154
126 127
126 155
127 128
127 156
128 129
128 157
129 130
129 158
130 131
130 159
131 132
131 160
131 161
132 133
132 161
132 162
133 134
133 162
134 135
134 163
134 164
135 136
135 164
136 137
136 165
136 166
137 138
137 166
138 139
138 167
139 140
139 168
139 169
140 141
140 169
140 170
141 142
141 170
141 171
142 143
142 171
143 144
143 172
144 145
144 173
145 174
145 439
146 147
146 175
147 148
147 176
147 177
148 149
148 177
149 150
149 178
150 151
150 179
151 152
151 180
152 153
152 181
153 154
153 182
154 155
154 183
155 156
155 184
156 157
156 185
156 186
157 158
157 186
158 159
158 187
158 188
159 160
159 188
160 161
160 189
160 190
161 162
161 190
162 163
162 191
163 164
163 192
164 165
164 193
164 194
165 166
165 194
166 167
166 195
167 168
167 196
168 169
168 197
169 170
169 198
170 171
170 199
171 172
171 200
172 173
172 201
173 174
173 202
174 203
174 439
175 176
175 204
176 177
176 205
176 206
177 178
177 206
178 179
178 207
178 208
179 180
179 208
180 181
180 209
180 210
181 182
181 210
182 183
182 211
183 184
183 212
184 185
184 213
185 186
185 214
186 187
186 215
187 188
187 216
188 189
188 217
189 190
189 218
189 219
190 191
190 219
191 192
191 220
191 221
192 193
192 221
192 222
193 194
193 222
193 223
194 195
194 223
195 196
195 224
195 225
196 197
196 225
197 198
197 226
198 199
198 227
199 200
199 228
199 229
200 201
200 229
201 202
201 230
202 203
202 231
203 232
203 439
204 205
204 233
205 206
205 234
206 207
206 235
207 208
207 236
207 237
208 209
208 237
209 210
209 238
210 211
210 239
210 240
211 212
211 240
211 241
212 213
212 241
213 214
213 242
213 243
214 215
214 243
214 244
215 216
215 244
216 217
216 245
217 218
217 246
218 219
218 247
219 220
219 248
220 221
220 249
220 250
221 222
221 250
222 223
222 251
222 252
223 224
223 252
224 225
224 253
225 226
225 254
226 227
226 255
227 228
227 256
227 257
228 229
228 257
229 230
229 258
230 231
230 259
231 232
231 260
232 261
232 439
233 234
233 262
233 263
234 235
234 263
235 236
235 264
236 237
236 265
237 238
237 266
238 239
238 267
239 240
239 268
240 241
240 269
240 270
241 242
241 270
242 243
242 271
242 272
243 244
243 272
243 273
244 245
244 273
245 246
245 274
246 247
246 275
247 248
247 276
248 249
248 277
249 250
249 278
249 279
250 251
250 279
251 252
251 280
252 253
252 281
253 254
253 282
254 255
254 283
254 284
255 256
255 284
256 257
256 285
257 258
257 286
258 259
258 287
259 260
259 288
260 261
260 289
260 290
261 290
261 439
262 263
262 291
262 292
263 264
263 292
264 265
264 293
264 294
265 266
265 294
266 267
266 295
267 268
267 296
267 297
268 269
268 297
268 298
269 270
269 298
270 271
270 299
271 272
271 300
271 301
272 273
272 301
273 274
273 302
274 275
274 303
275 276
275 304
275 305
276 277
276 305
277 278
277 306
278 279
278 307
279 280
279 308
280 281
280 309
281 282
281 310
281 311
282 283
282 311
282 312
283 284
283 312
283 313
284 285
284 313
285 286
285 314
286 287
286 315
287 288
287 316
288 289
288 317
288 318
289 290
289 318
290 319
290 439
291 292
291 320
292 293
292 321
292 322
293 294
293 322
293 323
294 295
294 323
295 296
295 324
295 325
296 297
296 325
297 298
297 326
298 299
298 327
299 300
299 328
300 301
300 329
301 302
301 330
302 303
302 331
302 332
303 304
303 332
304 305
304 333
305 306
305 334
306 307
306 335
307 308
307 336
308 309
308 337
309 310
309 338
310 311
310 339
310 340
311 312
311 340
312 313
312 341
312 342
313 314
313 342
314 315
314 343
315 316
315 344
316 317
316 345
317 318
317 346
318 319
318 347
319 348
319 439
320 321
320 349
320 350
321 322
321 350
322 323
322 351
323 324
323 352
324 325
324 353
325 326
325 354
325 355
326 327
326 355
327 328
327 356
328 329
328 357
329 330
329 358
329 359
330 331
330 359
331 332
331 360
331 361
332 333
332 361
333 334
333 362
334 335
334 363
335 336
335 364
335 365
336 337
336 365
336 366
337 338
337 366
337 367
338 339
338 367
339 340
339 368
339 369
340 341
340 369
341 342
341 370
342 343
342 371
343 344
343 372
344 345
344 373
345 346
345 374
346 347
346 375
346 376
347 348
347 376
348 377
348 439
349 350
349 378
349 379
350 351
350 379
351 352
351 380
352 353
352 381
353 354
353 382
354 355
354 383
355 356
355 384
356 357
356 385
357 358
357 386
358 359
358 387
359 360
359 388
359 389
360 361
360 389
361 362
361 390
361 391
362 363
362 391
363 364
363 392
364 365
364 393
365 366
365 394
365 395
366 367
366 395
367 368
367 396
368 369
368 397
369 370
369 398
369 399
370 371
370 399
370 400
371 372
371 400
372 373
372 401
373 374
373 402
374 375
374 403
375 376
375 404
376 377
376 405
376 406
377 406
377 439
378 379
378 407
379 380
379 408
380 381
380 409
381 382
381 410
382 383
382 411
383 384
383 412
384 385
384 413
385 386
385 414
386 387
386 415
387 388
387 416
388 389
388 417
388 418
389 390
389 418
390 391
390 419
391 392
391 420
392 393
392 421
393 394
393 422
393 423
394 395
394 423
395 396
395 424
395 425
396 397
396 425
397 398
397 426
398 399
398 427
399 400
399 428
400 401
400 429
401 402
401 430
402 403
402 431
402 432
403 404
403 432
404 405
404 433
404 434
405 406
405 434
405 435
406 435
406 439
407 408
407 436
408 409
408 437
409 410
409 438
410 411
411 412
412 413
413 414
414 415
415 416
416 417
417 418
418 419
419 420
420 421
421 422
422 423
423 424
424 425
425 426
426 427
427 428
428 429
429 430
430 431
431 432
432 433
433 434
434 435
435 439
436 437
436 439
437 438
437 439
438 439
