# Tier 7 (Very Large) - Instance 2
# Generated with config: N=496, K=5, topology=grid, calendar=random

# HEADER: <num_tasks> <num_types> <num_units>
498 5 21

# RESOURCE TYPES
# Format: <type_id> <num_units> <unit_id1> <unit_id2> ...
0 4 0 1 2 3
1 4 4 5 6 7
2 4 8 9 10 11
3 5 12 13 14 15 16
4 4 17 18 19 20

# RESOURCE UNITS (Calendars)
# Format: <unit_id> <num_steps> <t1> <v1> <t2> <v2> ...
0 28 0 0 27 100 144 0 154 100 239 0 243 100 327 0 339 100 593 0 601 100 856 0 861 100 1069 0 1075 100 1359 0 1373 100 1582 0 1584 100 1722 0 1742 100 1940 0 1954 100 2272 0 2284 100 2546 0 2573 100 2810 0 4864 0
1 28 0 100 194 0 215 100 428 0 433 100 593 0 612 100 896 0 908 100 1001 0 1012 100 1292 0 1309 100 1546 0 1552 100 1768 0 1774 100 2029 0 2056 100 2333 0 2336 100 2551 0 2562 100 2751 0 2775 100 2862 0 2886 100 4864 0
2 28 0 0 22 100 299 0 316 100 448 0 462 100 531 0 558 100 702 0 726 100 836 0 861 100 1167 0 1176 100 1419 0 1422 100 1725 0 1751 100 1853 0 1870 100 2120 0 2131 100 2451 0 2474 100 2774 0 2781 100 3102 0 4864 0
3 28 0 0 12 100 180 0 197 100 518 0 544 100 703 0 707 100 903 0 914 100 1044 0 1052 100 1295 0 1314 100 1474 0 1480 100 1621 0 1648 100 1858 0 1885 100 1953 0 1977 100 2113 0 2135 100 2233 0 2239 100 2412 0 4864 0
4 28 0 0 11 100 307 0 315 100 427 0 452 100 558 0 580 100 636 0 661 100 946 0 951 100 1188 0 1194 100 1349 0 1364 100 1601 0 1608 100 1912 0 1917 100 2067 0 2084 100 2186 0 2189 100 2274 0 2292 100 2521 0 4864 0
5 28 0 0 6 100 229 0 243 100 363 0 368 100 487 0 504 100 639 0 660 100 971 0 993 100 1248 0 1274 100 1514 0 1541 100 1776 0 1780 100 2044 0 2066 100 2223 0 2245 100 2475 0 2488 100 2545 0 2550 100 2626 0 4864 0
6 28 0 0 22 100 256 0 274 100 388 0 408 100 616 0 636 100 819 0 843 100 1098 0 1125 100 1339 0 1353 100 1537 0 1559 100 1802 0 1813 100 2021 0 2026 100 2167 0 2191 100 2490 0 2517 100 2716 0 2730 100 3003 0 4864 0
7 28 0 100 160 0 179 100 444 0 462 100 648 0 666 100 946 0 965 100 1211 0 1238 100 1468 0 1494 100 1751 0 1774 100 2070 0 2077 100 2363 0 2387 100 2489 0 2508 100 2682 0 2694 100 2781 0 2787 100 2996 0 3018 100 4864 0
8 28 0 100 77 0 87 100 371 0 374 100 450 0 455 100 645 0 658 100 973 0 980 100 1148 0 1171 100 1225 0 1236 100 1302 0 1320 100 1618 0 1629 100 1861 0 1877 100 1968 0 1985 100 2226 0 2244 100 2544 0 2557 100 4864 0
9 28 0 100 239 0 262 100 537 0 546 100 609 0 615 100 750 0 758 100 1070 0 1091 100 1294 0 1314 100 1465 0 1471 100 1722 0 1737 100 1811 0 1821 100 1945 0 1967 100 2265 0 2279 100 2456 0 2466 100 2702 0 2726 100 4864 0
10 28 0 100 198 0 202 100 426 0 436 100 759 0 783 100 1011 0 1035 100 1189 0 1212 100 1441 0 1459 100 1676 0 1691 100 1967 0 1979 100 2301 0 2316 100 2472 0 2493 100 2613 0 2623 100 2710 0 2715 100 2953 0 2968 100 4864 0
11 28 0 100 143 0 147 100 299 0 311 100 575 0 581 100 869 0 878 100 1005 0 1010 100 1165 0 1174 100 1330 0 1335 100 1600 0 1605 100 1706 0 1731 100 2021 0 2041 100 2316 0 2333 100 2412 0 2425 100 2668 0 2679 100 4864 0
12 28 0 0 21 100 101 0 104 100 204 0 230 100 389 0 402 100 673 0 696 100 1011 0 1030 100 1233 0 1247 100 1429 0 1435 100 1559 0 1582 100 1774 0 1780 100 2011 0 2017 100 2173 0 2198 100 2324 0 2349 100 2575 0 4864 0
13 28 0 0 24 100 288 0 311 100 529 0 553 100 730 0 746 100 1066 0 1093 100 1273 0 1284 100 1412 0 1427 100 1621 0 1645 100 1937 0 1946 100 2082 0 2086 100 2396 0 2411 100 2673 0 2677 100 2902 0 2906 100 3157 0 4864 0
14 28 0 100 98 0 101 100 177 0 188 100 391 0 408 100 680 0 682 100 996 0 1011 100 1247 0 1272 100 1362 0 1379 100 1572 0 1595 100 1889 0 1913 100 2000 0 2002 100 2222 0 2247 100 2303 0 2318 100 2561 0 2586 100 4864 0
15 28 0 0 9 100 331 0 354 100 664 0 682 100 920 0 923 100 1141 0 1148 100 1384 0 1410 100 1605 0 1614 100 1715 0 1728 100 2008 0 2026 100 2175 0 2178 100 2346 0 2360 100 2460 0 2465 100 2610 0 2633 100 2754 0 4864 0
16 28 0 100 132 0 149 100 282 0 290 100 344 0 366 100 573 0 581 100 884 0 906 100 1099 0 1102 100 1408 0 1429 100 1712 0 1715 100 1865 0 1886 100 2064 0 2075 100 2224 0 2226 100 2374 0 2399 100 2503 0 2516 100 4864 0
17 28 0 100 81 0 98 100 205 0 223 100 416 0 422 100 587 0 604 100 659 0 685 100 916 0 925 100 1106 0 1119 100 1253 0 1268 100 1563 0 1582 100 1855 0 1860 100 2181 0 2204 100 2484 0 2491 100 2582 0 2607 100 4864 0
18 28 0 0 2 100 153 0 177 100 284 0 292 100 423 0 429 100 589 0 614 100 757 0 760 100 857 0 865 100 1175 0 1198 100 1517 0 1522 100 1689 0 1708 100 1895 0 1918 100 2165 0 2177 100 2434 0 2460 100 2752 0 4864 0
19 28 0 0 6 100 89 0 94 100 362 0 368 100 464 0 482 100 539 0 562 100 679 0 702 100 980 0 995 100 1312 0 1337 100 1393 0 1410 100 1542 0 1559 100 1635 0 1650 100 1770 0 1776 100 2027 0 2034 100 2155 0 4864 0
20 28 0 100 287 0 311 100 431 0 446 100 553 0 577 100 842 0 847 100 1090 0 1108 100 1327 0 1335 100 1657 0 1677 100 1900 0 1906 100 2022 0 2028 100 2190 0 2200 100 2521 0 2527 100 2696 0 2717 100 2824 0 2827 100 4864 0

# TASKS
# Format: <task_id> <size> <num_reqs>
# Then for each requirement: <type_id> <qty>
0 0 5
 0 0
 1 0
 2 0
 3 0
 4 0
1 10 5
 0 1
 1 2
 2 2
 3 2
 4 2
2 3 5
 0 3
 1 0
 2 2
 3 0
 4 0
3 15 5
 0 0
 1 1
 2 0
 3 2
 4 0
4 13 5
 0 3
 1 0
 2 2
 3 3
 4 0
5 12 5
 0 2
 1 2
 2 0
 3 0
 4 3
6 2 5
 0 0
 1 3
 2 1
 3 1
 4 1
7 8 5
 0 2
 1 0
 2 2
 3 0
 4 0
8 15 5
 0 1
 1 0
 2 0
 3 0
 4 0
9 7 5
 0 1
 1 3
 2 3
 3 0
 4 2
10 2 5
 0 2
 1 1
 2 1
 3 0
 4 0
11 2 5
 0 0
 1 2
 2 0
 3 1
 4 0
12 14 5
 0 3
 1 1
 2 2
 3 3
 4 2
13 17 5
 0 2
 1 1
 2 2
 3 2
 4 2
14 14 5
 0 3
 1 0
 2 3
 3 3
 4 1
15 18 5
 0 0
 1 1
 2 0
 3 1
 4 3
16 11 5
 0 2
 1 0
 2 2
 3 3
 4 3
17 1 5
 0 0
 1 0
 2 0
 3 0
 4 1
18 4 5
 0 3
 1 0
 2 3
 3 0
 4 0
19 7 5
 0 1
 1 0
 2 1
 3 2
 4 2
20 17 5
 0 0
 1 2
 2 0
 3 2
 4 3
21 14 5
 0 2
 1 1
 2 2
 3 3
 4 2
22 13 5
 0 3
 1 0
 2 2
 3 0
 4 0
23 4 5
 0 0
 1 0
 2 3
 3 2
 4 3
24 20 5
 0 0
 1 2
 2 1
 3 0
 4 0
25 7 5
 0 2
 1 1
 2 2
 3 0
 4 2
26 14 5
 0 0
 1 0
 2 0
 3 2
 4 0
27 17 5
 0 3
 1 2
 2 0
 3 2
 4 1
28 5 5
 0 0
 1 0
 2 3
 3 2
 4 3
29 14 5
 0 2
 1 3
 2 1
 3 0
 4 1
30 13 5
 0 0
 1 2
 2 2
 3 3
 4 0
31 17 5
 0 3
 1 0
 2 0
 3 0
 4 3
32 6 5
 0 0
 1 1
 2 1
 3 0
 4 1
33 20 5
 0 0
 1 0
 2 2
 3 3
 4 2
34 12 5
 0 3
 1 0
 2 3
 3 0
 4 0
35 13 5
 0 0
 1 0
 2 1
 3 0
 4 0
36 19 5
 0 0
 1 3
 2 1
 3 1
 4 2
37 12 5
 0 0
 1 1
 2 1
 3 2
 4 0
38 3 5
 0 2
 1 2
 2 0
 3 1
 4 1
39 6 5
 0 0
 1 0
 2 0
 3 2
 4 0
40 16 5
 0 0
 1 1
 2 3
 3 1
 4 1
41 18 5
 0 3
 1 0
 2 2
 3 1
 4 1
42 8 5
 0 3
 1 0
 2 2
 3 1
 4 3
43 10 5
 0 2
 1 2
 2 0
 3 1
 4 0
44 9 5
 0 0
 1 3
 2 1
 3 0
 4 2
45 14 5
 0 2
 1 0
 2 0
 3 0
 4 3
46 12 5
 0 3
 1 0
 2 1
 3 0
 4 2
47 10 5
 0 0
 1 0
 2 0
 3 2
 4 1
48 11 5
 0 1
 1 1
 2 2
 3 2
 4 2
49 1 5
 0 0
 1 3
 2 0
 3 0
 4 2
50 10 5
 0 0
 1 1
 2 3
 3 0
 4 0
51 3 5
 0 3
 1 2
 2 2
 3 1
 4 0
52 16 5
 0 2
 1 1
 2 3
 3 2
 4 1
53 10 5
 0 3
 1 0
 2 0
 3 2
 4 3
54 17 5
 0 3
 1 2
 2 2
 3 0
 4 2
55 13 5
 0 2
 1 1
 2 3
 3 0
 4 3
56 4 5
 0 0
 1 0
 2 1
 3 1
 4 2
57 14 5
 0 1
 1 2
 2 0
 3 1
 4 0
58 2 5
 0 1
 1 2
 2 2
 3 0
 4 0
59 13 5
 0 1
 1 0
 2 1
 3 1
 4 0
60 14 5
 0 0
 1 0
 2 1
 3 3
 4 2
61 11 5
 0 0
 1 1
 2 2
 3 0
 4 1
62 7 5
 0 0
 1 2
 2 1
 3 0
 4 2
63 7 5
 0 2
 1 3
 2 0
 3 2
 4 0
64 10 5
 0 0
 1 0
 2 0
 3 1
 4 2
65 13 5
 0 0
 1 0
 2 2
 3 2
 4 3
66 10 5
 0 0
 1 1
 2 1
 3 0
 4 2
67 6 5
 0 2
 1 0
 2 2
 3 3
 4 2
68 7 5
 0 3
 1 2
 2 2
 3 1
 4 0
69 14 5
 0 1
 1 3
 2 3
 3 2
 4 1
70 8 5
 0 0
 1 1
 2 0
 3 1
 4 1
71 9 5
 0 3
 1 0
 2 2
 3 3
 4 0
72 9 5
 0 1
 1 0
 2 2
 3 0
 4 1
73 4 5
 0 3
 1 0
 2 0
 3 0
 4 0
74 6 5
 0 1
 1 2
 2 0
 3 1
 4 0
75 14 5
 0 1
 1 0
 2 0
 3 1
 4 2
76 19 5
 0 1
 1 1
 2 0
 3 2
 4 0
77 17 5
 0 1
 1 0
 2 3
 3 2
 4 0
78 18 5
 0 2
 1 2
 2 2
 3 2
 4 0
79 20 5
 0 2
 1 0
 2 0
 3 2
 4 0
80 5 5
 0 1
 1 3
 2 0
 3 1
 4 0
81 7 5
 0 0
 1 1
 2 0
 3 0
 4 0
82 15 5
 0 0
 1 0
 2 3
 3 2
 4 2
83 9 5
 0 1
 1 3
 2 3
 3 2
 4 2
84 10 5
 0 1
 1 3
 2 3
 3 2
 4 0
85 6 5
 0 2
 1 2
 2 1
 3 3
 4 2
86 10 5
 0 2
 1 0
 2 2
 3 2
 4 0
87 17 5
 0 0
 1 0
 2 1
 3 0
 4 3
88 7 5
 0 1
 1 1
 2 2
 3 3
 4 0
89 14 5
 0 1
 1 0
 2 0
 3 1
 4 3
90 11 5
 0 0
 1 1
 2 2
 3 2
 4 2
91 19 5
 0 0
 1 1
 2 2
 3 3
 4 2
92 17 5
 0 0
 1 0
 2 2
 3 2
 4 3
93 1 5
 0 0
 1 1
 2 0
 3 1
 4 2
94 5 5
 0 0
 1 0
 2 0
 3 2
 4 3
95 1 5
 0 3
 1 1
 2 2
 3 0
 4 0
96 11 5
 0 2
 1 3
 2 1
 3 3
 4 0
97 2 5
 0 0
 1 3
 2 0
 3 1
 4 0
98 5 5
 0 2
 1 0
 2 0
 3 0
 4 0
99 7 5
 0 1
 1 1
 2 1
 3 2
 4 3
100 15 5
 0 1
 1 2
 2 0
 3 0
 4 0
101 18 5
 0 3
 1 0
 2 0
 3 0
 4 3
102 1 5
 0 3
 1 0
 2 3
 3 0
 4 2
103 10 5
 0 1
 1 0
 2 3
 3 2
 4 0
104 4 5
 0 2
 1 2
 2 3
 3 3
 4 3
105 20 5
 0 2
 1 0
 2 3
 3 1
 4 0
106 12 5
 0 3
 1 3
 2 3
 3 3
 4 3
107 19 5
 0 3
 1 0
 2 3
 3 2
 4 3
108 16 5
 0 2
 1 0
 2 3
 3 0
 4 0
109 17 5
 0 3
 1 3
 2 3
 3 0
 4 1
110 6 5
 0 3
 1 3
 2 1
 3 0
 4 0
111 8 5
 0 1
 1 0
 2 2
 3 0
 4 2
112 4 5
 0 3
 1 2
 2 0
 3 0
 4 0
113 11 5
 0 2
 1 3
 2 1
 3 2
 4 2
114 8 5
 0 1
 1 3
 2 0
 3 3
 4 3
115 4 5
 0 1
 1 0
 2 2
 3 1
 4 3
116 17 5
 0 1
 1 2
 2 2
 3 0
 4 1
117 3 5
 0 3
 1 1
 2 1
 3 0
 4 1
118 16 5
 0 3
 1 1
 2 2
 3 0
 4 3
119 12 5
 0 1
 1 0
 2 3
 3 3
 4 0
120 17 5
 0 3
 1 3
 2 0
 3 2
 4 0
121 2 5
 0 2
 1 1
 2 3
 3 0
 4 3
122 2 5
 0 1
 1 0
 2 3
 3 0
 4 0
123 2 5
 0 1
 1 0
 2 3
 3 0
 4 0
124 16 5
 0 0
 1 1
 2 2
 3 3
 4 2
125 10 5
 0 0
 1 0
 2 1
 3 1
 4 2
126 1 5
 0 1
 1 2
 2 0
 3 2
 4 1
127 15 5
 0 3
 1 0
 2 1
 3 1
 4 1
128 19 5
 0 2
 1 0
 2 0
 3 0
 4 1
129 8 5
 0 0
 1 1
 2 2
 3 2
 4 0
130 8 5
 0 0
 1 2
 2 1
 3 0
 4 3
131 7 5
 0 3
 1 0
 2 0
 3 0
 4 2
132 12 5
 0 0
 1 3
 2 2
 3 3
 4 1
133 12 5
 0 0
 1 0
 2 0
 3 1
 4 0
134 17 5
 0 3
 1 1
 2 1
 3 1
 4 0
135 15 5
 0 0
 1 1
 2 3
 3 1
 4 3
136 13 5
 0 2
 1 1
 2 2
 3 2
 4 3
137 10 5
 0 2
 1 0
 2 0
 3 0
 4 2
138 19 5
 0 1
 1 3
 2 2
 3 0
 4 0
139 2 5
 0 0
 1 3
 2 0
 3 3
 4 3
140 19 5
 0 0
 1 2
 2 1
 3 1
 4 3
141 9 5
 0 1
 1 0
 2 3
 3 3
 4 2
142 9 5
 0 0
 1 0
 2 0
 3 3
 4 0
143 9 5
 0 0
 1 1
 2 2
 3 2
 4 3
144 7 5
 0 3
 1 0
 2 3
 3 1
 4 2
145 9 5
 0 2
 1 3
 2 3
 3 0
 4 3
146 2 5
 0 3
 1 0
 2 1
 3 1
 4 3
147 9 5
 0 0
 1 2
 2 1
 3 0
 4 1
148 17 5
 0 3
 1 1
 2 2
 3 0
 4 0
149 3 5
 0 0
 1 0
 2 2
 3 0
 4 2
150 12 5
 0 2
 1 0
 2 1
 3 1
 4 0
151 1 5
 0 1
 1 0
 2 3
 3 3
 4 0
152 7 5
 0 3
 1 3
 2 3
 3 1
 4 0
153 8 5
 0 3
 1 0
 2 0
 3 1
 4 0
154 17 5
 0 0
 1 0
 2 0
 3 2
 4 3
155 10 5
 0 0
 1 2
 2 2
 3 0
 4 1
156 15 5
 0 0
 1 0
 2 2
 3 1
 4 0
157 16 5
 0 0
 1 2
 2 1
 3 0
 4 2
158 19 5
 0 0
 1 0
 2 0
 3 1
 4 2
159 17 5
 0 0
 1 3
 2 0
 3 1
 4 0
160 1 5
 0 2
 1 3
 2 0
 3 1
 4 1
161 14 5
 0 1
 1 0
 2 3
 3 0
 4 0
162 12 5
 0 3
 1 3
 2 2
 3 0
 4 0
163 19 5
 0 0
 1 3
 2 3
 3 0
 4 0
164 14 5
 0 0
 1 0
 2 2
 3 0
 4 0
165 19 5
 0 0
 1 0
 2 1
 3 2
 4 0
166 15 5
 0 2
 1 3
 2 1
 3 2
 4 3
167 17 5
 0 0
 1 2
 2 2
 3 1
 4 0
168 2 5
 0 0
 1 0
 2 0
 3 3
 4 3
169 11 5
 0 2
 1 2
 2 2
 3 1
 4 2
170 20 5
 0 0
 1 0
 2 0
 3 1
 4 3
171 6 5
 0 1
 1 0
 2 1
 3 1
 4 2
172 19 5
 0 2
 1 2
 2 1
 3 0
 4 0
173 4 5
 0 2
 1 1
 2 0
 3 0
 4 0
174 4 5
 0 0
 1 0
 2 0
 3 1
 4 3
175 11 5
 0 3
 1 0
 2 0
 3 3
 4 1
176 14 5
 0 3
 1 0
 2 3
 3 0
 4 0
177 2 5
 0 0
 1 0
 2 3
 3 1
 4 0
178 9 5
 0 2
 1 0
 2 0
 3 1
 4 0
179 3 5
 0 0
 1 0
 2 0
 3 1
 4 3
180 7 5
 0 0
 1 3
 2 2
 3 0
 4 2
181 16 5
 0 1
 1 0
 2 0
 3 0
 4 0
182 16 5
 0 0
 1 2
 2 2
 3 1
 4 0
183 10 5
 0 2
 1 3
 2 1
 3 2
 4 0
184 12 5
 0 0
 1 0
 2 0
 3 2
 4 0
185 8 5
 0 2
 1 2
 2 2
 3 2
 4 2
186 14 5
 0 1
 1 3
 2 3
 3 0
 4 2
187 8 5
 0 1
 1 3
 2 3
 3 0
 4 3
188 1 5
 0 0
 1 2
 2 3
 3 2
 4 0
189 18 5
 0 1
 1 2
 2 1
 3 0
 4 3
190 8 5
 0 1
 1 0
 2 1
 3 1
 4 0
191 2 5
 0 0
 1 0
 2 3
 3 2
 4 2
192 10 5
 0 3
 1 0
 2 2
 3 0
 4 0
193 13 5
 0 0
 1 3
 2 0
 3 0
 4 3
194 14 5
 0 3
 1 0
 2 0
 3 3
 4 2
195 7 5
 0 0
 1 0
 2 0
 3 3
 4 2
196 15 5
 0 2
 1 0
 2 2
 3 1
 4 2
197 18 5
 0 2
 1 0
 2 1
 3 2
 4 0
198 12 5
 0 0
 1 0
 2 3
 3 0
 4 1
199 15 5
 0 3
 1 2
 2 3
 3 0
 4 1
200 7 5
 0 0
 1 1
 2 2
 3 0
 4 3
201 19 5
 0 0
 1 2
 2 2
 3 0
 4 0
202 2 5
 0 3
 1 1
 2 1
 3 0
 4 0
203 18 5
 0 3
 1 2
 2 0
 3 3
 4 0
204 3 5
 0 0
 1 1
 2 1
 3 3
 4 1
205 15 5
 0 0
 1 2
 2 3
 3 0
 4 3
206 18 5
 0 1
 1 2
 2 0
 3 0
 4 0
207 9 5
 0 3
 1 0
 2 1
 3 3
 4 0
208 20 5
 0 0
 1 3
 2 2
 3 2
 4 0
209 5 5
 0 3
 1 0
 2 2
 3 2
 4 1
210 10 5
 0 0
 1 1
 2 2
 3 3
 4 1
211 3 5
 0 3
 1 0
 2 1
 3 0
 4 2
212 19 5
 0 0
 1 2
 2 0
 3 3
 4 0
213 3 5
 0 1
 1 0
 2 2
 3 1
 4 0
214 19 5
 0 0
 1 3
 2 0
 3 2
 4 0
215 20 5
 0 0
 1 1
 2 1
 3 0
 4 3
216 5 5
 0 2
 1 0
 2 1
 3 2
 4 2
217 11 5
 0 1
 1 2
 2 2
 3 0
 4 3
218 11 5
 0 3
 1 0
 2 0
 3 0
 4 0
219 5 5
 0 0
 1 2
 2 0
 3 1
 4 2
220 12 5
 0 2
 1 0
 2 0
 3 2
 4 3
221 7 5
 0 1
 1 0
 2 0
 3 2
 4 1
222 19 5
 0 1
 1 0
 2 0
 3 1
 4 0
223 2 5
 0 0
 1 0
 2 3
 3 0
 4 1
224 19 5
 0 0
 1 0
 2 0
 3 1
 4 0
225 6 5
 0 3
 1 0
 2 0
 3 1
 4 0
226 5 5
 0 0
 1 1
 2 1
 3 3
 4 0
227 11 5
 0 3
 1 1
 2 0
 3 0
 4 3
228 11 5
 0 0
 1 3
 2 0
 3 1
 4 0
229 13 5
 0 3
 1 0
 2 3
 3 2
 4 2
230 2 5
 0 1
 1 0
 2 3
 3 0
 4 0
231 1 5
 0 3
 1 2
 2 3
 3 2
 4 1
232 6 5
 0 0
 1 3
 2 0
 3 1
 4 0
233 7 5
 0 0
 1 3
 2 0
 3 3
 4 0
234 7 5
 0 0
 1 0
 2 2
 3 0
 4 1
235 19 5
 0 1
 1 0
 2 1
 3 2
 4 2
236 9 5
 0 2
 1 2
 2 0
 3 3
 4 0
237 6 5
 0 3
 1 3
 2 3
 3 3
 4 0
238 10 5
 0 3
 1 0
 2 3
 3 0
 4 1
239 9 5
 0 2
 1 1
 2 3
 3 1
 4 2
240 12 5
 0 3
 1 1
 2 1
 3 0
 4 0
241 1 5
 0 2
 1 3
 2 0
 3 2
 4 2
242 18 5
 0 1
 1 3
 2 3
 3 0
 4 0
243 16 5
 0 0
 1 2
 2 0
 3 2
 4 1
244 17 5
 0 2
 1 0
 2 0
 3 1
 4 1
245 10 5
 0 0
 1 0
 2 0
 3 3
 4 0
246 5 5
 0 0
 1 0
 2 1
 3 1
 4 0
247 15 5
 0 2
 1 1
 2 1
 3 1
 4 1
248 14 5
 0 1
 1 3
 2 0
 3 2
 4 1
249 16 5
 0 2
 1 0
 2 0
 3 0
 4 0
250 8 5
 0 0
 1 1
 2 1
 3 2
 4 0
251 14 5
 0 3
 1 2
 2 0
 3 0
 4 3
252 6 5
 0 0
 1 2
 2 1
 3 0
 4 0
253 3 5
 0 0
 1 1
 2 2
 3 2
 4 1
254 14 5
 0 2
 1 2
 2 2
 3 2
 4 0
255 4 5
 0 1
 1 3
 2 2
 3 0
 4 2
256 5 5
 0 2
 1 0
 2 3
 3 0
 4 1
257 10 5
 0 3
 1 0
 2 0
 3 0
 4 2
258 16 5
 0 0
 1 0
 2 0
 3 1
 4 0
259 18 5
 0 0
 1 0
 2 1
 3 3
 4 1
260 17 5
 0 0
 1 0
 2 1
 3 1
 4 2
261 15 5
 0 3
 1 0
 2 2
 3 0
 4 0
262 1 5
 0 1
 1 2
 2 2
 3 1
 4 2
263 2 5
 0 2
 1 1
 2 1
 3 0
 4 0
264 14 5
 0 0
 1 2
 2 0
 3 3
 4 0
265 19 5
 0 1
 1 1
 2 3
 3 0
 4 0
266 13 5
 0 3
 1 3
 2 0
 3 1
 4 3
267 9 5
 0 0
 1 0
 2 2
 3 0
 4 0
268 19 5
 0 2
 1 0
 2 1
 3 0
 4 3
269 16 5
 0 2
 1 3
 2 0
 3 3
 4 2
270 6 5
 0 0
 1 2
 2 2
 3 0
 4 2
271 20 5
 0 0
 1 0
 2 1
 3 2
 4 3
272 10 5
 0 0
 1 0
 2 2
 3 0
 4 2
273 16 5
 0 0
 1 2
 2 2
 3 3
 4 3
274 6 5
 0 0
 1 1
 2 0
 3 1
 4 0
275 18 5
 0 0
 1 3
 2 0
 3 2
 4 0
276 15 5
 0 0
 1 3
 2 3
 3 2
 4 1
277 10 5
 0 2
 1 0
 2 3
 3 3
 4 0
278 4 5
 0 1
 1 1
 2 1
 3 0
 4 0
279 13 5
 0 2
 1 0
 2 3
 3 2
 4 0
280 11 5
 0 3
 1 2
 2 2
 3 2
 4 1
281 13 5
 0 3
 1 0
 2 0
 3 0
 4 0
282 4 5
 0 3
 1 2
 2 3
 3 1
 4 3
283 17 5
 0 0
 1 3
 2 1
 3 1
 4 3
284 16 5
 0 0
 1 0
 2 3
 3 0
 4 0
285 18 5
 0 1
 1 0
 2 2
 3 0
 4 2
286 7 5
 0 2
 1 1
 2 2
 3 3
 4 0
287 8 5
 0 0
 1 0
 2 1
 3 0
 4 0
288 6 5
 0 3
 1 0
 2 1
 3 0
 4 3
289 16 5
 0 0
 1 2
 2 0
 3 0
 4 3
290 20 5
 0 0
 1 1
 2 3
 3 2
 4 0
291 2 5
 0 3
 1 0
 2 0
 3 1
 4 2
292 19 5
 0 0
 1 1
 2 3
 3 1
 4 0
293 7 5
 0 2
 1 0
 2 3
 3 1
 4 0
294 11 5
 0 2
 1 2
 2 0
 3 3
 4 1
295 5 5
 0 1
 1 2
 2 3
 3 3
 4 3
296 10 5
 0 2
 1 0
 2 3
 3 3
 4 2
297 9 5
 0 0
 1 1
 2 1
 3 2
 4 3
298 17 5
 0 3
 1 0
 2 0
 3 0
 4 3
299 11 5
 0 2
 1 0
 2 1
 3 0
 4 2
300 13 5
 0 1
 1 2
 2 1
 3 3
 4 0
301 7 5
 0 2
 1 3
 2 0
 3 0
 4 0
302 17 5
 0 0
 1 0
 2 1
 3 1
 4 0
303 17 5
 0 3
 1 0
 2 0
 3 1
 4 0
304 2 5
 0 3
 1 2
 2 0
 3 3
 4 0
305 8 5
 0 0
 1 1
 2 0
 3 2
 4 1
306 3 5
 0 0
 1 2
 2 1
 3 3
 4 1
307 18 5
 0 0
 1 3
 2 2
 3 1
 4 1
308 18 5
 0 3
 1 3
 2 2
 3 0
 4 2
309 7 5
 0 3
 1 0
 2 1
 3 2
 4 0
310 16 5
 0 0
 1 2
 2 3
 3 3
 4 2
311 18 5
 0 3
 1 1
 2 2
 3 0
 4 2
312 6 5
 0 2
 1 0
 2 2
 3 3
 4 1
313 7 5
 0 0
 1 0
 2 3
 3 3
 4 3
314 10 5
 0 0
 1 3
 2 1
 3 2
 4 0
315 6 5
 0 0
 1 3
 2 0
 3 0
 4 0
316 9 5
 0 2
 1 2
 2 2
 3 2
 4 0
317 11 5
 0 2
 1 2
 2 2
 3 2
 4 1
318 15 5
 0 0
 1 3
 2 3
 3 0
 4 2
319 1 5
 0 2
 1 3
 2 0
 3 0
 4 0
320 15 5
 0 0
 1 1
 2 3
 3 3
 4 1
321 13 5
 0 0
 1 0
 2 2
 3 0
 4 1
322 4 5
 0 2
 1 2
 2 2
 3 1
 4 0
323 3 5
 0 3
 1 1
 2 0
 3 3
 4 1
324 15 5
 0 3
 1 3
 2 3
 3 0
 4 0
325 5 5
 0 0
 1 3
 2 0
 3 2
 4 0
326 15 5
 0 0
 1 2
 2 2
 3 1
 4 0
327 9 5
 0 3
 1 0
 2 3
 3 2
 4 0
328 2 5
 0 0
 1 3
 2 3
 3 1
 4 0
329 11 5
 0 0
 1 3
 2 1
 3 0
 4 3
330 4 5
 0 3
 1 0
 2 2
 3 0
 4 0
331 3 5
 0 0
 1 2
 2 3
 3 2
 4 3
332 19 5
 0 3
 1 0
 2 0
 3 0
 4 0
333 13 5
 0 1
 1 0
 2 1
 3 2
 4 1
334 19 5
 0 0
 1 2
 2 0
 3 3
 4 0
335 19 5
 0 1
 1 1
 2 3
 3 0
 4 0
336 5 5
 0 1
 1 2
 2 0
 3 0
 4 1
337 14 5
 0 0
 1 1
 2 0
 3 2
 4 2
338 1 5
 0 3
 1 0
 2 1
 3 2
 4 2
339 19 5
 0 0
 1 1
 2 3
 3 0
 4 1
340 4 5
 0 0
 1 0
 2 2
 3 1
 4 0
341 17 5
 0 2
 1 2
 2 2
 3 0
 4 1
342 12 5
 0 2
 1 0
 2 3
 3 3
 4 3
343 13 5
 0 0
 1 2
 2 0
 3 0
 4 1
344 6 5
 0 1
 1 1
 2 0
 3 0
 4 1
345 10 5
 0 2
 1 0
 2 1
 3 0
 4 0
346 6 5
 0 1
 1 0
 2 1
 3 3
 4 2
347 20 5
 0 1
 1 2
 2 1
 3 0
 4 2
348 20 5
 0 0
 1 1
 2 1
 3 1
 4 2
349 15 5
 0 0
 1 0
 2 1
 3 0
 4 0
350 1 5
 0 2
 1 0
 2 2
 3 0
 4 3
351 4 5
 0 3
 1 0
 2 1
 3 1
 4 0
352 5 5
 0 1
 1 0
 2 0
 3 3
 4 1
353 9 5
 0 3
 1 3
 2 0
 3 0
 4 3
354 9 5
 0 0
 1 2
 2 1
 3 1
 4 0
355 13 5
 0 0
 1 0
 2 0
 3 3
 4 1
356 6 5
 0 1
 1 2
 2 0
 3 3
 4 1
357 15 5
 0 0
 1 1
 2 0
 3 0
 4 2
358 11 5
 0 0
 1 2
 2 0
 3 3
 4 1
359 11 5
 0 0
 1 2
 2 1
 3 0
 4 1
360 15 5
 0 0
 1 3
 2 2
 3 2
 4 1
361 17 5
 0 3
 1 3
 2 1
 3 3
 4 3
362 5 5
 0 3
 1 3
 2 1
 3 0
 4 0
363 6 5
 0 1
 1 0
 2 0
 3 0
 4 3
364 5 5
 0 3
 1 1
 2 2
 3 3
 4 0
365 16 5
 0 1
 1 0
 2 1
 3 3
 4 0
366 7 5
 0 0
 1 0
 2 0
 3 2
 4 2
367 6 5
 0 0
 1 0
 2 0
 3 1
 4 0
368 13 5
 0 1
 1 0
 2 2
 3 2
 4 3
369 19 5
 0 0
 1 2
 2 2
 3 0
 4 1
370 17 5
 0 1
 1 0
 2 1
 3 0
 4 1
371 18 5
 0 0
 1 1
 2 0
 3 0
 4 0
372 9 5
 0 0
 1 2
 2 2
 3 1
 4 0
373 16 5
 0 0
 1 1
 2 3
 3 0
 4 2
374 8 5
 0 0
 1 0
 2 0
 3 0
 4 3
375 4 5
 0 0
 1 3
 2 0
 3 0
 4 0
376 11 5
 0 2
 1 0
 2 1
 3 0
 4 3
377 16 5
 0 2
 1 0
 2 3
 3 3
 4 0
378 13 5
 0 0
 1 0
 2 0
 3 1
 4 3
379 4 5
 0 1
 1 0
 2 3
 3 0
 4 0
380 14 5
 0 0
 1 0
 2 3
 3 0
 4 0
381 19 5
 0 0
 1 2
 2 0
 3 0
 4 0
382 1 5
 0 1
 1 2
 2 2
 3 0
 4 0
383 9 5
 0 3
 1 1
 2 1
 3 3
 4 0
384 9 5
 0 0
 1 3
 2 0
 3 2
 4 0
385 12 5
 0 0
 1 2
 2 0
 3 3
 4 1
386 11 5
 0 0
 1 3
 2 2
 3 2
 4 0
387 13 5
 0 3
 1 2
 2 0
 3 0
 4 0
388 6 5
 0 1
 1 2
 2 0
 3 0
 4 3
389 18 5
 0 3
 1 0
 2 1
 3 0
 4 0
390 13 5
 0 0
 1 2
 2 2
 3 2
 4 3
391 10 5
 0 0
 1 0
 2 1
 3 1
 4 1
392 9 5
 0 1
 1 0
 2 0
 3 1
 4 1
393 5 5
 0 1
 1 0
 2 0
 3 2
 4 3
394 19 5
 0 1
 1 0
 2 3
 3 2
 4 0
395 12 5
 0 0
 1 2
 2 1
 3 2
 4 3
396 5 5
 0 3
 1 3
 2 1
 3 0
 4 0
397 17 5
 0 0
 1 1
 2 0
 3 0
 4 0
398 18 5
 0 0
 1 2
 2 1
 3 2
 4 2
399 3 5
 0 0
 1 3
 2 3
 3 2
 4 3
400 5 5
 0 2
 1 3
 2 2
 3 0
 4 0
401 20 5
 0 3
 1 0
 2 2
 3 2
 4 3
402 10 5
 0 3
 1 0
 2 2
 3 3
 4 0
403 19 5
 0 1
 1 0
 2 2
 3 1
 4 0
404 17 5
 0 1
 1 0
 2 3
 3 0
 4 0
405 6 5
 0 2
 1 0
 2 1
 3 0
 4 3
406 13 5
 0 0
 1 2
 2 2
 3 2
 4 3
407 14 5
 0 0
 1 1
 2 1
 3 3
 4 0
408 11 5
 0 1
 1 1
 2 0
 3 3
 4 2
409 4 5
 0 3
 1 2
 2 1
 3 0
 4 2
410 3 5
 0 0
 1 3
 2 3
 3 2
 4 3
411 5 5
 0 3
 1 2
 2 0
 3 0
 4 1
412 15 5
 0 1
 1 0
 2 0
 3 0
 4 2
413 10 5
 0 3
 1 3
 2 1
 3 3
 4 3
414 11 5
 0 0
 1 0
 2 2
 3 0
 4 0
415 18 5
 0 1
 1 1
 2 0
 3 2
 4 1
416 16 5
 0 0
 1 0
 2 0
 3 0
 4 3
417 3 5
 0 0
 1 3
 2 3
 3 2
 4 0
418 7 5
 0 1
 1 1
 2 3
 3 2
 4 2
419 1 5
 0 2
 1 3
 2 2
 3 0
 4 0
420 2 5
 0 1
 1 1
 2 3
 3 0
 4 1
421 11 5
 0 0
 1 1
 2 0
 3 2
 4 0
422 2 5
 0 0
 1 0
 2 3
 3 1
 4 3
423 2 5
 0 0
 1 1
 2 0
 3 0
 4 1
424 16 5
 0 3
 1 0
 2 2
 3 3
 4 2
425 1 5
 0 0
 1 0
 2 0
 3 1
 4 0
426 8 5
 0 2
 1 1
 2 3
 3 0
 4 0
427 14 5
 0 0
 1 0
 2 0
 3 3
 4 0
428 9 5
 0 1
 1 2
 2 1
 3 0
 4 3
429 1 5
 0 0
 1 3
 2 0
 3 3
 4 3
430 4 5
 0 2
 1 3
 2 3
 3 3
 4 0
431 13 5
 0 2
 1 3
 2 1
 3 1
 4 0
432 18 5
 0 0
 1 3
 2 0
 3 1
 4 1
433 13 5
 0 3
 1 0
 2 3
 3 3
 4 3
434 2 5
 0 0
 1 1
 2 0
 3 0
 4 1
435 5 5
 0 2
 1 0
 2 1
 3 0
 4 2
436 5 5
 0 0
 1 1
 2 1
 3 3
 4 2
437 3 5
 0 0
 1 0
 2 1
 3 2
 4 3
438 3 5
 0 3
 1 3
 2 2
 3 1
 4 0
439 8 5
 0 1
 1 2
 2 0
 3 1
 4 0
440 2 5
 0 1
 1 2
 2 0
 3 0
 4 3
441 13 5
 0 3
 1 2
 2 0
 3 3
 4 1
442 15 5
 0 2
 1 2
 2 0
 3 2
 4 0
443 6 5
 0 1
 1 2
 2 2
 3 3
 4 0
444 13 5
 0 3
 1 2
 2 2
 3 2
 4 2
445 15 5
 0 2
 1 0
 2 3
 3 1
 4 0
446 19 5
 0 3
 1 0
 2 0
 3 0
 4 2
447 12 5
 0 0
 1 1
 2 3
 3 0
 4 3
448 14 5
 0 1
 1 1
 2 0
 3 0
 4 2
449 1 5
 0 0
 1 3
 2 3
 3 0
 4 0
450 13 5
 0 1
 1 2
 2 3
 3 2
 4 3
451 17 5
 0 0
 1 0
 2 0
 3 0
 4 1
452 2 5
 0 1
 1 2
 2 1
 3 0
 4 1
453 12 5
 0 0
 1 2
 2 3
 3 2
 4 3
454 6 5
 0 0
 1 2
 2 3
 3 3
 4 2
455 9 5
 0 0
 1 0
 2 0
 3 0
 4 2
456 4 5
 0 0
 1 2
 2 2
 3 1
 4 2
457 15 5
 0 1
 1 1
 2 0
 3 0
 4 2
458 3 5
 0 0
 1 1
 2 0
 3 0
 4 0
459 4 5
 0 0
 1 0
 2 0
 3 0
 4 3
460 3 5
 0 2
 1 3
 2 1
 3 2
 4 2
461 17 5
 0 0
 1 2
 2 0
 3 1
 4 0
462 9 5
 0 2
 1 2
 2 0
 3 0
 4 1
463 11 5
 0 1
 1 0
 2 0
 3 3
 4 2
464 7 5
 0 0
 1 1
 2 0
 3 2
 4 3
465 14 5
 0 2
 1 2
 2 0
 3 2
 4 1
466 15 5
 0 0
 1 3
 2 0
 3 0
 4 0
467 1 5
 0 0
 1 0
 2 1
 3 1
 4 1
468 3 5
 0 0
 1 1
 2 0
 3 3
 4 3
469 15 5
 0 0
 1 3
 2 1
 3 1
 4 3
470 3 5
 0 3
 1 0
 2 3
 3 1
 4 0
471 13 5
 0 3
 1 1
 2 0
 3 3
 4 2
472 19 5
 0 0
 1 1
 2 1
 3 1
 4 3
473 19 5
 0 0
 1 0
 2 0
 3 1
 4 0
474 8 5
 0 3
 1 0
 2 2
 3 2
 4 2
475 12 5
 0 0
 1 3
 2 0
 3 0
 4 1
476 3 5
 0 2
 1 3
 2 2
 3 3
 4 3
477 3 5
 0 2
 1 0
 2 0
 3 0
 4 3
478 11 5
 0 3
 1 0
 2 2
 3 0
 4 3
479 7 5
 0 1
 1 2
 2 2
 3 2
 4 2
480 15 5
 0 3
 1 0
 2 1
 3 0
 4 0
481 13 5
 0 0
 1 0
 2 1
 3 3
 4 0
482 5 5
 0 1
 1 1
 2 1
 3 1
 4 2
483 6 5
 0 3
 1 1
 2 3
 3 2
 4 0
484 6 5
 0 3
 1 1
 2 2
 3 0
 4 0
485 5 5
 0 2
 1 0
 2 1
 3 0
 4 0
486 11 5
 0 0
 1 0
 2 1
 3 3
 4 3
487 12 5
 0 0
 1 0
 2 2
 3 2
 4 1
488 7 5
 0 0
 1 0
 2 0
 3 1
 4 0
489 9 5
 0 3
 1 0
 2 0
 3 0
 4 0
490 19 5
 0 0
 1 3
 2 0
 3 0
 4 3
491 16 5
 0 0
 1 1
 2 1
 3 0
 4 2
492 15 5
 0 0
 1 0
 2 0
 3 2
 4 1
493 9 5
 0 0
 1 1
 2 1
 3 0
 4 3
494 16 5
 0 2
 1 0
 2 2
 3 0
 4 3
495 7 5
 0 0
 1 1
 2 1
 3 0
 4 3
496 10 5
 0 2
 1 1
 2 1
 3 1
 4 3
497 0 5
 0 0
 1 0
 2 0
 3 0
 4 0

# PRECEDENCES
1130
0 1
0 32
0 63
0 94
0 125
0 156
0 187
0 218
0 249
0 280
0 311
0 342
0 373
0 404
0 435
0 466
1 2
1 32
2 3
2 33
3 4
3 34
4 5
4 35
5 6
5 36
5 37
6 7
6 37
7 8
7 38
7 39
8 9
8 39
9 10
9 40
9 41
10 11
10 41
10 42
11 12
11 42
12 13
12 43
13 14
13 44
14 15
14 45
14 46
15 16
15 46
16 17
16 47
16 48
17 18
17 48
17 49
18 19
18 49
19 20
19 50
20 21
20 51
20 52
21 22
21 52
21 53
22 23
22 53
23 24
23 54
24 25
24 55
24 56
25 26
25 56
26 27
26 57
27 28
27 58
27 59
28 29
28 59
29 30
29 60
30 31
30 61
31 62
31 497
32 33
32 63
32 64
33 34
33 64
34 35
34 65
35 36
35 66
36 37
36 67
37 38
37 68
38 39
38 69
38 70
39 40
39 70
39 71
40 41
40 71
41 42
41 72
41 73
42 43
42 73
42 74
43 44
43 74
44 45
44 75
45 46
45 76
45 77
46 47
46 77
47 48
47 78
48 49
48 79
49 50
49 80
49 81
50 51
50 81
51 52
51 82
51 83
52 53
52 83
53 54
53 84
54 55
54 85
55 56
55 86
56 57
56 87
57 58
57 88
58 59
58 89
58 90
59 60
59 90
59 91
60 61
60 91
61 62
61 92
62 93
62 497
63 64
63 94
64 65
64 95
65 66
65 96
66 67
66 97
67 68
67 98
68 69
68 99
69 70
69 100
70 71
70 101
70 102
71 72
71 102
72 73
72 103
73 74
73 104
74 75
74 105
75 76
75 106
76 77
76 107
76 108
77 78
77 108
77 109
78 79
78 109
79 80
79 110
79 111
80 81
80 111
81 82
81 112
81 113
82 83
82 113
83 84
83 114
83 115
84 85
84 115
85 86
85 116
86 87
86 117
87 88
87 118
88 89
88 119
88 120
89 90
89 120
90 91
90 121
91 92
91 122
92 93
92 123
93 124
93 497
94 95
94 125
95 96
95 126
95 127
96 97
96 127
96 128
97 98
97 128
98 99
98 129
99 100
99 130
99 131
100 101
100 131
101 102
101 132
102 103
102 133
103 104
103 134
104 105
104 135
104 136
105 106
105 136
106 107
106 137
106 138
107 108
107 138
107 139
108 109
108 139
108 140
109 110
109 140
109 141
110 111
110 141
111 112
111 142
111 143
112 113
112 143
113 114
113 144
114 115
114 145
114 146
115 116
115 146
115 147
116 117
116 147
117 118
117 148
117 149
118 119
118 149
119 120
119 150
120 121
120 151
120 152
121 122
121 152
121 153
122 123
122 153
123 124
123 154
124 155
124 497
125 126
125 156
126 127
126 157
127 128
127 158
128 129
128 159
129 130
129 160
129 161
130 131
130 161
130 162
131 132
131 162
132 133
132 163
132 164
133 134
133 164
134 135
134 165
135 136
135 166
135 167
136 137
136 167
137 138
137 168
138 139
138 169
138 170
139 140
139 170
139 171
140 141
140 171
140 172
141 142
141 172
142 143
142 173
143 144
143 174
144 145
144 175
145 146
145 176
146 147
146 177
147 148
147 178
148 149
148 179
148 180
149 150
149 180
150 151
150 181
151 152
151 182
151 183
152 153
152 183
153 154
153 184
154 155
154 185
154 186
155 186
155 497
156 157
156 187
157 158
157 188
158 159
158 189
159 160
159 190
160 161
160 191
161 162
161 192
162 163
162 193
162 194
163 164
163 194
164 165
164 195
165 166
165 196
166 167
166 197
167 168
167 198
167 199
168 169
168 199
169 170
169 200
170 171
170 201
170 202
171 172
171 202
171 203
172 173
172 203
173 174
173 204
174 175
174 205
175 176
175 206
176 177
176 207
176 208
177 178
177 208
177 209
178 179
178 209
179 180
179 210
180 181
180 211
181 182
181 212
182 183
182 213
183 184
183 214
183 215
184 185
184 215
185 186
185 216
185 217
186 217
186 497
187 188
187 218
187 219
188 189
188 219
189 190
189 220
189 221
190 191
190 221
190 222
191 192
191 222
192 193
192 223
193 194
193 224
193 225
194 195
194 225
195 196
195 226
195 227
196 197
196 227
197 198
197 228
198 199
198 229
199 200
199 230
199 231
200 201
200 231
201 202
201 232
202 203
202 233
203 204
203 234
204 205
204 235
204 236
205 206
205 236
205 237
206 207
206 237
207 208
207 238
208 209
208 239
209 210
209 240
210 211
210 241
211 212
211 242
211 243
212 213
212 243
213 214
213 244
213 245
214 215
214 245
215 216
215 246
215 247
216 217
216 247
216 248
217 248
217 497
218 219
218 249
219 220
219 250
219 251
220 221
220 251
221 222
221 252
222 223
222 253
222 254
223 224
223 254
223 255
224 225
224 255
224 256
225 226
225 256
226 227
226 257
227 228
227 258
227 259
228 229
228 259
229 230
229 260
230 231
230 261
231 232
231 262
232 233
232 263
233 234
233 264
234 235
234 265
235 236
235 266
235 267
236 237
236 267
237 238
237 268
237 269
238 239
238 269
238 270
239 240
239 270
240 241
240 271
241 242
241 272
242 243
242 273
242 274
243 244
243 274
243 275
244 245
244 275
244 276
245 246
245 276
246 247
246 277
247 248
247 278
247 279
248 279
248 497
249 250
249 280
250 251
250 281
251 252
251 282
252 253
252 283
253 254
253 284
253 285
254 255
254 285
255 256
255 286
255 287
256 257
256 287
257 258
257 288
258 259
258 289
258 290
259 260
259 290
260 261
260 291
261 262
261 292
262 263
262 293
263 264
263 294
264 265
264 295
265 266
265 296
265 297
266 267
266 297
266 298
267 268
267 298
268 269
268 299
269 270
269 300
270 271
270 301
271 272
271 302
271 303
272 273
272 303
273 274
273 304
274 275
274 305
274 306
275 276
275 306
276 277
276 307
276 308
277 278
277 308
278 279
278 309
279 310
279 497
280 281
280 311
281 282
281 312
282 283
282 313
283 284
283 314
284 285
284 315
285 286
285 316
285 317
286 287
286 317
287 288
287 318
288 289
288 319
289 290
289 320
290 291
290 321
291 292
291 322
292 293
292 323
293 294
293 324
293 325
294 295
294 325
294 326
295 296
295 326
296 297
296 327
297 298
297 328
298 299
298 329
299 300
299 330
299 331
300 301
300 331
300 332
301 302
301 332
302 303
302 333
302 334
303 304
303 334
304 305
304 335
305 306
305 336
306 307
306 337
306 338
307 308
307 338
307 339
308 309
308 339
309 310
309 340
310 341
310 497
311 312
311 342
312 313
312 343
313 314
313 344
313 345
314 315
314 345
315 316
315 346
316 317
316 347
317 318
317 348
318 319
318 349
319 320
319 350
319 351
320 321
320 351
320 352
321 322
321 352
322 323
322 353
322 354
323 324
323 354
324 325
324 355
324 356
325 326
325 356
326 327
326 357
327 328
327 358
328 329
328 359
328 360
329 330
329 360
329 361
330 331
330 361
331 332
331 362
332 333
332 363
333 334
333 364
333 365
334 335
334 365
334 366
335 336
335 366
335 367
336 337
336 367
336 368
337 338
337 368
337 369
338 339
338 369
339 340
339 370
340 341
340 371
341 372
341 497
342 343
342 373
343 344
343 374
343 375
344 345
344 375
345 346
345 376
346 347
346 377
347 348
347 378
348 349
348 379
349 350
349 380
350 351
350 381
350 382
351 352
351 382
351 383
352 353
352 383
352 384
353 354
353 384
354 355
354 385
355 356
355 386
355 387
356 357
356 387
356 388
357 358
357 388
358 359
358 389
359 360
359 390
360 361
360 391
361 362
361 392
362 363
362 393
362 394
363 364
363 394
364 365
364 395
365 366
365 396
365 397
366 367
366 397
367 368
367 398
367 399
368 369
368 399
368 400
369 370
369 400
370 371
370 401
371 372
371 402
372 403
372 497
373 374
373 404
374 375
374 405
374 406
375 376
375 406
376 377
376 407
377 378
377 408
378 379
378 409
379 380
379 410
379 411
380 381
380 411
381 382
381 412
382 383
382 413
383 384
383 414
384 385
384 415
385 386
385 416
385 417
386 387
386 417
387 388
387 418
388 389
388 419
388 420
389 390
389 420
389 421
390 391
390 421
391 392
391 422
392 393
392 423
393 394
393 424
393 425
394 395
394 425
394 426
395 396
395 426
395 427
396 397
396 427
396 428
397 398
397 428
397 429
398 399
398 429
399 400
399 430
399 431
400 401
400 431
400 432
401 402
401 432
402 403
402 433
402 434
403 434
403 497
404 405
404 435
404 436
405 406
405 436
406 407
406 437
406 438
407 408
407 438
408 409
408 439
409 410
409 440
409 441
410 411
410 441
410 442
411 412
411 442
412 413
412 443
413 414
413 444
414 415
414 445
415 416
415 446
416 417
416 447
417 418
417 448
418 419
418 449
419 420
419 450
419 451
420 421
420 451
421 422
421 452
422 423
422 453
423 424
423 454
424 425
424 455
425 426
425 456
426 427
426 457
426 458
427 428
427 458
428 429
428 459
429 430
429 460
430 431
430 461
430 462
431 432
431 462
431 463
432 433
432 463
433 434
433 464
433 465
434 465
434 497
435 436
435 466
436 437
436 467
437 438
437 468
437 469
438 439
438 469
438 470
439 440
439 470
440 441
440 471
440 472
441 442
441 472
442 443
442 473
443 444
443 474
444 445
444 475
445 446
445 476
446 447
446 477
447 448
447 478
448 449
448 479
449 450
449 480
449 481
450 451
450 481
450 482
451 452
451 482
452 453
452 483
453 454
453 484
453 485
454 455
454 485
455 456
455 486
456 457
456 487
456 488
457 458
457 488
458 459
458 489
459 460
459 490
460 461
460 491
461 462
461 492
462 463
462 493
462 494
463 464
463 494
463 495
464 465
464 495
465 496
465 497
466 467
467 468
468 469
469 470
470 471
471 472
472 473
473 474
474 475
475 476
476 477
477 478
478 479
479 480
480 481
481 482
482 483
483 484
484 485
485 486
486 487
487 488
488 489
489 490
490 491
491 492
492 493
493 494
494 495
495 496
496 497
