# Tier 7 (Very Large) - Instance 62
# Generated with config: N=345, K=5, topology=grid, calendar=random

# HEADER: <num_tasks> <num_types> <num_units>
347 5 22

# RESOURCE TYPES
# Format: <type_id> <num_units> <unit_id1> <unit_id2> ...
0 4 0 1 2 3
1 4 4 5 6 7
2 4 8 9 10 11
3 6 12 13 14 15 16 17
4 4 18 19 20 21

# RESOURCE UNITS (Calendars)
# Format: <unit_id> <num_steps> <t1> <v1> <t2> <v2> ...
0 25 0 100 92 0 111 100 173 0 192 100 308 0 319 100 426 0 432 100 493 0 504 100 544 0 549 100 708 0 723 100 883 0 886 100 1065 0 1071 100 1144 0 1160 100 1377 0 1380 100 1581 0 3188 0
1 25 0 100 47 0 58 100 219 0 225 100 362 0 367 100 595 0 611 100 688 0 703 100 937 0 953 100 1121 0 1125 100 1250 0 1259 100 1401 0 1415 100 1508 0 1511 100 1601 0 1608 100 1728 0 3188 0
2 25 0 100 218 0 236 100 457 0 461 100 583 0 588 100 669 0 674 100 823 0 832 100 1012 0 1028 100 1127 0 1134 100 1194 0 1211 100 1365 0 1378 100 1539 0 1553 100 1634 0 1645 100 1874 0 3188 0
3 25 0 0 15 100 222 0 225 100 394 0 396 100 448 0 462 100 564 0 573 100 686 0 702 100 771 0 783 100 906 0 924 100 1078 0 1095 100 1254 0 1269 100 1489 0 1508 100 1637 0 1647 100 3188 0
4 25 0 100 169 0 180 100 384 0 389 100 503 0 519 100 692 0 706 100 783 0 797 100 926 0 936 100 1047 0 1058 100 1230 0 1245 100 1399 0 1406 100 1627 0 1642 100 1784 0 1799 100 1901 0 3188 0
5 25 0 0 8 100 201 0 219 100 333 0 348 100 402 0 418 100 645 0 652 100 752 0 770 100 836 0 843 100 935 0 954 100 1052 0 1063 100 1267 0 1280 100 1476 0 1482 100 1628 0 1634 100 3188 0
6 25 0 0 3 100 171 0 183 100 313 0 319 100 370 0 380 100 559 0 570 100 663 0 678 100 907 0 916 100 1050 0 1055 100 1284 0 1303 100 1509 0 1515 100 1593 0 1596 100 1657 0 1665 100 3188 0
7 25 0 0 3 100 90 0 97 100 309 0 314 100 522 0 538 100 772 0 775 100 896 0 898 100 988 0 993 100 1050 0 1059 100 1103 0 1109 100 1200 0 1204 100 1317 0 1333 100 1527 0 1539 100 3188 0
8 25 0 0 11 100 82 0 84 100 167 0 175 100 332 0 334 100 411 0 429 100 482 0 498 100 559 0 565 100 663 0 666 100 786 0 801 100 930 0 946 100 1077 0 1094 100 1266 0 1278 100 3188 0
9 25 0 0 12 100 114 0 120 100 326 0 330 100 485 0 495 100 635 0 637 100 754 0 770 100 982 0 987 100 1091 0 1108 100 1271 0 1285 100 1447 0 1458 100 1586 0 1603 100 1794 0 1809 100 3188 0
10 25 0 0 6 100 48 0 52 100 172 0 183 100 297 0 310 100 487 0 489 100 704 0 723 100 780 0 795 100 1025 0 1027 100 1115 0 1120 100 1209 0 1218 100 1308 0 1311 100 1383 0 1393 100 3188 0
11 25 0 100 87 0 101 100 258 0 268 100 486 0 495 100 727 0 746 100 831 0 846 100 1062 0 1075 100 1225 0 1232 100 1408 0 1426 100 1533 0 1544 100 1639 0 1652 100 1778 0 1781 100 1941 0 3188 0
12 25 0 100 50 0 52 100 102 0 115 100 339 0 344 100 409 0 421 100 638 0 653 100 708 0 711 100 907 0 924 100 1122 0 1135 100 1344 0 1360 100 1507 0 1514 100 1631 0 1649 100 1710 0 3188 0
13 25 0 100 150 0 169 100 264 0 283 100 383 0 390 100 544 0 549 100 627 0 646 100 686 0 693 100 917 0 926 100 1011 0 1018 100 1174 0 1184 100 1343 0 1354 100 1591 0 1602 100 1735 0 3188 0
14 25 0 100 187 0 206 100 274 0 284 100 411 0 419 100 467 0 473 100 658 0 662 100 732 0 734 100 910 0 926 100 967 0 978 100 1144 0 1157 100 1261 0 1264 100 1321 0 1331 100 1392 0 3188 0
15 25 0 100 76 0 78 100 282 0 298 100 467 0 474 100 587 0 601 100 728 0 739 100 844 0 853 100 1018 0 1036 100 1232 0 1249 100 1422 0 1433 100 1523 0 1525 100 1710 0 1715 100 1809 0 3188 0
16 25 0 100 84 0 90 100 240 0 243 100 460 0 463 100 696 0 705 100 927 0 940 100 1148 0 1155 100 1293 0 1310 100 1481 0 1499 100 1677 0 1679 100 1827 0 1840 100 1980 0 1995 100 2131 0 3188 0
17 25 0 0 17 100 164 0 178 100 311 0 323 100 405 0 418 100 634 0 649 100 732 0 743 100 805 0 814 100 952 0 971 100 1144 0 1162 100 1214 0 1225 100 1339 0 1342 100 1486 0 1500 100 3188 0
18 25 0 100 197 0 212 100 374 0 386 100 607 0 626 100 839 0 841 100 956 0 975 100 1170 0 1178 100 1341 0 1343 100 1475 0 1484 100 1630 0 1647 100 1744 0 1759 100 1873 0 1875 100 1943 0 3188 0
19 25 0 100 141 0 155 100 347 0 358 100 497 0 509 100 664 0 673 100 860 0 878 100 1004 0 1012 100 1108 0 1117 100 1231 0 1239 100 1390 0 1404 100 1591 0 1602 100 1766 0 1771 100 2004 0 3188 0
20 25 0 0 14 100 78 0 82 100 230 0 240 100 406 0 409 100 511 0 520 100 635 0 640 100 789 0 799 100 1019 0 1027 100 1083 0 1097 100 1172 0 1174 100 1324 0 1333 100 1477 0 1488 100 3188 0
21 25 0 0 16 100 109 0 114 100 160 0 174 100 358 0 366 100 571 0 574 100 739 0 748 100 852 0 865 100 913 0 915 100 1132 0 1145 100 1367 0 1378 100 1435 0 1447 100 1492 0 1509 100 3188 0

# TASKS
# Format: <task_id> <size> <num_reqs>
# Then for each requirement: <type_id> <qty>
0 0 5
 0 0
 1 0
 2 0
 3 0
 4 0
1 3 5
 0 0
 1 0
 2 2
 3 3
 4 0
2 2 5
 0 2
 1 0
 2 2
 3 3
 4 0
3 6 5
 0 2
 1 3
 2 0
 3 3
 4 0
4 18 5
 0 2
 1 0
 2 2
 3 0
 4 0
5 8 5
 0 0
 1 1
 2 2
 3 3
 4 2
6 18 5
 0 1
 1 1
 2 3
 3 0
 4 0
7 9 5
 0 1
 1 1
 2 3
 3 1
 4 1
8 1 5
 0 2
 1 1
 2 0
 3 0
 4 0
9 17 5
 0 1
 1 2
 2 1
 3 0
 4 2
10 15 5
 0 0
 1 3
 2 0
 3 0
 4 3
11 10 5
 0 3
 1 0
 2 3
 3 0
 4 3
12 19 5
 0 3
 1 1
 2 0
 3 1
 4 3
13 4 5
 0 0
 1 2
 2 3
 3 2
 4 0
14 16 5
 0 0
 1 3
 2 0
 3 0
 4 0
15 12 5
 0 0
 1 0
 2 0
 3 0
 4 1
16 17 5
 0 1
 1 1
 2 3
 3 2
 4 0
17 11 5
 0 1
 1 1
 2 1
 3 0
 4 0
18 7 5
 0 2
 1 0
 2 0
 3 1
 4 0
19 14 5
 0 2
 1 0
 2 3
 3 2
 4 2
20 4 5
 0 3
 1 0
 2 3
 3 1
 4 2
21 9 5
 0 0
 1 0
 2 3
 3 2
 4 0
22 12 5
 0 2
 1 3
 2 2
 3 3
 4 1
23 4 5
 0 0
 1 2
 2 0
 3 0
 4 0
24 6 5
 0 0
 1 0
 2 2
 3 0
 4 3
25 17 5
 0 2
 1 1
 2 0
 3 0
 4 0
26 3 5
 0 1
 1 2
 2 2
 3 3
 4 0
27 4 5
 0 3
 1 0
 2 3
 3 2
 4 2
28 5 5
 0 0
 1 0
 2 3
 3 0
 4 3
29 11 5
 0 0
 1 3
 2 1
 3 0
 4 0
30 1 5
 0 3
 1 1
 2 0
 3 1
 4 0
31 12 5
 0 1
 1 0
 2 3
 3 0
 4 3
32 11 5
 0 1
 1 3
 2 2
 3 1
 4 3
33 18 5
 0 3
 1 0
 2 0
 3 0
 4 0
34 13 5
 0 3
 1 0
 2 3
 3 0
 4 0
35 7 5
 0 1
 1 1
 2 2
 3 3
 4 1
36 14 5
 0 0
 1 2
 2 3
 3 3
 4 0
37 7 5
 0 3
 1 2
 2 0
 3 3
 4 2
38 18 5
 0 1
 1 0
 2 2
 3 3
 4 2
39 10 5
 0 0
 1 0
 2 0
 3 1
 4 1
40 12 5
 0 0
 1 1
 2 2
 3 1
 4 2
41 15 5
 0 2
 1 0
 2 0
 3 0
 4 3
42 9 5
 0 0
 1 2
 2 0
 3 3
 4 0
43 17 5
 0 3
 1 2
 2 3
 3 2
 4 0
44 19 5
 0 1
 1 3
 2 0
 3 0
 4 0
45 5 5
 0 1
 1 0
 2 3
 3 0
 4 3
46 12 5
 0 0
 1 1
 2 3
 3 2
 4 2
47 12 5
 0 2
 1 3
 2 1
 3 3
 4 0
48 3 5
 0 0
 1 1
 2 2
 3 2
 4 3
49 14 5
 0 0
 1 3
 2 3
 3 2
 4 0
50 3 5
 0 1
 1 3
 2 2
 3 3
 4 0
51 10 5
 0 1
 1 3
 2 3
 3 0
 4 2
52 10 5
 0 0
 1 1
 2 1
 3 2
 4 2
53 10 5
 0 2
 1 2
 2 0
 3 2
 4 3
54 17 5
 0 2
 1 3
 2 3
 3 1
 4 0
55 14 5
 0 2
 1 1
 2 0
 3 1
 4 1
56 11 5
 0 0
 1 1
 2 2
 3 0
 4 2
57 9 5
 0 1
 1 1
 2 0
 3 3
 4 0
58 3 5
 0 0
 1 1
 2 0
 3 1
 4 0
59 4 5
 0 0
 1 0
 2 2
 3 0
 4 1
60 15 5
 0 0
 1 2
 2 0
 3 2
 4 1
61 13 5
 0 2
 1 2
 2 0
 3 3
 4 3
62 3 5
 0 2
 1 0
 2 3
 3 3
 4 2
63 20 5
 0 2
 1 2
 2 0
 3 3
 4 1
64 16 5
 0 2
 1 0
 2 3
 3 0
 4 1
65 17 5
 0 1
 1 2
 2 0
 3 2
 4 1
66 12 5
 0 0
 1 2
 2 2
 3 3
 4 3
67 10 5
 0 3
 1 0
 2 2
 3 0
 4 1
68 18 5
 0 0
 1 0
 2 0
 3 3
 4 1
69 17 5
 0 2
 1 1
 2 1
 3 2
 4 1
70 8 5
 0 3
 1 0
 2 3
 3 1
 4 1
71 18 5
 0 3
 1 0
 2 2
 3 2
 4 3
72 17 5
 0 0
 1 3
 2 3
 3 2
 4 1
73 9 5
 0 0
 1 0
 2 0
 3 1
 4 2
74 10 5
 0 2
 1 1
 2 3
 3 2
 4 3
75 9 5
 0 0
 1 1
 2 2
 3 2
 4 3
76 3 5
 0 0
 1 1
 2 0
 3 1
 4 1
77 18 5
 0 1
 1 2
 2 0
 3 2
 4 3
78 20 5
 0 1
 1 1
 2 3
 3 2
 4 1
79 17 5
 0 3
 1 1
 2 0
 3 1
 4 0
80 14 5
 0 3
 1 0
 2 2
 3 0
 4 0
81 8 5
 0 3
 1 3
 2 3
 3 1
 4 1
82 9 5
 0 3
 1 1
 2 2
 3 1
 4 0
83 5 5
 0 2
 1 0
 2 3
 3 2
 4 1
84 8 5
 0 0
 1 3
 2 0
 3 1
 4 1
85 17 5
 0 0
 1 0
 2 0
 3 3
 4 3
86 3 5
 0 1
 1 3
 2 0
 3 3
 4 1
87 20 5
 0 0
 1 3
 2 0
 3 3
 4 1
88 13 5
 0 2
 1 2
 2 2
 3 0
 4 0
89 12 5
 0 1
 1 3
 2 2
 3 1
 4 3
90 19 5
 0 2
 1 0
 2 2
 3 1
 4 0
91 8 5
 0 2
 1 3
 2 2
 3 0
 4 3
92 13 5
 0 3
 1 2
 2 3
 3 0
 4 3
93 5 5
 0 2
 1 2
 2 0
 3 0
 4 1
94 10 5
 0 3
 1 0
 2 2
 3 0
 4 3
95 7 5
 0 2
 1 0
 2 2
 3 3
 4 1
96 3 5
 0 2
 1 3
 2 1
 3 3
 4 2
97 8 5
 0 2
 1 0
 2 3
 3 0
 4 1
98 11 5
 0 2
 1 2
 2 2
 3 0
 4 0
99 3 5
 0 0
 1 2
 2 3
 3 3
 4 1
100 4 5
 0 2
 1 1
 2 1
 3 2
 4 0
101 1 5
 0 0
 1 0
 2 1
 3 3
 4 1
102 9 5
 0 0
 1 0
 2 3
 3 3
 4 0
103 11 5
 0 0
 1 0
 2 3
 3 1
 4 2
104 16 5
 0 2
 1 1
 2 2
 3 0
 4 3
105 18 5
 0 2
 1 1
 2 2
 3 3
 4 2
106 13 5
 0 2
 1 2
 2 0
 3 3
 4 1
107 1 5
 0 1
 1 0
 2 0
 3 0
 4 0
108 20 5
 0 0
 1 3
 2 1
 3 0
 4 2
109 4 5
 0 3
 1 2
 2 2
 3 0
 4 3
110 4 5
 0 2
 1 0
 2 2
 3 3
 4 0
111 2 5
 0 0
 1 0
 2 0
 3 1
 4 2
112 17 5
 0 2
 1 2
 2 1
 3 2
 4 0
113 7 5
 0 0
 1 3
 2 0
 3 0
 4 1
114 16 5
 0 0
 1 2
 2 1
 3 1
 4 1
115 9 5
 0 3
 1 1
 2 3
 3 0
 4 3
116 17 5
 0 0
 1 1
 2 3
 3 3
 4 3
117 10 5
 0 1
 1 3
 2 0
 3 0
 4 3
118 12 5
 0 0
 1 0
 2 3
 3 0
 4 2
119 6 5
 0 3
 1 3
 2 1
 3 1
 4 1
120 3 5
 0 0
 1 3
 2 0
 3 0
 4 1
121 9 5
 0 3
 1 0
 2 2
 3 2
 4 1
122 12 5
 0 1
 1 3
 2 3
 3 3
 4 0
123 19 5
 0 1
 1 0
 2 0
 3 1
 4 2
124 20 5
 0 3
 1 3
 2 0
 3 2
 4 3
125 7 5
 0 0
 1 3
 2 2
 3 1
 4 2
126 18 5
 0 2
 1 2
 2 0
 3 2
 4 1
127 19 5
 0 0
 1 1
 2 0
 3 3
 4 2
128 14 5
 0 0
 1 3
 2 0
 3 0
 4 0
129 4 5
 0 0
 1 0
 2 3
 3 2
 4 1
130 18 5
 0 0
 1 0
 2 2
 3 0
 4 0
131 4 5
 0 0
 1 3
 2 3
 3 1
 4 0
132 20 5
 0 2
 1 1
 2 0
 3 0
 4 0
133 12 5
 0 3
 1 2
 2 1
 3 0
 4 1
134 12 5
 0 3
 1 3
 2 3
 3 1
 4 0
135 4 5
 0 1
 1 0
 2 2
 3 0
 4 1
136 15 5
 0 0
 1 1
 2 2
 3 0
 4 2
137 7 5
 0 2
 1 0
 2 3
 3 3
 4 0
138 2 5
 0 3
 1 0
 2 3
 3 2
 4 2
139 18 5
 0 1
 1 1
 2 2
 3 3
 4 0
140 19 5
 0 0
 1 2
 2 2
 3 2
 4 0
141 4 5
 0 1
 1 3
 2 1
 3 1
 4 0
142 10 5
 0 0
 1 1
 2 3
 3 3
 4 2
143 18 5
 0 0
 1 1
 2 1
 3 1
 4 0
144 19 5
 0 0
 1 0
 2 2
 3 0
 4 1
145 1 5
 0 3
 1 0
 2 1
 3 0
 4 3
146 4 5
 0 2
 1 2
 2 0
 3 0
 4 0
147 12 5
 0 2
 1 0
 2 0
 3 0
 4 1
148 1 5
 0 1
 1 0
 2 0
 3 0
 4 2
149 7 5
 0 3
 1 0
 2 0
 3 2
 4 3
150 5 5
 0 2
 1 0
 2 3
 3 2
 4 2
151 18 5
 0 0
 1 0
 2 1
 3 1
 4 2
152 16 5
 0 1
 1 3
 2 0
 3 0
 4 2
153 11 5
 0 2
 1 1
 2 2
 3 0
 4 3
154 11 5
 0 0
 1 0
 2 0
 3 1
 4 1
155 16 5
 0 0
 1 3
 2 0
 3 0
 4 0
156 5 5
 0 1
 1 3
 2 2
 3 2
 4 0
157 18 5
 0 2
 1 1
 2 1
 3 3
 4 0
158 5 5
 0 1
 1 3
 2 3
 3 0
 4 0
159 19 5
 0 0
 1 0
 2 1
 3 2
 4 0
160 7 5
 0 0
 1 3
 2 3
 3 0
 4 3
161 3 5
 0 2
 1 0
 2 2
 3 3
 4 3
162 18 5
 0 1
 1 0
 2 0
 3 3
 4 0
163 5 5
 0 1
 1 0
 2 2
 3 1
 4 2
164 18 5
 0 0
 1 1
 2 1
 3 1
 4 3
165 15 5
 0 3
 1 2
 2 0
 3 2
 4 3
166 1 5
 0 0
 1 2
 2 1
 3 3
 4 1
167 9 5
 0 1
 1 0
 2 0
 3 2
 4 1
168 7 5
 0 1
 1 2
 2 0
 3 1
 4 0
169 13 5
 0 0
 1 0
 2 2
 3 1
 4 3
170 8 5
 0 0
 1 2
 2 1
 3 3
 4 1
171 4 5
 0 2
 1 2
 2 0
 3 3
 4 3
172 17 5
 0 0
 1 0
 2 2
 3 3
 4 1
173 1 5
 0 0
 1 2
 2 0
 3 0
 4 0
174 13 5
 0 1
 1 0
 2 0
 3 3
 4 1
175 13 5
 0 3
 1 0
 2 0
 3 1
 4 0
176 8 5
 0 2
 1 0
 2 1
 3 1
 4 1
177 2 5
 0 1
 1 3
 2 0
 3 3
 4 2
178 5 5
 0 2
 1 0
 2 0
 3 0
 4 3
179 6 5
 0 2
 1 0
 2 2
 3 3
 4 0
180 4 5
 0 3
 1 2
 2 0
 3 0
 4 3
181 1 5
 0 0
 1 1
 2 2
 3 0
 4 3
182 12 5
 0 0
 1 3
 2 2
 3 0
 4 3
183 3 5
 0 0
 1 0
 2 2
 3 2
 4 0
184 19 5
 0 0
 1 1
 2 3
 3 3
 4 1
185 19 5
 0 0
 1 2
 2 0
 3 1
 4 0
186 11 5
 0 3
 1 0
 2 0
 3 1
 4 3
187 4 5
 0 0
 1 1
 2 0
 3 0
 4 0
188 11 5
 0 3
 1 0
 2 0
 3 0
 4 2
189 15 5
 0 1
 1 2
 2 0
 3 0
 4 2
190 15 5
 0 2
 1 3
 2 0
 3 2
 4 1
191 6 5
 0 1
 1 0
 2 0
 3 2
 4 0
192 20 5
 0 2
 1 1
 2 1
 3 3
 4 0
193 6 5
 0 0
 1 3
 2 0
 3 0
 4 3
194 17 5
 0 3
 1 1
 2 0
 3 0
 4 0
195 11 5
 0 0
 1 2
 2 0
 3 2
 4 0
196 19 5
 0 3
 1 1
 2 0
 3 1
 4 3
197 9 5
 0 3
 1 3
 2 0
 3 3
 4 1
198 7 5
 0 1
 1 1
 2 2
 3 0
 4 0
199 17 5
 0 3
 1 3
 2 2
 3 2
 4 2
200 5 5
 0 1
 1 1
 2 3
 3 0
 4 3
201 2 5
 0 1
 1 0
 2 0
 3 0
 4 0
202 11 5
 0 0
 1 0
 2 3
 3 1
 4 0
203 14 5
 0 0
 1 3
 2 0
 3 1
 4 1
204 9 5
 0 3
 1 2
 2 0
 3 0
 4 2
205 12 5
 0 0
 1 0
 2 3
 3 1
 4 2
206 18 5
 0 3
 1 3
 2 0
 3 3
 4 0
207 16 5
 0 2
 1 0
 2 1
 3 0
 4 0
208 11 5
 0 0
 1 2
 2 0
 3 2
 4 1
209 11 5
 0 0
 1 0
 2 0
 3 0
 4 1
210 16 5
 0 2
 1 1
 2 2
 3 0
 4 3
211 19 5
 0 0
 1 3
 2 0
 3 1
 4 0
212 2 5
 0 2
 1 0
 2 0
 3 0
 4 0
213 12 5
 0 0
 1 3
 2 2
 3 0
 4 2
214 14 5
 0 0
 1 0
 2 3
 3 0
 4 0
215 15 5
 0 2
 1 0
 2 2
 3 0
 4 3
216 3 5
 0 0
 1 0
 2 2
 3 0
 4 0
217 14 5
 0 3
 1 0
 2 0
 3 1
 4 0
218 7 5
 0 1
 1 2
 2 3
 3 0
 4 2
219 5 5
 0 2
 1 1
 2 0
 3 1
 4 3
220 2 5
 0 0
 1 1
 2 3
 3 1
 4 2
221 11 5
 0 1
 1 1
 2 2
 3 1
 4 2
222 13 5
 0 0
 1 0
 2 3
 3 0
 4 3
223 1 5
 0 3
 1 0
 2 0
 3 0
 4 3
224 5 5
 0 1
 1 2
 2 1
 3 0
 4 0
225 5 5
 0 0
 1 2
 2 1
 3 2
 4 1
226 1 5
 0 3
 1 1
 2 3
 3 1
 4 0
227 20 5
 0 2
 1 0
 2 0
 3 3
 4 0
228 15 5
 0 0
 1 0
 2 2
 3 3
 4 0
229 1 5
 0 2
 1 0
 2 0
 3 0
 4 1
230 15 5
 0 1
 1 2
 2 0
 3 3
 4 3
231 12 5
 0 3
 1 3
 2 3
 3 2
 4 3
232 9 5
 0 1
 1 0
 2 0
 3 0
 4 1
233 8 5
 0 1
 1 3
 2 3
 3 0
 4 3
234 9 5
 0 1
 1 3
 2 0
 3 0
 4 3
235 14 5
 0 2
 1 0
 2 0
 3 3
 4 3
236 6 5
 0 2
 1 3
 2 3
 3 0
 4 3
237 1 5
 0 3
 1 0
 2 0
 3 0
 4 1
238 5 5
 0 1
 1 0
 2 0
 3 1
 4 3
239 19 5
 0 1
 1 2
 2 0
 3 0
 4 3
240 11 5
 0 1
 1 3
 2 0
 3 1
 4 0
241 5 5
 0 0
 1 3
 2 0
 3 2
 4 2
242 20 5
 0 0
 1 0
 2 0
 3 3
 4 2
243 17 5
 0 0
 1 1
 2 0
 3 0
 4 3
244 4 5
 0 0
 1 3
 2 0
 3 0
 4 0
245 14 5
 0 3
 1 2
 2 1
 3 0
 4 1
246 19 5
 0 0
 1 0
 2 1
 3 3
 4 0
247 12 5
 0 0
 1 2
 2 0
 3 0
 4 0
248 8 5
 0 0
 1 1
 2 0
 3 0
 4 2
249 13 5
 0 0
 1 3
 2 1
 3 1
 4 3
250 18 5
 0 1
 1 1
 2 2
 3 2
 4 3
251 1 5
 0 0
 1 3
 2 3
 3 2
 4 1
252 10 5
 0 0
 1 1
 2 2
 3 2
 4 3
253 16 5
 0 0
 1 0
 2 2
 3 3
 4 3
254 19 5
 0 1
 1 3
 2 0
 3 3
 4 0
255 2 5
 0 2
 1 0
 2 3
 3 0
 4 3
256 8 5
 0 2
 1 0
 2 3
 3 0
 4 1
257 6 5
 0 1
 1 2
 2 1
 3 3
 4 1
258 11 5
 0 3
 1 3
 2 0
 3 1
 4 1
259 2 5
 0 3
 1 0
 2 2
 3 0
 4 2
260 13 5
 0 0
 1 1
 2 0
 3 0
 4 3
261 7 5
 0 0
 1 2
 2 2
 3 0
 4 0
262 19 5
 0 0
 1 1
 2 2
 3 1
 4 0
263 19 5
 0 1
 1 1
 2 0
 3 1
 4 3
264 7 5
 0 1
 1 3
 2 2
 3 1
 4 3
265 8 5
 0 3
 1 2
 2 1
 3 0
 4 1
266 14 5
 0 2
 1 0
 2 2
 3 2
 4 3
267 13 5
 0 0
 1 2
 2 1
 3 0
 4 0
268 16 5
 0 0
 1 2
 2 1
 3 0
 4 0
269 19 5
 0 3
 1 0
 2 2
 3 0
 4 0
270 19 5
 0 1
 1 3
 2 1
 3 3
 4 3
271 20 5
 0 2
 1 0
 2 0
 3 0
 4 0
272 12 5
 0 0
 1 0
 2 0
 3 1
 4 3
273 14 5
 0 2
 1 2
 2 1
 3 0
 4 0
274 3 5
 0 0
 1 0
 2 3
 3 3
 4 1
275 3 5
 0 3
 1 3
 2 1
 3 1
 4 3
276 5 5
 0 1
 1 0
 2 2
 3 3
 4 0
277 5 5
 0 0
 1 2
 2 0
 3 2
 4 0
278 19 5
 0 3
 1 0
 2 2
 3 3
 4 0
279 7 5
 0 3
 1 0
 2 0
 3 0
 4 0
280 20 5
 0 1
 1 0
 2 3
 3 0
 4 3
281 3 5
 0 2
 1 3
 2 0
 3 0
 4 1
282 19 5
 0 0
 1 3
 2 0
 3 3
 4 0
283 10 5
 0 3
 1 1
 2 3
 3 2
 4 1
284 13 5
 0 2
 1 0
 2 3
 3 0
 4 0
285 18 5
 0 0
 1 0
 2 2
 3 2
 4 0
286 13 5
 0 3
 1 3
 2 3
 3 0
 4 3
287 9 5
 0 2
 1 3
 2 1
 3 0
 4 1
288 19 5
 0 3
 1 1
 2 1
 3 0
 4 0
289 1 5
 0 0
 1 1
 2 0
 3 0
 4 0
290 16 5
 0 3
 1 2
 2 0
 3 3
 4 3
291 11 5
 0 3
 1 2
 2 0
 3 1
 4 1
292 20 5
 0 1
 1 0
 2 3
 3 2
 4 0
293 14 5
 0 1
 1 1
 2 0
 3 0
 4 2
294 2 5
 0 2
 1 2
 2 0
 3 0
 4 0
295 19 5
 0 1
 1 1
 2 0
 3 1
 4 0
296 12 5
 0 3
 1 2
 2 0
 3 2
 4 2
297 18 5
 0 0
 1 1
 2 2
 3 2
 4 0
298 10 5
 0 3
 1 2
 2 1
 3 0
 4 1
299 2 5
 0 0
 1 3
 2 2
 3 2
 4 3
300 9 5
 0 1
 1 1
 2 1
 3 1
 4 3
301 14 5
 0 0
 1 3
 2 2
 3 1
 4 1
302 11 5
 0 0
 1 2
 2 1
 3 3
 4 0
303 7 5
 0 0
 1 0
 2 1
 3 1
 4 1
304 14 5
 0 0
 1 0
 2 0
 3 0
 4 1
305 1 5
 0 0
 1 0
 2 3
 3 0
 4 0
306 19 5
 0 1
 1 2
 2 0
 3 1
 4 1
307 5 5
 0 1
 1 0
 2 2
 3 3
 4 0
308 16 5
 0 0
 1 3
 2 3
 3 1
 4 0
309 14 5
 0 2
 1 2
 2 2
 3 0
 4 0
310 11 5
 0 0
 1 2
 2 3
 3 3
 4 2
311 18 5
 0 3
 1 2
 2 0
 3 2
 4 1
312 16 5
 0 0
 1 0
 2 1
 3 0
 4 3
313 12 5
 0 0
 1 2
 2 3
 3 1
 4 2
314 2 5
 0 0
 1 0
 2 2
 3 3
 4 3
315 9 5
 0 2
 1 3
 2 2
 3 0
 4 3
316 7 5
 0 2
 1 0
 2 2
 3 2
 4 0
317 11 5
 0 1
 1 2
 2 1
 3 3
 4 1
318 10 5
 0 0
 1 0
 2 2
 3 1
 4 0
319 4 5
 0 0
 1 2
 2 2
 3 2
 4 3
320 8 5
 0 0
 1 2
 2 0
 3 1
 4 0
321 7 5
 0 0
 1 0
 2 3
 3 0
 4 3
322 19 5
 0 1
 1 3
 2 0
 3 0
 4 1
323 8 5
 0 0
 1 2
 2 0
 3 3
 4 0
324 17 5
 0 0
 1 0
 2 3
 3 3
 4 0
325 10 5
 0 3
 1 2
 2 1
 3 0
 4 0
326 5 5
 0 3
 1 0
 2 1
 3 3
 4 1
327 8 5
 0 1
 1 2
 2 0
 3 0
 4 1
328 3 5
 0 0
 1 0
 2 1
 3 3
 4 1
329 6 5
 0 2
 1 0
 2 1
 3 2
 4 3
330 12 5
 0 0
 1 2
 2 0
 3 1
 4 3
331 3 5
 0 3
 1 0
 2 2
 3 1
 4 2
332 4 5
 0 3
 1 1
 2 2
 3 0
 4 3
333 13 5
 0 2
 1 3
 2 1
 3 0
 4 3
334 11 5
 0 2
 1 0
 2 1
 3 1
 4 3
335 19 5
 0 0
 1 2
 2 0
 3 2
 4 1
336 17 5
 0 0
 1 1
 2 1
 3 3
 4 0
337 13 5
 0 1
 1 1
 2 0
 3 1
 4 3
338 13 5
 0 2
 1 2
 2 0
 3 3
 4 1
339 19 5
 0 0
 1 0
 2 0
 3 2
 4 1
340 10 5
 0 0
 1 0
 2 3
 3 0
 4 3
341 10 5
 0 1
 1 0
 2 0
 3 0
 4 1
342 6 5
 0 3
 1 2
 2 0
 3 2
 4 0
343 2 5
 0 1
 1 1
 2 0
 3 3
 4 2
344 14 5
 0 0
 1 1
 2 1
 3 3
 4 0
345 4 5
 0 0
 1 0
 2 1
 3 3
 4 0
346 0 5
 0 0
 1 0
 2 0
 3 0
 4 0

# PRECEDENCES
774
0 1
0 27
0 53
0 79
0 105
0 131
0 157
0 183
0 209
0 235
0 261
0 287
0 313
0 339
1 2
1 27
2 3
2 28
3 4
3 29
4 5
4 30
5 6
5 31
5 32
6 7
6 32
7 8
7 33
7 34
8 9
8 34
8 35
9 10
9 35
10 11
10 36
11 12
11 37
12 13
12 38
13 14
13 39
14 15
14 40
15 16
15 41
16 17
16 42
17 18
17 43
18 19
18 44
19 20
19 45
20 21
20 46
21 22
21 47
22 23
22 48
23 24
23 49
23 50
24 25
24 50
25 26
25 51
26 52
26 346
27 28
27 53
28 29
28 54
29 30
29 55
30 31
30 56
31 32
31 57
32 33
32 58
33 34
33 59
34 35
34 60
34 61
35 36
35 61
36 37
36 62
37 38
37 63
37 64
38 39
38 64
38 65
39 40
39 65
39 66
40 41
40 66
41 42
41 67
41 68
42 43
42 68
43 44
43 69
44 45
44 70
45 46
45 71
46 47
46 72
47 48
47 73
48 49
48 74
49 50
49 75
50 51
50 76
51 52
51 77
52 78
52 346
53 54
53 79
53 80
54 55
54 80
54 81
55 56
55 81
55 82
56 57
56 82
56 83
57 58
57 83
57 84
58 59
58 84
58 85
59 60
59 85
59 86
60 61
60 86
60 87
61 62
61 87
61 88
62 63
62 88
63 64
63 89
63 90
64 65
64 90
65 66
65 91
66 67
66 92
67 68
67 93
68 69
68 94
69 70
69 95
70 71
70 96
71 72
71 97
72 73
72 98
73 74
73 99
73 100
74 75
74 100
75 76
75 101
76 77
76 102
77 78
77 103
78 104
78 346
79 80
79 105
80 81
80 106
81 82
81 107
82 83
82 108
83 84
83 109
84 85
84 110
85 86
85 111
86 87
86 112
86 113
87 88
87 113
88 89
88 114
89 90
89 115
90 91
90 116
91 92
91 117
92 93
92 118
92 119
93 94
93 119
94 95
94 120
95 96
95 121
96 97
96 122
97 98
97 123
98 99
98 124
99 100
99 125
100 101
100 126
101 102
101 127
102 103
102 128
102 129
103 104
103 129
104 130
104 346
105 106
105 131
106 107
106 132
107 108
107 133
108 109
108 134
109 110
109 135
109 136
110 111
110 136
111 112
111 137
112 113
112 138
113 114
113 139
113 140
114 115
114 140
114 141
115 116
115 141
116 117
116 142
117 118
117 143
118 119
118 144
118 145
119 120
119 145
120 121
120 146
120 147
121 122
121 147
122 123
122 148
122 149
123 124
123 149
124 125
124 150
124 151
125 126
125 151
126 127
126 152
126 153
127 128
127 153
128 129
128 154
128 155
129 130
129 155
130 156
130 346
131 132
131 157
131 158
132 133
132 158
133 134
133 159
134 135
134 160
134 161
135 136
135 161
135 162
136 137
136 162
137 138
137 163
137 164
138 139
138 164
139 140
139 165
139 166
140 141
140 166
141 142
141 167
142 143
142 168
143 144
143 169
143 170
144 145
144 170
144 171
145 146
145 171
145 172
146 147
146 172
147 148
147 173
147 174
148 149
148 174
148 175
149 150
149 175
150 151
150 176
151 152
151 177
152 153
152 178
153 154
153 179
154 155
154 180
155 156
155 181
156 182
156 346
157 158
157 183
158 159
158 184
159 160
159 185
159 186
160 161
160 186
161 162
161 187
162 163
162 188
163 164
163 189
164 165
164 190
165 166
165 191
166 167
166 192
167 168
167 193
168 169
168 194
169 170
169 195
169 196
170 171
170 196
171 172
171 197
172 173
172 198
173 174
173 199
174 175
174 200
175 176
175 201
176 177
176 202
177 178
177 203
177 204
178 179
178 204
179 180
179 205
179 206
180 181
180 206
180 207
181 182
181 207
182 208
182 346
183 184
183 209
184 185
184 210
184 211
185 186
185 211
186 187
186 212
186 213
187 188
187 213
188 189
188 214
189 190
189 215
190 191
190 216
190 217
191 192
191 217
192 193
192 218
193 194
193 219
194 195
194 220
194 221
195 196
195 221
196 197
196 222
197 198
197 223
198 199
198 224
198 225
199 200
199 225
200 201
200 226
200 227
201 202
201 227
202 203
202 228
203 204
203 229
204 205
204 230
205 206
205 231
206 207
206 232
207 208
207 233
208 234
208 346
209 210
209 235
210 211
210 236
211 212
211 237
212 213
212 238
213 214
213 239
213 240
214 215
214 240
214 241
215 216
215 241
216 217
216 242
217 218
217 243
218 219
218 244
218 245
219 220
219 245
220 221
220 246
220 247
221 222
221 247
221 248
222 223
222 248
222 249
223 224
223 249
224 225
224 250
225 226
225 251
226 227
226 252
227 228
227 253
228 229
228 254
228 255
229 230
229 255
229 256
230 231
230 256
230 257
231 232
231 257
231 258
232 233
232 258
232 259
233 234
233 259
234 260
234 346
235 236
235 261
236 237
236 262
237 238
237 263
238 239
238 264
239 240
239 265
240 241
240 266
240 267
241 242
241 267
242 243
242 268
242 269
243 244
243 269
244 245
244 270
245 246
245 271
245 272
246 247
246 272
247 248
247 273
248 249
248 274
249 250
249 275
249 276
250 251
250 276
251 252
251 277
251 278
252 253
252 278
252 279
253 254
253 279
254 255
254 280
254 281
255 256
255 281
256 257
256 282
257 258
257 283
258 259
258 284
259 260
259 285
260 286
260 346
261 262
261 287
262 263
262 288
263 264
263 289
264 265
264 290
265 266
265 291
266 267
266 292
267 268
267 293
268 269
268 294
269 270
269 295
270 271
270 296
271 272
271 297
271 298
272 273
272 298
272 299
273 274
273 299
273 300
274 275
274 300
274 301
275 276
275 301
275 302
276 277
276 302
277 278
277 303
278 279
278 304
278 305
279 280
279 305
280 281
280 306
280 307
281 282
281 307
282 283
282 308
282 309
283 284
283 309
284 285
284 310
285 286
285 311
286 312
286 346
287 288
287 313
288 289
288 314
288 315
289 290
289 315
290 291
290 316
290 317
291 292
291 317
292 293
292 318
293 294
293 319
294 295
294 320
295 296
295 321
296 297
296 322
297 298
297 323
297 324
298 299
298 324
299 300
299 325
300 301
300 326
300 327
301 302
301 327
302 303
302 328
303 304
303 329
303 330
304 305
304 330
305 306
305 331
306 307
306 332
306 333
307 308
307 333
308 309
308 334
309 310
309 335
309 336
310 311
310 336
310 337
311 312
311 337
312 338
312 346
313 314
313 339
313 340
314 315
314 340
315 316
315 341
315 342
316 317
316 342
317 318
317 343
318 319
318 344
318 345
319 320
319 345
320 321
321 322
322 323
323 324
324 325
325 326
326 327
327 328
328 329
329 330
330 331
331 332
332 333
333 334
334 335
335 336
336 337
337 338
338 346
339 340
339 346
340 341
340 346
341 342
341 346
342 343
342 346
343 344
343 346
344 345
344 346
345 346
