# Tier 7 (Very Large) - Instance 11
# Generated with config: N=305, K=3, topology=grid, calendar=random

# HEADER: <num_tasks> <num_types> <num_units>
307 3 20

# RESOURCE TYPES
# Format: <type_id> <num_units> <unit_id1> <unit_id2> ...
0 7 0 1 2 3 4 5 6
1 5 7 8 9 10 11
2 8 12 13 14 15 16 17 18 19

# RESOURCE UNITS (Calendars)
# Format: <unit_id> <num_steps> <t1> <v1> <t2> <v2> ...
0 20 0 100 202 0 219 100 413 0 415 100 664 0 680 100 762 0 770 100 845 0 855 100 1008 0 1029 100 1113 0 1119 100 1210 0 1226 100 1459 0 1476 100 2710 0
1 20 0 0 15 100 162 0 183 100 423 0 437 100 562 0 581 100 693 0 700 100 802 0 813 100 963 0 969 100 1101 0 1120 100 1292 0 1311 100 1509 0 2710 0
2 20 0 0 16 100 135 0 146 100 282 0 295 100 451 0 467 100 627 0 641 100 859 0 872 100 933 0 953 100 1034 0 1040 100 1178 0 1187 100 1286 0 2710 0
3 20 0 100 224 0 245 100 430 0 443 100 505 0 518 100 591 0 609 100 756 0 764 100 876 0 880 100 1040 0 1057 100 1213 0 1222 100 1320 0 1324 100 2710 0
4 20 0 0 11 100 173 0 190 100 375 0 391 100 498 0 513 100 722 0 742 100 880 0 884 100 1130 0 1132 100 1216 0 1234 100 1391 0 1398 100 1547 0 2710 0
5 20 0 0 3 100 232 0 251 100 401 0 419 100 605 0 621 100 806 0 817 100 1016 0 1023 100 1269 0 1281 100 1470 0 1472 100 1656 0 1668 100 1811 0 2710 0
6 20 0 0 14 100 94 0 98 100 227 0 237 100 444 0 456 100 518 0 532 100 758 0 763 100 879 0 883 100 954 0 965 100 1198 0 1207 100 1402 0 2710 0
7 20 0 100 177 0 195 100 375 0 392 100 568 0 587 100 789 0 804 100 988 0 1003 100 1113 0 1118 100 1357 0 1367 100 1503 0 1518 100 1733 0 1738 100 2710 0
8 20 0 0 2 100 215 0 228 100 392 0 413 100 544 0 547 100 612 0 624 100 745 0 752 100 834 0 845 100 904 0 910 100 1009 0 1023 100 1270 0 2710 0
9 20 0 0 12 100 87 0 108 100 228 0 245 100 407 0 415 100 654 0 659 100 782 0 791 100 863 0 870 100 946 0 962 100 1158 0 1162 100 1250 0 2710 0
10 20 0 100 149 0 152 100 225 0 235 100 406 0 409 100 458 0 477 100 574 0 586 100 803 0 815 100 934 0 951 100 1046 0 1054 100 1128 0 1135 100 2710 0
11 20 0 100 231 0 235 100 318 0 322 100 482 0 491 100 622 0 642 100 858 0 868 100 1044 0 1053 100 1172 0 1190 100 1369 0 1387 100 1487 0 1508 100 2710 0
12 20 0 0 8 100 80 0 96 100 329 0 347 100 448 0 460 100 594 0 611 100 676 0 684 100 826 0 832 100 930 0 941 100 1067 0 1088 100 1243 0 2710 0
13 20 0 0 20 100 178 0 199 100 397 0 418 100 473 0 487 100 728 0 730 100 895 0 911 100 1065 0 1068 100 1285 0 1291 100 1531 0 1546 100 1651 0 2710 0
14 20 0 0 18 100 252 0 272 100 441 0 458 100 538 0 548 100 648 0 659 100 784 0 793 100 853 0 871 100 1060 0 1066 100 1255 0 1258 100 1424 0 2710 0
15 20 0 100 140 0 160 100 255 0 275 100 494 0 514 100 667 0 671 100 744 0 747 100 828 0 832 100 947 0 952 100 1206 0 1224 100 1342 0 1350 100 2710 0
16 20 0 0 18 100 120 0 132 100 236 0 241 100 436 0 448 100 526 0 535 100 682 0 684 100 890 0 906 100 1055 0 1068 100 1127 0 1130 100 1333 0 2710 0
17 20 0 100 80 0 95 100 143 0 152 100 256 0 272 100 423 0 434 100 528 0 543 100 685 0 695 100 926 0 937 100 1070 0 1079 100 1138 0 1141 100 2710 0
18 20 0 100 72 0 81 100 240 0 253 100 469 0 478 100 616 0 631 100 878 0 895 100 988 0 1001 100 1161 0 1180 100 1260 0 1281 100 1414 0 1424 100 2710 0
19 20 0 0 21 100 269 0 284 100 443 0 449 100 549 0 553 100 790 0 794 100 868 0 881 100 1125 0 1143 100 1317 0 1325 100 1525 0 1532 100 1722 0 2710 0

# TASKS
# Format: <task_id> <size> <num_reqs>
# Then for each requirement: <type_id> <qty>
0 0 3
 0 0
 1 0
 2 0
1 9 3
 0 2
 1 3
 2 1
2 7 3
 0 0
 1 3
 2 3
3 10 3
 0 0
 1 2
 2 1
4 6 3
 0 0
 1 1
 2 0
5 2 3
 0 2
 1 2
 2 0
6 3 3
 0 2
 1 1
 2 3
7 19 3
 0 1
 1 1
 2 1
8 18 3
 0 2
 1 3
 2 2
9 14 3
 0 0
 1 0
 2 3
10 20 3
 0 0
 1 1
 2 3
11 14 3
 0 0
 1 3
 2 0
12 13 3
 0 1
 1 3
 2 0
13 6 3
 0 1
 1 0
 2 0
14 16 3
 0 2
 1 2
 2 1
15 1 3
 0 2
 1 1
 2 0
16 7 3
 0 2
 1 1
 2 3
17 14 3
 0 0
 1 3
 2 3
18 16 3
 0 2
 1 1
 2 2
19 9 3
 0 0
 1 0
 2 1
20 6 3
 0 2
 1 0
 2 0
21 19 3
 0 0
 1 2
 2 1
22 2 3
 0 2
 1 3
 2 0
23 18 3
 0 0
 1 3
 2 0
24 8 3
 0 2
 1 0
 2 0
25 2 3
 0 2
 1 0
 2 3
26 18 3
 0 1
 1 0
 2 0
27 6 3
 0 1
 1 0
 2 0
28 15 3
 0 1
 1 2
 2 3
29 7 3
 0 3
 1 3
 2 3
30 16 3
 0 2
 1 1
 2 1
31 10 3
 0 1
 1 0
 2 1
32 14 3
 0 2
 1 2
 2 3
33 20 3
 0 2
 1 0
 2 1
34 1 3
 0 0
 1 0
 2 1
35 2 3
 0 0
 1 0
 2 1
36 9 3
 0 0
 1 2
 2 0
37 3 3
 0 1
 1 0
 2 0
38 19 3
 0 2
 1 0
 2 3
39 3 3
 0 2
 1 0
 2 0
40 9 3
 0 3
 1 2
 2 0
41 11 3
 0 3
 1 0
 2 0
42 10 3
 0 3
 1 0
 2 3
43 18 3
 0 0
 1 2
 2 0
44 20 3
 0 0
 1 1
 2 0
45 19 3
 0 3
 1 3
 2 1
46 20 3
 0 1
 1 0
 2 0
47 17 3
 0 0
 1 0
 2 2
48 4 3
 0 3
 1 0
 2 0
49 13 3
 0 1
 1 2
 2 3
50 19 3
 0 3
 1 0
 2 0
51 6 3
 0 0
 1 0
 2 1
52 1 3
 0 0
 1 3
 2 2
53 12 3
 0 2
 1 0
 2 0
54 12 3
 0 0
 1 3
 2 0
55 20 3
 0 0
 1 2
 2 3
56 17 3
 0 2
 1 3
 2 0
57 17 3
 0 3
 1 0
 2 0
58 8 3
 0 0
 1 1
 2 2
59 3 3
 0 0
 1 0
 2 3
60 17 3
 0 2
 1 2
 2 3
61 12 3
 0 2
 1 3
 2 0
62 5 3
 0 2
 1 0
 2 0
63 5 3
 0 1
 1 2
 2 2
64 18 3
 0 3
 1 1
 2 0
65 6 3
 0 2
 1 2
 2 1
66 2 3
 0 3
 1 3
 2 3
67 19 3
 0 0
 1 0
 2 1
68 1 3
 0 1
 1 0
 2 0
69 12 3
 0 0
 1 2
 2 1
70 19 3
 0 0
 1 2
 2 3
71 10 3
 0 2
 1 1
 2 0
72 6 3
 0 3
 1 0
 2 0
73 13 3
 0 1
 1 3
 2 0
74 20 3
 0 2
 1 0
 2 0
75 13 3
 0 0
 1 1
 2 2
76 6 3
 0 2
 1 3
 2 1
77 12 3
 0 0
 1 2
 2 3
78 20 3
 0 2
 1 1
 2 2
79 20 3
 0 3
 1 1
 2 1
80 17 3
 0 0
 1 3
 2 0
81 5 3
 0 1
 1 3
 2 2
82 2 3
 0 1
 1 0
 2 3
83 3 3
 0 2
 1 2
 2 0
84 9 3
 0 0
 1 2
 2 2
85 3 3
 0 0
 1 1
 2 0
86 11 3
 0 1
 1 2
 2 0
87 3 3
 0 2
 1 1
 2 0
88 13 3
 0 3
 1 2
 2 2
89 1 3
 0 2
 1 2
 2 2
90 1 3
 0 3
 1 2
 2 2
91 15 3
 0 2
 1 0
 2 0
92 16 3
 0 3
 1 1
 2 2
93 11 3
 0 2
 1 2
 2 3
94 3 3
 0 0
 1 2
 2 0
95 19 3
 0 2
 1 2
 2 0
96 3 3
 0 0
 1 2
 2 0
97 20 3
 0 3
 1 3
 2 1
98 7 3
 0 2
 1 1
 2 3
99 19 3
 0 1
 1 2
 2 0
100 8 3
 0 0
 1 2
 2 0
101 20 3
 0 3
 1 0
 2 0
102 12 3
 0 3
 1 2
 2 0
103 8 3
 0 3
 1 0
 2 0
104 13 3
 0 3
 1 0
 2 3
105 14 3
 0 3
 1 0
 2 3
106 20 3
 0 2
 1 0
 2 0
107 5 3
 0 3
 1 0
 2 1
108 14 3
 0 1
 1 0
 2 1
109 20 3
 0 2
 1 2
 2 2
110 15 3
 0 3
 1 0
 2 2
111 20 3
 0 0
 1 1
 2 0
112 5 3
 0 3
 1 1
 2 1
113 12 3
 0 2
 1 2
 2 3
114 15 3
 0 0
 1 0
 2 1
115 1 3
 0 0
 1 0
 2 1
116 1 3
 0 1
 1 2
 2 0
117 3 3
 0 0
 1 1
 2 3
118 18 3
 0 3
 1 0
 2 2
119 18 3
 0 1
 1 2
 2 2
120 1 3
 0 2
 1 0
 2 3
121 15 3
 0 0
 1 3
 2 1
122 5 3
 0 2
 1 3
 2 0
123 13 3
 0 1
 1 2
 2 2
124 5 3
 0 0
 1 0
 2 1
125 9 3
 0 3
 1 2
 2 3
126 3 3
 0 2
 1 2
 2 2
127 15 3
 0 3
 1 0
 2 2
128 6 3
 0 0
 1 3
 2 1
129 9 3
 0 2
 1 0
 2 0
130 9 3
 0 0
 1 3
 2 1
131 18 3
 0 0
 1 0
 2 2
132 16 3
 0 3
 1 0
 2 0
133 15 3
 0 2
 1 2
 2 0
134 1 3
 0 2
 1 0
 2 2
135 7 3
 0 0
 1 1
 2 2
136 18 3
 0 0
 1 3
 2 1
137 14 3
 0 1
 1 0
 2 0
138 8 3
 0 2
 1 3
 2 3
139 2 3
 0 1
 1 0
 2 0
140 1 3
 0 3
 1 0
 2 1
141 19 3
 0 0
 1 3
 2 3
142 19 3
 0 1
 1 2
 2 0
143 16 3
 0 1
 1 1
 2 3
144 5 3
 0 3
 1 2
 2 1
145 6 3
 0 3
 1 1
 2 0
146 15 3
 0 3
 1 0
 2 0
147 8 3
 0 3
 1 0
 2 0
148 9 3
 0 0
 1 1
 2 1
149 10 3
 0 1
 1 0
 2 3
150 2 3
 0 2
 1 0
 2 1
151 12 3
 0 2
 1 1
 2 1
152 17 3
 0 3
 1 0
 2 3
153 6 3
 0 0
 1 2
 2 2
154 3 3
 0 0
 1 3
 2 2
155 2 3
 0 3
 1 3
 2 3
156 10 3
 0 1
 1 2
 2 3
157 2 3
 0 2
 1 0
 2 2
158 8 3
 0 3
 1 3
 2 0
159 1 3
 0 0
 1 3
 2 3
160 9 3
 0 1
 1 1
 2 0
161 19 3
 0 0
 1 0
 2 3
162 14 3
 0 0
 1 2
 2 0
163 6 3
 0 0
 1 0
 2 2
164 20 3
 0 0
 1 2
 2 0
165 3 3
 0 0
 1 3
 2 0
166 16 3
 0 2
 1 0
 2 0
167 3 3
 0 1
 1 0
 2 0
168 12 3
 0 2
 1 0
 2 0
169 20 3
 0 3
 1 0
 2 2
170 1 3
 0 0
 1 0
 2 2
171 18 3
 0 0
 1 1
 2 0
172 14 3
 0 1
 1 0
 2 0
173 8 3
 0 1
 1 1
 2 1
174 4 3
 0 3
 1 3
 2 0
175 11 3
 0 0
 1 1
 2 0
176 13 3
 0 3
 1 2
 2 2
177 13 3
 0 3
 1 1
 2 2
178 9 3
 0 3
 1 1
 2 1
179 4 3
 0 0
 1 2
 2 1
180 6 3
 0 2
 1 2
 2 2
181 19 3
 0 0
 1 3
 2 3
182 17 3
 0 3
 1 3
 2 0
183 11 3
 0 2
 1 2
 2 1
184 13 3
 0 1
 1 0
 2 0
185 9 3
 0 3
 1 3
 2 2
186 20 3
 0 3
 1 1
 2 1
187 14 3
 0 2
 1 0
 2 3
188 7 3
 0 1
 1 2
 2 1
189 13 3
 0 0
 1 3
 2 1
190 15 3
 0 2
 1 3
 2 3
191 14 3
 0 3
 1 2
 2 1
192 19 3
 0 3
 1 1
 2 2
193 20 3
 0 1
 1 2
 2 2
194 10 3
 0 2
 1 0
 2 0
195 7 3
 0 1
 1 3
 2 3
196 11 3
 0 3
 1 0
 2 2
197 17 3
 0 1
 1 0
 2 3
198 17 3
 0 0
 1 3
 2 0
199 18 3
 0 0
 1 0
 2 1
200 8 3
 0 1
 1 1
 2 0
201 7 3
 0 3
 1 0
 2 3
202 14 3
 0 3
 1 2
 2 0
203 18 3
 0 3
 1 0
 2 0
204 4 3
 0 2
 1 1
 2 0
205 4 3
 0 2
 1 0
 2 0
206 10 3
 0 2
 1 3
 2 0
207 1 3
 0 3
 1 0
 2 0
208 12 3
 0 0
 1 0
 2 1
209 6 3
 0 2
 1 0
 2 2
210 19 3
 0 0
 1 0
 2 2
211 3 3
 0 3
 1 1
 2 0
212 9 3
 0 3
 1 0
 2 3
213 10 3
 0 3
 1 3
 2 0
214 12 3
 0 1
 1 1
 2 3
215 15 3
 0 0
 1 0
 2 1
216 2 3
 0 2
 1 2
 2 3
217 5 3
 0 0
 1 0
 2 1
218 4 3
 0 0
 1 0
 2 3
219 16 3
 0 2
 1 0
 2 1
220 9 3
 0 1
 1 0
 2 1
221 14 3
 0 1
 1 0
 2 0
222 17 3
 0 1
 1 1
 2 2
223 14 3
 0 3
 1 0
 2 2
224 1 3
 0 3
 1 0
 2 2
225 11 3
 0 1
 1 0
 2 2
226 4 3
 0 3
 1 0
 2 0
227 15 3
 0 0
 1 0
 2 3
228 5 3
 0 3
 1 0
 2 3
229 2 3
 0 2
 1 0
 2 0
230 2 3
 0 3
 1 3
 2 2
231 4 3
 0 3
 1 0
 2 1
232 3 3
 0 2
 1 0
 2 2
233 6 3
 0 0
 1 0
 2 2
234 11 3
 0 1
 1 0
 2 1
235 8 3
 0 3
 1 2
 2 3
236 19 3
 0 2
 1 0
 2 1
237 13 3
 0 3
 1 0
 2 0
238 7 3
 0 0
 1 2
 2 0
239 18 3
 0 0
 1 2
 2 3
240 5 3
 0 0
 1 3
 2 0
241 11 3
 0 2
 1 0
 2 0
242 3 3
 0 1
 1 0
 2 0
243 6 3
 0 3
 1 3
 2 1
244 3 3
 0 3
 1 2
 2 3
245 11 3
 0 0
 1 0
 2 1
246 13 3
 0 0
 1 0
 2 2
247 7 3
 0 1
 1 1
 2 0
248 2 3
 0 2
 1 0
 2 2
249 4 3
 0 0
 1 0
 2 2
250 20 3
 0 0
 1 1
 2 1
251 6 3
 0 1
 1 2
 2 2
252 10 3
 0 1
 1 0
 2 3
253 12 3
 0 0
 1 1
 2 0
254 6 3
 0 0
 1 2
 2 3
255 6 3
 0 1
 1 0
 2 0
256 19 3
 0 1
 1 2
 2 2
257 5 3
 0 3
 1 0
 2 1
258 16 3
 0 1
 1 0
 2 0
259 3 3
 0 1
 1 0
 2 3
260 9 3
 0 1
 1 0
 2 1
261 10 3
 0 2
 1 0
 2 2
262 12 3
 0 1
 1 3
 2 2
263 6 3
 0 3
 1 0
 2 3
264 6 3
 0 0
 1 2
 2 0
265 6 3
 0 3
 1 1
 2 2
266 20 3
 0 0
 1 0
 2 2
267 13 3
 0 1
 1 3
 2 0
268 18 3
 0 2
 1 1
 2 3
269 10 3
 0 1
 1 2
 2 3
270 3 3
 0 0
 1 3
 2 3
271 15 3
 0 1
 1 1
 2 3
272 9 3
 0 0
 1 1
 2 0
273 15 3
 0 0
 1 0
 2 2
274 17 3
 0 3
 1 3
 2 0
275 10 3
 0 2
 1 2
 2 3
276 12 3
 0 3
 1 0
 2 1
277 13 3
 0 0
 1 1
 2 3
278 3 3
 0 3
 1 2
 2 0
279 13 3
 0 1
 1 3
 2 2
280 12 3
 0 0
 1 1
 2 0
281 19 3
 0 0
 1 0
 2 1
282 14 3
 0 0
 1 3
 2 3
283 15 3
 0 1
 1 0
 2 0
284 7 3
 0 3
 1 1
 2 0
285 11 3
 0 0
 1 0
 2 3
286 3 3
 0 0
 1 0
 2 1
287 18 3
 0 0
 1 3
 2 1
288 17 3
 0 0
 1 3
 2 2
289 8 3
 0 0
 1 3
 2 0
290 11 3
 0 1
 1 1
 2 3
291 3 3
 0 1
 1 3
 2 3
292 14 3
 0 2
 1 0
 2 0
293 13 3
 0 1
 1 0
 2 0
294 10 3
 0 3
 1 0
 2 0
295 10 3
 0 2
 1 2
 2 2
296 19 3
 0 0
 1 3
 2 2
297 9 3
 0 1
 1 2
 2 2
298 11 3
 0 0
 1 3
 2 1
299 20 3
 0 0
 1 0
 2 1
300 10 3
 0 1
 1 1
 2 0
301 20 3
 0 3
 1 3
 2 0
302 1 3
 0 1
 1 0
 2 0
303 5 3
 0 0
 1 2
 2 0
304 16 3
 0 3
 1 3
 2 3
305 7 3
 0 0
 1 1
 2 2
306 0 3
 0 0
 1 0
 2 0

# PRECEDENCES
701
0 1
0 25
0 49
0 73
0 97
0 121
0 145
0 169
0 193
0 217
0 241
0 265
0 289
1 2
1 25
1 26
2 3
2 26
3 4
3 27
3 28
4 5
4 28
4 29
5 6
5 29
6 7
6 30
7 8
7 31
7 32
8 9
8 32
9 10
9 33
10 11
10 34
11 12
11 35
12 13
12 36
13 14
13 37
14 15
14 38
15 16
15 39
16 17
16 40
16 41
17 18
17 41
18 19
18 42
18 43
19 20
19 43
20 21
20 44
21 22
21 45
22 23
22 46
23 24
23 47
24 48
24 306
25 26
25 49
26 27
26 50
27 28
27 51
27 52
28 29
28 52
29 30
29 53
30 31
30 54
31 32
31 55
32 33
32 56
33 34
33 57
34 35
34 58
34 59
35 36
35 59
36 37
36 60
36 61
37 38
37 61
37 62
38 39
38 62
39 40
39 63
40 41
40 64
41 42
41 65
42 43
42 66
42 67
43 44
43 67
44 45
44 68
45 46
45 69
46 47
46 70
47 48
47 71
47 72
48 72
48 306
49 50
49 73
49 74
50 51
50 74
50 75
51 52
51 75
52 53
52 76
52 77
53 54
53 77
54 55
54 78
55 56
55 79
56 57
56 80
57 58
57 81
58 59
58 82
59 60
59 83
60 61
60 84
61 62
61 85
61 86
62 63
62 86
62 87
63 64
63 87
64 65
64 88
65 66
65 89
66 67
66 90
66 91
67 68
67 91
68 69
68 92
68 93
69 70
69 93
70 71
70 94
71 72
71 95
71 96
72 96
72 306
73 74
73 97
74 75
74 98
75 76
75 99
76 77
76 100
77 78
77 101
78 79
78 102
79 80
79 103
80 81
80 104
81 82
81 105
82 83
82 106
83 84
83 107
84 85
84 108
85 86
85 109
86 87
86 110
87 88
87 111
88 89
88 112
88 113
89 90
89 113
90 91
90 114
91 92
91 115
92 93
92 116
93 94
93 117
94 95
94 118
94 119
95 96
95 119
96 120
96 306
97 98
97 121
98 99
98 122
98 123
99 100
99 123
100 101
100 124
100 125
101 102
101 125
102 103
102 126
102 127
103 104
103 127
103 128
104 105
104 128
104 129
105 106
105 129
105 130
106 107
106 130
107 108
107 131
108 109
108 132
108 133
109 110
109 133
109 134
110 111
110 134
110 135
111 112
111 135
112 113
112 136
112 137
113 114
113 137
113 138
114 115
114 138
114 139
115 116
115 139
115 140
116 117
116 140
117 118
117 141
117 142
118 119
118 142
119 120
119 143
120 144
120 306
121 122
121 145
122 123
122 146
123 124
123 147
123 148
124 125
124 148
125 126
125 149
125 150
126 127
126 150
127 128
127 151
127 152
128 129
128 152
129 130
129 153
130 131
130 154
130 155
131 132
131 155
131 156
132 133
132 156
133 134
133 157
134 135
134 158
134 159
135 136
135 159
136 137
136 160
137 138
137 161
138 139
138 162
139 140
139 163
140 141
140 164
141 142
141 165
141 166
142 143
142 166
142 167
143 144
143 167
144 168
144 306
145 146
145 169
146 147
146 170
147 148
147 171
148 149
148 172
149 150
149 173
150 151
150 174
151 152
151 175
152 153
152 176
152 177
153 154
153 177
154 155
154 178
155 156
155 179
155 180
156 157
156 180
156 181
157 158
157 181
158 159
158 182
159 160
159 183
159 184
160 161
160 184
161 162
161 185
162 163
162 186
162 187
163 164
163 187
164 165
164 188
165 166
165 189
165 190
166 167
166 190
167 168
167 191
168 192
168 306
169 170
169 193
169 194
170 171
170 194
171 172
171 195
172 173
172 196
172 197
173 174
173 197
174 175
174 198
175 176
175 199
176 177
176 200
177 178
177 201
178 179
178 202
178 203
179 180
179 203
180 181
180 204
181 182
181 205
182 183
182 206
182 207
183 184
183 207
184 185
184 208
185 186
185 209
186 187
186 210
187 188
187 211
188 189
188 212
189 190
189 213
190 191
190 214
191 192
191 215
191 216
192 216
192 306
193 194
193 217
193 218
194 195
194 218
195 196
195 219
195 220
196 197
196 220
196 221
197 198
197 221
198 199
198 222
198 223
199 200
199 223
200 201
200 224
200 225
201 202
201 225
202 203
202 226
203 204
203 227
203 228
204 205
204 228
205 206
205 229
206 207
206 230
206 231
207 208
207 231
208 209
208 232
208 233
209 210
209 233
210 211
210 234
210 235
211 212
211 235
211 236
212 213
212 236
213 214
213 237
214 215
214 238
215 216
215 239
216 240
216 306
217 218
217 241
217 242
218 219
218 242
219 220
219 243
220 221
220 244
221 222
221 245
222 223
222 246
222 247
223 224
223 247
224 225
224 248
225 226
225 249
225 250
226 227
226 250
226 251
227 228
227 251
228 229
228 252
228 253
229 230
229 253
230 231
230 254
231 232
231 255
232 233
232 256
233 234
233 257
234 235
234 258
234 259
235 236
235 259
236 237
236 260
236 261
237 238
237 261
237 262
238 239
238 262
239 240
239 263
239 264
240 264
240 306
241 242
241 265
242 243
242 266
243 244
243 267
244 245
244 268
245 246
245 269
245 270
246 247
246 270
247 248
247 271
247 272
248 249
248 272
248 273
249 250
249 273
250 251
250 274
251 252
251 275
252 253
252 276
253 254
253 277
253 278
254 255
254 278
254 279
255 256
255 279
256 257
256 280
257 258
257 281
258 259
258 282
259 260
259 283
259 284
260 261
260 284
261 262
261 285
262 263
262 286
263 264
263 287
264 288
264 306
265 266
265 289
266 267
266 290
267 268
267 291
268 269
268 292
269 270
269 293
270 271
270 294
271 272
271 295
271 296
272 273
272 296
273 274
273 297
273 298
274 275
274 298
275 276
275 299
275 300
276 277
276 300
277 278
277 301
277 302
278 279
278 302
278 303
279 280
279 303
279 304
280 281
280 304
281 282
281 305
282 283
283 284
284 285
285 286
286 287
287 288
288 306
289 290
289 306
290 291
290 306
291 292
291 306
292 293
292 306
293 294
293 306
294 295
294 306
295 296
295 306
296 297
296 306
297 298
297 306
298 299
298 306
299 300
299 306
300 301
300 306
301 302
301 306
302 303
302 306
303 304
303 306
304 305
304 306
305 306
