# Tier 7 (Very Large) - Instance 63
# Generated with config: N=347, K=4, topology=random_dag, calendar=random

# HEADER: <num_tasks> <num_types> <num_units>
349 4 24

# RESOURCE TYPES
# Format: <type_id> <num_units> <unit_id1> <unit_id2> ...
0 7 0 1 2 3 4 5 6
1 6 7 8 9 10 11 12
2 5 13 14 15 16 17
3 6 18 19 20 21 22 23

# RESOURCE UNITS (Calendars)
# Format: <unit_id> <num_steps> <t1> <v1> <t2> <v2> ...
0 25 0 100 152 0 158 100 282 0 300 100 444 0 447 100 618 0 635 100 787 0 798 100 897 0 914 100 963 0 970 100 1017 0 1035 100 1237 0 1240 100 1384 0 1397 100 1584 0 1590 100 1636 0 3077 0
1 25 0 100 229 0 240 100 295 0 305 100 364 0 377 100 426 0 436 100 563 0 565 100 745 0 756 100 871 0 888 100 1118 0 1136 100 1212 0 1220 100 1401 0 1418 100 1531 0 1536 100 1725 0 3077 0
2 25 0 0 12 100 99 0 117 100 189 0 192 100 333 0 349 100 477 0 490 100 695 0 711 100 813 0 828 100 893 0 908 100 985 0 989 100 1039 0 1050 100 1089 0 1106 100 1200 0 1207 100 3077 0
3 25 0 0 11 100 159 0 163 100 330 0 341 100 536 0 543 100 712 0 729 100 946 0 953 100 1163 0 1181 100 1357 0 1360 100 1437 0 1443 100 1571 0 1579 100 1732 0 1744 100 1899 0 1906 100 3077 0
4 25 0 0 3 100 223 0 232 100 343 0 353 100 481 0 487 100 611 0 622 100 805 0 818 100 985 0 1004 100 1116 0 1124 100 1189 0 1193 100 1329 0 1345 100 1540 0 1553 100 1602 0 1607 100 3077 0
5 25 0 100 158 0 174 100 250 0 266 100 326 0 328 100 376 0 384 100 451 0 462 100 581 0 593 100 647 0 658 100 740 0 757 100 885 0 889 100 1075 0 1090 100 1229 0 1238 100 1463 0 3077 0
6 25 0 100 95 0 113 100 332 0 334 100 438 0 447 100 659 0 673 100 723 0 730 100 907 0 916 100 1056 0 1063 100 1236 0 1255 100 1307 0 1310 100 1528 0 1536 100 1744 0 1750 100 1821 0 3077 0
7 25 0 100 68 0 85 100 194 0 209 100 334 0 351 100 421 0 432 100 551 0 555 100 759 0 777 100 981 0 993 100 1045 0 1064 100 1195 0 1207 100 1273 0 1287 100 1479 0 1490 100 1612 0 3077 0
8 25 0 100 80 0 89 100 296 0 301 100 520 0 536 100 727 0 730 100 881 0 890 100 937 0 955 100 1178 0 1186 100 1338 0 1347 100 1460 0 1475 100 1576 0 1579 100 1698 0 1709 100 1866 0 3077 0
9 25 0 100 126 0 144 100 313 0 331 100 466 0 479 100 522 0 534 100 674 0 685 100 865 0 880 100 993 0 1012 100 1103 0 1120 100 1230 0 1235 100 1338 0 1349 100 1537 0 1542 100 1665 0 3077 0
10 25 0 0 16 100 148 0 157 100 235 0 237 100 383 0 392 100 544 0 549 100 774 0 792 100 859 0 872 100 911 0 929 100 968 0 980 100 1195 0 1212 100 1266 0 1272 100 1431 0 1439 100 3077 0
11 25 0 100 54 0 61 100 167 0 170 100 219 0 225 100 341 0 357 100 458 0 460 100 666 0 678 100 907 0 923 100 1117 0 1134 100 1244 0 1262 100 1391 0 1397 100 1590 0 1606 100 1659 0 3077 0
12 25 0 0 10 100 51 0 57 100 172 0 185 100 373 0 377 100 463 0 465 100 631 0 639 100 793 0 801 100 869 0 887 100 1063 0 1081 100 1259 0 1268 100 1336 0 1354 100 1421 0 1432 100 3077 0
13 25 0 100 166 0 180 100 331 0 350 100 516 0 520 100 616 0 625 100 731 0 736 100 916 0 923 100 970 0 982 100 1207 0 1215 100 1351 0 1369 100 1487 0 1494 100 1701 0 1716 100 1860 0 3077 0
14 25 0 0 17 100 98 0 117 100 326 0 334 100 562 0 569 100 766 0 769 100 911 0 917 100 1065 0 1083 100 1260 0 1265 100 1422 0 1429 100 1529 0 1535 100 1636 0 1645 100 1702 0 1715 100 3077 0
15 25 0 100 223 0 230 100 425 0 432 100 552 0 565 100 759 0 769 100 952 0 967 100 1093 0 1108 100 1199 0 1204 100 1399 0 1418 100 1521 0 1527 100 1740 0 1754 100 1965 0 1972 100 2061 0 3077 0
16 25 0 100 137 0 139 100 310 0 319 100 536 0 540 100 743 0 757 100 858 0 861 100 1027 0 1043 100 1106 0 1110 100 1196 0 1199 100 1248 0 1262 100 1360 0 1368 100 1467 0 1486 100 1590 0 3077 0
17 25 0 100 140 0 143 100 182 0 200 100 421 0 433 100 567 0 585 100 737 0 748 100 889 0 902 100 1086 0 1101 100 1298 0 1309 100 1430 0 1447 100 1507 0 1512 100 1659 0 1664 100 1853 0 3077 0
18 25 0 0 5 100 160 0 177 100 349 0 368 100 595 0 606 100 708 0 724 100 833 0 848 100 1035 0 1054 100 1128 0 1145 100 1348 0 1365 100 1485 0 1492 100 1703 0 1708 100 1898 0 1903 100 3077 0
19 25 0 100 125 0 139 100 258 0 263 100 367 0 373 100 494 0 504 100 682 0 700 100 898 0 902 100 1115 0 1118 100 1316 0 1325 100 1450 0 1466 100 1678 0 1689 100 1845 0 1858 100 1949 0 3077 0
20 25 0 100 122 0 131 100 181 0 193 100 258 0 268 100 377 0 395 100 615 0 618 100 689 0 695 100 890 0 896 100 1018 0 1034 100 1154 0 1171 100 1321 0 1336 100 1418 0 1427 100 1527 0 3077 0
21 25 0 0 2 100 121 0 129 100 332 0 337 100 562 0 574 100 677 0 685 100 838 0 841 100 979 0 988 100 1056 0 1072 100 1260 0 1271 100 1453 0 1460 100 1543 0 1545 100 1591 0 1597 100 3077 0
22 25 0 100 53 0 62 100 135 0 142 100 261 0 270 100 368 0 380 100 555 0 565 100 708 0 719 100 821 0 827 100 883 0 887 100 937 0 941 100 1142 0 1157 100 1334 0 1346 100 1548 0 3077 0
23 25 0 100 81 0 90 100 267 0 269 100 424 0 436 100 531 0 541 100 676 0 679 100 743 0 751 100 825 0 843 100 982 0 993 100 1045 0 1057 100 1279 0 1289 100 1376 0 1393 100 1472 0 3077 0

# TASKS
# Format: <task_id> <size> <num_reqs>
# Then for each requirement: <type_id> <qty>
0 0 4
 0 0
 1 0
 2 0
 3 0
1 18 4
 0 2
 1 0
 2 2
 3 0
2 12 4
 0 1
 1 0
 2 0
 3 2
3 4 4
 0 2
 1 0
 2 2
 3 3
4 18 4
 0 2
 1 0
 2 2
 3 0
5 20 4
 0 0
 1 0
 2 1
 3 2
6 12 4
 0 0
 1 3
 2 1
 3 1
7 1 4
 0 2
 1 0
 2 2
 3 1
8 20 4
 0 3
 1 0
 2 1
 3 0
9 11 4
 0 0
 1 0
 2 0
 3 1
10 16 4
 0 1
 1 3
 2 0
 3 2
11 13 4
 0 1
 1 2
 2 3
 3 0
12 4 4
 0 0
 1 2
 2 0
 3 2
13 19 4
 0 0
 1 0
 2 3
 3 1
14 5 4
 0 0
 1 1
 2 0
 3 2
15 18 4
 0 0
 1 3
 2 1
 3 1
16 6 4
 0 1
 1 2
 2 1
 3 0
17 2 4
 0 2
 1 1
 2 3
 3 3
18 3 4
 0 0
 1 0
 2 0
 3 1
19 7 4
 0 0
 1 1
 2 1
 3 3
20 4 4
 0 0
 1 3
 2 1
 3 0
21 6 4
 0 0
 1 3
 2 1
 3 0
22 10 4
 0 0
 1 0
 2 3
 3 0
23 20 4
 0 0
 1 1
 2 2
 3 0
24 2 4
 0 0
 1 2
 2 3
 3 1
25 18 4
 0 3
 1 1
 2 1
 3 1
26 15 4
 0 1
 1 2
 2 1
 3 2
27 6 4
 0 3
 1 0
 2 1
 3 0
28 15 4
 0 2
 1 0
 2 2
 3 1
29 3 4
 0 0
 1 0
 2 3
 3 0
30 6 4
 0 0
 1 0
 2 0
 3 3
31 12 4
 0 0
 1 2
 2 0
 3 0
32 17 4
 0 1
 1 0
 2 0
 3 3
33 17 4
 0 1
 1 2
 2 0
 3 2
34 16 4
 0 1
 1 0
 2 0
 3 1
35 4 4
 0 0
 1 2
 2 0
 3 2
36 7 4
 0 1
 1 0
 2 2
 3 0
37 5 4
 0 3
 1 2
 2 0
 3 1
38 13 4
 0 1
 1 2
 2 2
 3 1
39 3 4
 0 0
 1 2
 2 1
 3 1
40 5 4
 0 3
 1 2
 2 1
 3 2
41 3 4
 0 1
 1 1
 2 0
 3 1
42 2 4
 0 3
 1 0
 2 1
 3 1
43 12 4
 0 1
 1 3
 2 0
 3 0
44 3 4
 0 0
 1 0
 2 0
 3 3
45 12 4
 0 3
 1 2
 2 0
 3 3
46 15 4
 0 3
 1 2
 2 0
 3 0
47 11 4
 0 2
 1 0
 2 2
 3 0
48 4 4
 0 3
 1 1
 2 1
 3 0
49 11 4
 0 0
 1 1
 2 0
 3 0
50 11 4
 0 0
 1 3
 2 3
 3 0
51 16 4
 0 3
 1 0
 2 1
 3 0
52 3 4
 0 0
 1 2
 2 1
 3 2
53 18 4
 0 1
 1 0
 2 1
 3 0
54 8 4
 0 2
 1 2
 2 0
 3 1
55 12 4
 0 2
 1 0
 2 0
 3 0
56 12 4
 0 0
 1 1
 2 3
 3 3
57 13 4
 0 1
 1 1
 2 1
 3 0
58 10 4
 0 1
 1 0
 2 0
 3 1
59 5 4
 0 0
 1 2
 2 2
 3 1
60 10 4
 0 1
 1 0
 2 1
 3 1
61 4 4
 0 0
 1 2
 2 3
 3 3
62 18 4
 0 0
 1 1
 2 3
 3 2
63 11 4
 0 0
 1 0
 2 1
 3 0
64 17 4
 0 1
 1 0
 2 3
 3 3
65 14 4
 0 3
 1 2
 2 2
 3 3
66 14 4
 0 0
 1 1
 2 2
 3 3
67 1 4
 0 2
 1 1
 2 2
 3 1
68 19 4
 0 2
 1 2
 2 0
 3 3
69 3 4
 0 1
 1 2
 2 1
 3 1
70 16 4
 0 3
 1 3
 2 0
 3 0
71 5 4
 0 0
 1 0
 2 2
 3 2
72 5 4
 0 1
 1 3
 2 1
 3 1
73 12 4
 0 1
 1 0
 2 0
 3 0
74 9 4
 0 1
 1 3
 2 3
 3 1
75 14 4
 0 2
 1 1
 2 1
 3 0
76 7 4
 0 3
 1 2
 2 0
 3 1
77 14 4
 0 3
 1 3
 2 3
 3 2
78 12 4
 0 0
 1 1
 2 0
 3 1
79 10 4
 0 1
 1 1
 2 0
 3 0
80 16 4
 0 0
 1 1
 2 0
 3 1
81 18 4
 0 0
 1 3
 2 0
 3 0
82 10 4
 0 1
 1 1
 2 0
 3 0
83 8 4
 0 2
 1 3
 2 0
 3 0
84 1 4
 0 2
 1 3
 2 3
 3 0
85 20 4
 0 0
 1 0
 2 2
 3 3
86 9 4
 0 0
 1 0
 2 1
 3 0
87 8 4
 0 3
 1 1
 2 0
 3 3
88 8 4
 0 3
 1 1
 2 0
 3 0
89 8 4
 0 2
 1 3
 2 3
 3 1
90 5 4
 0 0
 1 1
 2 0
 3 0
91 13 4
 0 3
 1 0
 2 0
 3 0
92 3 4
 0 0
 1 1
 2 1
 3 2
93 3 4
 0 3
 1 0
 2 0
 3 1
94 3 4
 0 2
 1 3
 2 2
 3 1
95 16 4
 0 0
 1 3
 2 3
 3 2
96 10 4
 0 3
 1 2
 2 2
 3 0
97 12 4
 0 3
 1 0
 2 0
 3 1
98 2 4
 0 1
 1 1
 2 0
 3 0
99 7 4
 0 0
 1 1
 2 3
 3 0
100 8 4
 0 3
 1 0
 2 0
 3 0
101 9 4
 0 0
 1 0
 2 3
 3 0
102 19 4
 0 2
 1 0
 2 2
 3 1
103 3 4
 0 1
 1 1
 2 0
 3 0
104 9 4
 0 0
 1 0
 2 3
 3 3
105 5 4
 0 0
 1 3
 2 1
 3 2
106 17 4
 0 3
 1 2
 2 0
 3 0
107 17 4
 0 0
 1 2
 2 0
 3 2
108 3 4
 0 3
 1 0
 2 2
 3 3
109 13 4
 0 3
 1 2
 2 0
 3 0
110 6 4
 0 3
 1 1
 2 3
 3 3
111 9 4
 0 0
 1 2
 2 1
 3 2
112 13 4
 0 2
 1 0
 2 3
 3 0
113 3 4
 0 1
 1 0
 2 3
 3 3
114 15 4
 0 0
 1 0
 2 3
 3 3
115 8 4
 0 0
 1 3
 2 2
 3 2
116 18 4
 0 1
 1 1
 2 0
 3 2
117 15 4
 0 0
 1 0
 2 3
 3 2
118 16 4
 0 1
 1 2
 2 3
 3 0
119 13 4
 0 2
 1 3
 2 1
 3 0
120 16 4
 0 0
 1 3
 2 0
 3 3
121 14 4
 0 3
 1 3
 2 2
 3 2
122 17 4
 0 1
 1 3
 2 3
 3 2
123 2 4
 0 0
 1 2
 2 0
 3 3
124 20 4
 0 0
 1 1
 2 0
 3 0
125 9 4
 0 0
 1 2
 2 0
 3 3
126 4 4
 0 0
 1 0
 2 1
 3 0
127 2 4
 0 2
 1 0
 2 3
 3 3
128 12 4
 0 0
 1 3
 2 0
 3 0
129 11 4
 0 2
 1 3
 2 0
 3 0
130 19 4
 0 1
 1 1
 2 2
 3 0
131 12 4
 0 3
 1 0
 2 0
 3 2
132 14 4
 0 3
 1 3
 2 0
 3 1
133 16 4
 0 3
 1 1
 2 1
 3 3
134 2 4
 0 3
 1 2
 2 1
 3 2
135 4 4
 0 3
 1 0
 2 3
 3 3
136 16 4
 0 3
 1 0
 2 0
 3 2
137 12 4
 0 3
 1 2
 2 3
 3 3
138 17 4
 0 0
 1 3
 2 1
 3 2
139 6 4
 0 2
 1 2
 2 0
 3 2
140 17 4
 0 2
 1 2
 2 0
 3 3
141 6 4
 0 0
 1 2
 2 0
 3 0
142 3 4
 0 3
 1 2
 2 3
 3 1
143 8 4
 0 1
 1 0
 2 1
 3 3
144 14 4
 0 0
 1 0
 2 1
 3 0
145 15 4
 0 3
 1 0
 2 3
 3 1
146 8 4
 0 0
 1 1
 2 3
 3 2
147 16 4
 0 0
 1 3
 2 1
 3 1
148 9 4
 0 0
 1 2
 2 2
 3 3
149 17 4
 0 0
 1 0
 2 1
 3 0
150 16 4
 0 0
 1 0
 2 3
 3 2
151 19 4
 0 1
 1 2
 2 3
 3 0
152 3 4
 0 2
 1 0
 2 3
 3 3
153 18 4
 0 2
 1 0
 2 3
 3 1
154 7 4
 0 2
 1 2
 2 3
 3 1
155 16 4
 0 0
 1 0
 2 0
 3 3
156 9 4
 0 0
 1 0
 2 1
 3 0
157 12 4
 0 0
 1 0
 2 0
 3 3
158 15 4
 0 1
 1 0
 2 1
 3 3
159 16 4
 0 0
 1 3
 2 2
 3 1
160 8 4
 0 2
 1 1
 2 1
 3 0
161 1 4
 0 2
 1 2
 2 3
 3 2
162 17 4
 0 1
 1 3
 2 0
 3 3
163 3 4
 0 1
 1 0
 2 0
 3 0
164 19 4
 0 0
 1 0
 2 3
 3 3
165 9 4
 0 2
 1 1
 2 2
 3 0
166 7 4
 0 1
 1 1
 2 0
 3 1
167 8 4
 0 0
 1 0
 2 1
 3 0
168 2 4
 0 0
 1 1
 2 0
 3 0
169 5 4
 0 2
 1 1
 2 0
 3 3
170 19 4
 0 2
 1 0
 2 0
 3 2
171 9 4
 0 2
 1 3
 2 0
 3 1
172 20 4
 0 1
 1 0
 2 3
 3 1
173 1 4
 0 0
 1 2
 2 0
 3 0
174 13 4
 0 3
 1 1
 2 0
 3 0
175 18 4
 0 2
 1 2
 2 3
 3 0
176 3 4
 0 0
 1 0
 2 1
 3 0
177 17 4
 0 0
 1 0
 2 2
 3 1
178 13 4
 0 3
 1 0
 2 2
 3 0
179 9 4
 0 2
 1 0
 2 3
 3 3
180 2 4
 0 3
 1 0
 2 0
 3 3
181 19 4
 0 1
 1 0
 2 2
 3 3
182 5 4
 0 2
 1 3
 2 2
 3 0
183 6 4
 0 3
 1 2
 2 2
 3 1
184 10 4
 0 0
 1 3
 2 2
 3 1
185 19 4
 0 0
 1 3
 2 1
 3 0
186 14 4
 0 0
 1 0
 2 1
 3 3
187 2 4
 0 0
 1 1
 2 2
 3 1
188 7 4
 0 0
 1 2
 2 2
 3 0
189 16 4
 0 0
 1 0
 2 1
 3 1
190 3 4
 0 1
 1 2
 2 3
 3 0
191 18 4
 0 0
 1 0
 2 3
 3 0
192 4 4
 0 0
 1 0
 2 2
 3 0
193 8 4
 0 0
 1 1
 2 0
 3 2
194 11 4
 0 0
 1 2
 2 1
 3 2
195 7 4
 0 2
 1 3
 2 3
 3 2
196 10 4
 0 2
 1 1
 2 3
 3 3
197 3 4
 0 1
 1 2
 2 2
 3 0
198 8 4
 0 0
 1 1
 2 1
 3 0
199 13 4
 0 0
 1 3
 2 3
 3 0
200 9 4
 0 0
 1 1
 2 1
 3 1
201 7 4
 0 2
 1 0
 2 2
 3 2
202 13 4
 0 1
 1 1
 2 0
 3 3
203 11 4
 0 3
 1 3
 2 0
 3 3
204 9 4
 0 0
 1 2
 2 3
 3 1
205 3 4
 0 1
 1 1
 2 0
 3 2
206 1 4
 0 0
 1 0
 2 3
 3 0
207 20 4
 0 0
 1 0
 2 1
 3 0
208 11 4
 0 0
 1 3
 2 1
 3 2
209 1 4
 0 2
 1 1
 2 3
 3 3
210 3 4
 0 3
 1 1
 2 0
 3 0
211 8 4
 0 0
 1 0
 2 1
 3 1
212 1 4
 0 1
 1 1
 2 0
 3 3
213 4 4
 0 3
 1 0
 2 0
 3 0
214 17 4
 0 3
 1 0
 2 0
 3 2
215 12 4
 0 0
 1 2
 2 1
 3 0
216 7 4
 0 3
 1 3
 2 3
 3 2
217 4 4
 0 0
 1 1
 2 0
 3 2
218 4 4
 0 3
 1 0
 2 1
 3 3
219 12 4
 0 0
 1 3
 2 2
 3 3
220 7 4
 0 0
 1 0
 2 0
 3 3
221 5 4
 0 0
 1 0
 2 3
 3 2
222 13 4
 0 2
 1 2
 2 0
 3 1
223 18 4
 0 3
 1 0
 2 1
 3 1
224 19 4
 0 1
 1 0
 2 0
 3 3
225 5 4
 0 0
 1 1
 2 3
 3 0
226 15 4
 0 2
 1 1
 2 2
 3 0
227 16 4
 0 2
 1 3
 2 2
 3 1
228 14 4
 0 3
 1 2
 2 1
 3 1
229 10 4
 0 0
 1 1
 2 3
 3 0
230 5 4
 0 3
 1 3
 2 0
 3 1
231 20 4
 0 0
 1 0
 2 3
 3 1
232 3 4
 0 2
 1 0
 2 1
 3 2
233 14 4
 0 1
 1 0
 2 0
 3 0
234 3 4
 0 0
 1 0
 2 0
 3 1
235 13 4
 0 3
 1 3
 2 0
 3 1
236 6 4
 0 0
 1 2
 2 1
 3 0
237 7 4
 0 3
 1 3
 2 2
 3 0
238 18 4
 0 0
 1 2
 2 0
 3 0
239 20 4
 0 3
 1 0
 2 1
 3 0
240 1 4
 0 0
 1 0
 2 2
 3 1
241 9 4
 0 0
 1 0
 2 3
 3 0
242 5 4
 0 1
 1 0
 2 0
 3 3
243 19 4
 0 0
 1 1
 2 0
 3 0
244 5 4
 0 0
 1 1
 2 3
 3 0
245 6 4
 0 0
 1 2
 2 3
 3 1
246 11 4
 0 0
 1 3
 2 1
 3 3
247 7 4
 0 2
 1 0
 2 0
 3 0
248 14 4
 0 0
 1 3
 2 2
 3 0
249 18 4
 0 1
 1 3
 2 3
 3 0
250 2 4
 0 0
 1 0
 2 1
 3 0
251 11 4
 0 1
 1 2
 2 3
 3 1
252 16 4
 0 1
 1 0
 2 2
 3 0
253 14 4
 0 1
 1 1
 2 1
 3 1
254 3 4
 0 0
 1 3
 2 2
 3 1
255 5 4
 0 1
 1 0
 2 3
 3 2
256 15 4
 0 0
 1 0
 2 0
 3 1
257 7 4
 0 1
 1 0
 2 1
 3 0
258 15 4
 0 3
 1 0
 2 1
 3 3
259 19 4
 0 2
 1 1
 2 1
 3 1
260 6 4
 0 1
 1 2
 2 0
 3 0
261 19 4
 0 0
 1 1
 2 0
 3 0
262 17 4
 0 2
 1 1
 2 0
 3 2
263 4 4
 0 3
 1 0
 2 0
 3 2
264 18 4
 0 0
 1 2
 2 0
 3 0
265 18 4
 0 1
 1 3
 2 0
 3 3
266 2 4
 0 1
 1 3
 2 1
 3 3
267 14 4
 0 2
 1 2
 2 1
 3 0
268 18 4
 0 3
 1 2
 2 0
 3 2
269 14 4
 0 2
 1 3
 2 2
 3 0
270 6 4
 0 0
 1 0
 2 1
 3 1
271 2 4
 0 2
 1 2
 2 0
 3 1
272 17 4
 0 3
 1 1
 2 2
 3 3
273 19 4
 0 3
 1 1
 2 1
 3 3
274 5 4
 0 3
 1 2
 2 2
 3 2
275 1 4
 0 3
 1 0
 2 1
 3 2
276 6 4
 0 1
 1 1
 2 1
 3 1
277 13 4
 0 3
 1 2
 2 0
 3 0
278 8 4
 0 3
 1 0
 2 2
 3 0
279 19 4
 0 0
 1 0
 2 1
 3 0
280 12 4
 0 3
 1 1
 2 1
 3 0
281 5 4
 0 1
 1 0
 2 1
 3 0
282 20 4
 0 3
 1 0
 2 0
 3 1
283 19 4
 0 0
 1 0
 2 3
 3 0
284 19 4
 0 2
 1 3
 2 2
 3 2
285 11 4
 0 2
 1 1
 2 0
 3 0
286 13 4
 0 3
 1 0
 2 0
 3 0
287 8 4
 0 3
 1 3
 2 0
 3 2
288 3 4
 0 0
 1 0
 2 2
 3 0
289 3 4
 0 0
 1 1
 2 2
 3 0
290 1 4
 0 2
 1 3
 2 0
 3 3
291 17 4
 0 0
 1 0
 2 1
 3 0
292 10 4
 0 1
 1 0
 2 2
 3 0
293 2 4
 0 0
 1 0
 2 0
 3 1
294 12 4
 0 0
 1 2
 2 1
 3 1
295 4 4
 0 2
 1 0
 2 2
 3 3
296 2 4
 0 3
 1 0
 2 0
 3 2
297 4 4
 0 3
 1 2
 2 2
 3 2
298 15 4
 0 0
 1 2
 2 1
 3 0
299 6 4
 0 0
 1 0
 2 3
 3 3
300 12 4
 0 2
 1 3
 2 1
 3 1
301 9 4
 0 0
 1 0
 2 0
 3 1
302 13 4
 0 0
 1 2
 2 1
 3 3
303 12 4
 0 3
 1 1
 2 0
 3 3
304 13 4
 0 2
 1 0
 2 3
 3 3
305 8 4
 0 1
 1 3
 2 3
 3 1
306 4 4
 0 1
 1 0
 2 1
 3 0
307 2 4
 0 0
 1 3
 2 0
 3 2
308 8 4
 0 2
 1 2
 2 0
 3 0
309 8 4
 0 0
 1 1
 2 3
 3 1
310 7 4
 0 0
 1 1
 2 0
 3 0
311 17 4
 0 0
 1 3
 2 0
 3 2
312 19 4
 0 2
 1 0
 2 2
 3 1
313 5 4
 0 3
 1 1
 2 0
 3 3
314 10 4
 0 0
 1 1
 2 1
 3 0
315 7 4
 0 0
 1 0
 2 2
 3 2
316 16 4
 0 1
 1 1
 2 0
 3 1
317 13 4
 0 1
 1 1
 2 2
 3 1
318 1 4
 0 2
 1 0
 2 0
 3 2
319 17 4
 0 0
 1 2
 2 3
 3 0
320 15 4
 0 1
 1 3
 2 1
 3 3
321 11 4
 0 0
 1 2
 2 2
 3 0
322 11 4
 0 0
 1 3
 2 0
 3 3
323 9 4
 0 2
 1 2
 2 1
 3 1
324 17 4
 0 3
 1 0
 2 3
 3 1
325 15 4
 0 0
 1 3
 2 0
 3 1
326 11 4
 0 0
 1 0
 2 1
 3 0
327 18 4
 0 2
 1 3
 2 1
 3 0
328 10 4
 0 1
 1 1
 2 0
 3 3
329 17 4
 0 0
 1 2
 2 0
 3 2
330 14 4
 0 3
 1 2
 2 3
 3 3
331 11 4
 0 0
 1 2
 2 0
 3 0
332 12 4
 0 0
 1 2
 2 3
 3 0
333 9 4
 0 0
 1 1
 2 0
 3 0
334 12 4
 0 2
 1 3
 2 0
 3 0
335 5 4
 0 2
 1 3
 2 2
 3 0
336 1 4
 0 0
 1 0
 2 1
 3 3
337 11 4
 0 3
 1 1
 2 0
 3 1
338 20 4
 0 3
 1 1
 2 0
 3 0
339 18 4
 0 0
 1 3
 2 1
 3 0
340 7 4
 0 3
 1 0
 2 0
 3 0
341 2 4
 0 2
 1 3
 2 0
 3 0
342 20 4
 0 0
 1 1
 2 0
 3 0
343 16 4
 0 1
 1 3
 2 2
 3 0
344 17 4
 0 0
 1 0
 2 1
 3 0
345 11 4
 0 1
 1 0
 2 0
 3 0
346 9 4
 0 1
 1 3
 2 2
 3 0
347 20 4
 0 3
 1 0
 2 0
 3 0
348 0 4
 0 0
 1 0
 2 0
 3 0

# PRECEDENCES
1456
0 1
0 2
0 5
0 10
0 12
0 15
0 19
0 20
0 21
0 32
0 33
0 34
0 38
0 39
0 41
0 43
0 45
0 46
0 48
0 50
0 56
0 57
0 65
0 70
0 71
0 76
0 78
0 79
0 80
0 83
0 85
0 86
0 87
0 89
0 91
0 99
0 100
0 102
0 107
0 108
0 109
0 110
0 111
0 112
0 113
0 117
0 122
0 123
0 130
0 131
0 133
0 135
0 136
0 137
0 139
0 140
0 142
0 143
0 144
0 146
0 147
0 148
0 151
0 152
0 154
0 156
0 158
0 161
0 163
0 165
0 166
0 168
0 169
0 172
0 173
0 178
0 179
0 182
0 183
0 184
0 189
0 192
0 193
0 195
0 196
0 198
0 202
0 203
0 208
0 215
0 217
0 219
0 221
0 222
0 223
0 226
0 230
0 235
0 249
0 250
0 253
0 255
0 258
0 269
0 270
0 272
0 279
0 280
0 286
0 293
0 294
0 296
0 299
0 300
0 301
0 304
0 305
0 309
0 310
0 311
0 312
0 313
0 315
0 316
0 319
0 321
0 324
0 326
0 330
0 332
0 335
0 336
0 338
0 340
0 341
0 342
0 345
1 73
1 114
1 283
1 323
2 68
2 236
2 307
3 93
3 125
3 185
4 26
4 68
4 77
4 104
4 175
4 201
5 6
5 16
5 121
5 197
5 246
5 281
6 14
6 51
6 66
6 185
6 239
6 265
7 53
7 251
7 265
7 268
8 348
9 26
9 337
10 96
10 155
11 22
11 59
11 256
11 306
12 28
12 48
12 319
13 171
13 213
14 29
14 52
14 185
14 197
14 322
15 124
15 145
15 287
15 288
15 327
15 339
16 238
16 259
17 90
17 197
17 268
17 278
18 13
18 90
18 150
18 233
18 302
19 201
19 282
20 24
20 74
20 152
20 202
20 226
20 260
21 74
21 130
21 158
22 37
22 106
22 259
23 28
23 40
23 121
23 228
23 273
23 288
24 82
24 101
24 194
24 200
24 308
25 23
25 31
25 62
25 105
25 285
25 306
26 265
26 281
27 348
28 348
29 348
30 251
30 288
31 8
31 14
31 30
31 281
31 282
31 303
32 37
32 103
32 197
32 257
32 260
32 281
33 36
33 167
33 347
34 124
34 220
34 285
34 340
35 27
35 28
35 29
35 96
35 303
36 27
36 63
36 150
36 267
36 278
36 302
37 90
37 194
37 248
37 288
38 6
38 58
38 93
38 273
38 285
39 150
39 191
40 8
40 53
41 167
41 221
42 75
42 84
42 236
42 265
42 288
43 19
43 22
43 211
43 305
43 329
44 97
44 283
45 46
45 47
45 245
45 256
45 283
46 84
46 132
46 150
46 210
46 231
46 238
47 69
47 164
48 32
48 51
48 52
48 346
48 347
49 106
49 209
49 237
49 257
49 303
50 116
50 153
50 241
51 28
51 106
51 185
52 348
53 348
54 28
54 103
55 66
55 90
55 128
55 150
55 275
55 322
56 174
56 188
56 199
56 246
56 331
57 22
57 112
57 143
57 229
57 285
57 333
58 29
58 44
58 81
58 254
59 52
59 103
59 231
59 317
60 77
60 120
60 138
60 265
61 201
61 292
61 302
62 52
62 242
63 30
63 82
63 239
63 242
63 303
64 23
64 40
64 52
64 180
65 58
65 150
66 29
66 150
66 231
66 317
67 9
67 84
67 266
67 323
68 69
68 200
68 254
68 257
68 273
68 302
69 27
69 96
70 26
70 100
70 192
70 251
71 36
71 148
71 204
71 251
71 335
72 73
72 118
72 174
72 190
72 231
72 245
73 159
73 171
73 213
73 248
73 337
74 66
74 171
74 197
75 74
75 344
75 346
76 1
76 307
77 8
77 96
77 150
77 228
77 231
77 251
78 51
78 66
78 100
78 208
78 260
78 323
79 10
79 322
80 18
80 59
80 176
80 243
80 248
80 270
81 52
81 90
81 251
81 265
82 27
82 62
82 84
82 96
82 251
82 282
83 4
83 130
84 29
84 52
84 53
84 90
84 265
84 303
85 224
85 277
86 141
86 171
86 199
86 234
86 302
86 311
87 1
87 101
87 222
87 234
87 268
88 31
88 35
88 37
88 157
88 187
88 229
89 19
89 81
90 348
91 18
91 22
91 68
91 194
91 197
91 212
92 59
92 94
92 261
92 297
93 121
93 283
94 62
94 241
94 271
95 40
95 121
96 348
97 7
97 84
97 303
97 317
98 29
98 47
98 141
98 170
99 212
99 247
99 289
99 308
99 328
100 233
100 252
101 90
101 120
101 251
101 317
102 25
102 69
102 231
102 269
102 335
103 348
104 132
104 170
104 175
104 181
104 271
105 14
105 26
105 69
105 96
105 185
105 298
106 150
106 228
106 317
107 62
107 127
107 130
107 206
107 246
108 106
108 122
108 329
108 343
109 22
109 40
109 42
109 145
109 214
109 240
110 49
110 58
110 186
111 51
111 212
111 271
111 343
112 122
112 302
113 25
113 43
113 91
113 287
114 40
114 90
114 174
114 285
115 149
115 234
116 63
116 81
116 82
116 159
117 170
117 217
117 307
118 93
118 200
118 302
119 77
119 95
119 157
120 59
120 185
120 238
121 171
121 197
121 303
121 317
122 62
122 259
122 283
123 67
123 157
123 206
123 254
123 264
123 274
124 14
124 51
124 64
124 228
124 257
124 264
125 6
125 44
125 84
125 96
125 238
125 283
126 320
126 347
127 51
127 138
127 242
127 268
127 317
127 327
128 84
128 103
128 150
128 185
128 251
128 322
129 104
129 251
129 302
130 35
130 337
131 106
131 242
131 303
132 17
132 90
132 103
132 260
132 288
132 333
133 23
133 30
133 75
133 77
133 107
134 141
134 267
135 6
135 103
135 157
135 257
136 6
136 22
136 47
136 62
136 105
136 331
137 171
137 328
138 47
138 52
138 213
138 268
139 128
139 143
139 195
140 40
140 204
141 105
141 200
141 265
142 19
142 47
142 57
142 127
142 234
142 318
143 6
143 44
143 73
143 277
144 10
144 13
145 227
145 232
145 278
146 28
146 84
146 92
146 223
146 290
146 304
147 54
147 111
147 150
147 205
147 225
148 52
148 106
148 171
148 225
148 269
149 60
149 63
149 207
149 252
149 343
150 348
151 91
151 145
151 156
151 241
151 342
152 69
152 265
153 7
153 35
154 127
154 150
154 171
155 8
155 28
155 66
155 106
155 214
156 125
156 206
156 248
157 30
157 97
157 106
157 159
157 164
157 318
158 237
158 268
158 297
158 318
158 334
159 27
159 128
159 239
159 251
159 275
160 68
160 228
160 245
161 2
161 261
161 323
162 27
162 53
162 197
162 200
162 238
162 322
163 14
163 115
163 118
163 191
163 317
164 14
164 53
164 97
164 329
165 7
165 194
165 287
166 64
166 97
166 131
166 193
167 8
167 128
167 251
167 303
168 58
168 61
168 98
169 47
169 72
169 213
169 261
169 273
170 14
170 121
170 164
170 229
170 322
171 348
172 62
172 127
172 132
173 16
173 101
173 105
173 287
174 69
174 171
174 239
175 185
175 307
175 317
176 25
176 52
176 73
176 261
176 325
176 328
177 47
177 90
178 12
178 128
178 132
178 148
178 245
178 329
179 17
179 239
180 8
180 52
180 197
180 231
180 251
180 265
181 6
181 29
181 82
181 101
181 164
182 10
182 54
182 107
182 267
182 308
183 185
183 229
183 264
183 267
183 306
184 3
184 244
184 341
185 8
185 103
185 231
185 268
185 317
186 134
186 268
186 290
187 64
187 150
188 47
188 93
188 239
188 264
188 308
189 8
189 231
189 239
190 242
190 251
191 121
191 150
191 276
192 63
192 334
193 194
193 257
194 28
194 40
194 159
194 278
194 282
194 288
195 5
195 31
195 179
195 310
195 327
196 17
196 228
197 348
198 36
198 93
198 233
198 237
199 210
199 220
199 232
199 242
199 298
200 228
200 231
200 278
201 31
201 244
201 265
201 283
201 317
202 17
202 23
202 75
202 128
202 204
202 319
203 90
203 97
203 206
203 281
203 306
204 30
204 74
204 82
204 120
204 185
204 266
205 28
205 150
205 170
205 220
205 346
206 73
206 128
206 171
207 3
207 75
208 37
208 59
208 240
209 190
209 291
210 28
210 162
210 171
210 212
210 228
211 96
211 138
211 159
211 267
211 306
212 52
212 288
212 303
213 40
213 62
213 77
213 239
213 298
213 317
214 101
214 200
214 229
214 242
214 282
214 302
215 31
215 129
215 251
215 303
216 28
216 176
217 53
217 200
217 228
218 125
218 181
218 231
219 32
219 143
219 259
219 317
220 26
220 35
220 54
220 171
220 185
221 2
221 54
221 138
221 154
221 264
222 54
222 77
222 220
222 340
223 212
223 278
223 312
224 55
224 92
224 160
224 220
225 14
225 53
225 54
225 254
225 273
225 322
226 36
226 239
227 4
227 18
227 73
227 103
227 214
227 287
228 348
229 7
229 29
229 30
229 90
229 238
229 265
230 97
230 266
230 281
230 334
231 348
232 6
232 247
232 263
232 282
233 101
233 121
233 159
234 11
234 256
234 282
235 72
235 263
236 7
236 54
236 74
236 252
237 225
237 282
237 346
238 28
238 90
238 103
238 228
239 348
240 59
240 273
241 23
241 63
241 74
241 266
242 28
242 29
242 150
242 231
242 251
242 268
243 58
243 119
243 264
244 31
244 77
244 229
244 308
245 69
245 95
245 167
245 185
245 329
246 66
246 96
246 128
246 298
247 64
247 66
247 246
248 8
248 14
248 53
248 120
248 317
249 14
249 111
249 207
249 260
250 87
250 145
250 155
250 180
250 319
251 348
252 52
252 77
252 82
252 84
252 101
252 106
253 106
253 258
253 273
253 285
253 326
254 27
254 197
254 265
254 303
254 322
255 126
255 207
255 216
255 267
255 314
255 331
256 73
256 88
256 164
256 213
256 245
256 295
257 14
257 52
257 53
257 121
257 254
257 322
258 93
258 100
258 108
258 175
258 234
258 275
259 17
259 260
260 231
260 239
260 242
260 288
260 329
261 106
261 177
261 239
261 243
262 248
262 306
263 61
263 138
264 8
264 14
264 17
264 132
264 150
264 265
265 348
266 27
266 167
266 185
266 213
266 347
267 31
267 200
268 348
269 63
269 317
270 121
270 204
270 234
271 171
271 248
271 265
271 276
272 97
272 214
272 228
272 306
272 334
273 27
273 90
273 228
274 47
274 58
274 245
274 257
274 268
275 35
275 231
275 242
275 273
275 288
276 17
276 27
276 59
276 66
276 132
276 322
277 28
277 52
277 273
278 348
279 36
279 114
279 228
279 318
280 82
280 136
280 149
280 289
280 305
281 28
281 84
281 228
281 322
282 28
282 59
282 171
282 231
282 242
283 96
283 103
283 303
284 128
284 241
284 325
285 187
285 268
285 303
286 27
286 145
286 211
286 320
286 344
287 155
287 295
288 268
288 317
289 4
289 204
289 256
289 273
290 35
290 52
290 54
290 275
290 307
291 157
291 213
291 265
291 303
292 36
292 55
292 125
293 14
293 134
293 177
293 188
293 281
294 114
294 206
294 220
294 237
294 326
294 341
295 26
295 66
295 252
295 278
295 322
296 122
296 130
296 132
296 211
296 221
296 344
297 52
297 127
298 7
298 17
299 26
299 241
299 252
300 101
300 201
300 307
301 269
301 291
302 30
302 120
302 167
302 213
302 288
302 329
303 348
304 40
304 63
304 134
304 242
305 96
305 122
306 13
306 52
306 121
306 265
306 276
307 93
307 197
307 277
308 17
308 96
308 121
309 11
309 98
309 267
309 307
310 189
310 229
311 44
311 106
311 171
311 180
311 303
311 322
312 40
312 132
312 171
312 179
312 181
313 262
313 264
314 127
314 205
314 343
315 67
315 155
315 284
316 26
316 96
316 106
316 251
316 260
317 348
318 14
318 30
318 66
318 298
318 322
319 105
319 106
320 185
320 220
320 327
321 162
321 239
322 150
322 197
322 303
322 329
323 24
323 74
323 105
323 274
323 306
324 27
324 181
324 297
324 340
325 51
325 73
325 206
325 218
325 233
325 257
326 155
326 327
327 150
327 242
328 16
328 129
328 174
328 290
329 348
330 102
330 117
330 167
330 234
330 302
331 74
331 82
331 97
332 47
332 180
332 273
332 288
333 81
333 103
333 251
333 278
334 14
334 180
334 251
334 308
335 95
335 228
335 303
336 44
336 54
336 152
336 167
336 173
336 273
337 14
337 17
337 239
337 260
338 1
338 7
338 122
339 24
339 51
339 190
339 256
339 303
339 318
340 95
340 107
340 317
340 333
341 54
341 141
341 327
341 331
341 334
342 276
342 317
343 35
343 97
343 248
343 257
343 273
343 277
344 6
344 28
344 30
344 40
344 84
344 103
345 40
345 94
345 247
345 258
345 327
346 7
346 121
346 303
347 54
347 282
