# Tier 7 (Very Large) - Instance 40
# Generated with config: N=304, K=3, topology=random_dag, calendar=random

# HEADER: <num_tasks> <num_types> <num_units>
306 3 24

# RESOURCE TYPES
# Format: <type_id> <num_units> <unit_id1> <unit_id2> ...
0 8 0 1 2 3 4 5 6 7
1 8 8 9 10 11 12 13 14 15
2 8 16 17 18 19 20 21 22 23

# RESOURCE UNITS (Calendars)
# Format: <unit_id> <num_steps> <t1> <v1> <t2> <v2> ...
0 20 0 0 14 100 95 0 101 100 333 0 345 100 608 0 614 100 749 0 760 100 809 0 814 100 1071 0 1086 100 1312 0 1325 100 1395 0 1410 100 1555 0 3019 0
1 20 0 100 100 0 115 100 391 0 401 100 599 0 606 100 824 0 839 100 917 0 934 100 1083 0 1106 100 1386 0 1407 100 1627 0 1630 100 1861 0 1882 100 3019 0
2 20 0 0 14 100 248 0 257 100 429 0 431 100 618 0 637 100 795 0 803 100 1084 0 1100 100 1229 0 1232 100 1294 0 1298 100 1466 0 1479 100 1670 0 3019 0
3 20 0 0 10 100 74 0 85 100 354 0 362 100 641 0 645 100 917 0 930 100 1071 0 1078 100 1235 0 1246 100 1528 0 1547 100 1632 0 1647 100 1870 0 3019 0
4 20 0 0 22 100 207 0 211 100 390 0 407 100 678 0 700 100 924 0 935 100 1160 0 1164 100 1358 0 1375 100 1651 0 1666 100 1775 0 1797 100 1866 0 3019 0
5 20 0 100 141 0 157 100 286 0 304 100 532 0 538 100 610 0 617 100 817 0 833 100 1063 0 1086 100 1182 0 1199 100 1460 0 1464 100 1735 0 1737 100 3019 0
6 20 0 0 15 100 109 0 111 100 240 0 258 100 356 0 373 100 469 0 482 100 693 0 711 100 853 0 866 100 1046 0 1063 100 1297 0 1313 100 1494 0 3019 0
7 20 0 0 9 100 229 0 237 100 507 0 515 100 569 0 584 100 766 0 779 100 1047 0 1070 100 1219 0 1233 100 1497 0 1515 100 1644 0 1667 100 1945 0 3019 0
8 20 0 100 128 0 136 100 263 0 281 100 465 0 481 100 722 0 742 100 858 0 864 100 974 0 994 100 1095 0 1115 100 1392 0 1409 100 1651 0 1653 100 3019 0
9 20 0 100 139 0 162 100 337 0 353 100 447 0 467 100 580 0 594 100 833 0 853 100 924 0 933 100 1118 0 1125 100 1292 0 1301 100 1499 0 1522 100 3019 0
10 20 0 0 19 100 145 0 150 100 324 0 338 100 536 0 552 100 677 0 699 100 906 0 913 100 1113 0 1135 100 1339 0 1345 100 1578 0 1599 100 1861 0 3019 0
11 20 0 100 129 0 132 100 179 0 181 100 253 0 276 100 480 0 482 100 543 0 561 100 834 0 850 100 936 0 943 100 1169 0 1188 100 1314 0 1337 100 3019 0
12 20 0 0 11 100 263 0 278 100 437 0 454 100 579 0 599 100 805 0 807 100 986 0 1006 100 1204 0 1210 100 1390 0 1403 100 1591 0 1602 100 1868 0 3019 0
13 20 0 0 17 100 79 0 97 100 307 0 317 100 444 0 450 100 624 0 645 100 861 0 874 100 1045 0 1051 100 1171 0 1182 100 1333 0 1336 100 1523 0 3019 0
14 20 0 0 3 100 143 0 158 100 365 0 373 100 634 0 644 100 919 0 940 100 1123 0 1132 100 1245 0 1257 100 1412 0 1417 100 1548 0 1561 100 1680 0 3019 0
15 20 0 0 16 100 186 0 206 100 261 0 274 100 449 0 463 100 586 0 606 100 886 0 898 100 1011 0 1033 100 1223 0 1240 100 1323 0 1331 100 1499 0 3019 0
16 20 0 100 238 0 246 100 510 0 533 100 657 0 678 100 876 0 899 100 961 0 983 100 1177 0 1195 100 1449 0 1455 100 1725 0 1741 100 2014 0 2018 100 3019 0
17 20 0 100 240 0 256 100 371 0 394 100 461 0 479 100 754 0 777 100 848 0 858 100 1052 0 1072 100 1252 0 1257 100 1410 0 1414 100 1621 0 1639 100 3019 0
18 20 0 0 17 100 179 0 201 100 273 0 296 100 444 0 467 100 698 0 713 100 985 0 1006 100 1196 0 1210 100 1303 0 1307 100 1388 0 1392 100 1453 0 3019 0
19 20 0 100 105 0 120 100 236 0 255 100 338 0 361 100 608 0 622 100 728 0 730 100 879 0 900 100 1152 0 1166 100 1320 0 1325 100 1564 0 1584 100 3019 0
20 20 0 0 23 100 100 0 105 100 361 0 374 100 542 0 554 100 713 0 720 100 797 0 813 100 947 0 949 100 1120 0 1126 100 1315 0 1324 100 1607 0 3019 0
21 20 0 0 16 100 244 0 261 100 409 0 419 100 575 0 592 100 758 0 772 100 872 0 888 100 1027 0 1046 100 1237 0 1252 100 1365 0 1388 100 1566 0 3019 0
22 20 0 0 3 100 208 0 212 100 313 0 328 100 464 0 477 100 728 0 750 100 848 0 860 100 961 0 972 100 1021 0 1027 100 1152 0 1164 100 1293 0 3019 0
23 20 0 0 15 100 252 0 258 100 395 0 417 100 494 0 497 100 597 0 607 100 781 0 797 100 856 0 866 100 1025 0 1028 100 1127 0 1137 100 1233 0 3019 0

# TASKS
# Format: <task_id> <size> <num_reqs>
# Then for each requirement: <type_id> <qty>
0 0 3
 0 0
 1 0
 2 0
1 9 3
 0 1
 1 2
 2 0
2 8 3
 0 2
 1 0
 2 1
3 17 3
 0 1
 1 0
 2 0
4 16 3
 0 0
 1 1
 2 0
5 7 3
 0 2
 1 0
 2 0
6 5 3
 0 0
 1 0
 2 3
7 5 3
 0 1
 1 0
 2 3
8 7 3
 0 0
 1 2
 2 3
9 14 3
 0 0
 1 0
 2 2
10 20 3
 0 2
 1 3
 2 1
11 15 3
 0 0
 1 3
 2 0
12 7 3
 0 2
 1 0
 2 0
13 11 3
 0 0
 1 0
 2 2
14 13 3
 0 0
 1 0
 2 3
15 9 3
 0 0
 1 0
 2 3
16 10 3
 0 2
 1 1
 2 2
17 9 3
 0 1
 1 0
 2 2
18 7 3
 0 1
 1 2
 2 0
19 11 3
 0 0
 1 0
 2 1
20 11 3
 0 2
 1 0
 2 2
21 3 3
 0 1
 1 0
 2 2
22 17 3
 0 3
 1 3
 2 0
23 8 3
 0 3
 1 0
 2 0
24 4 3
 0 0
 1 0
 2 3
25 17 3
 0 1
 1 0
 2 1
26 4 3
 0 0
 1 0
 2 2
27 19 3
 0 1
 1 0
 2 2
28 4 3
 0 1
 1 2
 2 1
29 7 3
 0 1
 1 0
 2 2
30 6 3
 0 3
 1 3
 2 0
31 13 3
 0 1
 1 0
 2 3
32 14 3
 0 0
 1 3
 2 0
33 6 3
 0 0
 1 0
 2 1
34 9 3
 0 0
 1 2
 2 2
35 2 3
 0 1
 1 2
 2 2
36 15 3
 0 3
 1 0
 2 1
37 10 3
 0 1
 1 0
 2 0
38 10 3
 0 2
 1 3
 2 0
39 7 3
 0 2
 1 0
 2 1
40 5 3
 0 3
 1 1
 2 3
41 17 3
 0 3
 1 2
 2 1
42 16 3
 0 3
 1 3
 2 0
43 5 3
 0 0
 1 0
 2 3
44 17 3
 0 1
 1 3
 2 3
45 17 3
 0 0
 1 1
 2 2
46 16 3
 0 0
 1 2
 2 0
47 2 3
 0 0
 1 3
 2 2
48 17 3
 0 1
 1 2
 2 2
49 10 3
 0 3
 1 2
 2 3
50 12 3
 0 1
 1 1
 2 0
51 20 3
 0 0
 1 0
 2 1
52 3 3
 0 3
 1 0
 2 0
53 16 3
 0 0
 1 0
 2 2
54 19 3
 0 3
 1 0
 2 0
55 3 3
 0 3
 1 0
 2 2
56 20 3
 0 0
 1 0
 2 3
57 20 3
 0 1
 1 0
 2 0
58 13 3
 0 1
 1 2
 2 2
59 16 3
 0 0
 1 0
 2 3
60 5 3
 0 0
 1 1
 2 2
61 7 3
 0 1
 1 2
 2 3
62 5 3
 0 3
 1 0
 2 1
63 2 3
 0 1
 1 0
 2 2
64 17 3
 0 0
 1 2
 2 2
65 17 3
 0 3
 1 1
 2 1
66 3 3
 0 0
 1 0
 2 2
67 5 3
 0 0
 1 0
 2 2
68 8 3
 0 3
 1 1
 2 1
69 16 3
 0 2
 1 2
 2 0
70 16 3
 0 0
 1 1
 2 0
71 9 3
 0 1
 1 1
 2 1
72 20 3
 0 3
 1 0
 2 3
73 9 3
 0 2
 1 1
 2 1
74 12 3
 0 0
 1 0
 2 1
75 12 3
 0 0
 1 2
 2 0
76 1 3
 0 0
 1 2
 2 0
77 16 3
 0 0
 1 2
 2 0
78 6 3
 0 3
 1 1
 2 1
79 20 3
 0 0
 1 0
 2 1
80 14 3
 0 3
 1 2
 2 2
81 11 3
 0 0
 1 1
 2 3
82 8 3
 0 3
 1 3
 2 0
83 3 3
 0 3
 1 0
 2 2
84 11 3
 0 3
 1 2
 2 0
85 9 3
 0 3
 1 1
 2 0
86 14 3
 0 2
 1 3
 2 0
87 13 3
 0 0
 1 2
 2 0
88 10 3
 0 0
 1 1
 2 1
89 5 3
 0 1
 1 3
 2 0
90 16 3
 0 1
 1 0
 2 0
91 14 3
 0 0
 1 2
 2 0
92 14 3
 0 0
 1 1
 2 3
93 6 3
 0 1
 1 3
 2 3
94 14 3
 0 3
 1 2
 2 0
95 13 3
 0 2
 1 0
 2 3
96 15 3
 0 0
 1 2
 2 2
97 3 3
 0 1
 1 2
 2 0
98 8 3
 0 2
 1 0
 2 2
99 20 3
 0 2
 1 0
 2 0
100 12 3
 0 1
 1 0
 2 0
101 2 3
 0 3
 1 1
 2 0
102 17 3
 0 1
 1 0
 2 2
103 15 3
 0 2
 1 1
 2 2
104 16 3
 0 1
 1 2
 2 0
105 18 3
 0 0
 1 2
 2 3
106 7 3
 0 3
 1 2
 2 0
107 18 3
 0 2
 1 1
 2 3
108 4 3
 0 3
 1 2
 2 2
109 13 3
 0 0
 1 1
 2 0
110 14 3
 0 0
 1 3
 2 0
111 18 3
 0 3
 1 3
 2 3
112 19 3
 0 0
 1 0
 2 1
113 20 3
 0 2
 1 1
 2 3
114 9 3
 0 1
 1 2
 2 1
115 16 3
 0 2
 1 0
 2 2
116 7 3
 0 3
 1 0
 2 1
117 4 3
 0 1
 1 1
 2 2
118 17 3
 0 0
 1 1
 2 0
119 13 3
 0 0
 1 0
 2 3
120 5 3
 0 0
 1 1
 2 0
121 17 3
 0 0
 1 0
 2 2
122 13 3
 0 3
 1 0
 2 2
123 2 3
 0 0
 1 0
 2 1
124 4 3
 0 0
 1 3
 2 2
125 14 3
 0 1
 1 2
 2 0
126 15 3
 0 1
 1 0
 2 2
127 8 3
 0 2
 1 2
 2 0
128 18 3
 0 3
 1 2
 2 2
129 9 3
 0 2
 1 3
 2 1
130 12 3
 0 2
 1 3
 2 0
131 6 3
 0 1
 1 2
 2 2
132 10 3
 0 0
 1 3
 2 3
133 4 3
 0 0
 1 2
 2 3
134 9 3
 0 0
 1 0
 2 1
135 5 3
 0 3
 1 1
 2 1
136 10 3
 0 1
 1 0
 2 1
137 2 3
 0 2
 1 0
 2 3
138 8 3
 0 1
 1 1
 2 1
139 12 3
 0 0
 1 3
 2 1
140 2 3
 0 1
 1 2
 2 0
141 19 3
 0 3
 1 0
 2 0
142 19 3
 0 0
 1 1
 2 0
143 7 3
 0 3
 1 1
 2 3
144 17 3
 0 0
 1 0
 2 1
145 9 3
 0 0
 1 2
 2 1
146 17 3
 0 1
 1 1
 2 1
147 10 3
 0 0
 1 1
 2 2
148 12 3
 0 2
 1 0
 2 2
149 20 3
 0 2
 1 2
 2 1
150 8 3
 0 0
 1 0
 2 2
151 10 3
 0 0
 1 1
 2 3
152 3 3
 0 0
 1 1
 2 1
153 9 3
 0 1
 1 1
 2 0
154 3 3
 0 2
 1 0
 2 1
155 7 3
 0 0
 1 0
 2 1
156 1 3
 0 0
 1 0
 2 2
157 13 3
 0 2
 1 3
 2 2
158 18 3
 0 2
 1 2
 2 1
159 8 3
 0 1
 1 2
 2 0
160 1 3
 0 0
 1 2
 2 0
161 11 3
 0 0
 1 3
 2 0
162 14 3
 0 0
 1 3
 2 0
163 11 3
 0 3
 1 0
 2 0
164 10 3
 0 1
 1 1
 2 2
165 10 3
 0 2
 1 1
 2 0
166 6 3
 0 0
 1 3
 2 0
167 5 3
 0 0
 1 3
 2 1
168 20 3
 0 3
 1 1
 2 1
169 16 3
 0 0
 1 1
 2 0
170 11 3
 0 0
 1 1
 2 0
171 16 3
 0 3
 1 1
 2 0
172 9 3
 0 3
 1 0
 2 3
173 10 3
 0 2
 1 2
 2 1
174 8 3
 0 1
 1 3
 2 0
175 11 3
 0 0
 1 2
 2 0
176 3 3
 0 1
 1 3
 2 0
177 12 3
 0 0
 1 1
 2 1
178 4 3
 0 3
 1 2
 2 3
179 10 3
 0 2
 1 0
 2 0
180 1 3
 0 2
 1 0
 2 3
181 17 3
 0 2
 1 1
 2 3
182 14 3
 0 2
 1 1
 2 3
183 14 3
 0 1
 1 2
 2 1
184 11 3
 0 1
 1 0
 2 1
185 20 3
 0 0
 1 2
 2 0
186 3 3
 0 1
 1 1
 2 2
187 15 3
 0 1
 1 0
 2 0
188 7 3
 0 3
 1 3
 2 1
189 7 3
 0 0
 1 1
 2 0
190 5 3
 0 0
 1 1
 2 0
191 8 3
 0 2
 1 0
 2 3
192 4 3
 0 0
 1 1
 2 0
193 11 3
 0 0
 1 3
 2 3
194 11 3
 0 3
 1 2
 2 1
195 15 3
 0 1
 1 1
 2 3
196 10 3
 0 2
 1 0
 2 3
197 11 3
 0 3
 1 0
 2 0
198 15 3
 0 3
 1 3
 2 0
199 17 3
 0 1
 1 0
 2 0
200 20 3
 0 1
 1 0
 2 2
201 13 3
 0 2
 1 3
 2 1
202 16 3
 0 1
 1 3
 2 0
203 16 3
 0 0
 1 1
 2 0
204 12 3
 0 1
 1 2
 2 0
205 17 3
 0 0
 1 2
 2 3
206 9 3
 0 0
 1 3
 2 1
207 6 3
 0 1
 1 2
 2 0
208 15 3
 0 0
 1 1
 2 0
209 14 3
 0 0
 1 1
 2 0
210 14 3
 0 0
 1 2
 2 0
211 9 3
 0 0
 1 3
 2 2
212 9 3
 0 2
 1 3
 2 1
213 18 3
 0 1
 1 1
 2 1
214 3 3
 0 3
 1 1
 2 2
215 2 3
 0 0
 1 1
 2 2
216 15 3
 0 0
 1 1
 2 2
217 10 3
 0 2
 1 3
 2 2
218 5 3
 0 1
 1 0
 2 3
219 13 3
 0 1
 1 2
 2 0
220 7 3
 0 0
 1 1
 2 0
221 2 3
 0 1
 1 1
 2 3
222 8 3
 0 1
 1 3
 2 0
223 8 3
 0 3
 1 2
 2 1
224 10 3
 0 2
 1 0
 2 0
225 13 3
 0 0
 1 1
 2 2
226 15 3
 0 0
 1 0
 2 3
227 9 3
 0 0
 1 3
 2 1
228 3 3
 0 0
 1 1
 2 1
229 15 3
 0 2
 1 3
 2 3
230 12 3
 0 0
 1 0
 2 2
231 9 3
 0 2
 1 3
 2 0
232 9 3
 0 0
 1 1
 2 0
233 20 3
 0 3
 1 2
 2 0
234 8 3
 0 3
 1 1
 2 1
235 10 3
 0 0
 1 3
 2 1
236 11 3
 0 0
 1 2
 2 3
237 9 3
 0 2
 1 2
 2 0
238 10 3
 0 2
 1 0
 2 0
239 15 3
 0 1
 1 2
 2 0
240 2 3
 0 0
 1 0
 2 3
241 4 3
 0 1
 1 3
 2 2
242 10 3
 0 0
 1 3
 2 3
243 8 3
 0 1
 1 0
 2 0
244 14 3
 0 0
 1 0
 2 1
245 12 3
 0 1
 1 0
 2 0
246 8 3
 0 2
 1 2
 2 0
247 20 3
 0 3
 1 0
 2 3
248 7 3
 0 1
 1 3
 2 0
249 2 3
 0 2
 1 1
 2 0
250 14 3
 0 0
 1 0
 2 1
251 13 3
 0 3
 1 0
 2 3
252 19 3
 0 2
 1 0
 2 3
253 2 3
 0 1
 1 0
 2 0
254 7 3
 0 1
 1 0
 2 0
255 6 3
 0 0
 1 0
 2 3
256 13 3
 0 0
 1 2
 2 0
257 6 3
 0 3
 1 0
 2 0
258 17 3
 0 0
 1 0
 2 1
259 20 3
 0 1
 1 2
 2 2
260 11 3
 0 2
 1 0
 2 3
261 9 3
 0 3
 1 0
 2 1
262 2 3
 0 2
 1 0
 2 1
263 1 3
 0 0
 1 1
 2 0
264 18 3
 0 0
 1 0
 2 2
265 18 3
 0 2
 1 1
 2 0
266 11 3
 0 3
 1 0
 2 2
267 12 3
 0 0
 1 0
 2 1
268 2 3
 0 3
 1 1
 2 1
269 5 3
 0 3
 1 3
 2 0
270 12 3
 0 3
 1 0
 2 0
271 13 3
 0 0
 1 2
 2 0
272 2 3
 0 1
 1 2
 2 3
273 8 3
 0 0
 1 3
 2 3
274 3 3
 0 2
 1 2
 2 1
275 15 3
 0 0
 1 0
 2 2
276 8 3
 0 1
 1 1
 2 3
277 4 3
 0 0
 1 3
 2 0
278 20 3
 0 3
 1 1
 2 1
279 19 3
 0 1
 1 2
 2 1
280 18 3
 0 3
 1 1
 2 0
281 1 3
 0 0
 1 0
 2 1
282 8 3
 0 0
 1 1
 2 0
283 13 3
 0 1
 1 1
 2 3
284 15 3
 0 1
 1 0
 2 3
285 10 3
 0 3
 1 0
 2 2
286 9 3
 0 1
 1 3
 2 2
287 8 3
 0 2
 1 0
 2 2
288 1 3
 0 2
 1 1
 2 0
289 16 3
 0 0
 1 3
 2 2
290 17 3
 0 3
 1 1
 2 3
291 19 3
 0 1
 1 0
 2 0
292 2 3
 0 2
 1 0
 2 2
293 19 3
 0 3
 1 0
 2 3
294 15 3
 0 3
 1 1
 2 2
295 1 3
 0 1
 1 0
 2 0
296 6 3
 0 2
 1 2
 2 0
297 4 3
 0 3
 1 1
 2 3
298 11 3
 0 1
 1 0
 2 1
299 6 3
 0 0
 1 3
 2 0
300 15 3
 0 0
 1 1
 2 1
301 6 3
 0 2
 1 3
 2 0
302 9 3
 0 2
 1 0
 2 2
303 17 3
 0 2
 1 2
 2 0
304 16 3
 0 1
 1 2
 2 0
305 0 3
 0 0
 1 0
 2 0

# PRECEDENCES
2101
0 8
0 9
0 12
0 15
0 20
0 29
0 40
0 46
0 48
0 53
0 62
0 68
0 69
0 75
0 87
0 91
0 97
0 99
0 105
0 119
0 123
0 127
0 130
0 135
0 141
0 144
0 149
0 159
0 166
0 169
0 172
0 189
0 190
0 203
0 204
0 210
0 222
0 233
0 237
0 239
0 242
0 244
0 246
0 252
0 262
0 267
0 275
0 282
0 290
0 297
0 299
1 45
1 78
1 108
1 148
1 168
1 173
1 182
1 235
1 266
2 82
2 95
2 128
2 209
2 215
2 221
2 259
2 264
3 16
3 21
3 28
3 60
3 163
3 217
4 30
4 103
4 107
4 194
4 229
4 289
5 305
6 124
6 139
6 145
6 198
6 283
6 294
7 31
7 171
7 174
7 186
7 228
7 255
7 273
7 300
8 14
8 42
8 104
8 152
8 162
8 221
8 284
9 22
9 107
9 154
9 175
9 209
9 228
9 236
9 238
10 32
10 102
10 109
10 178
10 292
10 300
11 51
11 103
11 134
11 157
11 193
11 228
11 236
11 280
12 3
12 73
12 144
12 156
12 213
12 280
13 84
13 108
13 194
13 240
13 269
13 285
13 295
14 16
14 21
14 33
14 35
14 51
14 136
14 153
14 213
14 230
15 69
15 70
15 170
15 214
15 227
15 243
15 303
16 43
16 45
16 51
16 103
16 270
17 22
17 52
17 107
17 118
17 140
17 174
17 208
18 44
18 57
18 84
18 88
18 109
18 110
19 23
19 30
19 43
19 84
19 126
19 148
19 156
19 279
20 44
20 52
20 77
20 115
20 206
20 238
20 279
21 30
21 43
21 103
21 108
21 156
21 165
21 168
21 279
22 11
22 28
22 45
22 84
22 223
22 263
23 51
23 100
23 263
23 269
23 279
24 3
24 51
24 82
24 157
24 171
24 184
24 211
24 240
24 269
25 3
25 76
25 111
25 154
25 180
25 207
26 65
26 70
26 77
26 248
26 280
27 76
27 80
27 82
27 139
27 229
27 232
27 269
28 23
28 45
28 90
28 280
28 295
29 71
29 100
29 142
29 183
29 248
29 302
30 43
30 65
30 78
30 168
30 269
31 14
31 26
31 63
31 112
31 248
31 272
31 279
31 295
31 300
32 30
32 33
32 100
32 103
32 148
32 235
32 289
33 5
33 45
33 78
33 90
33 95
33 168
33 194
33 269
33 300
34 11
34 13
34 36
34 155
34 157
34 158
34 168
34 230
34 289
35 5
35 30
35 33
35 78
35 100
35 157
35 194
35 198
35 238
36 11
36 65
36 71
36 154
36 187
37 35
37 45
37 57
37 83
37 171
37 194
37 209
37 295
37 303
38 2
38 45
38 66
38 70
38 90
38 103
38 241
38 273
38 286
39 5
39 21
39 63
39 82
39 108
39 241
39 270
40 52
40 56
40 79
40 95
40 229
40 258
40 261
41 10
41 83
41 94
41 113
41 162
41 170
41 197
41 209
41 293
42 35
42 107
42 124
42 174
42 194
42 219
42 238
42 268
43 305
44 14
44 32
44 89
44 112
44 293
45 305
46 4
46 66
46 122
46 134
46 155
46 174
46 227
46 293
46 296
47 26
47 78
47 95
47 157
47 163
47 255
47 279
48 21
48 106
48 126
48 142
48 245
48 253
48 281
48 300
49 65
49 113
49 175
49 221
49 228
49 279
50 5
50 33
50 84
50 126
50 174
50 217
50 229
50 264
51 5
51 43
51 65
51 156
51 165
51 300
52 58
52 61
52 80
52 171
52 219
52 280
52 300
53 48
53 50
53 61
53 168
53 196
54 34
54 47
54 60
54 83
54 155
54 200
54 211
55 28
55 83
55 90
55 136
55 139
55 236
56 101
56 102
56 126
56 128
56 211
56 223
56 224
57 11
57 35
57 158
57 163
57 165
57 198
57 223
57 279
58 5
58 51
58 95
58 100
58 168
58 215
58 255
59 100
59 223
59 272
59 281
59 284
59 303
60 71
60 78
60 90
60 112
60 165
60 223
61 43
61 45
61 124
61 198
61 263
62 55
62 95
62 174
62 188
62 210
62 223
62 225
62 245
62 263
63 21
63 112
63 148
63 168
63 188
63 235
64 33
64 162
64 195
64 215
64 253
64 263
64 296
65 305
66 11
66 100
66 104
66 235
66 272
66 303
67 90
67 103
67 153
67 193
67 215
67 236
67 263
68 1
68 42
68 71
68 134
68 164
68 183
68 240
68 260
68 280
69 26
69 47
69 76
69 82
69 209
69 277
69 280
70 5
70 43
70 103
70 198
70 295
71 5
71 90
71 156
71 193
71 235
71 238
72 25
72 101
72 109
72 126
72 294
73 11
73 54
73 86
73 106
73 124
73 129
73 207
73 224
73 261
74 19
74 22
74 106
74 153
74 211
74 220
74 221
74 251
74 279
75 16
75 29
75 35
75 92
75 157
75 158
75 197
75 250
75 259
76 21
76 45
76 103
76 108
76 156
76 168
76 228
76 263
76 300
77 21
77 23
77 43
77 148
77 163
77 198
77 255
78 305
79 129
79 165
79 216
79 234
79 292
79 304
80 33
80 65
80 90
80 100
80 146
80 148
80 157
80 188
80 194
81 11
81 24
81 209
81 232
81 256
81 278
82 5
82 16
82 33
82 90
82 134
82 148
82 153
82 269
82 280
83 43
83 77
83 103
83 108
83 126
83 134
83 198
83 238
84 70
84 100
84 134
84 175
84 270
84 279
85 83
85 101
85 103
85 269
85 300
86 47
86 50
86 65
86 213
86 268
87 75
87 152
87 171
87 186
87 188
87 206
87 236
87 259
87 279
88 23
88 43
88 98
88 124
88 145
88 165
88 188
88 213
88 277
89 67
89 82
89 85
89 129
89 136
89 138
89 150
89 153
89 254
90 305
91 17
91 88
91 117
91 165
91 180
91 272
92 19
92 34
92 59
92 65
92 194
92 253
92 255
92 257
93 19
93 168
93 224
93 238
93 241
93 251
93 295
94 36
94 205
94 213
94 279
94 283
95 305
96 47
96 108
96 124
96 165
96 241
96 261
97 61
97 70
97 86
97 98
97 109
97 143
97 194
97 201
98 21
98 26
98 60
98 78
98 134
98 136
98 153
98 185
99 17
99 19
99 39
99 96
99 107
99 115
99 121
100 45
100 65
100 165
100 194
100 215
100 269
100 300
101 16
101 60
101 184
101 255
101 289
101 300
102 11
102 26
102 30
102 76
102 108
102 208
102 217
102 223
102 241
103 45
103 78
103 156
103 263
103 269
104 82
104 86
104 113
104 249
104 278
105 47
105 69
105 78
105 200
105 223
106 43
106 58
106 60
106 228
106 235
106 236
107 23
107 43
107 78
107 90
107 168
107 198
107 270
107 293
107 295
108 45
108 156
108 165
108 168
108 194
108 198
108 269
108 300
109 23
109 84
109 250
109 254
109 293
109 298
110 76
110 86
110 154
110 211
110 216
110 234
111 28
111 43
111 83
111 107
111 143
111 215
111 226
112 16
112 35
112 51
112 163
112 188
112 235
112 248
112 280
113 28
113 50
113 137
113 240
113 281
113 295
113 298
114 3
114 64
114 67
114 150
114 199
114 247
114 279
114 303
115 67
115 101
115 175
115 196
115 200
115 261
116 11
116 93
116 126
116 148
116 183
116 274
116 284
117 49
117 80
117 89
117 124
117 212
117 227
117 263
118 72
118 104
118 134
118 151
118 162
118 186
118 229
118 274
118 301
119 25
119 76
119 80
119 150
119 180
119 191
119 202
119 253
119 291
120 23
120 58
120 65
120 103
120 111
120 167
121 19
121 28
121 43
121 57
121 71
121 205
121 213
121 269
122 82
122 93
122 170
122 213
122 263
122 287
122 301
123 5
123 19
123 73
123 90
123 100
123 103
124 43
124 90
124 146
124 156
124 157
124 188
125 37
125 79
125 158
125 179
125 269
125 272
125 274
126 108
126 165
126 263
126 270
126 293
127 98
127 102
127 165
127 196
127 287
127 295
127 300
128 65
128 148
128 156
128 165
128 234
128 272
128 273
129 21
129 30
129 95
129 100
129 112
130 163
130 165
130 253
130 263
130 272
131 23
131 80
131 224
131 228
131 265
131 266
131 271
132 23
132 47
132 78
132 163
132 200
132 230
132 234
132 263
133 13
133 28
133 59
133 70
133 98
133 128
133 171
133 220
134 33
134 43
134 90
134 238
134 255
134 270
134 279
134 289
135 39
135 83
135 92
135 142
135 146
135 163
135 178
135 277
136 70
136 126
136 158
136 163
136 165
136 223
136 300
137 45
137 51
137 67
137 207
137 263
137 270
137 279
137 295
137 303
138 63
138 124
138 198
138 228
138 240
138 254
139 21
139 33
139 43
139 175
139 238
139 270
139 279
139 293
140 27
140 39
140 54
140 71
140 73
140 133
140 180
140 211
140 293
141 5
141 45
141 72
141 191
141 217
141 301
142 23
142 58
142 103
142 153
142 238
142 270
143 43
143 108
143 168
143 198
143 289
144 43
144 70
144 75
144 143
144 243
144 266
144 270
144 287
145 55
145 71
145 77
145 213
145 265
145 268
145 287
145 296
146 108
146 193
146 235
146 269
146 280
146 300
147 5
147 32
147 55
147 103
147 137
147 206
147 207
147 234
148 30
148 45
148 108
148 215
148 279
148 300
149 72
149 87
149 152
149 194
149 218
149 246
149 249
149 261
149 284
150 33
150 39
150 213
150 225
150 241
150 255
150 273
150 295
151 39
151 50
151 65
151 133
151 157
151 197
151 235
151 249
151 284
152 26
152 63
152 122
152 138
152 175
152 181
152 247
152 285
153 5
153 165
153 194
153 198
153 215
153 255
153 269
153 270
153 295
154 26
154 45
154 63
154 198
154 251
154 284
154 296
155 26
155 57
155 83
155 259
155 296
156 305
157 5
157 78
157 90
157 194
157 198
157 215
157 295
158 5
158 65
158 95
158 103
158 157
158 194
158 263
158 279
159 63
159 75
159 78
159 93
159 120
159 211
160 23
160 109
160 110
160 180
160 185
160 231
160 253
160 255
161 44
161 80
161 100
161 131
161 139
161 206
161 280
161 300
162 104
162 112
162 154
162 228
162 230
162 232
162 234
163 33
163 51
163 100
163 108
163 165
163 215
163 263
163 269
163 289
164 3
164 131
164 138
164 241
164 249
165 305
166 5
166 160
166 208
166 234
166 250
166 255
166 271
166 301
167 65
167 160
167 197
167 229
167 231
167 238
167 302
168 305
169 57
169 61
169 63
169 144
169 173
169 174
169 207
169 209
169 254
170 45
170 78
170 82
170 90
170 93
170 128
170 143
171 3
171 55
171 136
171 157
171 175
171 234
171 255
171 269
171 289
172 24
172 29
172 104
172 174
172 179
172 204
172 205
172 231
172 264
173 33
173 61
173 78
173 148
173 187
173 201
173 213
173 261
173 265
174 11
174 33
174 126
174 158
174 215
174 235
174 238
174 289
175 33
175 78
175 95
175 168
175 198
175 269
175 295
176 65
176 139
176 217
176 236
176 240
176 263
176 270
177 6
177 50
177 154
177 170
177 209
178 35
178 43
178 132
178 148
178 184
178 215
178 241
179 57
179 65
179 78
179 181
179 207
179 231
179 273
179 298
179 300
180 43
180 95
180 175
180 215
180 280
180 300
181 3
181 26
181 90
181 209
181 268
181 270
181 303
182 111
182 139
182 201
182 230
182 245
182 270
183 22
183 78
183 83
183 158
183 193
183 194
183 211
183 254
183 259
184 16
184 35
184 70
184 126
184 157
184 217
184 241
185 60
185 65
185 67
185 219
185 230
185 240
185 284
186 50
186 67
186 84
186 170
186 281
186 293
187 67
187 148
187 156
187 263
187 295
188 30
188 95
188 108
188 156
188 270
189 16
189 128
189 131
189 163
189 192
189 193
189 194
189 270
190 19
190 58
190 98
190 100
190 182
190 205
191 59
191 78
191 174
191 281
191 286
192 1
192 63
192 102
192 134
192 154
192 214
192 268
193 33
193 65
193 100
193 108
193 165
193 194
193 238
194 305
195 11
195 36
195 113
195 126
195 132
195 137
195 176
195 184
195 228
196 3
196 30
196 43
196 50
196 59
196 201
196 208
196 245
196 272
197 76
197 78
197 129
197 184
197 187
197 194
197 226
198 305
199 4
199 33
199 175
199 232
199 235
199 296
200 30
200 58
200 65
200 78
200 103
200 215
200 223
200 235
200 280
201 4
201 50
201 58
201 180
201 263
201 270
202 28
202 45
202 47
202 83
202 176
202 216
202 279
202 295
203 60
203 72
203 197
203 219
203 243
203 251
204 23
204 153
204 176
204 255
204 294
204 304
205 5
205 22
205 60
205 67
205 82
205 134
205 229
205 272
206 4
206 35
206 55
206 142
206 148
206 156
206 269
207 32
207 67
207 100
207 103
207 217
207 241
207 287
207 296
208 14
208 23
208 30
208 95
208 198
209 51
209 70
209 134
209 148
209 157
209 270
210 84
210 175
210 229
210 238
210 302
211 76
211 175
211 238
211 279
211 295
212 5
212 90
212 148
212 251
212 264
212 279
213 157
213 193
213 263
213 269
213 280
214 22
214 35
214 50
214 110
214 133
214 193
214 198
214 218
214 303
215 305
216 76
216 112
216 153
216 174
216 224
216 236
216 273
216 296
217 5
217 33
217 65
217 76
217 168
217 188
217 269
217 289
218 101
218 200
218 253
218 265
218 289
219 23
219 28
219 90
219 103
219 188
219 193
219 279
219 287
220 23
220 30
220 58
220 112
220 134
220 146
220 217
220 279
221 23
221 93
221 103
221 108
221 124
221 132
221 154
221 223
221 273
222 6
222 34
222 88
222 115
222 126
222 174
222 205
222 215
223 58
223 156
223 163
223 165
223 228
223 235
223 236
223 255
223 280
224 11
224 30
224 153
224 223
224 248
224 255
224 264
224 289
225 19
225 23
225 51
225 57
225 108
225 213
225 238
225 264
226 136
226 142
226 156
226 211
226 224
226 264
227 22
227 78
227 104
227 146
227 163
227 215
227 277
227 284
228 5
228 78
228 95
228 103
228 157
228 168
228 263
228 269
228 270
229 21
229 70
229 95
229 153
229 295
230 5
230 65
230 84
230 146
230 188
230 194
230 198
230 289
231 57
231 65
231 90
231 165
231 224
231 248
231 281
231 287
231 295
232 22
232 58
232 83
232 188
232 200
233 52
233 133
233 162
233 168
233 195
234 78
234 83
234 134
234 146
234 188
234 279
234 300
235 30
235 33
235 45
235 65
235 95
235 108
235 215
235 263
235 279
236 5
236 33
236 95
236 100
236 300
237 19
237 22
237 84
237 142
237 158
237 216
237 225
237 236
238 43
238 90
238 156
238 165
238 168
238 198
238 269
238 279
239 42
239 81
239 85
239 124
239 185
239 293
240 23
240 58
240 84
240 126
240 175
240 255
240 264
240 270
241 77
241 95
241 107
241 175
241 263
241 293
241 295
242 50
242 88
242 132
242 180
242 216
242 272
242 295
243 35
243 47
243 154
243 176
243 234
243 251
243 285
244 45
244 54
244 59
244 69
244 146
244 147
244 221
244 273
245 63
245 184
245 213
245 221
245 234
245 240
245 270
245 288
245 289
246 26
246 28
246 42
246 279
246 284
247 102
247 107
247 157
247 259
247 266
247 301
248 30
248 33
248 45
248 65
248 156
248 215
248 238
248 263
248 279
249 4
249 26
249 30
249 61
249 126
249 176
249 220
249 229
249 264
250 23
250 77
250 100
250 146
250 226
250 280
251 43
251 103
251 198
251 240
251 289
252 7
252 41
252 43
252 100
252 174
252 195
252 258
252 301
253 185
253 198
253 240
253 254
253 273
254 95
254 103
254 108
254 156
254 165
254 223
254 235
254 293
255 5
255 45
255 65
255 90
255 95
255 156
255 165
255 269
255 300
256 33
256 112
256 116
256 238
256 277
256 279
256 285
256 293
257 50
257 71
257 76
257 77
257 128
257 229
257 230
257 281
257 284
258 113
258 147
258 206
258 259
258 277
259 11
259 174
259 264
259 280
259 287
260 26
260 58
260 63
260 83
260 90
260 217
260 228
260 229
260 269
261 30
261 124
261 148
261 213
261 226
261 280
262 50
262 137
262 180
262 188
262 225
262 283
263 305
264 5
264 21
264 158
264 198
264 235
264 248
264 255
264 270
265 50
265 63
265 71
265 77
265 156
265 234
265 270
265 303
266 202
266 205
266 241
266 250
266 253
266 265
267 15
267 30
267 113
267 190
267 195
267 205
267 235
267 246
267 278
268 5
268 55
268 65
268 193
268 200
268 254
268 280
269 305
270 5
270 65
270 78
270 90
270 95
270 198
270 300
271 61
271 93
271 171
271 216
271 231
271 234
272 5
272 33
272 108
272 215
272 280
273 58
273 168
273 180
273 236
273 287
273 295
274 5
274 50
274 138
274 183
274 225
274 241
274 264
274 280
275 38
275 79
275 85
275 101
275 114
276 19
276 51
276 257
276 270
276 293
277 21
277 35
277 47
277 129
277 153
277 180
277 240
277 268
277 280
278 51
278 107
278 137
278 232
278 241
278 295
279 305
280 33
280 90
280 263
280 279
280 295
281 30
281 90
281 180
281 228
281 270
282 49
282 71
282 78
282 90
282 120
282 160
282 174
282 198
282 287
283 133
283 168
283 180
283 202
283 223
283 278
284 23
284 30
284 134
284 175
284 215
284 240
284 295
285 14
285 82
285 128
285 163
285 176
285 188
286 11
286 153
286 165
286 235
286 243
286 276
286 289
286 298
287 11
287 30
287 43
287 51
287 65
287 107
287 126
287 248
287 293
288 82
288 126
288 154
288 168
288 224
288 285
289 5
289 65
289 95
289 194
289 215
289 263
289 269
289 295
290 19
290 47
290 65
290 84
290 139
290 236
290 255
291 10
291 18
291 74
291 175
291 196
291 223
291 261
292 30
292 35
292 90
292 95
292 139
292 223
292 224
292 280
292 287
293 90
293 100
293 156
293 168
293 279
293 289
294 21
294 90
294 102
294 106
294 138
294 139
294 168
294 171
294 194
295 305
296 71
296 77
296 84
296 103
296 129
296 134
296 174
296 188
296 287
297 56
297 125
297 150
297 161
297 198
297 212
297 218
297 284
297 298
298 28
298 61
298 65
298 163
298 215
298 269
298 279
298 281
299 28
299 61
299 89
299 101
299 124
299 177
299 188
299 259
300 305
301 76
301 128
301 174
301 220
301 231
301 265
301 268
302 19
302 65
302 106
302 194
302 236
302 259
303 4
303 16
303 57
303 71
303 103
303 136
303 153
303 279
304 50
304 57
304 67
304 78
304 170
304 265
304 289
