# Tier 7 (Very Large) - Instance 46
# Generated with config: N=391, K=3, topology=random_dag, calendar=random

# HEADER: <num_tasks> <num_types> <num_units>
393 3 20

# RESOURCE TYPES
# Format: <type_id> <num_units> <unit_id1> <unit_id2> ...
0 8 0 1 2 3 4 5 6 7
1 5 8 9 10 11 12
2 7 13 14 15 16 17 18 19

# RESOURCE UNITS (Calendars)
# Format: <unit_id> <num_steps> <t1> <v1> <t2> <v2> ...
0 25 0 100 73 0 94 100 332 0 346 100 613 0 636 100 840 0 855 100 1055 0 1061 100 1219 0 1232 100 1298 0 1315 100 1450 0 1462 100 1639 0 1660 100 1754 0 1765 100 2034 0 2040 100 2191 0 3974 0
1 25 0 0 21 100 299 0 315 100 578 0 599 100 792 0 806 100 1030 0 1044 100 1176 0 1195 100 1431 0 1442 100 1544 0 1558 100 1696 0 1719 100 1778 0 1784 100 1948 0 1955 100 2007 0 2024 100 3974 0
2 25 0 0 17 100 165 0 187 100 412 0 427 100 479 0 497 100 603 0 616 100 665 0 678 100 756 0 771 100 1029 0 1036 100 1283 0 1297 100 1371 0 1386 100 1665 0 1675 100 1851 0 1862 100 3974 0
3 25 0 100 251 0 269 100 509 0 512 100 624 0 628 100 714 0 723 100 781 0 792 100 1040 0 1054 100 1323 0 1330 100 1483 0 1486 100 1740 0 1755 100 1941 0 1948 100 2112 0 2120 100 2174 0 3974 0
4 25 0 100 58 0 67 100 317 0 322 100 408 0 428 100 719 0 725 100 951 0 961 100 1210 0 1223 100 1329 0 1353 100 1631 0 1634 100 1689 0 1703 100 1905 0 1912 100 2044 0 2058 100 2295 0 3974 0
5 25 0 100 228 0 240 100 343 0 351 100 505 0 523 100 759 0 781 100 880 0 898 100 1038 0 1042 100 1228 0 1247 100 1531 0 1543 100 1678 0 1695 100 1793 0 1801 100 2010 0 2026 100 2138 0 3974 0
6 25 0 0 21 100 81 0 83 100 294 0 315 100 407 0 424 100 670 0 692 100 784 0 799 100 939 0 948 100 1065 0 1084 100 1195 0 1211 100 1294 0 1316 100 1576 0 1596 100 1857 0 1861 100 3974 0
7 25 0 0 23 100 206 0 221 100 366 0 378 100 539 0 557 100 708 0 732 100 853 0 870 100 1027 0 1043 100 1338 0 1351 100 1519 0 1532 100 1589 0 1593 100 1758 0 1760 100 2041 0 2057 100 3974 0
8 25 0 0 22 100 177 0 193 100 368 0 388 100 561 0 584 100 651 0 664 100 750 0 762 100 1017 0 1019 100 1134 0 1154 100 1377 0 1381 100 1440 0 1456 100 1529 0 1550 100 1702 0 1719 100 3974 0
9 25 0 0 10 100 235 0 239 100 351 0 359 100 590 0 606 100 728 0 730 100 976 0 994 100 1173 0 1187 100 1421 0 1430 100 1666 0 1675 100 1865 0 1873 100 2080 0 2094 100 2360 0 2373 100 3974 0
10 25 0 0 11 100 81 0 85 100 282 0 287 100 524 0 544 100 742 0 755 100 928 0 938 100 1132 0 1135 100 1270 0 1287 100 1568 0 1587 100 1647 0 1665 100 1888 0 1908 100 1974 0 1984 100 3974 0
11 25 0 0 14 100 155 0 172 100 321 0 335 100 403 0 424 100 509 0 511 100 716 0 726 100 783 0 806 100 1019 0 1041 100 1333 0 1350 100 1621 0 1638 100 1898 0 1900 100 2062 0 2074 100 3974 0
12 25 0 0 11 100 284 0 300 100 396 0 398 100 589 0 613 100 881 0 892 100 1119 0 1122 100 1222 0 1233 100 1299 0 1305 100 1433 0 1439 100 1699 0 1721 100 1831 0 1836 100 1966 0 1990 100 3974 0
13 25 0 0 22 100 150 0 171 100 441 0 455 100 574 0 585 100 798 0 818 100 942 0 952 100 1115 0 1132 100 1367 0 1373 100 1590 0 1596 100 1889 0 1901 100 2098 0 2113 100 2359 0 2376 100 3974 0
14 25 0 0 6 100 221 0 236 100 355 0 375 100 650 0 668 100 894 0 916 100 1057 0 1067 100 1203 0 1207 100 1398 0 1418 100 1477 0 1481 100 1743 0 1754 100 2007 0 2022 100 2289 0 2302 100 3974 0
15 25 0 0 17 100 82 0 87 100 312 0 334 100 420 0 443 100 571 0 577 100 645 0 663 100 753 0 772 100 1039 0 1060 100 1311 0 1314 100 1531 0 1547 100 1766 0 1774 100 1980 0 1997 100 3974 0
16 25 0 0 3 100 84 0 100 100 265 0 285 100 417 0 437 100 714 0 717 100 820 0 829 100 994 0 1010 100 1305 0 1316 100 1522 0 1544 100 1809 0 1816 100 2033 0 2046 100 2300 0 2310 100 3974 0
17 25 0 0 2 100 246 0 269 100 559 0 580 100 702 0 707 100 997 0 1017 100 1244 0 1264 100 1415 0 1420 100 1610 0 1613 100 1763 0 1780 100 2065 0 2084 100 2356 0 2367 100 2562 0 2581 100 3974 0
18 25 0 100 94 0 118 100 227 0 234 100 531 0 542 100 668 0 670 100 721 0 725 100 1001 0 1022 100 1295 0 1315 100 1512 0 1515 100 1760 0 1781 100 1876 0 1880 100 2144 0 2150 100 2310 0 3974 0
19 25 0 0 22 100 287 0 297 100 383 0 395 100 623 0 626 100 822 0 828 100 1056 0 1075 100 1290 0 1293 100 1558 0 1581 100 1829 0 1837 100 2035 0 2045 100 2124 0 2127 100 2229 0 2248 100 3974 0

# TASKS
# Format: <task_id> <size> <num_reqs>
# Then for each requirement: <type_id> <qty>
0 0 3
 0 0
 1 0
 2 0
1 18 3
 0 3
 1 3
 2 3
2 13 3
 0 0
 1 3
 2 0
3 10 3
 0 1
 1 0
 2 0
4 17 3
 0 3
 1 3
 2 1
5 7 3
 0 1
 1 3
 2 2
6 7 3
 0 0
 1 3
 2 1
7 9 3
 0 0
 1 2
 2 1
8 19 3
 0 0
 1 1
 2 3
9 20 3
 0 1
 1 0
 2 2
10 17 3
 0 3
 1 0
 2 0
11 15 3
 0 0
 1 1
 2 0
12 12 3
 0 2
 1 3
 2 1
13 2 3
 0 2
 1 2
 2 0
14 16 3
 0 2
 1 2
 2 0
15 5 3
 0 1
 1 0
 2 0
16 1 3
 0 1
 1 0
 2 0
17 2 3
 0 0
 1 1
 2 0
18 17 3
 0 2
 1 1
 2 0
19 19 3
 0 1
 1 3
 2 0
20 9 3
 0 1
 1 1
 2 3
21 5 3
 0 2
 1 0
 2 3
22 19 3
 0 1
 1 2
 2 1
23 11 3
 0 2
 1 2
 2 1
24 7 3
 0 0
 1 0
 2 2
25 13 3
 0 1
 1 0
 2 0
26 20 3
 0 2
 1 3
 2 3
27 20 3
 0 1
 1 0
 2 0
28 12 3
 0 2
 1 3
 2 0
29 8 3
 0 3
 1 0
 2 0
30 12 3
 0 1
 1 0
 2 3
31 2 3
 0 1
 1 0
 2 2
32 12 3
 0 1
 1 0
 2 1
33 19 3
 0 0
 1 0
 2 2
34 15 3
 0 0
 1 1
 2 0
35 16 3
 0 0
 1 0
 2 1
36 19 3
 0 0
 1 0
 2 2
37 16 3
 0 1
 1 0
 2 2
38 11 3
 0 3
 1 0
 2 3
39 2 3
 0 1
 1 1
 2 1
40 15 3
 0 2
 1 0
 2 0
41 8 3
 0 0
 1 0
 2 3
42 9 3
 0 0
 1 1
 2 1
43 14 3
 0 2
 1 2
 2 0
44 3 3
 0 2
 1 0
 2 0
45 10 3
 0 0
 1 2
 2 3
46 4 3
 0 2
 1 2
 2 3
47 20 3
 0 1
 1 0
 2 1
48 14 3
 0 1
 1 0
 2 2
49 17 3
 0 1
 1 2
 2 1
50 18 3
 0 1
 1 0
 2 2
51 9 3
 0 0
 1 0
 2 1
52 18 3
 0 2
 1 2
 2 0
53 5 3
 0 2
 1 1
 2 2
54 19 3
 0 2
 1 2
 2 0
55 11 3
 0 1
 1 2
 2 3
56 11 3
 0 1
 1 0
 2 1
57 8 3
 0 3
 1 2
 2 0
58 1 3
 0 3
 1 2
 2 3
59 19 3
 0 0
 1 2
 2 2
60 19 3
 0 0
 1 3
 2 2
61 20 3
 0 2
 1 1
 2 0
62 15 3
 0 0
 1 1
 2 0
63 8 3
 0 0
 1 0
 2 1
64 11 3
 0 1
 1 0
 2 0
65 2 3
 0 0
 1 1
 2 0
66 5 3
 0 2
 1 3
 2 2
67 13 3
 0 3
 1 1
 2 0
68 2 3
 0 2
 1 3
 2 0
69 11 3
 0 3
 1 2
 2 0
70 13 3
 0 3
 1 2
 2 0
71 5 3
 0 3
 1 0
 2 1
72 16 3
 0 1
 1 0
 2 1
73 2 3
 0 2
 1 1
 2 1
74 1 3
 0 2
 1 0
 2 0
75 17 3
 0 0
 1 3
 2 2
76 3 3
 0 1
 1 3
 2 3
77 16 3
 0 1
 1 2
 2 2
78 18 3
 0 0
 1 0
 2 1
79 10 3
 0 3
 1 1
 2 0
80 13 3
 0 3
 1 2
 2 0
81 12 3
 0 0
 1 3
 2 3
82 8 3
 0 1
 1 3
 2 0
83 8 3
 0 1
 1 0
 2 1
84 3 3
 0 3
 1 0
 2 2
85 4 3
 0 1
 1 0
 2 0
86 12 3
 0 1
 1 2
 2 2
87 11 3
 0 3
 1 3
 2 3
88 12 3
 0 0
 1 3
 2 3
89 19 3
 0 0
 1 1
 2 0
90 3 3
 0 3
 1 1
 2 0
91 17 3
 0 2
 1 0
 2 0
92 12 3
 0 3
 1 0
 2 0
93 18 3
 0 0
 1 0
 2 3
94 11 3
 0 1
 1 0
 2 2
95 3 3
 0 2
 1 0
 2 1
96 10 3
 0 0
 1 3
 2 2
97 7 3
 0 2
 1 3
 2 1
98 11 3
 0 3
 1 1
 2 2
99 11 3
 0 1
 1 2
 2 1
100 17 3
 0 0
 1 1
 2 3
101 1 3
 0 1
 1 1
 2 1
102 10 3
 0 1
 1 3
 2 2
103 3 3
 0 0
 1 0
 2 2
104 20 3
 0 3
 1 1
 2 1
105 8 3
 0 3
 1 0
 2 1
106 7 3
 0 2
 1 3
 2 0
107 15 3
 0 2
 1 0
 2 2
108 1 3
 0 0
 1 0
 2 2
109 18 3
 0 1
 1 0
 2 0
110 16 3
 0 0
 1 1
 2 0
111 3 3
 0 3
 1 1
 2 0
112 3 3
 0 2
 1 2
 2 1
113 16 3
 0 2
 1 2
 2 3
114 11 3
 0 0
 1 2
 2 0
115 13 3
 0 3
 1 0
 2 3
116 11 3
 0 1
 1 1
 2 3
117 7 3
 0 1
 1 0
 2 3
118 2 3
 0 3
 1 2
 2 1
119 4 3
 0 1
 1 0
 2 0
120 9 3
 0 3
 1 3
 2 3
121 17 3
 0 0
 1 2
 2 2
122 14 3
 0 0
 1 3
 2 0
123 4 3
 0 0
 1 0
 2 1
124 16 3
 0 2
 1 0
 2 3
125 11 3
 0 2
 1 0
 2 1
126 9 3
 0 2
 1 0
 2 0
127 19 3
 0 1
 1 2
 2 1
128 20 3
 0 2
 1 2
 2 0
129 17 3
 0 1
 1 0
 2 0
130 3 3
 0 0
 1 2
 2 3
131 5 3
 0 0
 1 0
 2 2
132 1 3
 0 2
 1 0
 2 3
133 19 3
 0 1
 1 1
 2 0
134 2 3
 0 3
 1 0
 2 3
135 8 3
 0 2
 1 3
 2 1
136 13 3
 0 0
 1 2
 2 2
137 16 3
 0 0
 1 2
 2 3
138 19 3
 0 2
 1 2
 2 3
139 19 3
 0 0
 1 2
 2 1
140 14 3
 0 1
 1 0
 2 1
141 11 3
 0 0
 1 1
 2 0
142 10 3
 0 3
 1 0
 2 0
143 6 3
 0 2
 1 0
 2 3
144 18 3
 0 0
 1 0
 2 1
145 16 3
 0 0
 1 1
 2 3
146 14 3
 0 3
 1 0
 2 1
147 11 3
 0 2
 1 1
 2 2
148 4 3
 0 2
 1 1
 2 0
149 3 3
 0 3
 1 0
 2 2
150 1 3
 0 2
 1 3
 2 0
151 12 3
 0 3
 1 0
 2 0
152 3 3
 0 0
 1 1
 2 2
153 2 3
 0 1
 1 0
 2 1
154 11 3
 0 0
 1 2
 2 3
155 7 3
 0 2
 1 2
 2 3
156 10 3
 0 1
 1 2
 2 2
157 13 3
 0 1
 1 0
 2 0
158 7 3
 0 3
 1 1
 2 0
159 11 3
 0 3
 1 0
 2 0
160 10 3
 0 3
 1 3
 2 0
161 10 3
 0 3
 1 1
 2 0
162 6 3
 0 1
 1 3
 2 1
163 13 3
 0 0
 1 3
 2 0
164 10 3
 0 0
 1 1
 2 2
165 8 3
 0 1
 1 2
 2 3
166 7 3
 0 1
 1 0
 2 0
167 7 3
 0 0
 1 1
 2 0
168 10 3
 0 1
 1 0
 2 0
169 17 3
 0 3
 1 0
 2 0
170 20 3
 0 1
 1 1
 2 1
171 7 3
 0 1
 1 0
 2 0
172 3 3
 0 3
 1 0
 2 1
173 4 3
 0 3
 1 2
 2 1
174 11 3
 0 1
 1 0
 2 3
175 16 3
 0 0
 1 3
 2 2
176 3 3
 0 3
 1 2
 2 0
177 20 3
 0 3
 1 1
 2 0
178 7 3
 0 0
 1 3
 2 0
179 15 3
 0 0
 1 2
 2 0
180 6 3
 0 3
 1 1
 2 0
181 19 3
 0 2
 1 1
 2 2
182 12 3
 0 3
 1 3
 2 2
183 20 3
 0 3
 1 0
 2 0
184 7 3
 0 0
 1 3
 2 3
185 16 3
 0 1
 1 1
 2 0
186 7 3
 0 2
 1 1
 2 0
187 10 3
 0 0
 1 2
 2 0
188 19 3
 0 1
 1 3
 2 2
189 8 3
 0 1
 1 1
 2 3
190 9 3
 0 0
 1 0
 2 2
191 1 3
 0 1
 1 0
 2 0
192 7 3
 0 3
 1 3
 2 2
193 9 3
 0 2
 1 0
 2 1
194 3 3
 0 0
 1 1
 2 3
195 14 3
 0 2
 1 2
 2 2
196 9 3
 0 0
 1 3
 2 2
197 19 3
 0 0
 1 1
 2 3
198 12 3
 0 0
 1 2
 2 0
199 19 3
 0 0
 1 1
 2 0
200 18 3
 0 3
 1 0
 2 2
201 16 3
 0 0
 1 0
 2 2
202 13 3
 0 2
 1 2
 2 1
203 15 3
 0 0
 1 2
 2 0
204 16 3
 0 1
 1 3
 2 0
205 1 3
 0 2
 1 0
 2 1
206 11 3
 0 0
 1 1
 2 3
207 6 3
 0 0
 1 2
 2 0
208 7 3
 0 0
 1 3
 2 2
209 6 3
 0 0
 1 1
 2 1
210 10 3
 0 2
 1 0
 2 2
211 14 3
 0 0
 1 1
 2 3
212 7 3
 0 2
 1 0
 2 3
213 7 3
 0 0
 1 2
 2 3
214 13 3
 0 0
 1 1
 2 0
215 16 3
 0 0
 1 0
 2 3
216 17 3
 0 3
 1 3
 2 0
217 2 3
 0 2
 1 0
 2 0
218 5 3
 0 0
 1 1
 2 2
219 10 3
 0 0
 1 2
 2 0
220 7 3
 0 0
 1 2
 2 0
221 1 3
 0 0
 1 2
 2 3
222 19 3
 0 3
 1 2
 2 0
223 5 3
 0 1
 1 3
 2 2
224 19 3
 0 0
 1 1
 2 0
225 10 3
 0 2
 1 0
 2 1
226 18 3
 0 0
 1 3
 2 3
227 19 3
 0 2
 1 0
 2 1
228 5 3
 0 2
 1 0
 2 3
229 11 3
 0 3
 1 3
 2 3
230 2 3
 0 1
 1 3
 2 1
231 9 3
 0 2
 1 1
 2 1
232 2 3
 0 0
 1 1
 2 0
233 18 3
 0 1
 1 0
 2 0
234 12 3
 0 0
 1 2
 2 3
235 10 3
 0 3
 1 0
 2 1
236 13 3
 0 0
 1 0
 2 1
237 8 3
 0 3
 1 2
 2 0
238 14 3
 0 3
 1 0
 2 0
239 6 3
 0 1
 1 1
 2 3
240 3 3
 0 0
 1 3
 2 0
241 9 3
 0 3
 1 2
 2 0
242 15 3
 0 0
 1 2
 2 0
243 16 3
 0 3
 1 0
 2 0
244 5 3
 0 1
 1 2
 2 0
245 11 3
 0 0
 1 0
 2 1
246 3 3
 0 0
 1 3
 2 1
247 10 3
 0 1
 1 0
 2 0
248 20 3
 0 0
 1 0
 2 3
249 8 3
 0 3
 1 0
 2 0
250 12 3
 0 2
 1 0
 2 1
251 10 3
 0 0
 1 3
 2 0
252 17 3
 0 2
 1 0
 2 0
253 8 3
 0 2
 1 3
 2 2
254 2 3
 0 3
 1 0
 2 2
255 10 3
 0 0
 1 0
 2 1
256 12 3
 0 1
 1 3
 2 2
257 6 3
 0 1
 1 0
 2 1
258 19 3
 0 3
 1 1
 2 3
259 8 3
 0 2
 1 1
 2 0
260 20 3
 0 0
 1 2
 2 0
261 4 3
 0 2
 1 2
 2 0
262 11 3
 0 0
 1 2
 2 0
263 9 3
 0 3
 1 0
 2 2
264 6 3
 0 2
 1 2
 2 0
265 12 3
 0 0
 1 0
 2 3
266 6 3
 0 0
 1 2
 2 1
267 12 3
 0 1
 1 2
 2 2
268 13 3
 0 0
 1 2
 2 1
269 11 3
 0 0
 1 2
 2 1
270 20 3
 0 0
 1 0
 2 1
271 10 3
 0 3
 1 2
 2 0
272 4 3
 0 0
 1 0
 2 3
273 4 3
 0 0
 1 1
 2 1
274 18 3
 0 1
 1 0
 2 0
275 4 3
 0 1
 1 3
 2 0
276 16 3
 0 1
 1 2
 2 3
277 12 3
 0 2
 1 0
 2 2
278 19 3
 0 0
 1 0
 2 2
279 14 3
 0 2
 1 2
 2 0
280 5 3
 0 1
 1 3
 2 3
281 18 3
 0 1
 1 2
 2 2
282 10 3
 0 0
 1 1
 2 3
283 1 3
 0 0
 1 2
 2 0
284 7 3
 0 2
 1 3
 2 3
285 1 3
 0 1
 1 0
 2 3
286 11 3
 0 0
 1 0
 2 1
287 19 3
 0 0
 1 0
 2 1
288 10 3
 0 3
 1 0
 2 3
289 8 3
 0 3
 1 3
 2 0
290 13 3
 0 1
 1 3
 2 3
291 10 3
 0 0
 1 3
 2 3
292 6 3
 0 2
 1 0
 2 0
293 14 3
 0 3
 1 3
 2 3
294 19 3
 0 0
 1 2
 2 1
295 2 3
 0 1
 1 0
 2 3
296 11 3
 0 0
 1 1
 2 0
297 20 3
 0 2
 1 0
 2 2
298 8 3
 0 3
 1 1
 2 1
299 13 3
 0 0
 1 3
 2 0
300 14 3
 0 0
 1 0
 2 3
301 2 3
 0 0
 1 0
 2 1
302 1 3
 0 3
 1 3
 2 2
303 3 3
 0 2
 1 1
 2 2
304 15 3
 0 3
 1 3
 2 1
305 20 3
 0 2
 1 0
 2 3
306 2 3
 0 0
 1 0
 2 1
307 3 3
 0 1
 1 0
 2 3
308 18 3
 0 1
 1 0
 2 1
309 17 3
 0 2
 1 3
 2 2
310 6 3
 0 2
 1 1
 2 1
311 12 3
 0 3
 1 0
 2 0
312 16 3
 0 1
 1 0
 2 0
313 16 3
 0 3
 1 1
 2 2
314 1 3
 0 0
 1 1
 2 0
315 12 3
 0 2
 1 1
 2 1
316 7 3
 0 0
 1 3
 2 3
317 12 3
 0 2
 1 0
 2 2
318 6 3
 0 2
 1 0
 2 3
319 14 3
 0 3
 1 0
 2 0
320 13 3
 0 3
 1 0
 2 2
321 19 3
 0 3
 1 0
 2 3
322 1 3
 0 1
 1 0
 2 2
323 10 3
 0 2
 1 2
 2 1
324 10 3
 0 3
 1 0
 2 3
325 11 3
 0 2
 1 1
 2 0
326 4 3
 0 2
 1 0
 2 3
327 13 3
 0 0
 1 1
 2 0
328 1 3
 0 0
 1 0
 2 3
329 5 3
 0 3
 1 1
 2 3
330 7 3
 0 0
 1 3
 2 1
331 17 3
 0 0
 1 0
 2 1
332 12 3
 0 0
 1 3
 2 2
333 18 3
 0 3
 1 1
 2 0
334 2 3
 0 2
 1 3
 2 3
335 15 3
 0 2
 1 2
 2 2
336 10 3
 0 3
 1 3
 2 3
337 17 3
 0 3
 1 0
 2 0
338 13 3
 0 2
 1 0
 2 0
339 7 3
 0 1
 1 0
 2 0
340 16 3
 0 3
 1 3
 2 0
341 14 3
 0 1
 1 1
 2 3
342 5 3
 0 1
 1 0
 2 0
343 4 3
 0 0
 1 3
 2 0
344 18 3
 0 3
 1 0
 2 2
345 1 3
 0 1
 1 2
 2 2
346 2 3
 0 1
 1 1
 2 3
347 14 3
 0 1
 1 0
 2 0
348 2 3
 0 3
 1 2
 2 1
349 19 3
 0 1
 1 0
 2 0
350 9 3
 0 2
 1 3
 2 0
351 11 3
 0 0
 1 3
 2 0
352 1 3
 0 2
 1 3
 2 0
353 3 3
 0 0
 1 3
 2 0
354 4 3
 0 1
 1 0
 2 1
355 11 3
 0 0
 1 0
 2 2
356 6 3
 0 2
 1 0
 2 3
357 7 3
 0 2
 1 0
 2 2
358 12 3
 0 0
 1 2
 2 3
359 2 3
 0 0
 1 1
 2 2
360 5 3
 0 0
 1 1
 2 0
361 2 3
 0 0
 1 2
 2 3
362 3 3
 0 0
 1 2
 2 1
363 19 3
 0 0
 1 1
 2 0
364 2 3
 0 1
 1 2
 2 3
365 2 3
 0 0
 1 2
 2 3
366 15 3
 0 0
 1 2
 2 1
367 20 3
 0 3
 1 0
 2 0
368 16 3
 0 1
 1 1
 2 0
369 13 3
 0 0
 1 0
 2 1
370 9 3
 0 0
 1 2
 2 1
371 3 3
 0 0
 1 0
 2 3
372 9 3
 0 0
 1 1
 2 0
373 15 3
 0 1
 1 2
 2 1
374 20 3
 0 0
 1 2
 2 1
375 11 3
 0 1
 1 0
 2 1
376 3 3
 0 0
 1 0
 2 1
377 20 3
 0 2
 1 1
 2 0
378 17 3
 0 2
 1 2
 2 1
379 9 3
 0 3
 1 0
 2 2
380 11 3
 0 1
 1 0
 2 0
381 11 3
 0 3
 1 2
 2 1
382 5 3
 0 3
 1 2
 2 0
383 10 3
 0 3
 1 0
 2 2
384 1 3
 0 1
 1 0
 2 2
385 20 3
 0 3
 1 0
 2 0
386 11 3
 0 0
 1 0
 2 1
387 16 3
 0 2
 1 3
 2 1
388 17 3
 0 0
 1 0
 2 1
389 14 3
 0 1
 1 0
 2 2
390 10 3
 0 3
 1 3
 2 1
391 3 3
 0 1
 1 3
 2 3
392 0 3
 0 0
 1 0
 2 0

# PRECEDENCES
2702
0 1
0 5
0 6
0 7
0 8
0 15
0 16
0 20
0 22
0 23
0 25
0 37
0 40
0 42
0 45
0 58
0 61
0 66
0 69
0 71
0 73
0 77
0 79
0 81
0 83
0 84
0 89
0 98
0 99
0 100
0 109
0 111
0 126
0 129
0 131
0 132
0 134
0 137
0 142
0 154
0 156
0 161
0 172
0 176
0 177
0 179
0 186
0 189
0 192
0 198
0 201
0 203
0 215
0 221
0 223
0 226
0 227
0 232
0 235
0 248
0 249
0 251
0 252
0 255
0 256
0 257
0 261
0 262
0 265
0 270
0 275
0 278
0 281
0 286
0 289
0 292
0 294
0 296
0 298
0 299
0 302
0 305
0 312
0 323
0 338
0 347
0 351
0 356
0 363
0 368
0 370
0 372
0 375
0 386
1 36
1 74
1 107
1 195
1 226
1 300
1 327
1 366
2 21
2 206
2 219
2 220
2 313
2 319
2 354
2 361
2 367
3 31
3 48
3 75
3 76
3 116
3 135
3 196
3 391
4 67
4 90
4 123
4 214
4 229
4 287
4 387
5 12
5 144
5 165
5 168
5 244
5 387
6 53
6 75
6 157
6 212
6 213
6 331
6 350
6 357
6 383
7 12
7 55
7 71
7 82
7 196
7 236
7 313
7 324
7 381
8 39
8 120
8 149
8 183
8 229
8 274
8 305
9 28
9 31
9 85
9 122
9 178
9 247
9 348
10 13
10 56
10 103
10 207
10 331
10 367
11 43
11 107
11 247
11 258
11 272
11 277
11 357
12 56
12 122
12 160
12 210
12 213
12 253
12 259
12 308
13 59
13 103
13 136
13 185
13 263
13 307
13 348
13 360
13 380
14 85
14 180
14 268
14 300
14 314
14 349
14 387
15 97
15 107
15 150
15 197
15 279
15 361
16 107
16 209
16 211
16 220
16 230
16 260
17 27
17 85
17 104
17 196
17 216
17 316
17 354
18 26
18 51
18 104
18 359
18 387
19 18
19 21
19 31
19 95
19 151
19 238
19 313
19 316
19 318
20 38
20 66
20 219
20 327
20 387
21 247
21 263
21 358
21 379
21 388
22 21
22 120
22 184
22 224
22 240
22 281
22 303
22 308
22 390
23 87
23 205
23 217
23 222
23 243
23 247
23 354
24 149
24 272
24 348
24 361
24 371
25 36
25 68
25 169
25 238
25 245
25 302
25 337
25 359
25 372
26 3
26 74
26 116
26 167
26 196
26 206
26 240
26 387
27 26
27 145
27 206
27 207
27 212
27 218
27 304
27 317
28 72
28 82
28 206
28 309
28 318
28 387
28 391
29 28
29 59
29 94
29 107
29 273
29 301
29 332
30 108
30 237
30 266
30 310
30 321
30 374
30 381
31 392
32 72
32 74
32 76
32 116
32 120
32 191
32 297
32 359
32 379
33 46
33 91
33 93
33 218
33 325
33 333
33 359
34 260
34 263
34 288
34 332
34 352
35 178
35 213
35 344
35 380
35 385
36 59
36 160
36 166
36 173
36 193
36 230
36 308
36 317
37 143
37 144
37 160
37 174
37 263
37 329
37 382
37 389
37 390
38 196
38 202
38 236
38 273
38 274
38 352
39 46
39 107
39 133
39 310
39 378
40 34
40 52
40 244
40 284
40 352
40 374
41 44
41 150
41 166
41 196
41 240
41 388
42 115
42 162
42 164
42 252
42 256
42 270
42 291
42 341
43 19
43 50
43 52
43 75
43 113
43 206
43 213
43 243
43 313
44 82
44 116
44 166
44 297
44 359
44 379
45 13
45 162
45 278
45 307
45 366
45 391
46 133
46 167
46 178
46 214
46 277
46 343
47 14
47 46
47 87
47 133
47 164
47 241
48 392
49 169
49 206
49 210
49 319
49 358
49 359
49 361
49 365
49 387
50 10
50 75
50 82
50 128
50 143
50 268
50 336
51 31
51 41
51 48
51 85
51 191
51 220
51 297
51 309
51 387
52 102
52 146
52 233
52 237
52 271
52 274
52 326
52 355
52 360
53 18
53 28
53 55
53 145
53 340
53 345
53 388
54 59
54 163
54 190
54 236
54 247
54 308
54 320
55 122
55 153
55 167
55 191
55 233
55 344
55 354
55 380
56 44
56 76
56 143
56 220
56 297
57 13
57 74
57 166
57 193
57 213
57 318
58 26
58 76
58 108
58 215
58 295
58 325
58 351
58 366
58 376
59 76
59 88
59 153
59 166
59 233
59 313
59 359
59 387
59 388
60 3
60 48
60 75
60 82
60 122
60 240
60 297
60 313
60 360
61 10
61 133
61 282
61 336
61 359
61 360
62 163
62 191
62 214
62 217
62 229
62 313
62 314
63 123
63 234
63 247
63 269
63 331
63 349
64 36
64 144
64 146
64 149
64 163
64 214
64 238
65 233
65 254
65 263
65 317
65 321
65 344
65 367
65 378
66 10
66 53
66 110
66 119
66 234
66 237
66 287
66 360
67 18
67 31
67 173
67 190
67 217
67 229
67 319
67 336
68 150
68 208
68 225
68 263
68 266
68 346
69 26
69 35
69 62
69 74
69 108
69 138
69 160
69 241
69 354
70 13
70 41
70 102
70 133
70 166
70 238
70 343
71 67
71 108
71 122
71 164
71 309
71 317
71 343
71 355
72 392
73 75
73 85
73 111
73 127
73 199
73 307
73 376
73 382
73 387
74 48
74 72
74 116
74 185
74 379
75 392
76 392
77 38
77 60
77 127
77 241
77 291
77 320
77 330
78 31
78 191
78 263
78 319
78 385
79 159
79 190
79 219
79 222
79 230
79 236
79 269
79 358
80 85
80 103
80 127
80 140
80 194
80 233
80 354
80 367
80 373
81 31
81 39
81 73
81 216
81 276
81 304
81 328
82 392
83 62
83 119
83 150
83 158
83 226
83 325
83 345
84 30
84 165
84 211
84 266
84 287
85 44
85 72
85 206
85 220
85 321
86 18
86 52
86 62
86 243
86 271
87 110
87 193
87 307
87 317
87 327
88 48
88 75
88 76
88 82
88 185
88 297
88 359
89 24
89 101
89 113
89 209
89 258
89 295
89 315
90 56
90 88
90 93
90 207
90 214
90 273
90 339
90 345
90 346
91 95
91 122
91 133
91 178
91 185
91 220
91 309
91 313
92 125
92 152
92 234
92 290
92 374
93 59
93 220
93 229
93 242
93 345
93 379
94 82
94 95
94 166
94 167
94 206
94 263
94 359
95 150
95 153
95 185
95 220
95 380
96 10
96 119
96 190
96 191
96 329
96 333
96 379
97 75
97 151
97 166
97 196
97 237
97 253
97 269
97 355
98 60
98 97
98 107
98 145
98 152
98 157
98 180
98 202
98 384
99 128
99 135
99 162
99 180
99 287
99 355
99 391
100 145
100 204
100 326
100 351
100 391
101 39
101 62
101 82
101 90
101 145
101 200
101 331
102 26
102 44
102 82
102 116
102 122
102 196
102 310
102 326
103 44
103 74
103 185
103 297
103 313
104 91
104 94
104 309
104 336
104 344
105 48
105 108
105 200
105 219
105 259
106 35
106 118
106 199
106 207
106 247
106 352
106 371
107 48
107 59
107 72
107 110
107 310
108 46
108 57
108 90
108 93
108 104
108 143
108 371
109 51
109 191
109 258
109 359
109 364
109 380
110 26
110 55
110 133
110 143
110 166
110 167
110 183
111 2
111 31
111 118
111 125
111 165
111 166
111 167
111 183
111 329
112 48
112 181
112 190
112 229
112 379
113 46
113 87
113 94
113 104
113 149
113 230
113 287
113 322
113 360
114 46
114 133
114 200
114 231
114 253
114 291
114 348
114 364
115 110
115 112
115 205
115 230
115 290
115 300
115 362
115 382
116 392
117 26
117 44
117 91
117 93
117 153
117 165
117 206
117 233
118 3
118 31
118 133
118 178
118 206
118 314
118 321
118 343
118 354
119 162
119 183
119 187
119 283
119 315
119 343
119 357
119 359
120 392
121 166
121 199
121 213
121 225
121 238
121 277
121 300
121 391
122 82
122 116
122 120
122 163
122 233
122 240
122 321
122 380
123 3
123 51
123 54
123 110
123 231
123 343
123 382
123 390
124 65
124 67
124 145
124 184
124 230
124 267
124 334
124 384
125 143
125 183
125 219
125 321
125 354
126 150
126 205
126 267
126 288
126 364
127 18
127 62
127 136
127 165
127 220
127 233
127 238
127 259
127 340
128 21
128 153
128 162
128 196
128 266
128 272
129 70
129 81
129 93
129 122
129 194
129 210
129 240
129 260
129 358
130 138
130 141
130 210
130 244
130 329
130 336
130 387
130 388
131 11
131 54
131 233
131 283
131 367
132 66
132 69
132 151
132 266
132 281
132 308
132 322
132 328
132 387
133 31
133 82
133 143
133 153
133 297
133 320
133 359
134 28
134 30
134 49
134 193
134 211
134 272
134 339
134 390
135 392
136 32
136 75
136 95
136 272
136 297
136 313
136 359
136 379
136 391
137 3
137 275
137 293
137 307
137 329
137 341
137 388
138 56
138 85
138 133
138 247
138 283
138 308
138 317
138 380
138 388
139 21
139 59
139 72
139 82
139 163
139 247
139 283
139 304
139 344
140 93
140 115
140 150
140 151
140 207
140 234
140 273
140 321
141 21
141 122
141 151
141 210
141 318
141 342
141 362
141 367
142 66
142 153
142 155
142 207
142 252
142 304
142 324
143 31
143 75
143 76
143 120
143 135
143 166
143 196
143 240
143 379
144 122
144 159
144 214
144 240
144 318
144 334
144 367
145 21
145 116
145 153
145 178
145 349
145 360
145 367
145 385
146 3
146 110
146 145
146 191
146 253
146 333
146 342
146 376
147 44
147 87
147 102
147 167
147 171
147 264
147 389
148 27
148 135
148 216
148 238
148 284
149 59
149 135
149 167
149 196
149 379
150 31
150 72
150 82
150 196
150 220
150 359
150 367
150 379
151 2
151 162
151 190
151 269
151 279
151 391
152 104
152 139
152 141
152 145
152 218
152 371
153 72
153 135
153 185
153 379
153 391
154 26
154 145
154 149
154 199
154 285
155 101
155 263
155 266
155 276
155 293
155 329
156 101
156 200
156 304
156 308
156 388
157 92
157 163
157 202
157 207
157 285
157 389
158 139
158 167
158 187
158 191
158 199
158 259
158 361
159 149
159 163
159 196
159 220
159 225
159 318
159 321
159 387
160 3
160 55
160 85
160 103
160 128
160 139
160 196
160 266
161 52
161 88
161 173
161 276
161 288
162 26
162 55
162 74
162 122
162 153
162 185
162 297
163 31
163 116
163 120
163 135
163 220
163 359
163 391
164 32
164 41
164 62
164 144
164 218
164 359
165 31
165 74
165 167
165 191
165 391
166 392
167 75
167 116
167 135
167 185
167 240
168 27
168 91
168 258
168 324
168 358
168 360
168 366
169 55
169 125
169 225
169 297
169 379
170 30
170 31
170 39
170 282
170 300
170 362
171 17
171 74
171 90
171 196
171 197
171 222
171 336
172 2
172 19
172 63
172 250
172 268
172 295
172 337
173 116
173 283
173 307
173 336
173 346
174 44
174 133
174 141
174 234
174 328
174 343
174 344
174 384
175 96
175 143
175 191
175 272
175 274
175 290
175 311
175 342
175 374
176 3
176 61
176 153
176 217
176 281
176 313
176 331
176 387
176 389
177 11
177 222
177 304
177 376
177 379
178 116
178 120
178 166
178 196
178 379
178 391
179 23
179 95
179 165
179 247
179 295
179 311
179 328
180 135
180 160
180 191
180 220
180 279
180 297
180 307
180 345
181 4
181 31
181 74
181 88
181 90
181 133
181 236
181 310
182 44
182 57
182 130
182 202
182 216
182 318
182 324
183 3
183 32
183 48
183 76
183 95
183 135
183 358
183 379
184 60
184 102
184 144
184 193
184 224
184 334
184 343
185 392
186 44
186 48
186 173
186 374
186 387
187 94
187 133
187 207
187 266
187 269
187 283
187 314
187 385
188 13
188 72
188 107
188 216
188 259
188 362
189 124
189 202
189 208
189 237
189 272
190 167
190 229
190 260
190 340
190 361
191 31
191 48
191 75
191 120
191 166
191 240
191 359
191 391
192 14
192 80
192 124
192 284
192 308
192 324
193 3
193 32
193 44
193 48
193 238
193 242
193 334
193 345
193 354
194 72
194 103
194 120
194 342
194 382
195 82
195 136
195 145
195 149
195 301
195 346
195 389
196 392
197 18
197 26
197 190
197 283
197 285
197 344
198 18
198 65
198 155
198 171
198 236
198 237
198 247
198 266
198 382
199 18
199 26
199 32
199 183
199 214
199 220
199 308
200 41
200 48
200 93
200 127
200 166
200 185
200 191
200 230
200 244
201 2
201 17
201 82
201 141
201 153
201 214
201 247
202 117
202 125
202 162
202 240
202 308
202 327
202 391
203 27
203 54
203 120
203 127
203 153
203 159
203 231
203 237
204 54
204 96
204 146
204 197
204 242
204 315
204 325
204 342
205 26
205 51
205 125
205 230
205 271
205 284
205 285
206 82
206 120
206 185
206 359
206 367
206 379
207 44
207 122
207 136
207 196
207 297
208 9
208 55
208 56
208 143
208 165
208 236
208 309
208 388
209 145
209 187
209 200
209 266
209 300
209 349
210 3
210 26
210 51
210 206
210 219
210 247
211 4
211 27
211 60
211 63
211 148
211 284
211 353
212 2
212 150
212 151
212 206
212 217
212 285
213 110
213 122
213 143
213 190
213 191
213 233
213 304
213 309
214 150
214 217
214 220
214 229
214 367
215 35
215 43
215 67
215 173
215 200
215 307
215 343
215 390
216 32
216 41
216 103
216 272
216 336
216 388
217 76
217 82
217 135
217 233
217 297
217 318
217 391
218 41
218 103
218 143
218 196
218 260
219 82
219 136
219 233
219 319
219 387
219 388
220 392
221 60
221 61
221 62
221 73
221 79
221 190
221 267
222 94
222 107
222 160
222 197
222 218
222 314
222 343
222 360
223 164
223 218
223 231
223 245
223 367
224 21
224 70
224 268
224 277
224 301
224 304
225 41
225 85
225 116
225 150
225 185
225 216
225 247
225 314
226 29
226 79
226 94
226 173
226 283
226 390
227 116
227 153
227 166
227 191
227 234
227 297
228 53
228 95
228 196
228 225
228 297
228 334
228 349
229 26
229 44
229 120
229 220
229 321
229 359
230 95
230 149
230 191
230 233
230 247
230 259
230 309
230 310
231 41
231 56
231 94
231 167
231 217
231 236
231 343
231 382
232 54
232 68
232 84
232 108
232 253
232 307
233 48
233 185
233 240
233 297
233 391
234 75
234 116
234 149
234 153
234 165
234 341
234 362
235 48
235 253
235 279
235 310
235 353
235 376
236 150
236 162
236 297
236 313
236 336
237 117
237 191
237 242
237 273
237 309
238 41
238 82
238 206
238 297
238 336
238 391
239 10
239 85
239 206
239 318
239 319
239 355
240 392
241 26
241 133
241 217
241 238
241 285
241 346
241 367
242 26
242 55
242 72
242 88
242 149
242 217
242 309
242 314
242 344
243 82
243 160
243 247
243 346
243 389
244 18
244 167
244 238
244 334
244 340
245 9
245 19
245 36
245 50
245 288
246 29
246 39
246 164
246 293
246 301
246 306
247 76
247 178
247 191
247 196
247 233
247 313
247 388
248 37
248 38
248 148
248 210
248 238
248 271
249 14
249 35
249 130
249 144
249 173
249 197
249 297
249 383
250 17
250 117
250 150
250 204
250 315
250 341
250 360
250 369
250 391
251 74
251 101
251 104
251 123
251 204
251 216
251 306
251 367
252 4
252 39
252 47
252 133
252 202
252 245
252 327
252 349
253 59
253 85
253 149
253 233
253 277
254 3
254 150
254 183
254 196
254 216
254 233
254 304
254 313
254 318
255 72
255 184
255 221
255 284
255 361
255 372
255 374
256 24
256 57
256 152
256 165
256 230
256 315
256 327
256 330
256 377
257 13
257 102
257 208
257 307
257 379
258 56
258 60
258 141
258 253
258 283
259 31
259 48
259 59
259 72
259 76
259 135
259 150
259 191
259 361
260 32
260 44
260 103
260 150
260 178
260 297
260 321
261 17
261 72
261 119
261 143
261 212
261 238
261 334
262 4
262 50
262 162
262 242
262 245
262 308
262 341
262 353
262 388
263 31
263 185
263 196
263 387
263 391
264 2
264 34
264 78
264 247
264 272
264 308
264 329
264 380
264 391
265 54
265 144
265 190
265 329
265 354
265 378
266 21
266 41
266 44
266 220
266 263
266 321
266 344
266 358
267 32
267 56
267 207
267 259
267 293
267 369
268 60
268 144
268 206
268 326
268 336
269 32
269 44
269 76
269 103
269 165
269 220
269 318
269 358
270 13
270 18
270 122
270 349
270 387
271 31
271 173
271 320
271 321
271 355
271 362
272 44
272 82
272 167
272 178
272 191
272 196
272 359
272 380
272 391
273 26
273 103
273 213
273 217
273 307
273 349
273 358
273 359
274 166
274 173
274 208
274 238
274 283
274 388
275 163
275 164
275 180
275 247
275 336
275 337
275 390
276 21
276 41
276 74
276 103
276 128
276 331
276 349
276 385
276 387
277 3
277 41
277 166
277 185
277 314
277 385
278 34
278 74
278 105
278 136
278 139
278 180
278 308
278 329
278 370
279 41
279 44
279 85
279 103
279 165
279 196
279 240
279 354
279 391
280 33
280 47
280 216
280 300
280 334
280 382
280 385
281 110
281 123
281 180
281 244
281 253
281 279
281 336
282 166
282 173
282 197
282 220
282 336
283 31
283 165
283 220
283 240
283 344
283 385
284 18
284 151
284 228
284 307
284 385
284 387
285 72
285 162
285 309
285 319
285 382
286 79
286 212
286 253
286 258
286 322
287 88
287 122
287 128
287 153
287 193
287 196
287 222
287 349
287 390
288 10
288 121
288 274
288 343
288 378
288 379
289 50
289 51
289 209
289 235
289 317
289 364
289 380
290 36
290 55
290 87
290 123
290 153
290 259
290 268
290 320
290 390
291 48
291 59
291 102
291 105
291 207
291 210
291 383
292 44
292 70
292 145
292 160
292 195
292 222
292 319
292 361
293 18
293 27
293 36
293 136
293 139
293 240
293 377
294 21
294 36
294 39
294 112
294 208
294 213
294 278
295 56
295 64
295 110
295 128
295 236
295 377
296 39
296 49
296 88
296 184
296 318
296 340
297 392
298 39
298 44
298 86
298 108
298 182
298 245
298 276
298 282
298 310
299 128
299 222
299 238
299 280
299 349
300 139
300 159
300 185
300 196
300 219
300 220
300 360
301 53
301 122
301 128
301 208
301 382
302 72
302 288
302 332
302 341
302 382
303 31
303 174
303 236
303 271
303 309
303 358
303 367
304 31
304 91
304 238
304 240
304 260
304 297
304 319
304 321
304 358
305 52
305 130
305 183
305 187
305 204
306 27
306 94
306 95
306 329
306 342
306 385
307 163
307 165
307 191
307 247
307 313
307 379
307 380
308 44
308 120
308 153
308 196
308 220
308 233
308 307
308 358
309 72
309 116
309 143
309 191
309 220
309 233
309 388
310 3
310 75
310 247
310 309
310 348
310 388
310 391
311 12
311 91
311 96
311 149
311 158
311 159
311 342
311 391
312 155
312 219
312 271
312 349
312 390
313 48
313 75
313 76
313 82
313 196
314 31
314 135
314 185
314 359
314 380
315 59
315 76
315 133
315 185
315 220
315 334
315 382
315 391
316 51
316 82
316 167
316 214
316 247
317 9
317 53
317 76
317 162
317 208
318 3
318 75
318 120
318 166
318 191
318 196
318 359
319 44
319 88
319 133
319 150
319 263
319 388
319 391
320 116
320 135
320 220
320 297
320 359
320 391
321 31
321 72
321 75
321 76
321 297
321 359
321 367
321 379
322 68
322 72
322 91
322 120
322 180
322 199
322 349
323 19
323 32
323 44
323 75
323 216
323 260
324 60
324 187
324 219
324 243
324 272
325 70
325 88
325 150
325 153
325 163
325 169
325 222
325 314
325 365
326 41
326 74
326 75
326 153
326 178
326 191
326 360
327 56
327 110
327 128
327 139
327 260
327 309
327 346
327 349
327 387
328 93
328 231
328 236
328 308
328 384
329 48
329 53
329 72
329 85
329 143
329 183
329 310
329 340
329 345
330 68
330 118
330 163
330 236
330 303
330 346
330 360
330 390
331 44
331 74
331 135
331 173
331 217
331 260
331 321
331 344
332 120
332 214
332 272
332 313
332 327
332 336
332 340
333 53
333 185
333 196
333 314
333 343
333 346
334 44
334 82
334 165
334 207
334 220
334 233
334 247
334 269
334 385
335 74
335 165
335 178
335 324
335 348
336 31
336 48
336 74
336 120
336 143
336 220
336 379
336 380
337 76
337 87
337 133
337 164
337 190
337 269
337 378
338 9
338 69
338 118
338 315
338 387
339 125
339 162
339 178
339 210
339 336
340 3
340 59
340 183
340 343
340 348
340 359
340 361
341 3
341 74
341 110
341 136
341 162
341 309
341 354
341 359
342 95
342 120
342 145
342 214
342 238
342 244
342 260
342 320
343 103
343 143
343 165
343 178
343 247
343 388
344 72
344 88
344 135
344 153
344 163
344 191
344 233
344 313
344 388
345 48
345 72
345 163
345 165
345 358
345 359
346 55
346 94
346 191
346 217
346 272
346 307
346 349
346 367
347 4
347 136
347 208
347 283
347 361
348 26
348 85
348 103
348 167
348 185
348 272
348 336
348 387
348 388
349 41
349 76
349 82
349 150
349 167
349 178
349 320
349 380
350 94
350 180
350 185
350 314
350 342
351 41
351 91
351 139
351 145
351 150
351 193
352 3
352 21
352 162
352 242
352 333
353 3
353 47
353 125
353 243
353 279
353 314
353 350
354 76
354 82
354 167
354 185
354 196
354 297
354 320
354 379
354 391
355 18
355 26
355 93
355 149
355 191
355 244
355 260
355 348
355 359
356 114
356 160
356 170
356 175
356 301
356 316
356 383
357 32
357 74
357 88
357 94
357 217
358 48
358 72
358 75
358 150
358 163
358 167
358 297
358 379
358 388
359 392
360 55
360 75
360 220
360 297
360 314
360 320
360 391
361 32
361 165
361 166
361 233
361 240
361 247
361 358
361 379
361 380
362 2
362 122
362 196
362 220
362 233
362 244
362 380
362 382
362 388
363 68
363 119
363 151
363 155
363 161
363 200
363 218
363 268
364 13
364 185
364 199
364 229
364 230
364 254
364 357
364 362
364 385
365 55
365 107
365 144
365 187
365 229
365 236
365 334
365 371
366 90
366 106
366 155
366 230
366 332
366 355
366 376
366 383
367 392
368 52
368 63
368 91
368 210
368 271
368 291
368 342
368 373
368 387
369 67
369 191
369 206
369 239
369 301
369 314
369 335
370 4
370 13
370 76
370 136
370 163
370 197
370 210
370 362
371 18
371 94
371 166
371 207
371 220
371 277
371 304
372 23
372 30
372 130
372 146
372 191
372 195
372 214
372 313
373 48
373 55
373 119
373 167
373 188
373 197
373 329
373 359
374 54
374 233
374 273
374 283
374 310
374 345
375 43
375 147
375 190
375 195
375 200
375 246
375 250
375 258
375 350
376 2
376 26
376 153
376 197
376 220
376 238
376 387
377 12
377 24
377 27
377 85
377 94
377 277
377 334
378 48
378 93
378 144
378 214
378 266
378 309
378 341
378 349
379 392
380 72
380 75
380 76
380 135
380 166
380 379
381 67
381 233
381 253
381 283
381 337
382 59
382 74
382 122
382 136
382 166
382 279
382 380
382 391
383 29
383 54
383 117
383 130
383 212
383 276
383 307
383 388
384 21
384 41
384 196
384 230
384 331
385 103
385 122
385 135
385 143
385 185
385 272
385 336
385 379
385 391
386 196
386 227
386 247
386 252
386 277
386 327
386 373
387 31
387 116
387 120
387 166
387 185
387 220
387 359
387 379
388 48
388 75
388 82
388 116
388 196
388 367
388 391
389 18
389 54
389 59
389 190
389 220
389 332
389 346
390 196
390 219
390 229
390 236
390 348
391 392
