# Tier 7 (Very Large) - Instance 57
# Generated with config: N=459, K=3, topology=random_dag, calendar=random

# HEADER: <num_tasks> <num_types> <num_units>
461 3 21

# RESOURCE TYPES
# Format: <type_id> <num_units> <unit_id1> <unit_id2> ...
0 8 0 1 2 3 4 5 6 7
1 5 8 9 10 11 12
2 8 13 14 15 16 17 18 19 20

# RESOURCE UNITS (Calendars)
# Format: <unit_id> <num_steps> <t1> <v1> <t2> <v2> ...
0 28 0 0 7 100 255 0 268 100 312 0 314 100 381 0 390 100 461 0 468 100 606 0 608 100 753 0 767 100 980 0 994 100 1249 0 1255 100 1334 0 1352 100 1406 0 1410 100 1458 0 1479 100 1690 0 1705 100 1961 0 3948 0
1 28 0 100 252 0 267 100 516 0 525 100 699 0 714 100 974 0 985 100 1236 0 1252 100 1325 0 1336 100 1410 0 1420 100 1667 0 1679 100 1808 0 1822 100 2024 0 2033 100 2177 0 2192 100 2410 0 2415 100 2554 0 2560 100 3948 0
2 28 0 0 6 100 218 0 231 100 310 0 312 100 398 0 418 100 643 0 658 100 854 0 865 100 985 0 1004 100 1157 0 1177 100 1353 0 1358 100 1566 0 1578 100 1808 0 1825 100 1960 0 1971 100 2057 0 2066 100 2315 0 3948 0
3 28 0 100 125 0 136 100 233 0 248 100 417 0 438 100 670 0 676 100 871 0 884 100 1144 0 1154 100 1358 0 1363 100 1470 0 1484 100 1671 0 1689 100 1733 0 1746 100 1884 0 1896 100 2106 0 2120 100 2237 0 2239 100 3948 0
4 28 0 100 149 0 166 100 331 0 334 100 413 0 431 100 647 0 658 100 785 0 788 100 847 0 862 100 915 0 935 100 987 0 994 100 1078 0 1096 100 1193 0 1208 100 1389 0 1407 100 1471 0 1492 100 1736 0 1740 100 3948 0
5 28 0 100 171 0 179 100 388 0 392 100 501 0 512 100 639 0 652 100 824 0 826 100 1015 0 1022 100 1235 0 1241 100 1382 0 1393 100 1576 0 1581 100 1726 0 1747 100 1910 0 1924 100 2117 0 2128 100 2280 0 2293 100 3948 0
6 28 0 100 153 0 159 100 365 0 370 100 522 0 527 100 707 0 728 100 911 0 927 100 1017 0 1025 100 1155 0 1171 100 1262 0 1265 100 1514 0 1526 100 1703 0 1720 100 1968 0 1986 100 2143 0 2163 100 2257 0 2271 100 3948 0
7 28 0 0 3 100 80 0 99 100 305 0 322 100 382 0 402 100 525 0 543 100 698 0 710 100 803 0 821 100 1081 0 1089 100 1241 0 1252 100 1446 0 1449 100 1584 0 1604 100 1798 0 1813 100 1973 0 1991 100 2143 0 3948 0
8 28 0 0 13 100 119 0 131 100 248 0 253 100 408 0 418 100 485 0 497 100 652 0 673 100 791 0 795 100 918 0 928 100 1048 0 1064 100 1204 0 1214 100 1273 0 1294 100 1519 0 1538 100 1687 0 1707 100 1944 0 3948 0
9 28 0 0 10 100 180 0 190 100 314 0 327 100 413 0 417 100 527 0 543 100 746 0 752 100 977 0 984 100 1113 0 1126 100 1245 0 1255 100 1330 0 1335 100 1409 0 1425 100 1617 0 1632 100 1881 0 1883 100 2017 0 3948 0
10 28 0 0 12 100 59 0 71 100 149 0 159 100 326 0 331 100 577 0 579 100 736 0 756 100 1015 0 1022 100 1163 0 1175 100 1301 0 1318 100 1445 0 1458 100 1513 0 1533 100 1771 0 1776 100 1975 0 1982 100 2057 0 3948 0
11 28 0 100 113 0 128 100 221 0 241 100 439 0 448 100 653 0 661 100 786 0 807 100 902 0 915 100 1086 0 1098 100 1230 0 1234 100 1448 0 1461 100 1710 0 1717 100 1804 0 1820 100 2001 0 2004 100 2260 0 2281 100 3948 0
12 28 0 100 143 0 158 100 389 0 402 100 469 0 479 100 624 0 638 100 821 0 840 100 1074 0 1094 100 1257 0 1265 100 1521 0 1536 100 1783 0 1794 100 1839 0 1859 100 1986 0 1995 100 2049 0 2059 100 2277 0 2286 100 3948 0
13 28 0 100 146 0 150 100 283 0 303 100 533 0 543 100 660 0 664 100 710 0 727 100 780 0 790 100 932 0 951 100 1081 0 1100 100 1260 0 1281 100 1399 0 1418 100 1505 0 1518 100 1677 0 1685 100 1765 0 1781 100 3948 0
14 28 0 0 7 100 230 0 234 100 304 0 319 100 473 0 478 100 690 0 707 100 816 0 837 100 1056 0 1076 100 1325 0 1328 100 1531 0 1538 100 1618 0 1632 100 1874 0 1894 100 2036 0 2054 100 2291 0 2296 100 2407 0 3948 0
15 28 0 0 6 100 74 0 80 100 217 0 228 100 344 0 354 100 411 0 416 100 566 0 575 100 742 0 753 100 923 0 932 100 1015 0 1020 100 1257 0 1277 100 1367 0 1381 100 1527 0 1547 100 1687 0 1704 100 1957 0 3948 0
16 28 0 100 121 0 133 100 240 0 246 100 351 0 354 100 426 0 439 100 677 0 693 100 942 0 956 100 1166 0 1187 100 1307 0 1322 100 1432 0 1450 100 1529 0 1538 100 1754 0 1774 100 2006 0 2016 100 2226 0 2245 100 3948 0
17 28 0 100 154 0 174 100 266 0 270 100 372 0 390 100 529 0 540 100 796 0 813 100 906 0 926 100 1107 0 1111 100 1161 0 1165 100 1337 0 1357 100 1506 0 1517 100 1635 0 1656 100 1827 0 1846 100 2058 0 2071 100 3948 0
18 28 0 0 17 100 177 0 193 100 358 0 367 100 450 0 463 100 712 0 721 100 875 0 881 100 987 0 994 100 1112 0 1133 100 1184 0 1199 100 1394 0 1408 100 1538 0 1545 100 1656 0 1668 100 1858 0 1873 100 2082 0 3948 0
19 28 0 100 239 0 247 100 452 0 473 100 573 0 580 100 655 0 674 100 851 0 864 100 925 0 929 100 1171 0 1179 100 1360 0 1376 100 1567 0 1572 100 1763 0 1767 100 1993 0 2010 100 2233 0 2235 100 2435 0 2453 100 3948 0
20 28 0 100 132 0 134 100 298 0 316 100 481 0 488 100 591 0 604 100 851 0 863 100 987 0 993 100 1081 0 1099 100 1195 0 1198 100 1384 0 1399 100 1529 0 1531 100 1592 0 1610 100 1720 0 1733 100 1980 0 1999 100 3948 0

# TASKS
# Format: <task_id> <size> <num_reqs>
# Then for each requirement: <type_id> <qty>
0 0 3
 0 0
 1 0
 2 0
1 10 3
 0 2
 1 3
 2 1
2 14 3
 0 0
 1 2
 2 1
3 1 3
 0 1
 1 2
 2 2
4 13 3
 0 1
 1 3
 2 0
5 1 3
 0 0
 1 0
 2 1
6 9 3
 0 3
 1 2
 2 3
7 6 3
 0 0
 1 0
 2 3
8 7 3
 0 2
 1 2
 2 2
9 20 3
 0 2
 1 0
 2 0
10 1 3
 0 1
 1 1
 2 3
11 13 3
 0 1
 1 0
 2 3
12 10 3
 0 2
 1 0
 2 0
13 20 3
 0 0
 1 0
 2 1
14 12 3
 0 2
 1 0
 2 0
15 17 3
 0 2
 1 2
 2 0
16 6 3
 0 3
 1 1
 2 2
17 20 3
 0 0
 1 1
 2 1
18 9 3
 0 0
 1 2
 2 2
19 12 3
 0 2
 1 0
 2 1
20 2 3
 0 0
 1 2
 2 0
21 16 3
 0 2
 1 1
 2 3
22 9 3
 0 0
 1 2
 2 0
23 14 3
 0 0
 1 0
 2 3
24 13 3
 0 0
 1 0
 2 2
25 20 3
 0 1
 1 0
 2 2
26 4 3
 0 0
 1 0
 2 1
27 19 3
 0 1
 1 3
 2 1
28 13 3
 0 1
 1 0
 2 0
29 4 3
 0 0
 1 1
 2 1
30 4 3
 0 0
 1 0
 2 2
31 4 3
 0 2
 1 0
 2 2
32 8 3
 0 0
 1 3
 2 2
33 20 3
 0 3
 1 3
 2 3
34 16 3
 0 1
 1 2
 2 2
35 6 3
 0 0
 1 0
 2 1
36 1 3
 0 2
 1 1
 2 3
37 4 3
 0 2
 1 1
 2 3
38 15 3
 0 0
 1 0
 2 2
39 16 3
 0 0
 1 0
 2 2
40 1 3
 0 1
 1 2
 2 0
41 9 3
 0 2
 1 2
 2 1
42 17 3
 0 0
 1 1
 2 0
43 6 3
 0 1
 1 1
 2 1
44 13 3
 0 0
 1 3
 2 0
45 17 3
 0 0
 1 3
 2 2
46 13 3
 0 0
 1 0
 2 3
47 17 3
 0 3
 1 1
 2 1
48 16 3
 0 2
 1 0
 2 0
49 10 3
 0 3
 1 1
 2 0
50 3 3
 0 0
 1 1
 2 1
51 2 3
 0 1
 1 0
 2 1
52 2 3
 0 3
 1 1
 2 1
53 16 3
 0 2
 1 0
 2 2
54 11 3
 0 1
 1 2
 2 0
55 11 3
 0 0
 1 1
 2 0
56 14 3
 0 0
 1 3
 2 1
57 12 3
 0 0
 1 3
 2 1
58 13 3
 0 2
 1 2
 2 1
59 16 3
 0 2
 1 2
 2 2
60 11 3
 0 2
 1 3
 2 3
61 15 3
 0 3
 1 0
 2 0
62 15 3
 0 3
 1 3
 2 3
63 6 3
 0 2
 1 2
 2 1
64 8 3
 0 0
 1 3
 2 0
65 1 3
 0 1
 1 0
 2 0
66 14 3
 0 0
 1 1
 2 3
67 7 3
 0 0
 1 3
 2 0
68 15 3
 0 0
 1 0
 2 1
69 3 3
 0 0
 1 0
 2 3
70 7 3
 0 2
 1 0
 2 2
71 9 3
 0 0
 1 0
 2 2
72 8 3
 0 0
 1 3
 2 3
73 17 3
 0 0
 1 0
 2 2
74 19 3
 0 0
 1 0
 2 1
75 15 3
 0 3
 1 3
 2 1
76 15 3
 0 2
 1 0
 2 2
77 14 3
 0 1
 1 3
 2 2
78 15 3
 0 2
 1 3
 2 0
79 14 3
 0 2
 1 2
 2 3
80 10 3
 0 2
 1 0
 2 0
81 12 3
 0 2
 1 2
 2 1
82 6 3
 0 1
 1 0
 2 2
83 1 3
 0 0
 1 3
 2 0
84 20 3
 0 3
 1 1
 2 2
85 10 3
 0 3
 1 0
 2 0
86 1 3
 0 2
 1 0
 2 0
87 12 3
 0 2
 1 0
 2 0
88 9 3
 0 3
 1 1
 2 3
89 18 3
 0 1
 1 2
 2 2
90 16 3
 0 3
 1 0
 2 3
91 6 3
 0 2
 1 0
 2 1
92 3 3
 0 1
 1 1
 2 2
93 7 3
 0 1
 1 0
 2 3
94 13 3
 0 1
 1 2
 2 0
95 9 3
 0 2
 1 2
 2 2
96 6 3
 0 0
 1 0
 2 1
97 10 3
 0 2
 1 3
 2 0
98 17 3
 0 0
 1 3
 2 2
99 4 3
 0 2
 1 3
 2 2
100 10 3
 0 0
 1 1
 2 0
101 17 3
 0 0
 1 3
 2 0
102 5 3
 0 2
 1 2
 2 0
103 15 3
 0 0
 1 3
 2 1
104 17 3
 0 0
 1 2
 2 1
105 4 3
 0 2
 1 0
 2 0
106 3 3
 0 1
 1 3
 2 3
107 5 3
 0 1
 1 1
 2 1
108 14 3
 0 3
 1 3
 2 3
109 11 3
 0 1
 1 1
 2 0
110 17 3
 0 0
 1 0
 2 1
111 7 3
 0 2
 1 0
 2 1
112 7 3
 0 2
 1 0
 2 2
113 3 3
 0 3
 1 3
 2 0
114 14 3
 0 1
 1 0
 2 0
115 3 3
 0 0
 1 1
 2 0
116 3 3
 0 2
 1 1
 2 3
117 18 3
 0 0
 1 2
 2 0
118 15 3
 0 3
 1 1
 2 0
119 6 3
 0 2
 1 3
 2 0
120 14 3
 0 3
 1 1
 2 0
121 2 3
 0 2
 1 2
 2 3
122 7 3
 0 3
 1 0
 2 1
123 1 3
 0 1
 1 3
 2 0
124 16 3
 0 2
 1 3
 2 1
125 10 3
 0 0
 1 3
 2 3
126 6 3
 0 3
 1 1
 2 1
127 18 3
 0 1
 1 0
 2 0
128 8 3
 0 0
 1 0
 2 2
129 6 3
 0 2
 1 1
 2 3
130 1 3
 0 2
 1 0
 2 0
131 5 3
 0 0
 1 3
 2 0
132 12 3
 0 3
 1 1
 2 1
133 17 3
 0 3
 1 2
 2 2
134 2 3
 0 3
 1 1
 2 1
135 17 3
 0 3
 1 2
 2 0
136 10 3
 0 0
 1 2
 2 1
137 18 3
 0 0
 1 0
 2 1
138 19 3
 0 2
 1 3
 2 0
139 14 3
 0 0
 1 3
 2 3
140 8 3
 0 2
 1 0
 2 3
141 7 3
 0 2
 1 2
 2 3
142 3 3
 0 0
 1 0
 2 3
143 4 3
 0 1
 1 1
 2 0
144 8 3
 0 3
 1 0
 2 0
145 19 3
 0 0
 1 1
 2 0
146 20 3
 0 0
 1 3
 2 1
147 7 3
 0 0
 1 3
 2 0
148 10 3
 0 1
 1 1
 2 2
149 3 3
 0 0
 1 3
 2 3
150 18 3
 0 2
 1 0
 2 2
151 13 3
 0 1
 1 0
 2 3
152 18 3
 0 0
 1 2
 2 0
153 6 3
 0 0
 1 1
 2 1
154 1 3
 0 1
 1 0
 2 3
155 17 3
 0 3
 1 1
 2 0
156 20 3
 0 3
 1 3
 2 3
157 3 3
 0 2
 1 0
 2 2
158 1 3
 0 3
 1 3
 2 0
159 7 3
 0 0
 1 2
 2 3
160 19 3
 0 2
 1 1
 2 1
161 13 3
 0 2
 1 0
 2 3
162 3 3
 0 2
 1 3
 2 0
163 20 3
 0 0
 1 3
 2 3
164 1 3
 0 3
 1 2
 2 0
165 8 3
 0 0
 1 1
 2 3
166 16 3
 0 2
 1 1
 2 2
167 17 3
 0 2
 1 2
 2 3
168 1 3
 0 0
 1 2
 2 3
169 17 3
 0 1
 1 1
 2 3
170 17 3
 0 0
 1 1
 2 0
171 7 3
 0 1
 1 0
 2 2
172 17 3
 0 0
 1 2
 2 3
173 17 3
 0 0
 1 1
 2 2
174 19 3
 0 0
 1 3
 2 0
175 9 3
 0 0
 1 3
 2 0
176 19 3
 0 1
 1 3
 2 1
177 4 3
 0 0
 1 0
 2 3
178 16 3
 0 2
 1 2
 2 2
179 11 3
 0 1
 1 0
 2 0
180 6 3
 0 3
 1 0
 2 2
181 13 3
 0 0
 1 0
 2 1
182 17 3
 0 0
 1 1
 2 0
183 17 3
 0 0
 1 2
 2 1
184 18 3
 0 0
 1 3
 2 0
185 14 3
 0 0
 1 0
 2 2
186 18 3
 0 0
 1 0
 2 3
187 19 3
 0 0
 1 1
 2 1
188 13 3
 0 0
 1 1
 2 0
189 8 3
 0 2
 1 0
 2 1
190 11 3
 0 0
 1 1
 2 3
191 9 3
 0 2
 1 2
 2 2
192 10 3
 0 3
 1 1
 2 0
193 10 3
 0 1
 1 2
 2 1
194 6 3
 0 0
 1 0
 2 2
195 8 3
 0 0
 1 3
 2 1
196 7 3
 0 0
 1 2
 2 0
197 1 3
 0 2
 1 2
 2 3
198 9 3
 0 2
 1 2
 2 3
199 12 3
 0 0
 1 1
 2 0
200 16 3
 0 0
 1 3
 2 0
201 4 3
 0 0
 1 0
 2 1
202 2 3
 0 3
 1 0
 2 2
203 11 3
 0 2
 1 0
 2 3
204 14 3
 0 3
 1 0
 2 2
205 3 3
 0 3
 1 0
 2 1
206 9 3
 0 3
 1 0
 2 0
207 1 3
 0 1
 1 0
 2 0
208 20 3
 0 2
 1 0
 2 2
209 11 3
 0 1
 1 0
 2 1
210 20 3
 0 2
 1 0
 2 0
211 9 3
 0 0
 1 0
 2 2
212 1 3
 0 2
 1 3
 2 0
213 15 3
 0 0
 1 0
 2 1
214 20 3
 0 1
 1 0
 2 0
215 14 3
 0 0
 1 1
 2 2
216 8 3
 0 0
 1 3
 2 0
217 4 3
 0 0
 1 0
 2 1
218 2 3
 0 3
 1 0
 2 0
219 8 3
 0 3
 1 3
 2 1
220 17 3
 0 3
 1 3
 2 2
221 16 3
 0 2
 1 0
 2 3
222 14 3
 0 3
 1 0
 2 1
223 6 3
 0 1
 1 0
 2 0
224 10 3
 0 0
 1 1
 2 1
225 19 3
 0 2
 1 2
 2 0
226 9 3
 0 1
 1 2
 2 3
227 19 3
 0 2
 1 0
 2 3
228 18 3
 0 0
 1 1
 2 3
229 17 3
 0 3
 1 0
 2 1
230 8 3
 0 1
 1 3
 2 1
231 13 3
 0 0
 1 0
 2 3
232 16 3
 0 3
 1 0
 2 3
233 7 3
 0 3
 1 2
 2 2
234 16 3
 0 2
 1 1
 2 1
235 20 3
 0 3
 1 0
 2 0
236 2 3
 0 3
 1 1
 2 3
237 5 3
 0 2
 1 1
 2 3
238 2 3
 0 1
 1 1
 2 0
239 10 3
 0 0
 1 2
 2 1
240 20 3
 0 0
 1 3
 2 3
241 2 3
 0 1
 1 3
 2 0
242 10 3
 0 2
 1 0
 2 2
243 1 3
 0 2
 1 3
 2 0
244 10 3
 0 1
 1 3
 2 1
245 4 3
 0 3
 1 3
 2 1
246 17 3
 0 3
 1 2
 2 1
247 19 3
 0 0
 1 1
 2 0
248 8 3
 0 0
 1 1
 2 0
249 14 3
 0 2
 1 1
 2 0
250 14 3
 0 0
 1 2
 2 0
251 6 3
 0 3
 1 1
 2 0
252 17 3
 0 2
 1 1
 2 1
253 5 3
 0 2
 1 0
 2 0
254 17 3
 0 2
 1 1
 2 1
255 7 3
 0 0
 1 3
 2 2
256 16 3
 0 3
 1 0
 2 2
257 9 3
 0 0
 1 2
 2 1
258 16 3
 0 0
 1 1
 2 2
259 11 3
 0 3
 1 0
 2 0
260 12 3
 0 0
 1 0
 2 1
261 14 3
 0 0
 1 0
 2 3
262 17 3
 0 1
 1 0
 2 1
263 3 3
 0 1
 1 2
 2 3
264 16 3
 0 0
 1 1
 2 0
265 11 3
 0 2
 1 3
 2 3
266 16 3
 0 0
 1 0
 2 1
267 6 3
 0 2
 1 0
 2 0
268 4 3
 0 1
 1 0
 2 0
269 20 3
 0 0
 1 1
 2 0
270 1 3
 0 2
 1 1
 2 0
271 20 3
 0 3
 1 3
 2 2
272 17 3
 0 0
 1 2
 2 0
273 1 3
 0 3
 1 0
 2 0
274 12 3
 0 1
 1 1
 2 2
275 9 3
 0 1
 1 0
 2 0
276 2 3
 0 1
 1 2
 2 0
277 4 3
 0 2
 1 0
 2 1
278 8 3
 0 0
 1 2
 2 0
279 6 3
 0 3
 1 0
 2 2
280 12 3
 0 0
 1 0
 2 2
281 7 3
 0 1
 1 2
 2 2
282 8 3
 0 1
 1 0
 2 0
283 16 3
 0 2
 1 3
 2 2
284 18 3
 0 0
 1 0
 2 2
285 5 3
 0 0
 1 0
 2 1
286 18 3
 0 3
 1 1
 2 1
287 9 3
 0 0
 1 1
 2 0
288 12 3
 0 2
 1 1
 2 1
289 4 3
 0 3
 1 1
 2 2
290 7 3
 0 3
 1 0
 2 1
291 16 3
 0 0
 1 2
 2 0
292 15 3
 0 0
 1 2
 2 2
293 17 3
 0 3
 1 3
 2 0
294 15 3
 0 0
 1 3
 2 0
295 18 3
 0 3
 1 3
 2 0
296 15 3
 0 1
 1 0
 2 1
297 20 3
 0 1
 1 2
 2 3
298 14 3
 0 0
 1 1
 2 3
299 7 3
 0 1
 1 2
 2 0
300 20 3
 0 0
 1 0
 2 1
301 16 3
 0 3
 1 0
 2 0
302 9 3
 0 0
 1 2
 2 3
303 3 3
 0 2
 1 3
 2 0
304 13 3
 0 2
 1 3
 2 2
305 17 3
 0 0
 1 0
 2 1
306 16 3
 0 1
 1 2
 2 2
307 4 3
 0 0
 1 1
 2 3
308 2 3
 0 3
 1 0
 2 1
309 5 3
 0 1
 1 0
 2 0
310 11 3
 0 0
 1 1
 2 3
311 14 3
 0 3
 1 1
 2 1
312 11 3
 0 0
 1 0
 2 2
313 19 3
 0 3
 1 3
 2 2
314 7 3
 0 0
 1 0
 2 2
315 12 3
 0 0
 1 0
 2 1
316 6 3
 0 2
 1 3
 2 3
317 3 3
 0 2
 1 1
 2 1
318 19 3
 0 1
 1 1
 2 2
319 11 3
 0 3
 1 2
 2 0
320 7 3
 0 3
 1 0
 2 2
321 14 3
 0 3
 1 0
 2 0
322 14 3
 0 0
 1 2
 2 2
323 2 3
 0 0
 1 2
 2 0
324 6 3
 0 2
 1 0
 2 2
325 11 3
 0 0
 1 2
 2 0
326 18 3
 0 0
 1 1
 2 1
327 3 3
 0 3
 1 0
 2 0
328 17 3
 0 2
 1 0
 2 3
329 20 3
 0 0
 1 0
 2 2
330 9 3
 0 2
 1 2
 2 1
331 4 3
 0 1
 1 0
 2 0
332 14 3
 0 0
 1 0
 2 1
333 2 3
 0 0
 1 1
 2 1
334 7 3
 0 1
 1 2
 2 3
335 18 3
 0 1
 1 0
 2 0
336 2 3
 0 1
 1 2
 2 2
337 14 3
 0 3
 1 1
 2 0
338 12 3
 0 0
 1 1
 2 2
339 2 3
 0 2
 1 1
 2 0
340 1 3
 0 0
 1 3
 2 3
341 16 3
 0 0
 1 3
 2 1
342 15 3
 0 1
 1 0
 2 1
343 17 3
 0 0
 1 1
 2 0
344 8 3
 0 0
 1 0
 2 2
345 1 3
 0 1
 1 0
 2 0
346 4 3
 0 0
 1 1
 2 1
347 3 3
 0 0
 1 1
 2 3
348 5 3
 0 1
 1 0
 2 2
349 16 3
 0 2
 1 0
 2 3
350 19 3
 0 0
 1 3
 2 0
351 7 3
 0 2
 1 0
 2 2
352 12 3
 0 1
 1 0
 2 3
353 18 3
 0 3
 1 1
 2 2
354 3 3
 0 3
 1 1
 2 3
355 8 3
 0 0
 1 3
 2 1
356 4 3
 0 3
 1 3
 2 0
357 4 3
 0 2
 1 3
 2 0
358 15 3
 0 3
 1 0
 2 0
359 9 3
 0 0
 1 0
 2 3
360 16 3
 0 0
 1 3
 2 1
361 16 3
 0 0
 1 3
 2 0
362 19 3
 0 1
 1 0
 2 2
363 10 3
 0 1
 1 1
 2 3
364 9 3
 0 0
 1 0
 2 2
365 1 3
 0 3
 1 2
 2 3
366 7 3
 0 1
 1 0
 2 2
367 17 3
 0 0
 1 2
 2 0
368 8 3
 0 0
 1 0
 2 3
369 11 3
 0 0
 1 2
 2 1
370 9 3
 0 3
 1 0
 2 2
371 16 3
 0 1
 1 3
 2 2
372 4 3
 0 0
 1 0
 2 1
373 7 3
 0 0
 1 1
 2 0
374 19 3
 0 0
 1 2
 2 0
375 12 3
 0 3
 1 0
 2 0
376 2 3
 0 3
 1 3
 2 1
377 11 3
 0 2
 1 3
 2 0
378 14 3
 0 0
 1 2
 2 3
379 6 3
 0 3
 1 0
 2 3
380 9 3
 0 0
 1 2
 2 0
381 3 3
 0 3
 1 0
 2 1
382 3 3
 0 1
 1 0
 2 0
383 20 3
 0 1
 1 2
 2 0
384 14 3
 0 0
 1 3
 2 0
385 18 3
 0 1
 1 3
 2 3
386 17 3
 0 0
 1 3
 2 1
387 19 3
 0 3
 1 2
 2 3
388 2 3
 0 0
 1 0
 2 1
389 11 3
 0 0
 1 2
 2 3
390 13 3
 0 1
 1 3
 2 2
391 19 3
 0 0
 1 2
 2 3
392 14 3
 0 0
 1 3
 2 1
393 13 3
 0 2
 1 2
 2 0
394 9 3
 0 2
 1 0
 2 0
395 4 3
 0 2
 1 3
 2 0
396 11 3
 0 1
 1 0
 2 1
397 15 3
 0 1
 1 0
 2 0
398 19 3
 0 1
 1 0
 2 0
399 15 3
 0 3
 1 1
 2 3
400 20 3
 0 2
 1 1
 2 0
401 7 3
 0 1
 1 0
 2 1
402 16 3
 0 0
 1 0
 2 1
403 3 3
 0 0
 1 0
 2 2
404 1 3
 0 0
 1 1
 2 2
405 12 3
 0 3
 1 2
 2 2
406 12 3
 0 3
 1 0
 2 0
407 17 3
 0 0
 1 3
 2 2
408 12 3
 0 2
 1 3
 2 2
409 11 3
 0 1
 1 3
 2 2
410 18 3
 0 0
 1 1
 2 0
411 11 3
 0 1
 1 1
 2 0
412 4 3
 0 2
 1 0
 2 0
413 12 3
 0 3
 1 3
 2 1
414 5 3
 0 0
 1 3
 2 0
415 5 3
 0 3
 1 1
 2 0
416 11 3
 0 0
 1 1
 2 3
417 7 3
 0 0
 1 0
 2 1
418 18 3
 0 2
 1 1
 2 1
419 3 3
 0 1
 1 0
 2 0
420 11 3
 0 3
 1 2
 2 3
421 11 3
 0 3
 1 0
 2 2
422 9 3
 0 1
 1 0
 2 0
423 6 3
 0 0
 1 0
 2 1
424 15 3
 0 3
 1 3
 2 1
425 6 3
 0 3
 1 0
 2 0
426 13 3
 0 1
 1 0
 2 0
427 14 3
 0 1
 1 0
 2 0
428 12 3
 0 3
 1 0
 2 2
429 15 3
 0 3
 1 1
 2 1
430 1 3
 0 2
 1 0
 2 3
431 19 3
 0 2
 1 0
 2 0
432 17 3
 0 1
 1 2
 2 2
433 18 3
 0 2
 1 0
 2 0
434 16 3
 0 0
 1 0
 2 3
435 14 3
 0 0
 1 0
 2 3
436 16 3
 0 2
 1 1
 2 2
437 16 3
 0 1
 1 0
 2 2
438 12 3
 0 0
 1 2
 2 0
439 6 3
 0 0
 1 0
 2 2
440 7 3
 0 2
 1 0
 2 1
441 13 3
 0 2
 1 3
 2 0
442 7 3
 0 3
 1 2
 2 1
443 3 3
 0 3
 1 0
 2 0
444 2 3
 0 1
 1 2
 2 0
445 16 3
 0 0
 1 2
 2 2
446 3 3
 0 0
 1 3
 2 0
447 17 3
 0 0
 1 0
 2 2
448 15 3
 0 0
 1 0
 2 1
449 1 3
 0 2
 1 2
 2 3
450 10 3
 0 1
 1 3
 2 3
451 2 3
 0 3
 1 2
 2 0
452 15 3
 0 0
 1 2
 2 3
453 3 3
 0 1
 1 3
 2 1
454 20 3
 0 0
 1 0
 2 1
455 13 3
 0 3
 1 1
 2 0
456 15 3
 0 3
 1 3
 2 0
457 4 3
 0 3
 1 1
 2 2
458 7 3
 0 0
 1 1
 2 1
459 18 3
 0 0
 1 1
 2 2
460 0 3
 0 0
 1 0
 2 0

# PRECEDENCES
2764
0 4
0 11
0 13
0 17
0 22
0 25
0 27
0 31
0 36
0 37
0 42
0 47
0 49
0 55
0 81
0 85
0 93
0 94
0 100
0 101
0 102
0 105
0 107
0 111
0 114
0 125
0 126
0 127
0 130
0 132
0 138
0 140
0 146
0 147
0 150
0 152
0 154
0 160
0 162
0 166
0 170
0 171
0 181
0 187
0 190
0 191
0 197
0 200
0 201
0 203
0 204
0 209
0 210
0 215
0 218
0 227
0 229
0 232
0 233
0 235
0 238
0 243
0 246
0 247
0 254
0 255
0 259
0 262
0 264
0 270
0 278
0 281
0 284
0 290
0 291
0 295
0 304
0 313
0 319
0 323
0 326
0 328
0 329
0 339
0 345
0 350
0 351
0 359
0 363
0 365
0 367
0 369
0 370
0 376
0 379
0 386
0 387
0 388
0 391
0 392
0 393
0 397
0 406
0 407
0 416
0 423
0 424
0 425
0 427
0 430
0 431
0 432
0 439
0 442
0 447
0 451
0 452
0 455
0 456
0 457
1 10
1 68
1 72
1 275
1 300
1 368
1 437
2 21
2 89
2 91
2 294
2 338
3 72
3 223
3 293
3 337
3 355
3 394
3 412
3 437
4 82
4 144
4 213
4 216
4 319
4 387
5 62
5 165
5 167
5 206
5 253
5 303
5 305
5 340
6 84
6 108
6 124
6 224
6 257
6 378
6 380
6 398
7 157
7 163
7 205
7 220
7 283
7 420
8 92
8 122
8 374
8 380
9 189
9 226
9 385
9 400
10 460
11 18
11 23
11 168
11 236
11 237
11 252
11 348
12 1
12 59
12 133
12 153
12 276
12 300
12 352
12 417
13 108
13 164
13 183
13 242
13 281
13 334
13 353
13 361
14 144
14 226
14 256
14 257
14 296
14 343
15 3
15 44
15 56
15 276
15 438
15 458
16 19
16 346
16 347
16 412
16 415
16 434
16 450
17 142
17 186
17 245
17 305
18 8
18 123
18 184
18 343
18 401
19 8
19 35
19 92
19 103
19 151
19 327
19 459
20 72
20 199
20 288
20 298
20 315
20 352
20 395
20 437
21 460
22 73
22 249
22 290
22 441
23 72
23 241
23 286
23 296
23 338
24 48
24 91
24 156
24 184
24 236
24 315
24 353
24 415
25 44
25 171
25 205
25 269
25 342
25 349
25 397
25 435
26 19
26 245
26 267
26 353
26 358
26 395
26 446
27 38
27 70
27 384
27 395
28 8
28 61
28 174
28 207
28 260
28 371
28 413
28 417
29 118
29 178
29 299
29 314
29 337
29 342
29 360
29 441
30 91
30 110
30 205
30 241
30 324
30 342
30 343
31 9
31 79
31 100
31 180
31 210
31 211
31 459
32 66
32 122
32 151
32 249
32 274
33 50
33 59
33 123
33 179
33 316
33 389
34 12
34 89
34 137
34 143
34 145
34 211
34 271
34 324
35 76
35 108
35 153
35 157
35 226
35 353
35 396
35 401
36 62
36 69
36 180
36 399
37 34
37 96
37 198
37 212
37 236
37 242
38 59
38 92
38 110
38 173
38 273
38 288
38 380
38 437
39 28
39 109
39 279
39 324
40 70
40 161
40 220
40 368
40 395
40 396
40 437
40 459
41 10
41 211
41 219
41 285
41 377
42 16
42 60
42 164
42 195
42 438
43 45
43 315
43 327
43 420
44 19
44 76
44 279
44 286
44 332
44 348
45 103
45 153
45 333
45 341
45 412
46 86
46 144
46 177
46 316
46 399
46 420
47 21
47 41
47 59
47 120
47 141
47 153
47 211
47 398
48 10
48 103
48 137
48 144
48 299
48 356
48 459
49 141
49 257
49 294
49 378
49 385
50 159
50 219
50 224
50 318
51 21
51 52
51 75
51 362
51 401
52 66
52 92
52 178
52 221
52 437
53 68
53 296
53 309
53 324
53 346
53 398
53 405
53 412
54 91
54 174
54 249
54 420
55 21
55 59
55 118
55 311
55 357
55 394
56 87
56 122
56 276
56 296
56 298
56 330
56 380
56 412
57 10
57 56
57 89
57 183
57 377
58 66
58 219
58 220
58 241
58 362
58 375
58 405
58 413
59 72
59 199
59 260
59 288
59 318
59 396
60 8
60 10
60 53
60 72
60 109
60 139
60 222
60 355
61 108
61 221
61 303
61 353
61 356
62 35
62 124
62 324
62 343
62 344
62 402
63 24
63 95
63 99
63 157
63 301
63 368
63 450
64 20
64 23
64 193
64 309
64 399
65 35
65 108
65 153
65 193
65 199
65 389
65 437
66 260
66 336
66 413
66 417
66 446
67 14
67 23
67 183
67 202
67 333
67 418
68 460
69 21
69 76
69 156
69 346
69 347
69 352
69 368
70 72
70 157
70 161
70 273
70 286
70 298
70 437
71 62
71 234
71 241
71 261
71 355
71 358
71 384
71 437
72 460
73 113
73 151
73 153
73 317
73 362
73 377
74 63
74 157
74 182
74 224
74 347
74 438
75 44
75 79
75 222
75 224
75 402
76 68
76 88
76 161
76 221
76 275
76 315
76 318
77 169
77 240
77 348
77 364
77 389
78 117
78 124
78 179
78 274
78 283
78 375
79 92
79 260
79 279
79 309
79 346
79 380
79 412
79 413
80 40
80 79
80 193
80 303
80 353
80 426
81 35
81 67
81 98
81 241
81 275
81 280
81 331
81 336
82 19
82 88
82 131
82 383
82 418
82 450
83 21
83 159
83 269
83 282
83 366
84 21
84 45
84 231
84 325
84 354
85 164
85 185
85 231
85 303
85 389
85 418
85 441
86 73
86 122
86 168
86 196
86 224
86 296
86 389
86 415
87 68
87 199
87 205
87 315
87 389
88 21
88 68
88 212
88 396
89 70
89 118
89 273
89 309
90 12
90 70
90 103
90 113
90 134
90 144
90 205
90 288
91 87
91 110
91 317
91 417
91 459
92 21
92 212
92 260
92 275
92 288
92 315
92 396
93 5
93 72
93 112
93 216
93 421
93 450
94 143
94 161
94 283
94 286
94 360
94 445
95 28
95 80
95 134
95 178
95 318
95 325
95 419
95 453
96 122
96 186
96 356
96 399
97 18
97 134
97 276
97 378
98 26
98 35
98 260
98 277
98 325
98 360
98 412
99 72
99 122
99 144
99 161
99 196
99 353
99 362
99 446
100 26
100 149
100 225
100 273
100 322
100 341
101 44
101 97
101 325
101 336
102 97
102 99
102 171
102 198
102 312
102 437
103 10
103 92
103 110
103 220
103 273
103 437
104 67
104 76
104 338
104 395
104 399
104 429
105 98
105 119
105 268
105 362
105 429
105 434
106 124
106 315
106 336
106 419
107 69
107 82
107 113
107 223
107 230
107 249
107 362
107 386
108 10
108 21
108 273
108 315
108 368
108 389
108 417
109 110
109 161
109 212
109 303
110 68
110 212
110 298
110 318
111 24
111 64
111 68
111 189
111 253
111 352
111 399
111 452
112 110
112 135
112 169
112 245
112 383
112 434
113 10
113 88
113 153
113 226
114 141
114 231
114 314
114 441
115 28
115 96
115 241
115 244
115 294
115 373
115 426
115 429
116 60
116 226
116 234
116 408
117 66
117 123
117 139
117 260
117 368
117 418
118 20
118 35
118 91
118 411
118 415
119 186
119 224
119 236
119 307
119 449
120 38
120 151
120 249
120 294
120 349
120 360
121 158
121 161
121 178
121 272
121 362
122 72
122 153
122 199
122 260
122 273
122 352
122 417
122 437
123 23
123 56
123 139
123 143
123 153
123 303
123 335
124 21
124 35
124 226
124 356
125 13
125 157
125 187
125 236
125 252
125 421
126 12
126 28
126 70
126 221
126 285
126 318
127 28
127 96
127 104
127 173
127 250
127 440
128 28
128 53
128 110
128 257
128 309
128 450
129 10
129 135
129 219
129 223
129 307
129 324
130 43
130 151
130 173
130 268
130 290
130 316
131 145
131 194
131 377
131 444
132 118
132 213
132 252
132 299
133 10
133 286
133 303
133 398
133 401
134 20
134 68
134 133
134 285
134 325
134 450
135 1
135 199
135 395
135 402
135 450
136 59
136 92
136 352
136 389
136 413
137 68
137 87
137 110
137 212
137 273
137 300
137 395
138 41
138 131
138 249
138 347
139 14
139 48
139 133
139 256
139 327
140 133
140 208
140 293
140 361
140 365
140 398
140 434
141 23
141 103
141 217
141 268
141 458
142 54
142 65
142 176
142 219
142 221
142 226
142 308
142 336
143 113
143 348
143 411
143 419
143 450
144 87
144 220
144 276
144 288
144 317
144 459
145 70
145 86
145 134
145 165
145 459
146 20
146 212
146 286
146 361
146 398
146 436
146 437
146 438
147 24
147 142
147 165
147 168
147 186
147 289
147 308
147 436
148 1
148 298
148 299
148 380
148 389
148 395
148 396
148 398
149 20
149 68
149 123
149 169
149 317
149 324
149 450
150 33
150 263
150 276
150 404
150 422
151 21
151 103
151 108
151 158
151 317
151 353
151 437
152 2
152 153
152 234
152 346
152 390
152 405
153 460
154 50
154 173
154 208
154 212
154 250
154 330
154 361
154 385
155 35
155 96
155 236
155 249
155 285
155 347
155 402
156 10
156 21
156 108
156 173
156 288
156 299
156 303
156 405
157 21
157 153
157 161
157 273
157 275
157 318
157 368
158 72
158 110
158 199
158 273
158 315
158 389
159 38
159 103
159 137
159 217
159 302
159 312
159 346
160 273
160 321
160 350
160 398
161 460
162 91
162 194
162 300
162 417
163 28
163 44
163 158
163 225
163 322
163 450
164 2
164 14
164 68
164 207
164 279
164 368
165 1
165 113
165 153
165 158
165 213
165 285
165 318
166 127
166 143
166 144
166 231
167 3
167 30
167 35
167 62
167 118
167 177
167 234
168 21
168 70
168 148
168 226
169 8
169 35
169 91
169 122
169 288
169 343
169 348
169 415
170 136
170 155
170 177
170 325
170 330
170 336
171 80
171 174
171 202
171 340
171 369
171 405
171 411
172 43
172 119
172 153
172 221
172 224
172 394
173 10
173 72
173 161
173 273
173 275
174 70
174 103
174 110
174 118
174 144
174 286
174 380
175 72
175 198
175 211
175 417
175 444
176 305
176 337
176 441
176 449
177 79
177 133
177 139
177 161
177 186
177 257
177 336
178 86
178 199
178 221
178 260
178 276
178 325
179 12
179 68
179 77
179 87
179 275
179 382
179 428
180 34
180 57
180 129
180 317
180 404
181 24
181 70
181 221
181 369
182 212
182 242
182 285
182 330
182 336
182 341
182 412
183 19
183 70
183 72
183 222
183 332
183 335
183 360
184 66
184 72
184 86
184 148
184 221
184 352
184 413
184 434
185 32
185 68
185 89
185 112
185 258
185 322
185 360
185 381
186 87
186 122
186 196
186 276
186 299
186 309
186 412
187 30
187 51
187 271
187 303
187 366
187 382
187 426
187 436
188 163
188 177
188 294
188 382
189 157
189 300
189 321
189 354
190 88
190 91
190 123
190 245
190 260
190 272
190 316
190 320
191 33
191 78
191 113
191 153
191 296
191 352
191 389
191 405
192 44
192 157
192 222
192 402
193 91
193 99
193 260
193 315
193 395
194 40
194 53
194 79
194 91
194 139
194 415
195 115
195 137
195 211
195 228
195 272
195 282
195 362
195 389
196 20
196 35
196 108
196 226
196 298
196 299
196 325
196 415
197 72
197 159
197 252
197 403
198 3
198 19
198 72
198 436
198 440
199 460
200 44
200 123
200 211
200 226
200 458
201 207
201 208
201 282
201 352
202 56
202 73
202 110
202 324
202 459
203 131
203 179
203 190
203 224
203 244
203 256
203 402
204 53
204 106
204 299
204 353
205 68
205 260
205 273
205 298
205 417
206 56
206 113
206 208
206 257
206 333
206 361
207 157
207 158
207 260
207 299
207 315
207 318
208 128
208 177
208 186
208 231
208 234
208 288
208 327
208 458
209 103
209 216
209 322
209 324
210 217
210 267
210 298
210 323
211 21
211 137
211 157
211 199
211 221
211 300
212 460
213 88
213 153
213 257
213 380
213 398
214 41
214 61
214 62
214 89
214 139
214 211
214 237
214 449
215 213
215 298
215 309
215 450
216 78
216 182
216 217
216 336
216 382
217 110
217 123
217 153
217 333
217 374
218 68
218 91
218 95
218 306
219 66
219 169
219 222
219 225
219 236
220 21
220 298
220 315
220 395
221 10
221 21
221 72
221 298
221 389
221 437
222 99
222 212
222 260
222 398
223 72
223 99
223 371
223 383
223 398
223 450
224 1
224 133
224 205
224 257
224 315
224 336
225 220
225 222
225 303
225 420
226 21
226 72
226 273
226 352
226 368
226 389
226 396
227 27
227 117
227 240
227 293
227 301
227 309
227 327
228 16
228 51
228 84
228 148
228 222
228 236
229 59
229 123
229 153
229 187
229 283
229 339
230 59
230 221
230 245
230 377
230 446
231 89
231 108
231 199
231 260
231 285
231 317
231 346
231 374
232 50
232 139
232 142
232 212
232 301
232 309
232 317
232 401
233 29
233 102
233 122
233 262
233 277
233 307
234 12
234 70
234 156
234 256
234 346
234 389
234 426
234 441
235 208
235 210
235 223
235 372
236 1
236 87
236 88
236 118
236 193
236 257
236 377
236 402
237 96
237 137
237 176
237 222
237 265
237 338
237 348
237 385
238 77
238 242
238 244
238 408
239 69
239 90
239 109
239 151
240 1
240 70
240 137
240 193
240 299
241 10
241 88
241 153
241 173
241 205
241 212
241 309
241 352
242 14
242 133
242 192
242 437
243 30
243 41
243 98
243 122
243 142
243 190
243 208
244 116
244 168
244 256
244 377
245 40
245 148
245 151
245 153
245 157
245 260
245 286
245 437
246 83
246 307
246 361
246 433
247 95
247 96
247 253
247 256
247 288
247 317
247 375
248 128
248 136
248 183
248 194
248 337
248 408
248 448
249 40
249 133
249 212
249 299
249 356
249 362
250 65
250 88
250 103
250 212
250 374
250 404
250 437
250 446
251 52
251 149
251 176
251 208
251 303
251 330
251 426
252 19
252 53
252 84
252 315
252 453
253 38
253 40
253 92
253 230
253 240
253 394
253 417
253 419
254 118
254 156
254 303
254 355
254 418
254 441
255 16
255 137
255 204
255 414
256 88
256 158
256 212
256 286
256 303
256 309
256 352
257 59
257 72
257 108
257 173
257 437
258 44
258 48
258 250
258 327
258 344
258 346
258 357
258 449
259 14
259 84
259 255
259 297
260 460
261 117
261 231
261 355
261 358
262 38
262 148
262 151
262 165
262 212
262 219
262 220
262 260
263 99
263 118
263 252
263 302
264 50
264 63
264 65
264 164
264 206
264 224
264 445
265 199
265 256
265 312
265 332
265 417
266 124
266 148
266 219
266 285
267 16
267 249
267 325
267 434
268 178
268 199
268 234
268 260
268 371
268 405
268 426
269 76
269 89
269 267
269 334
270 40
270 99
270 136
270 151
270 432
271 110
271 122
271 134
271 279
271 314
271 333
271 419
272 266
272 286
272 298
272 333
272 459
273 460
274 68
274 153
274 224
274 226
274 273
274 293
274 303
274 404
275 460
276 20
276 21
276 153
276 173
277 168
277 268
277 275
277 316
277 352
278 163
278 176
278 333
278 350
278 380
278 383
279 99
279 134
279 148
279 276
279 286
279 327
279 336
279 396
280 72
280 84
280 273
280 333
281 63
281 88
281 158
281 159
281 188
281 311
281 383
281 418
282 194
282 231
282 412
282 413
283 15
283 40
283 123
283 186
283 192
283 321
283 383
284 123
284 143
284 157
284 196
284 277
284 410
285 1
285 91
285 276
285 299
285 396
286 199
286 298
286 315
286 368
287 222
287 324
287 362
287 375
288 460
289 45
289 74
289 137
289 225
289 317
289 405
289 444
290 8
290 133
290 153
290 220
290 394
290 399
290 459
291 9
291 56
291 59
291 194
291 220
291 343
291 361
291 398
292 53
292 58
292 248
292 287
292 306
292 311
292 410
293 165
293 169
293 173
293 230
293 260
293 285
293 336
294 122
294 303
294 413
294 426
295 53
295 203
295 273
295 335
295 352
295 387
295 453
296 10
296 108
296 157
296 260
296 273
296 389
296 437
297 123
297 129
297 253
297 346
297 362
297 374
298 460
299 10
299 88
299 122
299 161
299 173
299 338
300 68
300 153
300 161
300 389
300 417
301 298
301 357
301 404
301 412
302 20
302 69
302 113
302 137
302 333
302 341
302 353
302 458
303 273
303 286
303 298
303 352
304 2
304 72
304 116
304 361
304 380
305 35
305 118
305 148
305 165
305 225
305 360
305 420
306 43
306 60
306 80
306 104
306 143
306 273
306 348
306 415
307 72
307 137
307 164
307 318
307 342
307 361
308 12
308 68
308 212
308 300
308 340
308 454
309 10
309 72
309 153
309 161
310 131
310 199
310 223
310 268
310 336
310 375
311 40
311 46
311 118
311 245
311 267
311 402
312 18
312 354
312 374
312 395
312 413
312 419
313 14
313 38
313 79
313 110
313 117
313 303
313 318
314 1
314 153
314 288
314 299
314 405
315 460
316 16
316 165
316 314
316 336
316 374
317 59
317 122
317 157
317 161
317 199
317 212
317 288
317 437
318 460
319 153
319 312
319 314
319 349
319 384
320 135
320 305
320 343
320 446
320 454
321 56
321 73
321 271
321 288
322 28
322 56
322 327
322 330
322 401
322 440
323 21
323 151
323 164
323 184
323 369
323 420
324 110
324 205
324 288
324 296
324 298
324 299
324 353
324 415
325 92
325 103
325 221
325 300
325 315
326 38
326 75
326 378
326 380
326 399
327 48
327 205
327 212
327 273
327 276
327 342
327 352
328 28
328 50
328 219
328 258
328 298
328 354
329 98
329 121
329 297
329 310
330 122
330 161
330 226
330 275
330 318
330 338
331 207
331 214
331 245
331 309
331 311
331 372
331 453
332 70
332 113
332 118
332 249
332 288
332 309
332 412
333 48
333 118
333 168
333 211
333 299
333 300
333 450
334 89
334 108
334 256
334 260
334 293
334 299
334 449
334 459
335 137
335 169
335 257
335 279
335 398
336 161
336 212
336 221
336 275
336 300
336 317
336 380
337 92
337 193
337 352
337 371
338 68
338 153
338 212
338 368
338 389
338 396
339 46
339 113
339 171
339 250
339 316
340 12
340 18
340 76
340 165
340 225
340 294
340 322
341 53
341 70
341 134
341 256
341 408
342 59
342 286
342 309
342 318
342 338
342 380
343 157
343 220
343 260
343 285
343 353
344 23
344 66
344 99
344 336
344 342
345 60
345 133
345 217
345 278
346 68
346 144
346 285
346 330
346 357
346 389
346 434
347 199
347 220
347 276
347 401
348 161
348 220
348 296
348 374
348 437
349 1
349 9
349 90
349 91
349 296
349 311
350 43
350 143
350 258
350 459
351 61
351 280
351 292
351 354
351 356
351 411
351 435
352 460
353 92
353 122
353 286
353 288
353 368
353 401
353 437
354 144
354 165
354 300
354 327
354 333
354 342
354 413
354 426
355 35
355 73
355 91
355 199
355 288
355 347
356 10
356 221
356 226
356 318
356 352
357 72
357 108
357 113
357 395
358 60
358 139
358 256
358 426
359 190
359 213
359 250
359 283
359 334
359 361
360 19
360 21
360 68
360 86
360 139
360 148
360 413
360 415
361 30
361 45
361 161
361 165
361 317
361 384
361 437
361 459
362 1
362 68
362 257
362 300
362 353
362 417
362 437
363 30
363 64
363 108
363 149
363 234
363 353
363 426
364 72
364 88
364 103
364 144
364 178
365 10
365 176
365 226
365 250
365 353
365 444
365 446
366 134
366 136
366 139
366 337
366 401
366 420
367 66
367 67
367 143
367 231
367 273
367 399
367 422
367 440
368 460
369 79
369 87
369 92
369 207
369 236
369 317
369 389
370 19
370 46
370 72
370 130
370 133
370 190
370 405
370 411
371 20
371 88
371 133
371 213
371 286
371 356
371 417
372 18
372 169
372 180
372 277
372 402
372 404
372 443
373 48
373 61
373 122
373 177
373 192
373 198
373 412
374 21
374 144
374 226
374 398
374 412
375 26
375 29
375 62
375 65
375 199
375 267
375 322
376 24
376 125
376 155
376 210
376 224
376 334
376 341
376 404
377 48
377 88
377 275
377 318
377 374
377 389
378 274
378 302
378 341
378 354
378 395
379 9
379 10
379 14
379 156
379 312
379 321
379 429
380 72
380 161
380 288
380 298
380 315
380 417
381 149
381 155
381 268
381 301
381 362
381 390
381 437
381 444
382 148
382 186
382 192
382 222
382 276
382 296
382 343
382 395
383 156
383 165
383 327
383 446
384 133
384 205
384 273
384 275
384 377
384 413
385 68
385 178
385 317
385 333
386 15
386 68
386 138
386 375
386 382
386 446
386 455
387 3
387 6
387 151
387 164
387 184
387 241
387 332
387 417
388 88
388 143
388 192
388 234
388 398
389 460
390 177
390 325
390 380
390 412
391 190
391 261
391 268
391 327
391 378
391 402
392 50
392 54
392 172
392 202
392 361
392 380
392 414
392 420
393 16
393 135
393 142
393 191
393 199
393 315
393 364
394 12
394 20
394 256
394 434
395 460
396 460
397 19
397 22
397 118
397 260
397 299
397 443
397 450
397 452
398 72
398 199
398 220
398 273
398 288
398 315
398 395
399 123
399 144
399 174
399 300
400 95
400 211
400 231
400 277
400 305
400 374
400 378
400 399
401 153
401 288
401 352
401 437
402 196
402 317
402 318
402 347
402 352
403 40
403 45
403 106
403 117
403 128
403 189
403 294
404 157
404 161
404 298
404 314
404 353
405 88
405 153
405 205
405 286
405 352
405 417
406 6
406 41
406 89
406 163
406 175
406 185
406 251
406 293
407 158
407 289
407 305
407 311
407 436
408 108
408 207
408 273
408 402
409 18
409 33
409 39
409 268
409 318
409 324
409 347
409 373
410 8
410 61
410 66
410 241
410 249
410 267
410 302
410 344
411 59
411 161
411 205
411 309
412 1
412 88
412 153
412 260
412 286
412 352
412 396
412 459
413 40
413 59
413 87
413 92
413 220
413 338
413 380
413 459
414 59
414 66
414 139
414 330
414 354
414 438
415 1
415 76
415 273
415 300
415 315
416 23
416 164
416 221
416 224
416 231
416 330
416 335
417 460
418 133
418 199
418 296
418 332
418 411
418 446
419 118
419 137
419 157
419 325
420 156
420 205
420 221
420 300
420 309
420 318
420 411
420 437
421 30
421 84
421 151
421 174
421 311
421 332
421 373
421 440
422 8
422 34
422 151
422 300
422 320
422 344
422 377
423 94
423 135
423 187
423 325
423 353
423 356
423 403
424 41
424 69
424 144
424 334
424 395
425 66
425 347
425 361
425 394
425 409
426 144
426 299
426 389
426 434
427 58
427 71
427 137
427 148
427 153
427 204
427 366
427 449
428 54
428 71
428 165
428 188
428 296
428 298
428 382
428 434
429 8
429 86
429 186
429 296
429 322
429 356
430 57
430 283
430 360
430 452
431 16
431 82
431 108
431 124
431 239
431 358
432 35
432 193
432 323
432 342
433 7
433 35
433 43
433 92
433 172
433 330
433 437
434 1
434 10
434 70
434 288
434 298
434 299
435 89
435 137
435 164
435 257
435 271
435 389
435 408
436 23
436 79
436 285
436 286
436 383
436 419
437 460
438 56
438 73
438 110
438 288
438 317
438 377
439 7
439 95
439 128
439 173
439 334
439 389
439 434
440 136
440 196
440 275
440 446
441 14
441 151
441 193
441 212
441 338
441 368
441 402
442 46
442 49
442 135
442 300
442 448
443 67
443 202
443 342
443 357
443 420
444 1
444 28
444 54
444 103
444 122
444 279
445 30
445 70
445 106
445 208
445 268
445 333
445 335
445 346
446 1
446 38
446 144
446 298
446 338
446 342
446 368
446 396
447 38
447 67
447 73
447 348
447 349
447 358
447 403
447 407
448 65
448 103
448 274
448 301
448 352
448 357
448 410
449 207
449 211
449 276
449 352
449 354
449 459
450 1
450 91
450 257
450 303
450 356
450 380
451 46
451 163
451 164
451 274
452 60
452 87
452 88
452 145
452 276
452 362
453 88
453 139
453 222
453 458
454 70
454 224
454 380
454 398
455 22
455 73
455 212
455 353
456 24
456 59
456 77
456 294
457 63
457 116
457 169
457 187
457 206
458 91
458 151
458 193
458 220
458 279
458 348
458 362
458 419
459 161
459 212
459 318
459 437
