# Tier 7 (Very Large) - Instance 23
# Generated with config: N=339, K=4, topology=grid, calendar=random

# HEADER: <num_tasks> <num_types> <num_units>
341 4 20

# RESOURCE TYPES
# Format: <type_id> <num_units> <unit_id1> <unit_id2> ...
0 6 0 1 2 3 4 5
1 5 6 7 8 9 10
2 4 11 12 13 14
3 5 15 16 17 18 19

# RESOURCE UNITS (Calendars)
# Format: <unit_id> <num_steps> <t1> <v1> <t2> <v2> ...
0 23 0 100 146 0 148 100 286 0 304 100 398 0 403 100 566 0 570 100 614 0 620 100 828 0 839 100 1048 0 1060 100 1270 0 1275 100 1409 0 1418 100 1471 0 1487 100 1700 0 2903 0
1 23 0 0 15 100 222 0 229 100 359 0 378 100 600 0 616 100 747 0 750 100 960 0 964 100 1143 0 1150 100 1374 0 1385 100 1620 0 1623 100 1738 0 1752 100 1932 0 1940 100 2903 0
2 23 0 100 195 0 204 100 386 0 388 100 445 0 460 100 570 0 577 100 676 0 691 100 878 0 894 100 988 0 1002 100 1146 0 1164 100 1275 0 1280 100 1494 0 1501 100 1669 0 2903 0
3 23 0 100 173 0 183 100 379 0 397 100 458 0 464 100 643 0 652 100 860 0 863 100 937 0 949 100 1160 0 1164 100 1299 0 1302 100 1463 0 1473 100 1547 0 1551 100 1656 0 2903 0
4 23 0 100 106 0 123 100 212 0 222 100 453 0 465 100 507 0 510 100 672 0 686 100 745 0 749 100 982 0 1001 100 1048 0 1054 100 1155 0 1165 100 1384 0 1396 100 1526 0 2903 0
5 23 0 0 2 100 196 0 208 100 309 0 323 100 368 0 373 100 475 0 493 100 647 0 654 100 791 0 794 100 903 0 922 100 1071 0 1088 100 1179 0 1188 100 1272 0 1280 100 2903 0
6 23 0 0 15 100 117 0 130 100 283 0 301 100 447 0 464 100 572 0 585 100 772 0 782 100 840 0 847 100 1053 0 1055 100 1258 0 1269 100 1353 0 1365 100 1435 0 1441 100 2903 0
7 23 0 100 51 0 63 100 182 0 187 100 404 0 411 100 547 0 564 100 786 0 802 100 883 0 890 100 1104 0 1110 100 1289 0 1303 100 1510 0 1512 100 1643 0 1658 100 1866 0 2903 0
8 23 0 0 19 100 210 0 219 100 382 0 400 100 504 0 522 100 698 0 714 100 786 0 788 100 1005 0 1007 100 1047 0 1054 100 1133 0 1144 100 1200 0 1208 100 1276 0 1289 100 2903 0
9 23 0 100 233 0 246 100 355 0 371 100 482 0 487 100 703 0 709 100 890 0 899 100 986 0 995 100 1079 0 1081 100 1221 0 1231 100 1345 0 1354 100 1537 0 1553 100 1654 0 2903 0
10 23 0 0 12 100 200 0 217 100 426 0 441 100 595 0 599 100 805 0 817 100 964 0 980 100 1149 0 1162 100 1222 0 1226 100 1391 0 1395 100 1455 0 1459 100 1532 0 1550 100 2903 0
11 23 0 0 4 100 118 0 128 100 238 0 250 100 360 0 370 100 514 0 520 100 697 0 708 100 795 0 802 100 874 0 876 100 1054 0 1072 100 1300 0 1316 100 1488 0 1499 100 2903 0
12 23 0 0 6 100 160 0 168 100 369 0 385 100 458 0 470 100 665 0 683 100 775 0 780 100 869 0 873 100 1103 0 1106 100 1264 0 1272 100 1375 0 1377 100 1423 0 1437 100 2903 0
13 23 0 100 218 0 227 100 377 0 396 100 528 0 530 100 580 0 583 100 813 0 816 100 872 0 880 100 1109 0 1128 100 1241 0 1244 100 1339 0 1345 100 1543 0 1556 100 1731 0 2903 0
14 23 0 0 5 100 152 0 163 100 387 0 391 100 538 0 543 100 705 0 718 100 815 0 826 100 942 0 952 100 1088 0 1097 100 1234 0 1247 100 1292 0 1310 100 1521 0 1525 100 2903 0
15 23 0 100 101 0 119 100 289 0 297 100 362 0 369 100 554 0 565 100 695 0 711 100 933 0 939 100 988 0 997 100 1080 0 1098 100 1283 0 1301 100 1516 0 1520 100 1578 0 2903 0
16 23 0 100 135 0 151 100 381 0 388 100 460 0 470 100 651 0 653 100 858 0 863 100 1032 0 1041 100 1242 0 1261 100 1351 0 1367 100 1593 0 1595 100 1748 0 1761 100 1828 0 2903 0
17 23 0 100 202 0 211 100 411 0 416 100 587 0 597 100 734 0 753 100 849 0 868 100 950 0 969 100 1117 0 1125 100 1168 0 1172 100 1407 0 1418 100 1505 0 1516 100 1647 0 2903 0
18 23 0 0 6 100 105 0 115 100 220 0 227 100 463 0 470 100 602 0 616 100 814 0 823 100 892 0 896 100 1099 0 1117 100 1342 0 1346 100 1541 0 1550 100 1717 0 1725 100 2903 0
19 23 0 100 91 0 99 100 273 0 291 100 525 0 535 100 762 0 774 100 862 0 873 100 1096 0 1114 100 1196 0 1207 100 1401 0 1419 100 1498 0 1510 100 1744 0 1759 100 1817 0 2903 0

# TASKS
# Format: <task_id> <size> <num_reqs>
# Then for each requirement: <type_id> <qty>
0 0 4
 0 0
 1 0
 2 0
 3 0
1 1 4
 0 3
 1 2
 2 0
 3 0
2 5 4
 0 0
 1 1
 2 3
 3 0
3 1 4
 0 0
 1 3
 2 1
 3 3
4 8 4
 0 0
 1 2
 2 0
 3 3
5 6 4
 0 1
 1 0
 2 0
 3 2
6 16 4
 0 3
 1 1
 2 0
 3 2
7 5 4
 0 0
 1 1
 2 2
 3 0
8 3 4
 0 3
 1 1
 2 3
 3 2
9 11 4
 0 1
 1 0
 2 3
 3 3
10 15 4
 0 3
 1 1
 2 0
 3 3
11 9 4
 0 3
 1 0
 2 3
 3 1
12 18 4
 0 2
 1 0
 2 3
 3 3
13 6 4
 0 0
 1 3
 2 2
 3 1
14 4 4
 0 3
 1 2
 2 3
 3 0
15 9 4
 0 2
 1 0
 2 0
 3 2
16 3 4
 0 3
 1 1
 2 1
 3 3
17 4 4
 0 0
 1 3
 2 1
 3 3
18 8 4
 0 0
 1 1
 2 2
 3 0
19 15 4
 0 2
 1 0
 2 0
 3 2
20 19 4
 0 0
 1 0
 2 1
 3 1
21 5 4
 0 3
 1 3
 2 0
 3 3
22 8 4
 0 0
 1 3
 2 0
 3 3
23 9 4
 0 0
 1 3
 2 2
 3 0
24 8 4
 0 0
 1 0
 2 0
 3 1
25 16 4
 0 1
 1 1
 2 1
 3 0
26 16 4
 0 2
 1 2
 2 1
 3 0
27 5 4
 0 0
 1 1
 2 1
 3 1
28 10 4
 0 0
 1 2
 2 0
 3 2
29 8 4
 0 1
 1 2
 2 0
 3 0
30 15 4
 0 1
 1 3
 2 1
 3 0
31 14 4
 0 3
 1 2
 2 0
 3 1
32 17 4
 0 3
 1 2
 2 2
 3 1
33 12 4
 0 0
 1 3
 2 2
 3 3
34 3 4
 0 1
 1 2
 2 2
 3 2
35 10 4
 0 0
 1 3
 2 1
 3 3
36 9 4
 0 1
 1 2
 2 3
 3 0
37 5 4
 0 0
 1 1
 2 2
 3 0
38 9 4
 0 0
 1 3
 2 0
 3 2
39 15 4
 0 1
 1 1
 2 3
 3 2
40 9 4
 0 0
 1 1
 2 2
 3 0
41 14 4
 0 1
 1 0
 2 0
 3 0
42 6 4
 0 3
 1 2
 2 0
 3 3
43 17 4
 0 1
 1 0
 2 0
 3 3
44 4 4
 0 0
 1 0
 2 1
 3 3
45 20 4
 0 3
 1 0
 2 0
 3 3
46 14 4
 0 0
 1 2
 2 2
 3 0
47 16 4
 0 0
 1 3
 2 2
 3 1
48 2 4
 0 3
 1 3
 2 0
 3 0
49 18 4
 0 2
 1 2
 2 2
 3 1
50 12 4
 0 0
 1 1
 2 3
 3 0
51 1 4
 0 0
 1 2
 2 2
 3 0
52 15 4
 0 0
 1 0
 2 3
 3 0
53 11 4
 0 2
 1 0
 2 0
 3 3
54 4 4
 0 1
 1 1
 2 0
 3 3
55 5 4
 0 3
 1 0
 2 0
 3 3
56 17 4
 0 0
 1 2
 2 0
 3 1
57 19 4
 0 3
 1 0
 2 3
 3 3
58 20 4
 0 0
 1 3
 2 1
 3 1
59 1 4
 0 2
 1 2
 2 0
 3 2
60 15 4
 0 1
 1 3
 2 1
 3 1
61 18 4
 0 3
 1 1
 2 2
 3 3
62 9 4
 0 3
 1 0
 2 3
 3 1
63 2 4
 0 0
 1 2
 2 1
 3 0
64 20 4
 0 0
 1 1
 2 3
 3 2
65 2 4
 0 2
 1 0
 2 1
 3 2
66 20 4
 0 3
 1 1
 2 1
 3 1
67 13 4
 0 2
 1 0
 2 1
 3 2
68 7 4
 0 1
 1 0
 2 2
 3 0
69 8 4
 0 0
 1 1
 2 0
 3 0
70 13 4
 0 2
 1 0
 2 1
 3 0
71 3 4
 0 1
 1 0
 2 0
 3 2
72 5 4
 0 1
 1 2
 2 2
 3 3
73 9 4
 0 3
 1 1
 2 3
 3 1
74 5 4
 0 2
 1 1
 2 3
 3 2
75 12 4
 0 0
 1 2
 2 3
 3 2
76 11 4
 0 3
 1 0
 2 1
 3 0
77 15 4
 0 3
 1 2
 2 0
 3 3
78 6 4
 0 2
 1 0
 2 1
 3 1
79 1 4
 0 2
 1 1
 2 2
 3 2
80 19 4
 0 3
 1 0
 2 3
 3 2
81 10 4
 0 3
 1 2
 2 2
 3 1
82 19 4
 0 1
 1 0
 2 0
 3 3
83 10 4
 0 3
 1 3
 2 2
 3 0
84 7 4
 0 1
 1 3
 2 0
 3 3
85 18 4
 0 2
 1 1
 2 2
 3 2
86 19 4
 0 3
 1 0
 2 3
 3 0
87 14 4
 0 1
 1 0
 2 0
 3 3
88 19 4
 0 0
 1 2
 2 3
 3 1
89 7 4
 0 3
 1 1
 2 3
 3 1
90 18 4
 0 0
 1 2
 2 0
 3 0
91 2 4
 0 2
 1 0
 2 0
 3 2
92 20 4
 0 2
 1 2
 2 0
 3 0
93 17 4
 0 2
 1 1
 2 2
 3 3
94 17 4
 0 1
 1 2
 2 2
 3 3
95 5 4
 0 1
 1 1
 2 2
 3 0
96 4 4
 0 3
 1 1
 2 0
 3 0
97 11 4
 0 2
 1 1
 2 0
 3 0
98 8 4
 0 2
 1 0
 2 1
 3 2
99 4 4
 0 0
 1 1
 2 0
 3 0
100 3 4
 0 1
 1 0
 2 3
 3 1
101 13 4
 0 1
 1 3
 2 0
 3 0
102 6 4
 0 2
 1 0
 2 2
 3 2
103 4 4
 0 1
 1 0
 2 0
 3 0
104 17 4
 0 0
 1 2
 2 0
 3 0
105 16 4
 0 2
 1 0
 2 0
 3 2
106 6 4
 0 1
 1 0
 2 0
 3 0
107 19 4
 0 3
 1 1
 2 0
 3 3
108 4 4
 0 3
 1 0
 2 0
 3 1
109 15 4
 0 2
 1 0
 2 0
 3 0
110 20 4
 0 0
 1 0
 2 0
 3 2
111 19 4
 0 0
 1 0
 2 3
 3 0
112 20 4
 0 2
 1 0
 2 2
 3 0
113 12 4
 0 3
 1 2
 2 2
 3 1
114 10 4
 0 1
 1 0
 2 0
 3 2
115 19 4
 0 3
 1 1
 2 0
 3 0
116 11 4
 0 3
 1 1
 2 0
 3 2
117 5 4
 0 3
 1 1
 2 2
 3 0
118 5 4
 0 0
 1 3
 2 1
 3 3
119 6 4
 0 3
 1 0
 2 2
 3 2
120 2 4
 0 0
 1 0
 2 3
 3 3
121 11 4
 0 1
 1 1
 2 0
 3 1
122 17 4
 0 0
 1 0
 2 0
 3 3
123 8 4
 0 1
 1 3
 2 0
 3 0
124 7 4
 0 2
 1 0
 2 3
 3 0
125 13 4
 0 1
 1 3
 2 2
 3 0
126 13 4
 0 0
 1 2
 2 0
 3 0
127 15 4
 0 2
 1 2
 2 2
 3 2
128 16 4
 0 3
 1 1
 2 3
 3 2
129 19 4
 0 3
 1 2
 2 1
 3 0
130 17 4
 0 1
 1 2
 2 0
 3 3
131 15 4
 0 0
 1 1
 2 0
 3 0
132 10 4
 0 0
 1 0
 2 0
 3 1
133 2 4
 0 0
 1 2
 2 0
 3 0
134 3 4
 0 3
 1 0
 2 0
 3 1
135 5 4
 0 0
 1 0
 2 0
 3 1
136 16 4
 0 0
 1 0
 2 3
 3 2
137 11 4
 0 3
 1 3
 2 0
 3 2
138 7 4
 0 2
 1 1
 2 3
 3 3
139 8 4
 0 1
 1 0
 2 0
 3 3
140 9 4
 0 3
 1 0
 2 3
 3 1
141 9 4
 0 2
 1 0
 2 0
 3 1
142 5 4
 0 0
 1 2
 2 1
 3 1
143 7 4
 0 0
 1 0
 2 2
 3 0
144 6 4
 0 3
 1 1
 2 0
 3 2
145 17 4
 0 1
 1 0
 2 2
 3 0
146 6 4
 0 0
 1 3
 2 0
 3 0
147 1 4
 0 3
 1 2
 2 2
 3 0
148 18 4
 0 1
 1 0
 2 1
 3 0
149 20 4
 0 0
 1 0
 2 0
 3 3
150 20 4
 0 0
 1 2
 2 0
 3 0
151 5 4
 0 0
 1 0
 2 1
 3 0
152 18 4
 0 0
 1 0
 2 1
 3 2
153 1 4
 0 0
 1 2
 2 1
 3 3
154 14 4
 0 0
 1 3
 2 1
 3 1
155 1 4
 0 1
 1 2
 2 3
 3 1
156 16 4
 0 2
 1 1
 2 2
 3 0
157 14 4
 0 0
 1 2
 2 2
 3 2
158 11 4
 0 2
 1 1
 2 0
 3 2
159 4 4
 0 0
 1 0
 2 2
 3 0
160 2 4
 0 0
 1 3
 2 3
 3 3
161 11 4
 0 1
 1 0
 2 2
 3 1
162 10 4
 0 0
 1 2
 2 0
 3 2
163 5 4
 0 3
 1 2
 2 1
 3 1
164 5 4
 0 2
 1 1
 2 3
 3 3
165 3 4
 0 2
 1 1
 2 0
 3 3
166 12 4
 0 1
 1 0
 2 0
 3 0
167 9 4
 0 1
 1 0
 2 1
 3 0
168 8 4
 0 2
 1 3
 2 0
 3 2
169 3 4
 0 2
 1 1
 2 0
 3 3
170 12 4
 0 2
 1 2
 2 1
 3 0
171 16 4
 0 0
 1 1
 2 0
 3 2
172 5 4
 0 0
 1 1
 2 0
 3 2
173 18 4
 0 0
 1 3
 2 0
 3 0
174 4 4
 0 0
 1 0
 2 0
 3 1
175 4 4
 0 3
 1 2
 2 1
 3 0
176 19 4
 0 2
 1 0
 2 0
 3 1
177 7 4
 0 3
 1 0
 2 0
 3 0
178 14 4
 0 0
 1 1
 2 2
 3 2
179 11 4
 0 0
 1 1
 2 3
 3 0
180 8 4
 0 0
 1 0
 2 2
 3 3
181 4 4
 0 1
 1 1
 2 0
 3 0
182 9 4
 0 1
 1 0
 2 2
 3 0
183 6 4
 0 3
 1 3
 2 2
 3 0
184 14 4
 0 0
 1 2
 2 2
 3 0
185 6 4
 0 1
 1 1
 2 0
 3 2
186 18 4
 0 0
 1 0
 2 3
 3 2
187 16 4
 0 0
 1 3
 2 0
 3 0
188 19 4
 0 0
 1 1
 2 0
 3 0
189 18 4
 0 2
 1 3
 2 0
 3 3
190 8 4
 0 0
 1 0
 2 2
 3 3
191 12 4
 0 1
 1 1
 2 2
 3 2
192 10 4
 0 0
 1 1
 2 0
 3 0
193 3 4
 0 3
 1 1
 2 1
 3 0
194 3 4
 0 1
 1 3
 2 0
 3 0
195 12 4
 0 0
 1 0
 2 0
 3 2
196 8 4
 0 0
 1 2
 2 0
 3 0
197 14 4
 0 0
 1 0
 2 1
 3 3
198 2 4
 0 3
 1 2
 2 2
 3 1
199 3 4
 0 1
 1 0
 2 0
 3 0
200 3 4
 0 0
 1 0
 2 3
 3 1
201 17 4
 0 0
 1 0
 2 1
 3 0
202 17 4
 0 2
 1 0
 2 2
 3 2
203 15 4
 0 2
 1 2
 2 2
 3 0
204 6 4
 0 2
 1 3
 2 3
 3 0
205 19 4
 0 2
 1 3
 2 0
 3 3
206 19 4
 0 0
 1 0
 2 2
 3 2
207 7 4
 0 2
 1 2
 2 2
 3 0
208 12 4
 0 1
 1 3
 2 3
 3 0
209 10 4
 0 0
 1 0
 2 1
 3 3
210 7 4
 0 3
 1 2
 2 3
 3 1
211 4 4
 0 2
 1 3
 2 0
 3 2
212 7 4
 0 1
 1 0
 2 3
 3 0
213 19 4
 0 3
 1 0
 2 0
 3 2
214 18 4
 0 1
 1 1
 2 0
 3 1
215 2 4
 0 2
 1 1
 2 2
 3 0
216 5 4
 0 1
 1 0
 2 0
 3 0
217 18 4
 0 2
 1 3
 2 1
 3 0
218 13 4
 0 1
 1 0
 2 1
 3 3
219 19 4
 0 2
 1 3
 2 1
 3 0
220 2 4
 0 2
 1 3
 2 1
 3 0
221 2 4
 0 0
 1 1
 2 3
 3 2
222 10 4
 0 1
 1 0
 2 2
 3 0
223 10 4
 0 0
 1 0
 2 2
 3 0
224 17 4
 0 2
 1 0
 2 1
 3 0
225 3 4
 0 3
 1 2
 2 3
 3 0
226 1 4
 0 1
 1 2
 2 1
 3 1
227 15 4
 0 0
 1 0
 2 0
 3 3
228 14 4
 0 0
 1 0
 2 2
 3 0
229 15 4
 0 1
 1 1
 2 2
 3 0
230 7 4
 0 0
 1 2
 2 2
 3 0
231 5 4
 0 3
 1 2
 2 3
 3 2
232 16 4
 0 0
 1 0
 2 0
 3 3
233 16 4
 0 2
 1 0
 2 0
 3 0
234 8 4
 0 3
 1 0
 2 0
 3 3
235 11 4
 0 0
 1 0
 2 3
 3 1
236 4 4
 0 0
 1 1
 2 0
 3 0
237 3 4
 0 1
 1 0
 2 1
 3 0
238 3 4
 0 0
 1 3
 2 2
 3 3
239 20 4
 0 0
 1 1
 2 0
 3 0
240 15 4
 0 3
 1 1
 2 1
 3 0
241 1 4
 0 0
 1 0
 2 3
 3 1
242 17 4
 0 0
 1 0
 2 2
 3 2
243 14 4
 0 0
 1 2
 2 1
 3 2
244 1 4
 0 1
 1 0
 2 0
 3 3
245 9 4
 0 2
 1 0
 2 0
 3 0
246 8 4
 0 2
 1 3
 2 2
 3 3
247 9 4
 0 3
 1 0
 2 1
 3 0
248 10 4
 0 2
 1 2
 2 2
 3 3
249 10 4
 0 0
 1 0
 2 3
 3 3
250 5 4
 0 0
 1 3
 2 2
 3 0
251 8 4
 0 3
 1 3
 2 3
 3 2
252 3 4
 0 1
 1 1
 2 2
 3 0
253 18 4
 0 3
 1 0
 2 0
 3 2
254 12 4
 0 1
 1 3
 2 1
 3 1
255 20 4
 0 0
 1 3
 2 2
 3 0
256 19 4
 0 0
 1 3
 2 3
 3 0
257 19 4
 0 3
 1 0
 2 0
 3 3
258 6 4
 0 1
 1 2
 2 2
 3 3
259 7 4
 0 3
 1 1
 2 3
 3 0
260 2 4
 0 1
 1 1
 2 3
 3 2
261 9 4
 0 1
 1 0
 2 1
 3 3
262 3 4
 0 1
 1 0
 2 0
 3 3
263 18 4
 0 3
 1 3
 2 0
 3 3
264 13 4
 0 3
 1 2
 2 0
 3 2
265 2 4
 0 1
 1 0
 2 3
 3 3
266 16 4
 0 2
 1 2
 2 3
 3 2
267 7 4
 0 3
 1 0
 2 1
 3 2
268 1 4
 0 0
 1 0
 2 0
 3 3
269 20 4
 0 2
 1 1
 2 3
 3 2
270 16 4
 0 1
 1 3
 2 3
 3 2
271 16 4
 0 1
 1 0
 2 0
 3 3
272 15 4
 0 0
 1 1
 2 2
 3 2
273 11 4
 0 1
 1 1
 2 1
 3 0
274 18 4
 0 3
 1 1
 2 0
 3 2
275 2 4
 0 1
 1 1
 2 2
 3 2
276 6 4
 0 3
 1 1
 2 2
 3 2
277 9 4
 0 0
 1 0
 2 1
 3 1
278 7 4
 0 1
 1 3
 2 0
 3 1
279 20 4
 0 3
 1 2
 2 0
 3 3
280 8 4
 0 2
 1 3
 2 2
 3 0
281 18 4
 0 3
 1 0
 2 1
 3 0
282 16 4
 0 0
 1 0
 2 3
 3 1
283 4 4
 0 0
 1 2
 2 1
 3 3
284 12 4
 0 1
 1 1
 2 0
 3 3
285 3 4
 0 0
 1 0
 2 3
 3 0
286 13 4
 0 0
 1 3
 2 0
 3 3
287 11 4
 0 1
 1 3
 2 2
 3 0
288 20 4
 0 2
 1 0
 2 0
 3 0
289 17 4
 0 0
 1 0
 2 3
 3 2
290 17 4
 0 0
 1 1
 2 0
 3 0
291 15 4
 0 2
 1 0
 2 3
 3 3
292 20 4
 0 3
 1 3
 2 2
 3 2
293 12 4
 0 3
 1 3
 2 2
 3 0
294 8 4
 0 1
 1 0
 2 2
 3 0
295 20 4
 0 2
 1 0
 2 3
 3 3
296 12 4
 0 3
 1 2
 2 3
 3 1
297 1 4
 0 1
 1 0
 2 0
 3 0
298 16 4
 0 2
 1 0
 2 3
 3 1
299 3 4
 0 2
 1 3
 2 2
 3 2
300 9 4
 0 0
 1 1
 2 0
 3 1
301 16 4
 0 0
 1 1
 2 2
 3 2
302 18 4
 0 0
 1 1
 2 0
 3 3
303 18 4
 0 0
 1 0
 2 1
 3 0
304 5 4
 0 0
 1 1
 2 0
 3 2
305 6 4
 0 1
 1 3
 2 3
 3 3
306 1 4
 0 0
 1 0
 2 2
 3 1
307 19 4
 0 1
 1 3
 2 2
 3 0
308 3 4
 0 2
 1 0
 2 2
 3 3
309 20 4
 0 2
 1 1
 2 3
 3 0
310 5 4
 0 0
 1 0
 2 2
 3 3
311 11 4
 0 0
 1 0
 2 1
 3 2
312 19 4
 0 3
 1 1
 2 2
 3 1
313 17 4
 0 3
 1 2
 2 1
 3 2
314 6 4
 0 3
 1 2
 2 2
 3 3
315 6 4
 0 2
 1 1
 2 0
 3 3
316 4 4
 0 1
 1 0
 2 0
 3 3
317 5 4
 0 0
 1 0
 2 2
 3 0
318 16 4
 0 1
 1 1
 2 2
 3 0
319 17 4
 0 0
 1 0
 2 3
 3 0
320 17 4
 0 1
 1 2
 2 1
 3 1
321 3 4
 0 1
 1 1
 2 1
 3 0
322 19 4
 0 2
 1 1
 2 3
 3 3
323 15 4
 0 1
 1 3
 2 2
 3 0
324 20 4
 0 0
 1 0
 2 0
 3 1
325 18 4
 0 2
 1 0
 2 0
 3 0
326 19 4
 0 1
 1 3
 2 1
 3 1
327 9 4
 0 3
 1 1
 2 1
 3 3
328 6 4
 0 1
 1 0
 2 3
 3 3
329 15 4
 0 2
 1 0
 2 0
 3 2
330 17 4
 0 0
 1 1
 2 0
 3 1
331 20 4
 0 0
 1 1
 2 0
 3 0
332 13 4
 0 3
 1 3
 2 0
 3 0
333 4 4
 0 2
 1 3
 2 3
 3 1
334 20 4
 0 3
 1 2
 2 0
 3 0
335 17 4
 0 2
 1 0
 2 2
 3 0
336 10 4
 0 2
 1 3
 2 1
 3 2
337 18 4
 0 0
 1 0
 2 3
 3 1
338 20 4
 0 0
 1 3
 2 1
 3 1
339 17 4
 0 3
 1 2
 2 2
 3 3
340 0 4
 0 0
 1 0
 2 0
 3 0

# PRECEDENCES
751
0 1
0 27
0 53
0 79
0 105
0 131
0 157
0 183
0 209
0 235
0 261
0 287
0 313
0 339
1 2
1 27
2 3
2 28
3 4
3 29
3 30
4 5
4 30
5 6
5 31
6 7
6 32
6 33
7 8
7 33
8 9
8 34
9 10
9 35
9 36
10 11
10 36
10 37
11 12
11 37
12 13
12 38
13 14
13 39
14 15
14 40
15 16
15 41
15 42
16 17
16 42
17 18
17 43
18 19
18 44
19 20
19 45
20 21
20 46
21 22
21 47
22 23
22 48
23 24
23 49
24 25
24 50
25 26
25 51
26 52
26 340
27 28
27 53
27 54
28 29
28 54
29 30
29 55
30 31
30 56
30 57
31 32
31 57
32 33
32 58
32 59
33 34
33 59
34 35
34 60
34 61
35 36
35 61
36 37
36 62
37 38
37 63
38 39
38 64
39 40
39 65
40 41
40 66
41 42
41 67
42 43
42 68
43 44
43 69
44 45
44 70
45 46
45 71
45 72
46 47
46 72
47 48
47 73
48 49
48 74
49 50
49 75
50 51
50 76
51 52
51 77
52 78
52 340
53 54
53 79
54 55
54 80
55 56
55 81
55 82
56 57
56 82
56 83
57 58
57 83
58 59
58 84
59 60
59 85
59 86
60 61
60 86
60 87
61 62
61 87
62 63
62 88
63 64
63 89
64 65
64 90
65 66
65 91
66 67
66 92
66 93
67 68
67 93
68 69
68 94
68 95
69 70
69 95
70 71
70 96
70 97
71 72
71 97
72 73
72 98
72 99
73 74
73 99
74 75
74 100
75 76
75 101
76 77
76 102
77 78
77 103
78 104
78 340
79 80
79 105
80 81
80 106
81 82
81 107
82 83
82 108
82 109
83 84
83 109
84 85
84 110
85 86
85 111
86 87
86 112
87 88
87 113
88 89
88 114
88 115
89 90
89 115
89 116
90 91
90 116
91 92
91 117
92 93
92 118
92 119
93 94
93 119
93 120
94 95
94 120
95 96
95 121
96 97
96 122
97 98
97 123
97 124
98 99
98 124
98 125
99 100
99 125
99 126
100 101
100 126
100 127
101 102
101 127
102 103
102 128
103 104
103 129
103 130
104 130
104 340
105 106
105 131
106 107
106 132
106 133
107 108
107 133
107 134
108 109
108 134
108 135
109 110
109 135
110 111
110 136
111 112
111 137
112 113
112 138
112 139
113 114
113 139
114 115
114 140
115 116
115 141
116 117
116 142
117 118
117 143
117 144
118 119
118 144
119 120
119 145
120 121
120 146
121 122
121 147
121 148
122 123
122 148
123 124
123 149
124 125
124 150
125 126
125 151
126 127
126 152
127 128
127 153
127 154
128 129
128 154
129 130
129 155
130 156
130 340
131 132
131 157
132 133
132 158
132 159
133 134
133 159
134 135
134 160
135 136
135 161
136 137
136 162
137 138
137 163
137 164
138 139
138 164
138 165
139 140
139 165
139 166
140 141
140 166
140 167
141 142
141 167
141 168
142 143
142 168
142 169
143 144
143 169
144 145
144 170
144 171
145 146
145 171
146 147
146 172
147 148
147 173
148 149
148 174
149 150
149 175
150 151
150 176
151 152
151 177
152 153
152 178
152 179
153 154
153 179
154 155
154 180
155 156
155 181
156 182
156 340
157 158
157 183
158 159
158 184
159 160
159 185
160 161
160 186
161 162
161 187
161 188
162 163
162 188
163 164
163 189
164 165
164 190
165 166
165 191
165 192
166 167
166 192
167 168
167 193
168 169
168 194
169 170
169 195
170 171
170 196
171 172
171 197
172 173
172 198
172 199
173 174
173 199
174 175
174 200
175 176
175 201
175 202
176 177
176 202
177 178
177 203
178 179
178 204
178 205
179 180
179 205
180 181
180 206
180 207
181 182
181 207
182 208
182 340
183 184
183 209
184 185
184 210
185 186
185 211
185 212
186 187
186 212
187 188
187 213
187 214
188 189
188 214
189 190
189 215
190 191
190 216
191 192
191 217
192 193
192 218
192 219
193 194
193 219
193 220
194 195
194 220
194 221
195 196
195 221
195 222
196 197
196 222
197 198
197 223
198 199
198 224
199 200
199 225
199 226
200 201
200 226
201 202
201 227
201 228
202 203
202 228
203 204
203 229
203 230
204 205
204 230
204 231
205 206
205 231
205 232
206 207
206 232
207 208
207 233
208 234
208 340
209 210
209 235
210 211
210 236
211 212
211 237
212 213
212 238
213 214
213 239
213 240
214 215
214 240
215 216
215 241
216 217
216 242
217 218
217 243
218 219
218 244
219 220
219 245
220 221
220 246
220 247
221 222
221 247
221 248
222 223
222 248
223 224
223 249
223 250
224 225
224 250
225 226
225 251
226 227
226 252
226 253
227 228
227 253
228 229
228 254
229 230
229 255
230 231
230 256
231 232
231 257
231 258
232 233
232 258
233 234
233 259
233 260
234 260
234 340
235 236
235 261
236 237
236 262
237 238
237 263
238 239
238 264
239 240
239 265
240 241
240 266
241 242
241 267
242 243
242 268
243 244
243 269
243 270
244 245
244 270
245 246
245 271
246 247
246 272
246 273
247 248
247 273
248 249
248 274
249 250
249 275
250 251
250 276
251 252
251 277
252 253
252 278
252 279
253 254
253 279
254 255
254 280
255 256
255 281
255 282
256 257
256 282
257 258
257 283
258 259
258 284
259 260
259 285
260 286
260 340
261 262
261 287
262 263
262 288
263 264
263 289
264 265
264 290
265 266
265 291
266 267
266 292
267 268
267 293
267 294
268 269
268 294
269 270
269 295
269 296
270 271
270 296
271 272
271 297
272 273
272 298
273 274
273 299
273 300
274 275
274 300
274 301
275 276
275 301
276 277
276 302
276 303
277 278
277 303
278 279
278 304
279 280
279 305
280 281
280 306
281 282
281 307
282 283
282 308
283 284
283 309
284 285
284 310
285 286
285 311
285 312
286 312
286 340
287 288
287 313
288 289
288 314
289 290
289 315
290 291
290 316
291 292
291 317
292 293
292 318
292 319
293 294
293 319
293 320
294 295
294 320
295 296
295 321
296 297
296 322
297 298
297 323
297 324
298 299
298 324
298 325
299 300
299 325
300 301
300 326
300 327
301 302
301 327
302 303
302 328
303 304
303 329
304 305
304 330
305 306
305 331
305 332
306 307
306 332
306 333
307 308
307 333
308 309
308 334
309 310
309 335
310 311
310 336
311 312
311 337
312 338
312 340
313 314
313 339
314 315
315 316
316 317
317 318
318 319
319 320
320 321
321 322
322 323
323 324
324 325
325 326
326 327
327 328
328 329
329 330
330 331
331 332
332 333
333 334
334 335
335 336
336 337
337 338
338 340
339 340
