# Tier 7 (Very Large) - Instance 78
# Generated with config: N=440, K=4, topology=grid, calendar=random

# HEADER: <num_tasks> <num_types> <num_units>
442 4 26

# RESOURCE TYPES
# Format: <type_id> <num_units> <unit_id1> <unit_id2> ...
0 8 0 1 2 3 4 5 6 7
1 5 8 9 10 11 12
2 7 13 14 15 16 17 18 19
3 6 20 21 22 23 24 25

# RESOURCE UNITS (Calendars)
# Format: <unit_id> <num_steps> <t1> <v1> <t2> <v2> ...
0 20 0 100 191 0 213 100 290 0 310 100 718 0 727 100 949 0 975 100 1101 0 1108 100 1470 0 1491 100 1904 0 1928 100 2059 0 2085 100 2388 0 2395 100 4473 0
1 20 0 0 10 100 219 0 230 100 331 0 344 100 425 0 428 100 834 0 853 100 1134 0 1165 100 1502 0 1512 100 1621 0 1635 100 1777 0 1800 100 2219 0 4473 0
2 20 0 0 32 100 184 0 195 100 463 0 485 100 804 0 835 100 962 0 990 100 1307 0 1326 100 1413 0 1417 100 1542 0 1556 100 1709 0 1731 100 1869 0 4473 0
3 20 0 100 272 0 289 100 519 0 551 100 725 0 740 100 1038 0 1073 100 1391 0 1421 100 1552 0 1565 100 1859 0 1892 100 2281 0 2313 100 2425 0 2458 100 4473 0
4 20 0 100 261 0 284 100 670 0 703 100 1065 0 1081 100 1270 0 1287 100 1548 0 1568 100 1893 0 1905 100 2290 0 2324 100 2491 0 2499 100 2631 0 2644 100 4473 0
5 20 0 100 310 0 337 100 432 0 457 100 867 0 896 100 1265 0 1296 100 1494 0 1511 100 1673 0 1706 100 2061 0 2078 100 2432 0 2458 100 2700 0 2732 100 4473 0
6 20 0 100 233 0 253 100 619 0 629 100 1023 0 1049 100 1154 0 1170 100 1559 0 1570 100 1780 0 1803 100 1906 0 1935 100 2183 0 2211 100 2332 0 2354 100 4473 0
7 20 0 100 90 0 122 100 258 0 285 100 386 0 406 100 606 0 626 100 727 0 750 100 1088 0 1118 100 1468 0 1499 100 1776 0 1778 100 2116 0 2121 100 4473 0
8 20 0 100 176 0 185 100 485 0 500 100 805 0 810 100 1103 0 1127 100 1294 0 1327 100 1553 0 1588 100 1790 0 1809 100 2003 0 2018 100 2112 0 2140 100 4473 0
9 20 0 0 21 100 95 0 124 100 498 0 517 100 931 0 943 100 1290 0 1324 100 1397 0 1399 100 1711 0 1733 100 2032 0 2057 100 2413 0 2445 100 2568 0 4473 0
10 20 0 0 25 100 301 0 331 100 410 0 421 100 768 0 799 100 1196 0 1226 100 1414 0 1423 100 1824 0 1857 100 2143 0 2150 100 2350 0 2356 100 2494 0 4473 0
11 20 0 0 23 100 184 0 215 100 402 0 430 100 677 0 691 100 834 0 853 100 1239 0 1260 100 1384 0 1409 100 1677 0 1706 100 1987 0 2005 100 2109 0 4473 0
12 20 0 100 267 0 286 100 396 0 399 100 762 0 775 100 919 0 947 100 1204 0 1220 100 1528 0 1540 100 1636 0 1638 100 1868 0 1891 100 2039 0 2059 100 4473 0
13 20 0 100 88 0 96 100 436 0 461 100 554 0 575 100 974 0 988 100 1080 0 1113 100 1435 0 1463 100 1861 0 1895 100 2144 0 2152 100 2444 0 2470 100 4473 0
14 20 0 0 18 100 298 0 313 100 607 0 612 100 735 0 753 100 1046 0 1053 100 1430 0 1448 100 1745 0 1753 100 2066 0 2088 100 2273 0 2302 100 2521 0 4473 0
15 20 0 100 268 0 276 100 407 0 418 100 623 0 629 100 865 0 900 100 1199 0 1222 100 1497 0 1515 100 1866 0 1900 100 2173 0 2198 100 2277 0 2292 100 4473 0
16 20 0 0 31 100 354 0 373 100 481 0 507 100 850 0 883 100 1121 0 1123 100 1423 0 1448 100 1823 0 1857 100 2005 0 2038 100 2328 0 2354 100 2582 0 4473 0
17 20 0 100 334 0 361 100 576 0 604 100 722 0 736 100 1015 0 1017 100 1178 0 1209 100 1504 0 1512 100 1628 0 1638 100 2055 0 2069 100 2362 0 2387 100 4473 0
18 20 0 100 162 0 184 100 303 0 308 100 414 0 445 100 840 0 875 100 1182 0 1190 100 1317 0 1324 100 1518 0 1536 100 1912 0 1942 100 2341 0 2358 100 4473 0
19 20 0 100 212 0 245 100 664 0 683 100 790 0 795 100 1198 0 1215 100 1485 0 1511 100 1640 0 1663 100 1913 0 1931 100 2198 0 2210 100 2351 0 2374 100 4473 0
20 20 0 0 11 100 101 0 108 100 486 0 521 100 871 0 900 100 1022 0 1029 100 1205 0 1217 100 1483 0 1505 100 1907 0 1933 100 2257 0 2263 100 2512 0 4473 0
21 20 0 0 20 100 397 0 417 100 629 0 659 100 900 0 927 100 1067 0 1101 100 1360 0 1392 100 1691 0 1713 100 1974 0 2002 100 2291 0 2323 100 2515 0 4473 0
22 20 0 100 238 0 251 100 464 0 469 100 836 0 858 100 1186 0 1191 100 1329 0 1348 100 1476 0 1497 100 1684 0 1711 100 1900 0 1912 100 2067 0 2076 100 4473 0
23 20 0 100 233 0 258 100 513 0 527 100 728 0 758 100 1006 0 1033 100 1434 0 1443 100 1673 0 1685 100 1955 0 1983 100 2245 0 2262 100 2621 0 2640 100 4473 0
24 20 0 100 132 0 155 100 417 0 432 100 819 0 832 100 1220 0 1239 100 1497 0 1520 100 1741 0 1775 100 1954 0 1983 100 2399 0 2401 100 2682 0 2692 100 4473 0
25 20 0 0 25 100 308 0 316 100 475 0 479 100 550 0 562 100 822 0 852 100 1195 0 1211 100 1560 0 1585 100 1885 0 1919 100 2206 0 2236 100 2516 0 4473 0

# TASKS
# Format: <task_id> <size> <num_reqs>
# Then for each requirement: <type_id> <qty>
0 0 4
 0 0
 1 0
 2 0
 3 0
1 14 4
 0 3
 1 3
 2 0
 3 3
2 16 4
 0 0
 1 3
 2 2
 3 3
3 6 4
 0 0
 1 0
 2 0
 3 3
4 2 4
 0 0
 1 2
 2 0
 3 1
5 10 4
 0 0
 1 0
 2 2
 3 3
6 11 4
 0 2
 1 1
 2 2
 3 1
7 19 4
 0 0
 1 3
 2 1
 3 2
8 17 4
 0 2
 1 0
 2 0
 3 1
9 16 4
 0 0
 1 1
 2 1
 3 3
10 1 4
 0 2
 1 3
 2 2
 3 1
11 10 4
 0 1
 1 0
 2 0
 3 0
12 11 4
 0 1
 1 1
 2 0
 3 0
13 2 4
 0 2
 1 1
 2 0
 3 0
14 9 4
 0 1
 1 3
 2 0
 3 0
15 8 4
 0 0
 1 0
 2 0
 3 2
16 19 4
 0 0
 1 2
 2 3
 3 1
17 16 4
 0 3
 1 1
 2 0
 3 0
18 3 4
 0 2
 1 1
 2 2
 3 1
19 10 4
 0 3
 1 1
 2 3
 3 0
20 11 4
 0 0
 1 2
 2 3
 3 3
21 1 4
 0 2
 1 2
 2 3
 3 3
22 14 4
 0 1
 1 0
 2 0
 3 2
23 1 4
 0 0
 1 3
 2 0
 3 0
24 20 4
 0 0
 1 1
 2 1
 3 1
25 10 4
 0 0
 1 3
 2 2
 3 2
26 1 4
 0 1
 1 1
 2 3
 3 3
27 19 4
 0 2
 1 1
 2 3
 3 1
28 1 4
 0 1
 1 3
 2 0
 3 3
29 20 4
 0 2
 1 3
 2 1
 3 2
30 6 4
 0 0
 1 2
 2 1
 3 0
31 8 4
 0 1
 1 0
 2 3
 3 0
32 7 4
 0 0
 1 0
 2 1
 3 0
33 17 4
 0 1
 1 0
 2 1
 3 2
34 17 4
 0 1
 1 1
 2 2
 3 1
35 12 4
 0 1
 1 2
 2 0
 3 1
36 15 4
 0 2
 1 0
 2 0
 3 3
37 17 4
 0 0
 1 0
 2 3
 3 0
38 17 4
 0 1
 1 1
 2 0
 3 1
39 5 4
 0 2
 1 3
 2 0
 3 0
40 19 4
 0 3
 1 1
 2 0
 3 2
41 19 4
 0 0
 1 3
 2 3
 3 3
42 5 4
 0 2
 1 0
 2 0
 3 0
43 17 4
 0 0
 1 1
 2 1
 3 0
44 9 4
 0 1
 1 0
 2 0
 3 0
45 13 4
 0 3
 1 0
 2 0
 3 0
46 12 4
 0 3
 1 2
 2 1
 3 2
47 5 4
 0 2
 1 0
 2 3
 3 0
48 5 4
 0 3
 1 0
 2 2
 3 0
49 1 4
 0 0
 1 1
 2 0
 3 2
50 15 4
 0 3
 1 2
 2 3
 3 0
51 11 4
 0 3
 1 2
 2 1
 3 2
52 20 4
 0 0
 1 1
 2 0
 3 2
53 4 4
 0 2
 1 1
 2 2
 3 3
54 15 4
 0 0
 1 0
 2 1
 3 1
55 20 4
 0 2
 1 0
 2 2
 3 0
56 8 4
 0 0
 1 0
 2 3
 3 1
57 20 4
 0 0
 1 3
 2 0
 3 0
58 17 4
 0 3
 1 0
 2 1
 3 1
59 12 4
 0 1
 1 0
 2 0
 3 0
60 10 4
 0 3
 1 3
 2 3
 3 0
61 13 4
 0 1
 1 3
 2 2
 3 3
62 15 4
 0 0
 1 1
 2 0
 3 0
63 13 4
 0 0
 1 0
 2 2
 3 2
64 1 4
 0 1
 1 3
 2 2
 3 1
65 18 4
 0 1
 1 3
 2 3
 3 1
66 16 4
 0 0
 1 1
 2 0
 3 3
67 4 4
 0 1
 1 0
 2 0
 3 3
68 4 4
 0 3
 1 1
 2 0
 3 2
69 13 4
 0 0
 1 3
 2 2
 3 2
70 11 4
 0 2
 1 2
 2 0
 3 0
71 19 4
 0 0
 1 0
 2 2
 3 0
72 2 4
 0 2
 1 0
 2 3
 3 1
73 17 4
 0 0
 1 2
 2 1
 3 2
74 20 4
 0 1
 1 2
 2 0
 3 3
75 16 4
 0 0
 1 0
 2 1
 3 2
76 7 4
 0 0
 1 3
 2 1
 3 0
77 7 4
 0 3
 1 2
 2 3
 3 0
78 11 4
 0 3
 1 1
 2 0
 3 0
79 3 4
 0 2
 1 1
 2 2
 3 0
80 12 4
 0 3
 1 3
 2 0
 3 1
81 13 4
 0 0
 1 2
 2 3
 3 1
82 9 4
 0 3
 1 1
 2 0
 3 3
83 19 4
 0 1
 1 3
 2 0
 3 0
84 10 4
 0 0
 1 3
 2 0
 3 2
85 17 4
 0 1
 1 0
 2 2
 3 1
86 1 4
 0 0
 1 0
 2 2
 3 1
87 1 4
 0 3
 1 1
 2 2
 3 0
88 19 4
 0 1
 1 1
 2 1
 3 1
89 2 4
 0 2
 1 2
 2 1
 3 3
90 8 4
 0 2
 1 1
 2 0
 3 2
91 2 4
 0 0
 1 1
 2 0
 3 3
92 1 4
 0 0
 1 3
 2 0
 3 3
93 15 4
 0 1
 1 1
 2 0
 3 1
94 20 4
 0 2
 1 0
 2 0
 3 0
95 19 4
 0 3
 1 1
 2 2
 3 0
96 16 4
 0 0
 1 0
 2 1
 3 1
97 20 4
 0 2
 1 2
 2 0
 3 0
98 20 4
 0 1
 1 1
 2 2
 3 0
99 7 4
 0 0
 1 0
 2 1
 3 0
100 4 4
 0 0
 1 3
 2 3
 3 2
101 18 4
 0 1
 1 1
 2 3
 3 0
102 8 4
 0 0
 1 0
 2 3
 3 3
103 9 4
 0 1
 1 0
 2 0
 3 0
104 14 4
 0 0
 1 2
 2 3
 3 1
105 16 4
 0 0
 1 3
 2 1
 3 3
106 5 4
 0 2
 1 0
 2 3
 3 1
107 13 4
 0 2
 1 2
 2 1
 3 1
108 11 4
 0 0
 1 0
 2 3
 3 2
109 16 4
 0 3
 1 2
 2 0
 3 2
110 17 4
 0 1
 1 1
 2 1
 3 2
111 13 4
 0 0
 1 3
 2 3
 3 2
112 17 4
 0 0
 1 0
 2 0
 3 1
113 14 4
 0 0
 1 1
 2 1
 3 3
114 10 4
 0 0
 1 2
 2 3
 3 2
115 17 4
 0 2
 1 3
 2 0
 3 1
116 20 4
 0 0
 1 3
 2 2
 3 0
117 11 4
 0 0
 1 0
 2 0
 3 2
118 16 4
 0 0
 1 3
 2 0
 3 0
119 4 4
 0 2
 1 3
 2 3
 3 3
120 18 4
 0 0
 1 3
 2 0
 3 1
121 18 4
 0 2
 1 3
 2 2
 3 3
122 2 4
 0 3
 1 2
 2 3
 3 3
123 20 4
 0 3
 1 0
 2 0
 3 1
124 2 4
 0 3
 1 3
 2 3
 3 1
125 13 4
 0 2
 1 2
 2 3
 3 0
126 5 4
 0 0
 1 0
 2 2
 3 3
127 8 4
 0 2
 1 1
 2 0
 3 0
128 17 4
 0 0
 1 0
 2 1
 3 0
129 9 4
 0 3
 1 3
 2 0
 3 2
130 1 4
 0 0
 1 2
 2 2
 3 3
131 8 4
 0 0
 1 0
 2 0
 3 1
132 15 4
 0 2
 1 0
 2 3
 3 0
133 7 4
 0 1
 1 2
 2 3
 3 0
134 8 4
 0 3
 1 2
 2 0
 3 0
135 14 4
 0 0
 1 1
 2 1
 3 3
136 7 4
 0 1
 1 0
 2 0
 3 2
137 6 4
 0 3
 1 0
 2 2
 3 0
138 3 4
 0 3
 1 0
 2 0
 3 3
139 3 4
 0 3
 1 0
 2 3
 3 3
140 11 4
 0 1
 1 1
 2 0
 3 0
141 11 4
 0 2
 1 0
 2 1
 3 1
142 7 4
 0 3
 1 0
 2 3
 3 0
143 4 4
 0 1
 1 3
 2 0
 3 0
144 16 4
 0 1
 1 0
 2 0
 3 0
145 11 4
 0 1
 1 0
 2 3
 3 0
146 12 4
 0 1
 1 1
 2 2
 3 3
147 17 4
 0 2
 1 0
 2 0
 3 0
148 6 4
 0 1
 1 0
 2 0
 3 0
149 9 4
 0 2
 1 2
 2 0
 3 0
150 11 4
 0 0
 1 0
 2 0
 3 1
151 12 4
 0 2
 1 1
 2 0
 3 0
152 15 4
 0 1
 1 0
 2 3
 3 3
153 19 4
 0 1
 1 3
 2 2
 3 3
154 12 4
 0 1
 1 2
 2 1
 3 3
155 15 4
 0 0
 1 3
 2 0
 3 2
156 11 4
 0 2
 1 1
 2 0
 3 1
157 15 4
 0 2
 1 0
 2 0
 3 0
158 16 4
 0 0
 1 3
 2 0
 3 1
159 18 4
 0 0
 1 1
 2 0
 3 1
160 5 4
 0 2
 1 3
 2 1
 3 0
161 7 4
 0 1
 1 0
 2 0
 3 3
162 13 4
 0 2
 1 1
 2 3
 3 1
163 3 4
 0 1
 1 0
 2 0
 3 0
164 15 4
 0 3
 1 1
 2 1
 3 1
165 5 4
 0 3
 1 3
 2 2
 3 0
166 16 4
 0 1
 1 0
 2 2
 3 1
167 15 4
 0 1
 1 0
 2 1
 3 2
168 12 4
 0 2
 1 0
 2 1
 3 0
169 13 4
 0 0
 1 0
 2 1
 3 2
170 9 4
 0 0
 1 1
 2 0
 3 3
171 14 4
 0 3
 1 3
 2 2
 3 2
172 19 4
 0 0
 1 0
 2 1
 3 0
173 3 4
 0 3
 1 1
 2 2
 3 0
174 4 4
 0 0
 1 1
 2 1
 3 0
175 9 4
 0 2
 1 3
 2 2
 3 0
176 8 4
 0 2
 1 0
 2 0
 3 3
177 19 4
 0 0
 1 0
 2 0
 3 1
178 2 4
 0 0
 1 1
 2 0
 3 3
179 19 4
 0 0
 1 2
 2 3
 3 0
180 11 4
 0 0
 1 1
 2 1
 3 0
181 1 4
 0 0
 1 0
 2 3
 3 1
182 11 4
 0 0
 1 3
 2 3
 3 1
183 14 4
 0 3
 1 0
 2 0
 3 0
184 14 4
 0 1
 1 0
 2 3
 3 2
185 17 4
 0 1
 1 3
 2 2
 3 3
186 8 4
 0 3
 1 0
 2 0
 3 1
187 15 4
 0 3
 1 3
 2 0
 3 1
188 14 4
 0 2
 1 3
 2 0
 3 3
189 9 4
 0 2
 1 1
 2 2
 3 1
190 11 4
 0 0
 1 1
 2 0
 3 3
191 1 4
 0 0
 1 1
 2 0
 3 1
192 2 4
 0 0
 1 0
 2 2
 3 1
193 11 4
 0 0
 1 0
 2 0
 3 2
194 1 4
 0 1
 1 1
 2 3
 3 0
195 9 4
 0 2
 1 1
 2 2
 3 0
196 2 4
 0 1
 1 3
 2 3
 3 1
197 20 4
 0 1
 1 3
 2 1
 3 0
198 10 4
 0 0
 1 1
 2 2
 3 3
199 6 4
 0 3
 1 0
 2 1
 3 0
200 6 4
 0 0
 1 0
 2 3
 3 3
201 9 4
 0 2
 1 0
 2 3
 3 2
202 3 4
 0 0
 1 1
 2 0
 3 0
203 5 4
 0 2
 1 0
 2 3
 3 1
204 7 4
 0 0
 1 0
 2 1
 3 2
205 7 4
 0 0
 1 3
 2 2
 3 1
206 1 4
 0 1
 1 0
 2 0
 3 2
207 10 4
 0 3
 1 2
 2 0
 3 2
208 6 4
 0 3
 1 0
 2 3
 3 1
209 8 4
 0 0
 1 1
 2 0
 3 3
210 1 4
 0 0
 1 1
 2 2
 3 1
211 12 4
 0 3
 1 1
 2 1
 3 0
212 1 4
 0 0
 1 0
 2 3
 3 0
213 8 4
 0 1
 1 0
 2 0
 3 2
214 5 4
 0 0
 1 0
 2 3
 3 0
215 3 4
 0 1
 1 3
 2 2
 3 2
216 17 4
 0 0
 1 1
 2 0
 3 2
217 20 4
 0 1
 1 0
 2 3
 3 3
218 16 4
 0 3
 1 0
 2 0
 3 0
219 6 4
 0 1
 1 1
 2 0
 3 1
220 3 4
 0 1
 1 1
 2 0
 3 0
221 10 4
 0 1
 1 3
 2 0
 3 3
222 8 4
 0 2
 1 0
 2 0
 3 0
223 9 4
 0 0
 1 0
 2 2
 3 0
224 4 4
 0 2
 1 3
 2 0
 3 0
225 13 4
 0 3
 1 1
 2 2
 3 2
226 10 4
 0 0
 1 2
 2 2
 3 3
227 13 4
 0 0
 1 0
 2 2
 3 1
228 6 4
 0 0
 1 2
 2 1
 3 0
229 10 4
 0 1
 1 0
 2 2
 3 1
230 15 4
 0 2
 1 0
 2 0
 3 0
231 4 4
 0 3
 1 0
 2 1
 3 0
232 18 4
 0 0
 1 1
 2 0
 3 1
233 14 4
 0 1
 1 2
 2 1
 3 1
234 2 4
 0 2
 1 3
 2 0
 3 1
235 13 4
 0 0
 1 1
 2 0
 3 1
236 13 4
 0 0
 1 0
 2 0
 3 3
237 18 4
 0 2
 1 2
 2 0
 3 0
238 6 4
 0 3
 1 0
 2 0
 3 0
239 2 4
 0 0
 1 2
 2 3
 3 3
240 2 4
 0 2
 1 1
 2 0
 3 0
241 17 4
 0 2
 1 1
 2 2
 3 3
242 6 4
 0 3
 1 1
 2 2
 3 1
243 2 4
 0 3
 1 0
 2 2
 3 3
244 17 4
 0 0
 1 2
 2 3
 3 2
245 8 4
 0 3
 1 3
 2 0
 3 0
246 16 4
 0 3
 1 3
 2 3
 3 3
247 12 4
 0 0
 1 0
 2 2
 3 1
248 12 4
 0 0
 1 0
 2 0
 3 1
249 20 4
 0 3
 1 1
 2 0
 3 1
250 5 4
 0 1
 1 2
 2 0
 3 0
251 18 4
 0 0
 1 0
 2 1
 3 0
252 8 4
 0 2
 1 3
 2 2
 3 0
253 9 4
 0 0
 1 2
 2 1
 3 1
254 12 4
 0 0
 1 3
 2 0
 3 2
255 3 4
 0 0
 1 0
 2 2
 3 0
256 7 4
 0 1
 1 1
 2 0
 3 0
257 15 4
 0 1
 1 3
 2 1
 3 3
258 4 4
 0 0
 1 0
 2 1
 3 0
259 13 4
 0 2
 1 0
 2 0
 3 2
260 5 4
 0 1
 1 0
 2 0
 3 0
261 6 4
 0 0
 1 1
 2 1
 3 2
262 14 4
 0 2
 1 1
 2 2
 3 1
263 17 4
 0 0
 1 1
 2 3
 3 0
264 7 4
 0 2
 1 2
 2 2
 3 0
265 18 4
 0 3
 1 2
 2 3
 3 1
266 19 4
 0 3
 1 0
 2 2
 3 3
267 15 4
 0 1
 1 3
 2 0
 3 1
268 6 4
 0 2
 1 2
 2 1
 3 1
269 13 4
 0 0
 1 0
 2 2
 3 3
270 8 4
 0 3
 1 3
 2 0
 3 0
271 15 4
 0 0
 1 2
 2 0
 3 1
272 15 4
 0 0
 1 0
 2 0
 3 2
273 8 4
 0 3
 1 0
 2 3
 3 2
274 20 4
 0 1
 1 2
 2 1
 3 1
275 20 4
 0 2
 1 3
 2 0
 3 1
276 4 4
 0 0
 1 1
 2 1
 3 3
277 18 4
 0 1
 1 3
 2 1
 3 2
278 7 4
 0 0
 1 3
 2 3
 3 3
279 8 4
 0 1
 1 0
 2 1
 3 2
280 19 4
 0 2
 1 0
 2 2
 3 0
281 11 4
 0 1
 1 2
 2 3
 3 0
282 20 4
 0 2
 1 0
 2 0
 3 1
283 11 4
 0 2
 1 2
 2 0
 3 2
284 7 4
 0 0
 1 1
 2 0
 3 0
285 16 4
 0 0
 1 0
 2 1
 3 1
286 8 4
 0 1
 1 1
 2 0
 3 2
287 16 4
 0 2
 1 2
 2 2
 3 2
288 10 4
 0 0
 1 2
 2 2
 3 3
289 11 4
 0 2
 1 0
 2 3
 3 3
290 8 4
 0 3
 1 0
 2 3
 3 1
291 16 4
 0 1
 1 1
 2 1
 3 1
292 14 4
 0 1
 1 1
 2 2
 3 3
293 11 4
 0 3
 1 1
 2 3
 3 0
294 4 4
 0 0
 1 0
 2 2
 3 0
295 1 4
 0 1
 1 1
 2 2
 3 1
296 17 4
 0 0
 1 1
 2 2
 3 1
297 13 4
 0 0
 1 2
 2 2
 3 2
298 3 4
 0 0
 1 2
 2 0
 3 0
299 2 4
 0 2
 1 3
 2 3
 3 0
300 4 4
 0 2
 1 0
 2 0
 3 0
301 9 4
 0 0
 1 2
 2 0
 3 0
302 4 4
 0 3
 1 3
 2 0
 3 3
303 15 4
 0 2
 1 2
 2 3
 3 3
304 18 4
 0 0
 1 0
 2 0
 3 3
305 16 4
 0 0
 1 1
 2 1
 3 0
306 1 4
 0 1
 1 1
 2 3
 3 2
307 13 4
 0 2
 1 3
 2 2
 3 2
308 16 4
 0 0
 1 1
 2 0
 3 2
309 16 4
 0 0
 1 3
 2 2
 3 3
310 14 4
 0 0
 1 2
 2 0
 3 0
311 12 4
 0 1
 1 0
 2 3
 3 3
312 4 4
 0 0
 1 0
 2 2
 3 2
313 3 4
 0 0
 1 2
 2 1
 3 1
314 3 4
 0 1
 1 2
 2 0
 3 1
315 1 4
 0 1
 1 3
 2 0
 3 0
316 4 4
 0 0
 1 3
 2 0
 3 3
317 2 4
 0 0
 1 0
 2 0
 3 1
318 16 4
 0 2
 1 3
 2 3
 3 0
319 11 4
 0 0
 1 0
 2 0
 3 1
320 10 4
 0 0
 1 3
 2 0
 3 3
321 18 4
 0 3
 1 0
 2 3
 3 3
322 4 4
 0 0
 1 0
 2 1
 3 0
323 16 4
 0 1
 1 3
 2 0
 3 0
324 13 4
 0 0
 1 0
 2 3
 3 1
325 17 4
 0 0
 1 0
 2 0
 3 3
326 20 4
 0 3
 1 2
 2 0
 3 0
327 7 4
 0 0
 1 2
 2 0
 3 1
328 16 4
 0 0
 1 1
 2 0
 3 2
329 16 4
 0 3
 1 3
 2 2
 3 1
330 13 4
 0 2
 1 3
 2 1
 3 1
331 1 4
 0 0
 1 0
 2 3
 3 1
332 18 4
 0 0
 1 1
 2 1
 3 3
333 17 4
 0 0
 1 0
 2 1
 3 1
334 7 4
 0 0
 1 2
 2 0
 3 1
335 8 4
 0 3
 1 1
 2 1
 3 2
336 3 4
 0 0
 1 0
 2 1
 3 3
337 12 4
 0 1
 1 1
 2 0
 3 1
338 7 4
 0 3
 1 3
 2 1
 3 0
339 12 4
 0 1
 1 1
 2 3
 3 3
340 17 4
 0 0
 1 2
 2 1
 3 2
341 3 4
 0 0
 1 2
 2 0
 3 1
342 3 4
 0 2
 1 0
 2 3
 3 3
343 12 4
 0 0
 1 1
 2 1
 3 1
344 7 4
 0 0
 1 3
 2 0
 3 1
345 19 4
 0 0
 1 0
 2 0
 3 3
346 9 4
 0 1
 1 3
 2 2
 3 0
347 12 4
 0 0
 1 1
 2 0
 3 0
348 11 4
 0 0
 1 3
 2 1
 3 3
349 5 4
 0 1
 1 1
 2 2
 3 2
350 1 4
 0 3
 1 2
 2 0
 3 0
351 15 4
 0 0
 1 1
 2 2
 3 0
352 7 4
 0 3
 1 0
 2 0
 3 1
353 9 4
 0 3
 1 2
 2 0
 3 1
354 4 4
 0 3
 1 3
 2 0
 3 2
355 12 4
 0 0
 1 2
 2 1
 3 0
356 6 4
 0 1
 1 1
 2 2
 3 2
357 9 4
 0 3
 1 0
 2 0
 3 0
358 17 4
 0 2
 1 0
 2 3
 3 0
359 8 4
 0 2
 1 0
 2 2
 3 0
360 15 4
 0 2
 1 3
 2 2
 3 0
361 9 4
 0 0
 1 2
 2 0
 3 3
362 9 4
 0 2
 1 0
 2 1
 3 0
363 4 4
 0 2
 1 2
 2 0
 3 2
364 6 4
 0 0
 1 0
 2 1
 3 0
365 4 4
 0 3
 1 1
 2 1
 3 0
366 13 4
 0 2
 1 0
 2 1
 3 1
367 5 4
 0 1
 1 1
 2 1
 3 0
368 2 4
 0 0
 1 0
 2 2
 3 1
369 10 4
 0 2
 1 2
 2 3
 3 0
370 13 4
 0 1
 1 0
 2 1
 3 3
371 9 4
 0 2
 1 1
 2 2
 3 0
372 10 4
 0 3
 1 1
 2 1
 3 0
373 14 4
 0 0
 1 0
 2 0
 3 3
374 9 4
 0 2
 1 0
 2 1
 3 1
375 9 4
 0 3
 1 1
 2 2
 3 0
376 3 4
 0 2
 1 3
 2 0
 3 1
377 15 4
 0 1
 1 0
 2 0
 3 3
378 17 4
 0 0
 1 0
 2 3
 3 2
379 14 4
 0 0
 1 0
 2 1
 3 0
380 19 4
 0 3
 1 0
 2 3
 3 0
381 6 4
 0 2
 1 3
 2 0
 3 0
382 18 4
 0 2
 1 0
 2 0
 3 0
383 18 4
 0 3
 1 2
 2 0
 3 2
384 13 4
 0 1
 1 3
 2 2
 3 3
385 14 4
 0 1
 1 0
 2 0
 3 0
386 20 4
 0 0
 1 0
 2 2
 3 3
387 17 4
 0 0
 1 2
 2 3
 3 1
388 7 4
 0 2
 1 0
 2 2
 3 0
389 1 4
 0 0
 1 0
 2 2
 3 0
390 3 4
 0 0
 1 0
 2 2
 3 1
391 8 4
 0 2
 1 0
 2 0
 3 2
392 20 4
 0 1
 1 3
 2 0
 3 1
393 1 4
 0 0
 1 0
 2 2
 3 0
394 8 4
 0 2
 1 0
 2 1
 3 3
395 17 4
 0 3
 1 0
 2 0
 3 3
396 15 4
 0 0
 1 2
 2 1
 3 3
397 14 4
 0 0
 1 1
 2 0
 3 0
398 6 4
 0 3
 1 2
 2 2
 3 2
399 11 4
 0 3
 1 1
 2 0
 3 3
400 16 4
 0 2
 1 0
 2 3
 3 1
401 5 4
 0 0
 1 3
 2 2
 3 0
402 1 4
 0 1
 1 1
 2 2
 3 0
403 10 4
 0 2
 1 3
 2 3
 3 2
404 5 4
 0 2
 1 0
 2 0
 3 0
405 4 4
 0 0
 1 0
 2 2
 3 1
406 14 4
 0 0
 1 2
 2 2
 3 2
407 19 4
 0 2
 1 0
 2 2
 3 1
408 13 4
 0 1
 1 3
 2 0
 3 3
409 4 4
 0 1
 1 0
 2 3
 3 0
410 2 4
 0 0
 1 0
 2 0
 3 1
411 5 4
 0 0
 1 0
 2 2
 3 1
412 13 4
 0 2
 1 0
 2 2
 3 3
413 11 4
 0 2
 1 1
 2 2
 3 2
414 11 4
 0 0
 1 1
 2 0
 3 0
415 8 4
 0 0
 1 3
 2 0
 3 3
416 10 4
 0 1
 1 0
 2 0
 3 0
417 12 4
 0 0
 1 0
 2 3
 3 3
418 8 4
 0 0
 1 0
 2 0
 3 2
419 7 4
 0 0
 1 0
 2 1
 3 1
420 19 4
 0 3
 1 0
 2 3
 3 0
421 2 4
 0 0
 1 3
 2 0
 3 1
422 15 4
 0 0
 1 2
 2 0
 3 3
423 7 4
 0 0
 1 1
 2 0
 3 0
424 19 4
 0 0
 1 0
 2 2
 3 1
425 10 4
 0 0
 1 3
 2 0
 3 0
426 17 4
 0 0
 1 2
 2 1
 3 0
427 16 4
 0 0
 1 0
 2 3
 3 1
428 1 4
 0 0
 1 1
 2 1
 3 0
429 14 4
 0 2
 1 3
 2 1
 3 0
430 16 4
 0 0
 1 2
 2 0
 3 0
431 13 4
 0 0
 1 3
 2 0
 3 0
432 18 4
 0 1
 1 2
 2 0
 3 3
433 12 4
 0 3
 1 3
 2 0
 3 0
434 11 4
 0 0
 1 0
 2 2
 3 2
435 14 4
 0 0
 1 0
 2 1
 3 0
436 5 4
 0 0
 1 2
 2 0
 3 2
437 20 4
 0 3
 1 1
 2 0
 3 2
438 8 4
 0 0
 1 2
 2 0
 3 1
439 19 4
 0 0
 1 3
 2 3
 3 0
440 2 4
 0 2
 1 0
 2 1
 3 3
441 0 4
 0 0
 1 0
 2 0
 3 0

# PRECEDENCES
977
0 1
0 30
0 59
0 88
0 117
0 146
0 175
0 204
0 233
0 262
0 291
0 320
0 349
0 378
0 407
0 436
1 2
1 30
2 3
2 31
3 4
3 32
4 5
4 33
5 6
5 34
6 7
6 35
7 8
7 36
7 37
8 9
8 37
8 38
9 10
9 38
10 11
10 39
10 40
11 12
11 40
12 13
12 41
13 14
13 42
14 15
14 43
15 16
15 44
15 45
16 17
16 45
17 18
17 46
18 19
18 47
19 20
19 48
20 21
20 49
21 22
21 50
22 23
22 51
23 24
23 52
24 25
24 53
24 54
25 26
25 54
26 27
26 55
27 28
27 56
28 29
28 57
29 58
29 441
30 31
30 59
31 32
31 60
31 61
32 33
32 61
33 34
33 62
33 63
34 35
34 63
35 36
35 64
35 65
36 37
36 65
36 66
37 38
37 66
37 67
38 39
38 67
38 68
39 40
39 68
39 69
40 41
40 69
41 42
41 70
42 43
42 71
43 44
43 72
44 45
44 73
44 74
45 46
45 74
46 47
46 75
47 48
47 76
48 49
48 77
48 78
49 50
49 78
50 51
50 79
51 52
51 80
52 53
52 81
53 54
53 82
53 83
54 55
54 83
54 84
55 56
55 84
56 57
56 85
57 58
57 86
58 87
58 441
59 60
59 88
60 61
60 89
61 62
61 90
62 63
62 91
62 92
63 64
63 92
64 65
64 93
65 66
65 94
66 67
66 95
67 68
67 96
68 69
68 97
69 70
69 98
70 71
70 99
70 100
71 72
71 100
71 101
72 73
72 101
72 102
73 74
73 102
73 103
74 75
74 103
75 76
75 104
75 105
76 77
76 105
77 78
77 106
78 79
78 107
78 108
79 80
79 108
80 81
80 109
81 82
81 110
82 83
82 111
82 112
83 84
83 112
84 85
84 113
85 86
85 114
86 87
86 115
87 116
87 441
88 89
88 117
89 90
89 118
89 119
90 91
90 119
91 92
91 120
91 121
92 93
92 121
93 94
93 122
93 123
94 95
94 123
94 124
95 96
95 124
96 97
96 125
97 98
97 126
97 127
98 99
98 127
98 128
99 100
99 128
100 101
100 129
101 102
101 130
102 103
102 131
103 104
103 132
104 105
104 133
105 106
105 134
106 107
106 135
106 136
107 108
107 136
107 137
108 109
108 137
109 110
109 138
109 139
110 111
110 139
110 140
111 112
111 140
112 113
112 141
113 114
113 142
114 115
114 143
115 116
115 144
116 145
116 441
117 118
117 146
118 119
118 147
119 120
119 148
120 121
120 149
121 122
121 150
121 151
122 123
122 151
123 124
123 152
123 153
124 125
124 153
125 126
125 154
126 127
126 155
127 128
127 156
128 129
128 157
128 158
129 130
129 158
130 131
130 159
131 132
131 160
132 133
132 161
133 134
133 162
134 135
134 163
134 164
135 136
135 164
136 137
136 165
136 166
137 138
137 166
138 139
138 167
139 140
139 168
140 141
140 169
141 142
141 170
142 143
142 171
143 144
143 172
144 145
144 173
145 174
145 441
146 147
146 175
146 176
147 148
147 176
148 149
148 177
149 150
149 178
150 151
150 179
151 152
151 180
151 181
152 153
152 181
153 154
153 182
154 155
154 183
154 184
155 156
155 184
156 157
156 185
156 186
157 158
157 186
157 187
158 159
158 187
159 160
159 188
160 161
160 189
161 162
161 190
162 163
162 191
163 164
163 192
164 165
164 193
164 194
165 166
165 194
166 167
166 195
167 168
167 196
168 169
168 197
169 170
169 198
170 171
170 199
170 200
171 172
171 200
172 173
172 201
172 202
173 174
173 202
173 203
174 203
174 441
175 176
175 204
176 177
176 205
176 206
177 178
177 206
178 179
178 207
179 180
179 208
180 181
180 209
181 182
181 210
181 211
182 183
182 211
183 184
183 212
184 185
184 213
184 214
185 186
185 214
186 187
186 215
187 188
187 216
188 189
188 217
189 190
189 218
190 191
190 219
191 192
191 220
192 193
192 221
193 194
193 222
194 195
194 223
195 196
195 224
196 197
196 225
197 198
197 226
198 199
198 227
199 200
199 228
199 229
200 201
200 229
201 202
201 230
202 203
202 231
203 232
203 441
204 205
204 233
204 234
205 206
205 234
206 207
206 235
207 208
207 236
208 209
208 237
209 210
209 238
210 211
210 239
211 212
211 240
212 213
212 241
213 214
213 242
214 215
214 243
215 216
215 244
216 217
216 245
217 218
217 246
218 219
218 247
219 220
219 248
220 221
220 249
221 222
221 250
222 223
222 251
222 252
223 224
223 252
224 225
224 253
224 254
225 226
225 254
226 227
226 255
227 228
227 256
228 229
228 257
229 230
229 258
230 231
230 259
231 232
231 260
232 261
232 441
233 234
233 262
234 235
234 263
234 264
235 236
235 264
236 237
236 265
237 238
237 266
238 239
238 267
238 268
239 240
239 268
240 241
240 269
241 242
241 270
241 271
242 243
242 271
242 272
243 244
243 272
244 245
244 273
245 246
245 274
246 247
246 275
247 248
247 276
248 249
248 277
249 250
249 278
250 251
250 279
250 280
251 252
251 280
252 253
252 281
253 254
253 282
254 255
254 283
254 284
255 256
255 284
256 257
256 285
257 258
257 286
257 287
258 259
258 287
259 260
259 288
259 289
260 261
260 289
260 290
261 290
261 441
262 263
262 291
263 264
263 292
264 265
264 293
264 294
265 266
265 294
265 295
266 267
266 295
266 296
267 268
267 296
268 269
268 297
269 270
269 298
269 299
270 271
270 299
271 272
271 300
272 273
272 301
272 302
273 274
273 302
274 275
274 303
275 276
275 304
275 305
276 277
276 305
276 306
277 278
277 306
277 307
278 279
278 307
279 280
279 308
279 309
280 281
280 309
281 282
281 310
282 283
282 311
282 312
283 284
283 312
284 285
284 313
284 314
285 286
285 314
286 287
286 315
287 288
287 316
288 289
288 317
289 290
289 318
290 319
290 441
291 292
291 320
292 293
292 321
293 294
293 322
293 323
294 295
294 323
295 296
295 324
296 297
296 325
297 298
297 326
298 299
298 327
299 300
299 328
300 301
300 329
301 302
301 330
301 331
302 303
302 331
303 304
303 332
303 333
304 305
304 333
305 306
305 334
305 335
306 307
306 335
307 308
307 336
308 309
308 337
309 310
309 338
310 311
310 339
311 312
311 340
312 313
312 341
313 314
313 342
314 315
314 343
315 316
315 344
316 317
316 345
316 346
317 318
317 346
317 347
318 319
318 347
319 348
319 441
320 321
320 349
321 322
321 350
322 323
322 351
322 352
323 324
323 352
324 325
324 353
325 326
325 354
326 327
326 355
326 356
327 328
327 356
328 329
328 357
328 358
329 330
329 358
330 331
330 359
331 332
331 360
332 333
332 361
333 334
333 362
334 335
334 363
335 336
335 364
336 337
336 365
336 366
337 338
337 366
338 339
338 367
339 340
339 368
340 341
340 369
341 342
341 370
341 371
342 343
342 371
343 344
343 372
343 373
344 345
344 373
345 346
345 374
346 347
346 375
347 348
347 376
348 377
348 441
349 350
349 378
350 351
350 379
351 352
351 380
352 353
352 381
353 354
353 382
353 383
354 355
354 383
355 356
355 384
356 357
356 385
357 358
357 386
358 359
358 387
359 360
359 388
359 389
360 361
360 389
361 362
361 390
362 363
362 391
363 364
363 392
364 365
364 393
365 366
365 394
366 367
366 395
367 368
367 396
368 369
368 397
369 370
369 398
369 399
370 371
370 399
371 372
371 400
372 373
372 401
373 374
373 402
373 403
374 375
374 403
374 404
375 376
375 404
376 377
376 405
377 406
377 441
378 379
378 407
379 380
379 408
380 381
380 409
380 410
381 382
381 410
381 411
382 383
382 411
383 384
383 412
384 385
384 413
384 414
385 386
385 414
385 415
386 387
386 415
387 388
387 416
387 417
388 389
388 417
389 390
389 418
390 391
390 419
390 420
391 392
391 420
392 393
392 421
392 422
393 394
393 422
394 395
394 423
395 396
395 424
395 425
396 397
396 425
396 426
397 398
397 426
397 427
398 399
398 427
398 428
399 400
399 428
400 401
400 429
400 430
401 402
401 430
402 403
402 431
403 404
403 432
404 405
404 433
404 434
405 406
405 434
406 435
406 441
407 408
407 436
408 409
408 437
409 410
409 438
409 439
410 411
410 439
411 412
411 440
412 413
413 414
414 415
415 416
416 417
417 418
418 419
419 420
420 421
421 422
422 423
423 424
424 425
425 426
426 427
427 428
428 429
429 430
430 431
431 432
432 433
433 434
434 435
435 441
436 437
436 441
437 438
437 441
438 439
438 441
439 440
439 441
440 441
