# Tier 7 (Very Large) - Instance 82
# Generated with config: N=382, K=4, topology=grid, calendar=random

# HEADER: <num_tasks> <num_types> <num_units>
384 4 29

# RESOURCE TYPES
# Format: <type_id> <num_units> <unit_id1> <unit_id2> ...
0 7 0 1 2 3 4 5 6
1 8 7 8 9 10 11 12 13 14
2 6 15 16 17 18 19 20
3 8 21 22 23 24 25 26 27 28

# RESOURCE UNITS (Calendars)
# Format: <unit_id> <num_steps> <t1> <v1> <t2> <v2> ...
0 29 0 0 8 100 159 0 173 100 307 0 324 100 515 0 519 100 604 0 612 100 807 0 809 100 862 0 864 100 970 0 975 100 1161 0 1174 100 1280 0 1282 100 1427 0 1441 100 1588 0 1593 100 1806 0 1816 100 1881 0 1884 100 3329 0
1 29 0 0 16 100 224 0 236 100 282 0 299 100 433 0 440 100 570 0 576 100 776 0 793 100 957 0 964 100 1149 0 1166 100 1312 0 1323 100 1477 0 1490 100 1540 0 1548 100 1603 0 1614 100 1727 0 1730 100 1862 0 1869 100 3329 0
2 29 0 100 160 0 162 100 257 0 267 100 316 0 327 100 464 0 481 100 675 0 677 100 831 0 835 100 913 0 927 100 1032 0 1046 100 1143 0 1150 100 1285 0 1289 100 1417 0 1430 100 1471 0 1484 100 1644 0 1657 100 1793 0 3329 0
3 29 0 100 40 0 56 100 252 0 266 100 307 0 312 100 500 0 506 100 653 0 660 100 854 0 857 100 988 0 1001 100 1205 0 1220 100 1297 0 1309 100 1446 0 1448 100 1642 0 1658 100 1826 0 1842 100 1964 0 1972 100 2056 0 3329 0
4 29 0 0 8 100 200 0 210 100 363 0 365 100 557 0 572 100 713 0 723 100 857 0 868 100 920 0 924 100 1038 0 1043 100 1099 0 1115 100 1190 0 1196 100 1394 0 1402 100 1586 0 1596 100 1644 0 1660 100 1782 0 1793 100 3329 0
5 29 0 100 183 0 199 100 412 0 417 100 474 0 477 100 548 0 552 100 720 0 737 100 934 0 942 100 1010 0 1015 100 1160 0 1176 100 1212 0 1224 100 1388 0 1397 100 1469 0 1484 100 1661 0 1666 100 1864 0 1874 100 2030 0 3329 0
6 29 0 100 87 0 91 100 146 0 162 100 282 0 299 100 359 0 366 100 523 0 537 100 701 0 714 100 820 0 829 100 864 0 876 100 1009 0 1026 100 1072 0 1078 100 1161 0 1177 100 1382 0 1396 100 1575 0 1578 100 1680 0 3329 0
7 29 0 100 167 0 182 100 236 0 245 100 437 0 453 100 495 0 500 100 623 0 639 100 756 0 764 100 826 0 828 100 1013 0 1029 100 1239 0 1252 100 1455 0 1466 100 1679 0 1693 100 1812 0 1822 100 2006 0 2015 100 2105 0 3329 0
8 29 0 0 4 100 130 0 144 100 209 0 218 100 428 0 430 100 608 0 614 100 681 0 696 100 897 0 907 100 1022 0 1026 100 1206 0 1214 100 1380 0 1385 100 1596 0 1612 100 1797 0 1812 100 2006 0 2015 100 2106 0 2109 100 3329 0
9 29 0 0 2 100 70 0 80 100 272 0 283 100 360 0 376 100 451 0 454 100 602 0 606 100 665 0 670 100 706 0 708 100 860 0 876 100 963 0 974 100 1033 0 1042 100 1131 0 1148 100 1354 0 1361 100 1465 0 1480 100 3329 0
10 29 0 0 8 100 66 0 71 100 189 0 195 100 364 0 380 100 419 0 435 100 644 0 656 100 714 0 720 100 778 0 793 100 945 0 962 100 1167 0 1175 100 1362 0 1366 100 1545 0 1558 100 1669 0 1675 100 1820 0 1822 100 3329 0
11 29 0 0 17 100 214 0 221 100 295 0 312 100 522 0 536 100 579 0 582 100 725 0 734 100 944 0 947 100 1097 0 1104 100 1297 0 1301 100 1436 0 1450 100 1512 0 1523 100 1602 0 1606 100 1703 0 1717 100 1896 0 1908 100 3329 0
12 29 0 0 10 100 177 0 182 100 268 0 277 100 363 0 370 100 468 0 474 100 611 0 613 100 649 0 658 100 850 0 860 100 935 0 946 100 1094 0 1110 100 1212 0 1222 100 1262 0 1269 100 1311 0 1325 100 1414 0 1430 100 3329 0
13 29 0 100 177 0 183 100 293 0 306 100 423 0 440 100 593 0 608 100 738 0 740 100 860 0 869 100 937 0 954 100 1030 0 1034 100 1167 0 1173 100 1362 0 1375 100 1573 0 1590 100 1692 0 1700 100 1850 0 1867 100 1922 0 3329 0
14 29 0 100 210 0 226 100 374 0 386 100 530 0 543 100 612 0 628 100 743 0 753 100 847 0 851 100 1013 0 1017 100 1116 0 1130 100 1169 0 1184 100 1308 0 1318 100 1403 0 1420 100 1580 0 1592 100 1726 0 1742 100 1938 0 3329 0
15 29 0 0 10 100 198 0 202 100 325 0 331 100 395 0 398 100 436 0 449 100 600 0 607 100 811 0 828 100 962 0 969 100 1163 0 1165 100 1367 0 1377 100 1554 0 1565 100 1744 0 1761 100 1968 0 1970 100 2078 0 2087 100 3329 0
16 29 0 100 115 0 131 100 322 0 334 100 546 0 556 100 626 0 639 100 702 0 712 100 836 0 846 100 990 0 997 100 1206 0 1220 100 1354 0 1358 100 1426 0 1441 100 1569 0 1580 100 1747 0 1757 100 1950 0 1964 100 2052 0 3329 0
17 29 0 0 9 100 148 0 159 100 222 0 235 100 301 0 310 100 502 0 505 100 570 0 578 100 726 0 733 100 812 0 820 100 931 0 936 100 1014 0 1023 100 1194 0 1198 100 1240 0 1242 100 1334 0 1350 100 1467 0 1484 100 3329 0
18 29 0 100 42 0 51 100 242 0 247 100 282 0 287 100 396 0 410 100 574 0 577 100 687 0 700 100 898 0 913 100 1066 0 1069 100 1184 0 1195 100 1238 0 1248 100 1443 0 1452 100 1653 0 1667 100 1865 0 1867 100 1912 0 3329 0
19 29 0 0 12 100 172 0 179 100 289 0 297 100 363 0 378 100 528 0 544 100 720 0 733 100 870 0 875 100 920 0 924 100 990 0 1007 100 1156 0 1161 100 1226 0 1229 100 1296 0 1308 100 1387 0 1390 100 1500 0 1503 100 3329 0
20 29 0 100 211 0 224 100 400 0 406 100 575 0 586 100 621 0 637 100 746 0 756 100 928 0 935 100 1000 0 1015 100 1115 0 1132 100 1279 0 1283 100 1463 0 1475 100 1591 0 1600 100 1744 0 1755 100 1921 0 1933 100 1992 0 3329 0
21 29 0 0 8 100 158 0 168 100 373 0 381 100 587 0 594 100 676 0 684 100 753 0 768 100 892 0 898 100 976 0 980 100 1025 0 1033 100 1199 0 1205 100 1275 0 1283 100 1469 0 1484 100 1536 0 1549 100 1750 0 1757 100 3329 0
22 29 0 0 12 100 117 0 129 100 262 0 264 100 454 0 462 100 596 0 611 100 779 0 794 100 955 0 965 100 1068 0 1080 100 1206 0 1219 100 1368 0 1379 100 1501 0 1513 100 1561 0 1563 100 1673 0 1682 100 1835 0 1846 100 3329 0
23 29 0 0 11 100 166 0 178 100 227 0 244 100 421 0 429 100 575 0 578 100 757 0 771 100 919 0 921 100 1014 0 1027 100 1071 0 1086 100 1198 0 1214 100 1409 0 1418 100 1502 0 1510 100 1629 0 1641 100 1764 0 1772 100 3329 0
24 29 0 0 11 100 210 0 221 100 384 0 392 100 587 0 596 100 736 0 749 100 841 0 854 100 899 0 909 100 1017 0 1021 100 1135 0 1146 100 1314 0 1331 100 1399 0 1402 100 1469 0 1481 100 1613 0 1626 100 1727 0 1735 100 3329 0
25 29 0 100 117 0 127 100 165 0 170 100 298 0 304 100 466 0 472 100 550 0 555 100 651 0 668 100 753 0 767 100 962 0 976 100 1175 0 1180 100 1295 0 1308 100 1502 0 1506 100 1659 0 1668 100 1879 0 1891 100 2069 0 3329 0
26 29 0 100 117 0 134 100 242 0 248 100 368 0 371 100 564 0 574 100 652 0 669 100 713 0 717 100 803 0 817 100 1015 0 1026 100 1210 0 1219 100 1410 0 1419 100 1567 0 1577 100 1664 0 1679 100 1820 0 1823 100 1961 0 3329 0
27 29 0 100 140 0 150 100 290 0 304 100 500 0 505 100 695 0 706 100 789 0 800 100 917 0 926 100 1079 0 1092 100 1178 0 1184 100 1270 0 1282 100 1419 0 1426 100 1475 0 1483 100 1585 0 1592 100 1742 0 1755 100 1858 0 3329 0
28 29 0 100 189 0 200 100 337 0 345 100 434 0 449 100 631 0 639 100 678 0 688 100 856 0 873 100 1041 0 1048 100 1262 0 1266 100 1476 0 1487 100 1626 0 1628 100 1808 0 1819 100 1880 0 1897 100 1939 0 1949 100 2075 0 3329 0

# TASKS
# Format: <task_id> <size> <num_reqs>
# Then for each requirement: <type_id> <qty>
0 0 4
 0 0
 1 0
 2 0
 3 0
1 6 4
 0 0
 1 2
 2 0
 3 0
2 15 4
 0 1
 1 0
 2 0
 3 3
3 5 4
 0 0
 1 1
 2 3
 3 1
4 19 4
 0 2
 1 1
 2 0
 3 1
5 6 4
 0 0
 1 3
 2 0
 3 0
6 13 4
 0 1
 1 0
 2 0
 3 0
7 19 4
 0 3
 1 3
 2 1
 3 0
8 4 4
 0 3
 1 3
 2 2
 3 3
9 5 4
 0 3
 1 2
 2 3
 3 1
10 20 4
 0 1
 1 0
 2 0
 3 0
11 11 4
 0 0
 1 0
 2 0
 3 1
12 19 4
 0 0
 1 0
 2 3
 3 0
13 3 4
 0 1
 1 0
 2 2
 3 3
14 7 4
 0 3
 1 2
 2 2
 3 0
15 4 4
 0 1
 1 0
 2 0
 3 0
16 13 4
 0 3
 1 2
 2 3
 3 3
17 3 4
 0 0
 1 1
 2 0
 3 0
18 4 4
 0 2
 1 0
 2 0
 3 2
19 6 4
 0 1
 1 3
 2 0
 3 2
20 4 4
 0 3
 1 2
 2 0
 3 0
21 20 4
 0 3
 1 3
 2 0
 3 0
22 17 4
 0 2
 1 0
 2 3
 3 0
23 3 4
 0 2
 1 3
 2 0
 3 0
24 3 4
 0 3
 1 3
 2 2
 3 1
25 8 4
 0 0
 1 0
 2 2
 3 0
26 20 4
 0 0
 1 3
 2 2
 3 0
27 8 4
 0 2
 1 0
 2 1
 3 0
28 10 4
 0 0
 1 2
 2 0
 3 0
29 2 4
 0 0
 1 2
 2 1
 3 2
30 20 4
 0 2
 1 3
 2 3
 3 3
31 17 4
 0 0
 1 1
 2 3
 3 0
32 13 4
 0 0
 1 3
 2 2
 3 2
33 14 4
 0 0
 1 0
 2 2
 3 3
34 16 4
 0 1
 1 1
 2 1
 3 0
35 7 4
 0 1
 1 0
 2 3
 3 3
36 12 4
 0 2
 1 3
 2 3
 3 3
37 20 4
 0 0
 1 1
 2 0
 3 2
38 16 4
 0 2
 1 3
 2 0
 3 3
39 9 4
 0 2
 1 3
 2 1
 3 3
40 7 4
 0 3
 1 1
 2 3
 3 3
41 9 4
 0 2
 1 1
 2 0
 3 1
42 4 4
 0 1
 1 1
 2 2
 3 0
43 16 4
 0 0
 1 0
 2 0
 3 1
44 7 4
 0 0
 1 3
 2 0
 3 3
45 4 4
 0 2
 1 2
 2 2
 3 0
46 14 4
 0 1
 1 2
 2 0
 3 3
47 4 4
 0 0
 1 1
 2 1
 3 2
48 11 4
 0 0
 1 2
 2 3
 3 2
49 14 4
 0 0
 1 2
 2 3
 3 0
50 16 4
 0 0
 1 3
 2 2
 3 1
51 8 4
 0 1
 1 1
 2 1
 3 1
52 17 4
 0 3
 1 0
 2 3
 3 0
53 20 4
 0 0
 1 1
 2 0
 3 0
54 1 4
 0 2
 1 1
 2 2
 3 3
55 10 4
 0 3
 1 1
 2 0
 3 0
56 9 4
 0 0
 1 1
 2 0
 3 1
57 2 4
 0 2
 1 2
 2 0
 3 3
58 20 4
 0 3
 1 3
 2 0
 3 1
59 10 4
 0 0
 1 1
 2 0
 3 1
60 17 4
 0 0
 1 3
 2 3
 3 0
61 13 4
 0 3
 1 0
 2 2
 3 0
62 14 4
 0 0
 1 2
 2 1
 3 0
63 20 4
 0 3
 1 0
 2 0
 3 0
64 13 4
 0 0
 1 0
 2 3
 3 0
65 19 4
 0 0
 1 1
 2 3
 3 0
66 14 4
 0 1
 1 1
 2 0
 3 0
67 14 4
 0 1
 1 0
 2 1
 3 2
68 10 4
 0 1
 1 2
 2 0
 3 0
69 12 4
 0 0
 1 2
 2 3
 3 0
70 6 4
 0 0
 1 3
 2 0
 3 1
71 11 4
 0 3
 1 0
 2 0
 3 0
72 12 4
 0 0
 1 0
 2 3
 3 1
73 2 4
 0 0
 1 2
 2 0
 3 0
74 9 4
 0 0
 1 0
 2 2
 3 0
75 17 4
 0 2
 1 0
 2 0
 3 0
76 13 4
 0 2
 1 0
 2 3
 3 0
77 8 4
 0 1
 1 3
 2 0
 3 0
78 8 4
 0 2
 1 0
 2 3
 3 2
79 18 4
 0 3
 1 0
 2 0
 3 0
80 19 4
 0 0
 1 1
 2 0
 3 1
81 10 4
 0 1
 1 1
 2 0
 3 1
82 2 4
 0 1
 1 0
 2 0
 3 0
83 15 4
 0 0
 1 0
 2 0
 3 2
84 5 4
 0 2
 1 0
 2 3
 3 0
85 1 4
 0 0
 1 0
 2 1
 3 1
86 9 4
 0 0
 1 0
 2 0
 3 2
87 5 4
 0 2
 1 0
 2 2
 3 3
88 2 4
 0 0
 1 3
 2 0
 3 0
89 6 4
 0 0
 1 0
 2 2
 3 0
90 2 4
 0 2
 1 0
 2 3
 3 2
91 11 4
 0 3
 1 0
 2 1
 3 0
92 18 4
 0 3
 1 2
 2 1
 3 3
93 3 4
 0 3
 1 3
 2 2
 3 2
94 18 4
 0 0
 1 0
 2 0
 3 1
95 2 4
 0 3
 1 0
 2 2
 3 3
96 20 4
 0 2
 1 2
 2 0
 3 3
97 17 4
 0 0
 1 1
 2 0
 3 3
98 2 4
 0 0
 1 1
 2 0
 3 1
99 7 4
 0 0
 1 0
 2 2
 3 1
100 9 4
 0 1
 1 1
 2 0
 3 0
101 17 4
 0 0
 1 0
 2 2
 3 0
102 19 4
 0 0
 1 0
 2 2
 3 3
103 2 4
 0 0
 1 3
 2 0
 3 2
104 20 4
 0 1
 1 2
 2 3
 3 0
105 14 4
 0 0
 1 1
 2 2
 3 3
106 6 4
 0 0
 1 3
 2 1
 3 2
107 11 4
 0 0
 1 1
 2 0
 3 0
108 12 4
 0 0
 1 0
 2 1
 3 1
109 3 4
 0 3
 1 0
 2 1
 3 0
110 17 4
 0 1
 1 3
 2 2
 3 0
111 14 4
 0 1
 1 0
 2 0
 3 2
112 5 4
 0 0
 1 1
 2 1
 3 0
113 3 4
 0 2
 1 0
 2 0
 3 0
114 20 4
 0 0
 1 2
 2 1
 3 1
115 3 4
 0 2
 1 2
 2 0
 3 3
116 20 4
 0 3
 1 2
 2 2
 3 0
117 20 4
 0 0
 1 3
 2 0
 3 2
118 3 4
 0 0
 1 1
 2 0
 3 0
119 1 4
 0 0
 1 0
 2 3
 3 3
120 10 4
 0 2
 1 3
 2 0
 3 0
121 19 4
 0 1
 1 2
 2 2
 3 1
122 10 4
 0 2
 1 0
 2 0
 3 2
123 16 4
 0 0
 1 3
 2 1
 3 1
124 15 4
 0 0
 1 0
 2 1
 3 2
125 15 4
 0 2
 1 1
 2 2
 3 0
126 9 4
 0 0
 1 2
 2 1
 3 0
127 4 4
 0 2
 1 2
 2 0
 3 2
128 12 4
 0 2
 1 1
 2 3
 3 2
129 9 4
 0 1
 1 0
 2 2
 3 2
130 20 4
 0 0
 1 0
 2 1
 3 0
131 1 4
 0 3
 1 3
 2 3
 3 0
132 14 4
 0 3
 1 3
 2 0
 3 1
133 4 4
 0 0
 1 1
 2 0
 3 0
134 9 4
 0 3
 1 0
 2 1
 3 1
135 20 4
 0 0
 1 2
 2 2
 3 1
136 3 4
 0 0
 1 2
 2 0
 3 3
137 12 4
 0 1
 1 2
 2 1
 3 3
138 19 4
 0 1
 1 1
 2 0
 3 2
139 16 4
 0 0
 1 1
 2 3
 3 1
140 6 4
 0 0
 1 2
 2 1
 3 1
141 9 4
 0 2
 1 1
 2 1
 3 3
142 6 4
 0 3
 1 1
 2 3
 3 1
143 4 4
 0 1
 1 3
 2 0
 3 1
144 1 4
 0 3
 1 3
 2 0
 3 0
145 1 4
 0 0
 1 3
 2 2
 3 0
146 11 4
 0 2
 1 0
 2 2
 3 0
147 10 4
 0 0
 1 0
 2 2
 3 2
148 3 4
 0 1
 1 2
 2 0
 3 0
149 9 4
 0 0
 1 1
 2 0
 3 0
150 7 4
 0 3
 1 1
 2 2
 3 3
151 15 4
 0 3
 1 2
 2 2
 3 0
152 17 4
 0 1
 1 0
 2 3
 3 0
153 14 4
 0 0
 1 0
 2 0
 3 3
154 9 4
 0 3
 1 2
 2 0
 3 0
155 10 4
 0 2
 1 0
 2 3
 3 2
156 2 4
 0 0
 1 2
 2 0
 3 1
157 4 4
 0 2
 1 1
 2 3
 3 3
158 3 4
 0 0
 1 0
 2 0
 3 1
159 6 4
 0 3
 1 3
 2 1
 3 3
160 12 4
 0 2
 1 0
 2 0
 3 0
161 12 4
 0 0
 1 3
 2 3
 3 0
162 20 4
 0 2
 1 0
 2 0
 3 0
163 16 4
 0 1
 1 0
 2 0
 3 0
164 11 4
 0 0
 1 3
 2 0
 3 2
165 13 4
 0 3
 1 2
 2 3
 3 0
166 9 4
 0 3
 1 1
 2 0
 3 1
167 4 4
 0 0
 1 1
 2 0
 3 0
168 10 4
 0 0
 1 0
 2 3
 3 1
169 1 4
 0 1
 1 2
 2 0
 3 0
170 4 4
 0 1
 1 1
 2 3
 3 0
171 5 4
 0 0
 1 0
 2 0
 3 3
172 20 4
 0 3
 1 1
 2 0
 3 0
173 10 4
 0 2
 1 0
 2 2
 3 0
174 19 4
 0 3
 1 2
 2 3
 3 0
175 12 4
 0 2
 1 2
 2 3
 3 0
176 4 4
 0 3
 1 0
 2 3
 3 0
177 1 4
 0 0
 1 0
 2 3
 3 0
178 19 4
 0 1
 1 3
 2 0
 3 2
179 16 4
 0 1
 1 0
 2 1
 3 1
180 19 4
 0 2
 1 3
 2 0
 3 0
181 4 4
 0 3
 1 1
 2 1
 3 1
182 17 4
 0 0
 1 0
 2 3
 3 3
183 15 4
 0 3
 1 0
 2 0
 3 0
184 1 4
 0 0
 1 0
 2 3
 3 1
185 11 4
 0 0
 1 2
 2 0
 3 0
186 19 4
 0 1
 1 3
 2 0
 3 2
187 18 4
 0 1
 1 0
 2 0
 3 0
188 15 4
 0 3
 1 3
 2 1
 3 0
189 14 4
 0 3
 1 0
 2 3
 3 0
190 10 4
 0 0
 1 2
 2 2
 3 2
191 4 4
 0 2
 1 0
 2 3
 3 0
192 18 4
 0 1
 1 0
 2 0
 3 3
193 19 4
 0 0
 1 2
 2 1
 3 1
194 1 4
 0 1
 1 0
 2 1
 3 1
195 5 4
 0 1
 1 0
 2 2
 3 1
196 8 4
 0 1
 1 3
 2 1
 3 3
197 8 4
 0 2
 1 0
 2 0
 3 2
198 20 4
 0 1
 1 0
 2 0
 3 0
199 5 4
 0 0
 1 0
 2 0
 3 1
200 13 4
 0 0
 1 3
 2 2
 3 0
201 13 4
 0 0
 1 3
 2 2
 3 0
202 15 4
 0 1
 1 0
 2 1
 3 3
203 2 4
 0 2
 1 1
 2 0
 3 2
204 12 4
 0 2
 1 1
 2 3
 3 1
205 5 4
 0 2
 1 0
 2 1
 3 3
206 7 4
 0 0
 1 2
 2 1
 3 0
207 6 4
 0 0
 1 2
 2 0
 3 3
208 4 4
 0 3
 1 2
 2 3
 3 1
209 3 4
 0 0
 1 0
 2 0
 3 3
210 2 4
 0 1
 1 0
 2 1
 3 1
211 18 4
 0 2
 1 3
 2 0
 3 3
212 12 4
 0 3
 1 0
 2 0
 3 0
213 16 4
 0 0
 1 3
 2 2
 3 2
214 13 4
 0 0
 1 1
 2 1
 3 0
215 14 4
 0 0
 1 3
 2 0
 3 0
216 6 4
 0 0
 1 0
 2 0
 3 3
217 12 4
 0 0
 1 2
 2 0
 3 2
218 1 4
 0 2
 1 2
 2 2
 3 0
219 15 4
 0 0
 1 1
 2 2
 3 3
220 9 4
 0 2
 1 3
 2 2
 3 2
221 7 4
 0 1
 1 1
 2 0
 3 0
222 16 4
 0 3
 1 1
 2 3
 3 0
223 14 4
 0 0
 1 2
 2 0
 3 2
224 17 4
 0 2
 1 0
 2 0
 3 0
225 11 4
 0 0
 1 1
 2 1
 3 0
226 12 4
 0 0
 1 3
 2 0
 3 2
227 15 4
 0 1
 1 0
 2 0
 3 2
228 4 4
 0 0
 1 0
 2 0
 3 1
229 4 4
 0 0
 1 0
 2 3
 3 0
230 7 4
 0 0
 1 1
 2 0
 3 3
231 11 4
 0 0
 1 0
 2 2
 3 3
232 18 4
 0 1
 1 0
 2 3
 3 2
233 13 4
 0 0
 1 0
 2 3
 3 3
234 14 4
 0 0
 1 0
 2 0
 3 1
235 14 4
 0 1
 1 1
 2 1
 3 1
236 2 4
 0 0
 1 0
 2 2
 3 0
237 1 4
 0 1
 1 2
 2 1
 3 3
238 19 4
 0 3
 1 0
 2 2
 3 2
239 11 4
 0 3
 1 3
 2 1
 3 0
240 17 4
 0 2
 1 3
 2 2
 3 3
241 5 4
 0 3
 1 1
 2 2
 3 0
242 12 4
 0 0
 1 1
 2 1
 3 2
243 6 4
 0 0
 1 0
 2 2
 3 1
244 10 4
 0 3
 1 0
 2 0
 3 1
245 11 4
 0 0
 1 1
 2 1
 3 0
246 5 4
 0 1
 1 0
 2 0
 3 0
247 15 4
 0 1
 1 2
 2 0
 3 0
248 11 4
 0 0
 1 0
 2 0
 3 3
249 2 4
 0 0
 1 2
 2 2
 3 0
250 4 4
 0 1
 1 1
 2 2
 3 3
251 8 4
 0 3
 1 2
 2 0
 3 2
252 18 4
 0 0
 1 3
 2 0
 3 2
253 8 4
 0 0
 1 2
 2 2
 3 3
254 3 4
 0 0
 1 0
 2 1
 3 1
255 5 4
 0 3
 1 0
 2 3
 3 3
256 12 4
 0 3
 1 0
 2 3
 3 2
257 5 4
 0 1
 1 3
 2 2
 3 0
258 18 4
 0 0
 1 2
 2 2
 3 1
259 3 4
 0 1
 1 3
 2 2
 3 1
260 6 4
 0 3
 1 0
 2 1
 3 2
261 6 4
 0 2
 1 3
 2 0
 3 0
262 4 4
 0 3
 1 0
 2 3
 3 3
263 17 4
 0 1
 1 2
 2 3
 3 0
264 15 4
 0 3
 1 1
 2 1
 3 0
265 18 4
 0 0
 1 0
 2 0
 3 2
266 12 4
 0 0
 1 0
 2 3
 3 2
267 8 4
 0 3
 1 1
 2 2
 3 3
268 3 4
 0 3
 1 0
 2 3
 3 3
269 12 4
 0 2
 1 1
 2 0
 3 0
270 11 4
 0 0
 1 1
 2 0
 3 1
271 6 4
 0 2
 1 0
 2 3
 3 0
272 18 4
 0 1
 1 2
 2 2
 3 2
273 14 4
 0 2
 1 0
 2 1
 3 2
274 5 4
 0 0
 1 0
 2 3
 3 2
275 2 4
 0 2
 1 3
 2 1
 3 1
276 5 4
 0 0
 1 1
 2 0
 3 2
277 16 4
 0 3
 1 3
 2 0
 3 0
278 7 4
 0 3
 1 2
 2 0
 3 0
279 10 4
 0 0
 1 1
 2 2
 3 2
280 3 4
 0 2
 1 3
 2 1
 3 2
281 13 4
 0 3
 1 0
 2 1
 3 2
282 17 4
 0 1
 1 3
 2 1
 3 1
283 20 4
 0 3
 1 0
 2 1
 3 0
284 11 4
 0 0
 1 3
 2 0
 3 1
285 19 4
 0 3
 1 3
 2 2
 3 0
286 18 4
 0 2
 1 3
 2 2
 3 2
287 13 4
 0 1
 1 0
 2 1
 3 2
288 10 4
 0 0
 1 1
 2 0
 3 0
289 17 4
 0 0
 1 2
 2 0
 3 0
290 16 4
 0 1
 1 2
 2 2
 3 3
291 14 4
 0 3
 1 1
 2 0
 3 1
292 8 4
 0 2
 1 2
 2 3
 3 0
293 8 4
 0 2
 1 1
 2 0
 3 0
294 18 4
 0 1
 1 3
 2 1
 3 0
295 12 4
 0 0
 1 2
 2 0
 3 0
296 20 4
 0 3
 1 0
 2 3
 3 0
297 19 4
 0 3
 1 0
 2 3
 3 0
298 17 4
 0 1
 1 0
 2 0
 3 1
299 2 4
 0 3
 1 0
 2 0
 3 1
300 16 4
 0 3
 1 1
 2 0
 3 1
301 7 4
 0 0
 1 1
 2 0
 3 0
302 5 4
 0 2
 1 3
 2 0
 3 0
303 3 4
 0 1
 1 1
 2 2
 3 0
304 7 4
 0 2
 1 0
 2 0
 3 1
305 3 4
 0 1
 1 2
 2 2
 3 2
306 12 4
 0 3
 1 0
 2 1
 3 0
307 15 4
 0 3
 1 1
 2 0
 3 1
308 6 4
 0 3
 1 3
 2 1
 3 1
309 6 4
 0 2
 1 2
 2 1
 3 0
310 5 4
 0 2
 1 2
 2 2
 3 1
311 4 4
 0 0
 1 3
 2 0
 3 0
312 11 4
 0 0
 1 3
 2 1
 3 0
313 7 4
 0 3
 1 3
 2 1
 3 1
314 3 4
 0 0
 1 0
 2 0
 3 2
315 3 4
 0 0
 1 2
 2 3
 3 0
316 15 4
 0 2
 1 2
 2 2
 3 0
317 14 4
 0 0
 1 0
 2 0
 3 2
318 2 4
 0 0
 1 2
 2 2
 3 3
319 8 4
 0 1
 1 0
 2 3
 3 2
320 6 4
 0 3
 1 0
 2 0
 3 0
321 15 4
 0 3
 1 0
 2 0
 3 0
322 1 4
 0 2
 1 1
 2 0
 3 0
323 3 4
 0 1
 1 1
 2 0
 3 3
324 14 4
 0 3
 1 2
 2 2
 3 3
325 5 4
 0 1
 1 3
 2 1
 3 0
326 3 4
 0 1
 1 2
 2 1
 3 0
327 17 4
 0 1
 1 0
 2 1
 3 1
328 3 4
 0 0
 1 3
 2 1
 3 1
329 12 4
 0 3
 1 3
 2 2
 3 0
330 19 4
 0 1
 1 1
 2 3
 3 0
331 17 4
 0 3
 1 3
 2 0
 3 3
332 8 4
 0 0
 1 1
 2 1
 3 0
333 16 4
 0 1
 1 1
 2 0
 3 1
334 11 4
 0 0
 1 0
 2 0
 3 3
335 20 4
 0 0
 1 0
 2 3
 3 3
336 15 4
 0 0
 1 0
 2 0
 3 1
337 6 4
 0 0
 1 1
 2 0
 3 0
338 1 4
 0 1
 1 1
 2 0
 3 1
339 9 4
 0 3
 1 3
 2 2
 3 0
340 1 4
 0 0
 1 3
 2 0
 3 1
341 5 4
 0 1
 1 1
 2 3
 3 2
342 16 4
 0 2
 1 3
 2 1
 3 0
343 13 4
 0 0
 1 1
 2 0
 3 3
344 20 4
 0 1
 1 0
 2 0
 3 2
345 7 4
 0 2
 1 3
 2 0
 3 3
346 20 4
 0 0
 1 2
 2 1
 3 0
347 4 4
 0 1
 1 1
 2 2
 3 0
348 12 4
 0 3
 1 3
 2 2
 3 0
349 10 4
 0 1
 1 3
 2 2
 3 0
350 14 4
 0 2
 1 1
 2 1
 3 1
351 10 4
 0 2
 1 0
 2 1
 3 3
352 11 4
 0 0
 1 3
 2 2
 3 1
353 12 4
 0 1
 1 2
 2 3
 3 0
354 19 4
 0 1
 1 0
 2 3
 3 3
355 15 4
 0 2
 1 1
 2 2
 3 2
356 7 4
 0 2
 1 3
 2 0
 3 2
357 12 4
 0 2
 1 3
 2 0
 3 0
358 7 4
 0 1
 1 3
 2 0
 3 0
359 2 4
 0 0
 1 3
 2 0
 3 0
360 15 4
 0 3
 1 3
 2 3
 3 0
361 17 4
 0 0
 1 3
 2 2
 3 2
362 6 4
 0 3
 1 0
 2 0
 3 0
363 1 4
 0 0
 1 0
 2 3
 3 0
364 2 4
 0 1
 1 2
 2 1
 3 1
365 1 4
 0 3
 1 0
 2 0
 3 1
366 13 4
 0 1
 1 1
 2 1
 3 0
367 20 4
 0 0
 1 0
 2 2
 3 2
368 19 4
 0 2
 1 2
 2 1
 3 0
369 13 4
 0 0
 1 2
 2 1
 3 0
370 7 4
 0 0
 1 0
 2 3
 3 2
371 1 4
 0 3
 1 1
 2 0
 3 2
372 1 4
 0 2
 1 3
 2 0
 3 2
373 12 4
 0 3
 1 0
 2 1
 3 0
374 11 4
 0 1
 1 2
 2 3
 3 2
375 5 4
 0 3
 1 1
 2 0
 3 0
376 16 4
 0 2
 1 1
 2 0
 3 0
377 11 4
 0 1
 1 1
 2 2
 3 2
378 19 4
 0 1
 1 3
 2 0
 3 2
379 15 4
 0 0
 1 0
 2 0
 3 3
380 1 4
 0 3
 1 1
 2 0
 3 0
381 3 4
 0 2
 1 3
 2 0
 3 0
382 8 4
 0 1
 1 0
 2 3
 3 0
383 0 4
 0 0
 1 0
 2 0
 3 0

# PRECEDENCES
859
0 1
0 28
0 55
0 82
0 109
0 136
0 163
0 190
0 217
0 244
0 271
0 298
0 325
0 352
0 379
1 2
1 28
2 3
2 29
3 4
3 30
4 5
4 31
5 6
5 32
5 33
6 7
6 33
7 8
7 34
8 9
8 35
9 10
9 36
10 11
10 37
11 12
11 38
12 13
12 39
12 40
13 14
13 40
14 15
14 41
15 16
15 42
16 17
16 43
16 44
17 18
17 44
18 19
18 45
19 20
19 46
20 21
20 47
21 22
21 48
22 23
22 49
23 24
23 50
24 25
24 51
25 26
25 52
26 27
26 53
27 54
27 383
28 29
28 55
28 56
29 30
29 56
30 31
30 57
30 58
31 32
31 58
32 33
32 59
33 34
33 60
34 35
34 61
35 36
35 62
35 63
36 37
36 63
37 38
37 64
37 65
38 39
38 65
39 40
39 66
39 67
40 41
40 67
41 42
41 68
42 43
42 69
43 44
43 70
43 71
44 45
44 71
45 46
45 72
46 47
46 73
47 48
47 74
47 75
48 49
48 75
48 76
49 50
49 76
49 77
50 51
50 77
50 78
51 52
51 78
51 79
52 53
52 79
52 80
53 54
53 80
54 81
54 383
55 56
55 82
55 83
56 57
56 83
57 58
57 84
58 59
58 85
59 60
59 86
59 87
60 61
60 87
60 88
61 62
61 88
61 89
62 63
62 89
62 90
63 64
63 90
63 91
64 65
64 91
65 66
65 92
65 93
66 67
66 93
67 68
67 94
68 69
68 95
68 96
69 70
69 96
70 71
70 97
71 72
71 98
72 73
72 99
73 74
73 100
73 101
74 75
74 101
75 76
75 102
76 77
76 103
77 78
77 104
78 79
78 105
79 80
79 106
79 107
80 81
80 107
81 108
81 383
82 83
82 109
82 110
83 84
83 110
84 85
84 111
85 86
85 112
86 87
86 113
87 88
87 114
88 89
88 115
89 90
89 116
90 91
90 117
91 92
91 118
92 93
92 119
93 94
93 120
94 95
94 121
95 96
95 122
96 97
96 123
97 98
97 124
98 99
98 125
99 100
99 126
99 127
100 101
100 127
100 128
101 102
101 128
102 103
102 129
102 130
103 104
103 130
104 105
104 131
105 106
105 132
105 133
106 107
106 133
107 108
107 134
108 135
108 383
109 110
109 136
109 137
110 111
110 137
111 112
111 138
111 139
112 113
112 139
113 114
113 140
114 115
114 141
115 116
115 142
116 117
116 143
116 144
117 118
117 144
117 145
118 119
118 145
119 120
119 146
120 121
120 147
121 122
121 148
121 149
122 123
122 149
123 124
123 150
124 125
124 151
124 152
125 126
125 152
125 153
126 127
126 153
127 128
127 154
128 129
128 155
129 130
129 156
129 157
130 131
130 157
130 158
131 132
131 158
132 133
132 159
133 134
133 160
134 135
134 161
135 162
135 383
136 137
136 163
136 164
137 138
137 164
138 139
138 165
139 140
139 166
139 167
140 141
140 167
141 142
141 168
141 169
142 143
142 169
142 170
143 144
143 170
143 171
144 145
144 171
144 172
145 146
145 172
145 173
146 147
146 173
147 148
147 174
147 175
148 149
148 175
149 150
149 176
149 177
150 151
150 177
151 152
151 178
152 153
152 179
153 154
153 180
153 181
154 155
154 181
155 156
155 182
156 157
156 183
157 158
157 184
158 159
158 185
158 186
159 160
159 186
159 187
160 161
160 187
160 188
161 162
161 188
162 189
162 383
163 164
163 190
164 165
164 191
165 166
165 192
166 167
166 193
167 168
167 194
167 195
168 169
168 195
168 196
169 170
169 196
170 171
170 197
170 198
171 172
171 198
171 199
172 173
172 199
173 174
173 200
174 175
174 201
175 176
175 202
176 177
176 203
176 204
177 178
177 204
177 205
178 179
178 205
178 206
179 180
179 206
180 181
180 207
181 182
181 208
182 183
182 209
183 184
183 210
183 211
184 185
184 211
185 186
185 212
186 187
186 213
187 188
187 214
188 189
188 215
188 216
189 216
189 383
190 191
190 217
191 192
191 218
192 193
192 219
192 220
193 194
193 220
193 221
194 195
194 221
195 196
195 222
196 197
196 223
197 198
197 224
198 199
198 225
198 226
199 200
199 226
200 201
200 227
201 202
201 228
202 203
202 229
202 230
203 204
203 230
203 231
204 205
204 231
204 232
205 206
205 232
205 233
206 207
206 233
206 234
207 208
207 234
207 235
208 209
208 235
209 210
209 236
209 237
210 211
210 237
211 212
211 238
211 239
212 213
212 239
213 214
213 240
214 215
214 241
215 216
215 242
216 243
216 383
217 218
217 244
218 219
218 245
219 220
219 246
220 221
220 247
221 222
221 248
222 223
222 249
223 224
223 250
223 251
224 225
224 251
225 226
225 252
226 227
226 253
227 228
227 254
228 229
228 255
229 230
229 256
230 231
230 257
231 232
231 258
232 233
232 259
233 234
233 260
234 235
234 261
235 236
235 262
236 237
236 263
237 238
237 264
238 239
238 265
239 240
239 266
240 241
240 267
241 242
241 268
242 243
242 269
242 270
243 270
243 383
244 245
244 271
245 246
245 272
246 247
246 273
247 248
247 274
247 275
248 249
248 275
249 250
249 276
250 251
250 277
251 252
251 278
252 253
252 279
253 254
253 280
253 281
254 255
254 281
255 256
255 282
256 257
256 283
257 258
257 284
258 259
258 285
259 260
259 286
260 261
260 287
260 288
261 262
261 288
262 263
262 289
262 290
263 264
263 290
264 265
264 291
264 292
265 266
265 292
265 293
266 267
266 293
267 268
267 294
268 269
268 295
269 270
269 296
269 297
270 297
270 383
271 272
271 298
272 273
272 299
272 300
273 274
273 300
274 275
274 301
274 302
275 276
275 302
275 303
276 277
276 303
277 278
277 304
278 279
278 305
278 306
279 280
279 306
280 281
280 307
281 282
281 308
281 309
282 283
282 309
282 310
283 284
283 310
284 285
284 311
285 286
285 312
285 313
286 287
286 313
287 288
287 314
288 289
288 315
289 290
289 316
290 291
290 317
291 292
291 318
291 319
292 293
292 319
293 294
293 320
294 295
294 321
295 296
295 322
296 297
296 323
297 324
297 383
298 299
298 325
298 326
299 300
299 326
300 301
300 327
301 302
301 328
302 303
302 329
302 330
303 304
303 330
304 305
304 331
305 306
305 332
306 307
306 333
307 308
307 334
308 309
308 335
309 310
309 336
310 311
310 337
311 312
311 338
311 339
312 313
312 339
313 314
313 340
313 341
314 315
314 341
315 316
315 342
316 317
316 343
317 318
317 344
317 345
318 319
318 345
319 320
319 346
319 347
320 321
320 347
321 322
321 348
322 323
322 349
323 324
323 350
323 351
324 351
324 383
325 326
325 352
326 327
326 353
327 328
327 354
328 329
328 355
329 330
329 356
329 357
330 331
330 357
330 358
331 332
331 358
332 333
332 359
333 334
333 360
334 335
334 361
335 336
335 362
336 337
336 363
337 338
337 364
338 339
338 365
338 366
339 340
339 366
340 341
340 367
340 368
341 342
341 368
341 369
342 343
342 369
343 344
343 370
344 345
344 371
345 346
345 372
346 347
346 373
346 374
347 348
347 374
348 349
348 375
349 350
349 376
349 377
350 351
350 377
351 378
351 383
352 353
352 379
353 354
353 380
353 381
354 355
354 381
355 356
355 382
356 357
357 358
358 359
359 360
360 361
361 362
362 363
363 364
364 365
365 366
366 367
367 368
368 369
369 370
370 371
371 372
372 373
373 374
374 375
375 376
376 377
377 378
378 383
379 380
379 383
380 381
380 383
381 382
381 383
382 383
