# Tier 7 (Very Large) - Instance 26
# Generated with config: N=399, K=3, topology=grid, calendar=random

# HEADER: <num_tasks> <num_types> <num_units>
401 3 23

# RESOURCE TYPES
# Format: <type_id> <num_units> <unit_id1> <unit_id2> ...
0 8 0 1 2 3 4 5 6 7
1 7 8 9 10 11 12 13 14
2 8 15 16 17 18 19 20 21 22

# RESOURCE UNITS (Calendars)
# Format: <unit_id> <num_steps> <t1> <v1> <t2> <v2> ...
0 28 0 0 12 100 228 0 245 100 395 0 408 100 513 0 519 100 701 0 715 100 773 0 792 100 840 0 857 100 1014 0 1020 100 1122 0 1140 100 1294 0 1305 100 1497 0 1508 100 1710 0 1721 100 1849 0 1863 100 2020 0 3624 0
1 28 0 100 219 0 226 100 275 0 283 100 412 0 419 100 588 0 605 100 736 0 748 100 875 0 878 100 1081 0 1096 100 1203 0 1209 100 1255 0 1273 100 1346 0 1365 100 1533 0 1550 100 1715 0 1717 100 1901 0 1909 100 3624 0
2 28 0 100 219 0 235 100 468 0 473 100 628 0 639 100 696 0 716 100 825 0 828 100 1006 0 1020 100 1152 0 1160 100 1288 0 1293 100 1337 0 1355 100 1488 0 1501 100 1741 0 1756 100 1814 0 1817 100 1988 0 2008 100 3624 0
3 28 0 100 218 0 235 100 313 0 324 100 497 0 511 100 714 0 723 100 949 0 969 100 1154 0 1174 100 1346 0 1357 100 1589 0 1597 100 1808 0 1827 100 1990 0 1993 100 2100 0 2114 100 2339 0 2350 100 2574 0 2582 100 3624 0
4 28 0 0 17 100 185 0 199 100 322 0 341 100 533 0 552 100 686 0 697 100 761 0 775 100 846 0 861 100 1038 0 1052 100 1109 0 1124 100 1272 0 1287 100 1384 0 1392 100 1592 0 1595 100 1639 0 1652 100 1745 0 3624 0
5 28 0 100 85 0 93 100 209 0 225 100 466 0 479 100 569 0 586 100 648 0 657 100 779 0 786 100 997 0 1017 100 1066 0 1083 100 1214 0 1216 100 1420 0 1433 100 1510 0 1514 100 1640 0 1659 100 1833 0 1853 100 3624 0
6 28 0 0 6 100 206 0 222 100 376 0 388 100 505 0 517 100 612 0 627 100 747 0 749 100 840 0 851 100 930 0 938 100 1119 0 1126 100 1217 0 1230 100 1361 0 1381 100 1474 0 1480 100 1521 0 1535 100 1597 0 3624 0
7 28 0 0 18 100 78 0 82 100 263 0 266 100 352 0 367 100 602 0 615 100 707 0 713 100 934 0 951 100 1046 0 1049 100 1098 0 1108 100 1311 0 1326 100 1499 0 1509 100 1677 0 1686 100 1849 0 1869 100 2008 0 3624 0
8 28 0 0 17 100 258 0 278 100 356 0 361 100 435 0 441 100 613 0 633 100 778 0 787 100 1024 0 1029 100 1133 0 1149 100 1356 0 1372 100 1525 0 1544 100 1672 0 1677 100 1877 0 1880 100 2098 0 2103 100 2250 0 3624 0
9 28 0 0 14 100 71 0 89 100 154 0 167 100 273 0 277 100 348 0 362 100 520 0 540 100 734 0 749 100 882 0 898 100 958 0 974 100 1198 0 1211 100 1308 0 1322 100 1486 0 1502 100 1675 0 1677 100 1837 0 3624 0
10 28 0 100 51 0 57 100 106 0 122 100 181 0 200 100 392 0 405 100 493 0 503 100 613 0 633 100 834 0 851 100 1026 0 1043 100 1191 0 1199 100 1325 0 1343 100 1419 0 1431 100 1546 0 1548 100 1717 0 1731 100 3624 0
11 28 0 100 40 0 44 100 91 0 105 100 222 0 238 100 444 0 464 100 524 0 538 100 740 0 753 100 796 0 807 100 867 0 872 100 992 0 1010 100 1110 0 1112 100 1196 0 1213 100 1447 0 1466 100 1513 0 1523 100 3624 0
12 28 0 100 220 0 223 100 320 0 334 100 507 0 517 100 670 0 677 100 723 0 739 100 847 0 855 100 986 0 1004 100 1244 0 1249 100 1312 0 1328 100 1563 0 1583 100 1703 0 1715 100 1856 0 1874 100 2009 0 2015 100 3624 0
13 28 0 100 66 0 79 100 247 0 264 100 489 0 505 100 709 0 729 100 962 0 965 100 1199 0 1202 100 1306 0 1321 100 1386 0 1405 100 1453 0 1473 100 1557 0 1559 100 1740 0 1755 100 1863 0 1872 100 2015 0 2024 100 3624 0
14 28 0 0 10 100 145 0 164 100 328 0 344 100 577 0 592 100 730 0 742 100 849 0 867 100 1083 0 1094 100 1272 0 1291 100 1375 0 1378 100 1545 0 1557 100 1732 0 1747 100 1847 0 1850 100 2054 0 2061 100 2223 0 3624 0
15 28 0 100 129 0 149 100 342 0 345 100 403 0 410 100 567 0 583 100 776 0 780 100 898 0 910 100 1010 0 1025 100 1113 0 1126 100 1177 0 1195 100 1286 0 1298 100 1432 0 1452 100 1577 0 1584 100 1772 0 1774 100 3624 0
16 28 0 0 19 100 204 0 213 100 452 0 459 100 608 0 625 100 807 0 823 100 946 0 953 100 1153 0 1163 100 1289 0 1304 100 1537 0 1540 100 1636 0 1639 100 1803 0 1818 100 1993 0 2007 100 2132 0 2147 100 2330 0 3624 0
17 28 0 0 13 100 227 0 246 100 373 0 381 100 522 0 540 100 676 0 685 100 855 0 860 100 942 0 956 100 1003 0 1020 100 1182 0 1192 100 1286 0 1303 100 1427 0 1433 100 1551 0 1569 100 1729 0 1745 100 1928 0 3624 0
18 28 0 100 165 0 177 100 221 0 231 100 456 0 475 100 579 0 594 100 745 0 759 100 876 0 887 100 1075 0 1082 100 1135 0 1146 100 1196 0 1209 100 1302 0 1315 100 1407 0 1424 100 1481 0 1483 100 1674 0 1692 100 3624 0
19 28 0 100 199 0 218 100 456 0 464 100 695 0 711 100 776 0 795 100 947 0 951 100 1072 0 1082 100 1239 0 1251 100 1470 0 1472 100 1547 0 1551 100 1785 0 1801 100 1927 0 1938 100 1994 0 1997 100 2215 0 2234 100 3624 0
20 28 0 100 124 0 142 100 213 0 232 100 279 0 289 100 525 0 531 100 731 0 733 100 910 0 916 100 1021 0 1027 100 1089 0 1108 100 1322 0 1327 100 1558 0 1561 100 1727 0 1736 100 1910 0 1918 100 1990 0 2007 100 3624 0
21 28 0 0 8 100 69 0 83 100 228 0 240 100 444 0 460 100 515 0 528 100 628 0 632 100 786 0 794 100 897 0 904 100 1055 0 1073 100 1128 0 1132 100 1325 0 1331 100 1438 0 1451 100 1532 0 1538 100 1632 0 3624 0
22 28 0 100 211 0 222 100 350 0 356 100 470 0 476 100 601 0 620 100 759 0 763 100 804 0 815 100 859 0 877 100 950 0 953 100 1156 0 1176 100 1344 0 1353 100 1567 0 1569 100 1666 0 1674 100 1783 0 1789 100 3624 0

# TASKS
# Format: <task_id> <size> <num_reqs>
# Then for each requirement: <type_id> <qty>
0 0 3
 0 0
 1 0
 2 0
1 18 3
 0 2
 1 0
 2 2
2 8 3
 0 3
 1 1
 2 3
3 4 3
 0 2
 1 1
 2 0
4 2 3
 0 1
 1 1
 2 0
5 13 3
 0 1
 1 3
 2 1
6 11 3
 0 1
 1 0
 2 0
7 2 3
 0 0
 1 0
 2 1
8 16 3
 0 1
 1 2
 2 2
9 12 3
 0 0
 1 3
 2 3
10 13 3
 0 1
 1 3
 2 0
11 14 3
 0 0
 1 3
 2 2
12 19 3
 0 3
 1 0
 2 2
13 9 3
 0 2
 1 1
 2 3
14 12 3
 0 1
 1 0
 2 3
15 1 3
 0 0
 1 3
 2 0
16 8 3
 0 0
 1 0
 2 3
17 20 3
 0 0
 1 2
 2 0
18 3 3
 0 3
 1 0
 2 3
19 4 3
 0 2
 1 1
 2 1
20 17 3
 0 0
 1 1
 2 1
21 5 3
 0 2
 1 1
 2 0
22 1 3
 0 3
 1 0
 2 1
23 19 3
 0 1
 1 1
 2 1
24 12 3
 0 2
 1 0
 2 2
25 18 3
 0 1
 1 1
 2 3
26 4 3
 0 3
 1 1
 2 3
27 1 3
 0 0
 1 3
 2 0
28 12 3
 0 3
 1 0
 2 0
29 17 3
 0 0
 1 1
 2 1
30 10 3
 0 0
 1 1
 2 0
31 12 3
 0 1
 1 2
 2 0
32 4 3
 0 1
 1 0
 2 3
33 19 3
 0 2
 1 1
 2 2
34 19 3
 0 3
 1 0
 2 1
35 18 3
 0 0
 1 2
 2 1
36 10 3
 0 2
 1 0
 2 3
37 6 3
 0 0
 1 0
 2 1
38 12 3
 0 0
 1 3
 2 3
39 1 3
 0 3
 1 2
 2 2
40 19 3
 0 2
 1 1
 2 0
41 1 3
 0 1
 1 3
 2 3
42 19 3
 0 0
 1 0
 2 3
43 17 3
 0 0
 1 0
 2 3
44 9 3
 0 2
 1 1
 2 0
45 10 3
 0 0
 1 2
 2 1
46 17 3
 0 3
 1 1
 2 1
47 5 3
 0 2
 1 2
 2 1
48 10 3
 0 1
 1 0
 2 3
49 13 3
 0 2
 1 1
 2 3
50 2 3
 0 1
 1 1
 2 3
51 1 3
 0 0
 1 1
 2 0
52 17 3
 0 1
 1 1
 2 0
53 10 3
 0 0
 1 1
 2 0
54 7 3
 0 0
 1 0
 2 2
55 8 3
 0 0
 1 0
 2 1
56 4 3
 0 0
 1 3
 2 1
57 15 3
 0 3
 1 0
 2 2
58 5 3
 0 3
 1 2
 2 1
59 18 3
 0 2
 1 3
 2 1
60 20 3
 0 1
 1 3
 2 0
61 8 3
 0 2
 1 3
 2 2
62 20 3
 0 0
 1 2
 2 2
63 3 3
 0 1
 1 1
 2 2
64 6 3
 0 1
 1 0
 2 3
65 2 3
 0 0
 1 0
 2 1
66 8 3
 0 1
 1 0
 2 2
67 14 3
 0 2
 1 1
 2 3
68 8 3
 0 1
 1 0
 2 0
69 4 3
 0 2
 1 2
 2 0
70 4 3
 0 0
 1 0
 2 1
71 3 3
 0 2
 1 0
 2 3
72 15 3
 0 0
 1 1
 2 3
73 20 3
 0 1
 1 0
 2 2
74 15 3
 0 2
 1 0
 2 2
75 18 3
 0 1
 1 2
 2 3
76 6 3
 0 2
 1 2
 2 2
77 5 3
 0 1
 1 2
 2 1
78 14 3
 0 1
 1 2
 2 0
79 3 3
 0 1
 1 1
 2 1
80 16 3
 0 0
 1 2
 2 3
81 20 3
 0 1
 1 0
 2 3
82 18 3
 0 0
 1 2
 2 2
83 4 3
 0 1
 1 1
 2 0
84 1 3
 0 0
 1 2
 2 0
85 4 3
 0 0
 1 1
 2 0
86 20 3
 0 0
 1 3
 2 0
87 4 3
 0 2
 1 1
 2 0
88 5 3
 0 0
 1 3
 2 2
89 1 3
 0 0
 1 1
 2 2
90 10 3
 0 1
 1 2
 2 2
91 11 3
 0 3
 1 2
 2 3
92 4 3
 0 2
 1 2
 2 0
93 18 3
 0 2
 1 0
 2 3
94 10 3
 0 1
 1 1
 2 0
95 16 3
 0 3
 1 2
 2 2
96 3 3
 0 0
 1 1
 2 0
97 19 3
 0 2
 1 3
 2 3
98 15 3
 0 1
 1 2
 2 1
99 16 3
 0 1
 1 0
 2 0
100 13 3
 0 1
 1 0
 2 0
101 7 3
 0 0
 1 0
 2 1
102 8 3
 0 1
 1 1
 2 0
103 10 3
 0 3
 1 3
 2 2
104 11 3
 0 0
 1 1
 2 3
105 4 3
 0 1
 1 0
 2 3
106 1 3
 0 1
 1 2
 2 1
107 10 3
 0 3
 1 3
 2 0
108 5 3
 0 2
 1 0
 2 0
109 17 3
 0 1
 1 2
 2 0
110 20 3
 0 0
 1 3
 2 1
111 14 3
 0 1
 1 0
 2 2
112 8 3
 0 0
 1 0
 2 3
113 6 3
 0 0
 1 0
 2 3
114 16 3
 0 2
 1 3
 2 1
115 18 3
 0 2
 1 0
 2 3
116 18 3
 0 2
 1 2
 2 0
117 3 3
 0 0
 1 2
 2 2
118 8 3
 0 0
 1 1
 2 2
119 19 3
 0 3
 1 0
 2 2
120 20 3
 0 1
 1 3
 2 2
121 9 3
 0 2
 1 0
 2 2
122 5 3
 0 0
 1 1
 2 3
123 18 3
 0 1
 1 0
 2 0
124 5 3
 0 1
 1 0
 2 0
125 2 3
 0 2
 1 3
 2 3
126 10 3
 0 3
 1 2
 2 2
127 18 3
 0 1
 1 0
 2 2
128 9 3
 0 3
 1 3
 2 1
129 11 3
 0 3
 1 0
 2 2
130 5 3
 0 3
 1 0
 2 1
131 4 3
 0 0
 1 1
 2 1
132 17 3
 0 2
 1 0
 2 0
133 18 3
 0 1
 1 3
 2 0
134 13 3
 0 0
 1 2
 2 1
135 12 3
 0 1
 1 2
 2 3
136 3 3
 0 3
 1 1
 2 0
137 5 3
 0 2
 1 3
 2 2
138 1 3
 0 3
 1 1
 2 0
139 8 3
 0 2
 1 1
 2 3
140 16 3
 0 0
 1 3
 2 3
141 20 3
 0 0
 1 2
 2 0
142 8 3
 0 0
 1 0
 2 1
143 16 3
 0 2
 1 3
 2 3
144 5 3
 0 0
 1 0
 2 2
145 8 3
 0 0
 1 3
 2 1
146 8 3
 0 2
 1 1
 2 0
147 1 3
 0 0
 1 1
 2 2
148 3 3
 0 1
 1 1
 2 3
149 4 3
 0 0
 1 3
 2 0
150 1 3
 0 0
 1 1
 2 0
151 8 3
 0 2
 1 2
 2 3
152 11 3
 0 2
 1 3
 2 2
153 12 3
 0 3
 1 0
 2 0
154 20 3
 0 3
 1 0
 2 0
155 16 3
 0 0
 1 2
 2 2
156 20 3
 0 1
 1 2
 2 3
157 1 3
 0 2
 1 0
 2 3
158 15 3
 0 2
 1 0
 2 0
159 8 3
 0 0
 1 2
 2 0
160 19 3
 0 0
 1 0
 2 1
161 14 3
 0 3
 1 2
 2 1
162 1 3
 0 2
 1 3
 2 3
163 16 3
 0 0
 1 0
 2 1
164 12 3
 0 0
 1 0
 2 1
165 4 3
 0 1
 1 3
 2 0
166 20 3
 0 2
 1 2
 2 1
167 2 3
 0 0
 1 2
 2 0
168 14 3
 0 0
 1 0
 2 1
169 5 3
 0 3
 1 2
 2 0
170 20 3
 0 0
 1 2
 2 3
171 6 3
 0 2
 1 1
 2 3
172 16 3
 0 2
 1 0
 2 2
173 17 3
 0 3
 1 2
 2 0
174 15 3
 0 2
 1 0
 2 0
175 9 3
 0 2
 1 0
 2 3
176 7 3
 0 0
 1 2
 2 3
177 17 3
 0 3
 1 3
 2 3
178 15 3
 0 0
 1 0
 2 1
179 15 3
 0 2
 1 2
 2 1
180 15 3
 0 2
 1 2
 2 0
181 3 3
 0 1
 1 0
 2 0
182 20 3
 0 2
 1 3
 2 1
183 9 3
 0 2
 1 0
 2 0
184 10 3
 0 0
 1 1
 2 0
185 4 3
 0 1
 1 0
 2 3
186 14 3
 0 0
 1 2
 2 2
187 5 3
 0 0
 1 3
 2 0
188 13 3
 0 2
 1 0
 2 3
189 6 3
 0 3
 1 0
 2 2
190 9 3
 0 1
 1 0
 2 0
191 4 3
 0 1
 1 3
 2 3
192 2 3
 0 2
 1 3
 2 0
193 5 3
 0 0
 1 2
 2 1
194 3 3
 0 1
 1 2
 2 2
195 20 3
 0 3
 1 1
 2 0
196 6 3
 0 0
 1 3
 2 0
197 11 3
 0 2
 1 2
 2 3
198 14 3
 0 0
 1 2
 2 0
199 14 3
 0 0
 1 0
 2 3
200 7 3
 0 0
 1 1
 2 0
201 12 3
 0 0
 1 1
 2 2
202 10 3
 0 1
 1 2
 2 0
203 19 3
 0 0
 1 2
 2 0
204 11 3
 0 2
 1 1
 2 3
205 1 3
 0 1
 1 0
 2 0
206 18 3
 0 0
 1 0
 2 2
207 12 3
 0 3
 1 0
 2 0
208 3 3
 0 0
 1 3
 2 0
209 15 3
 0 2
 1 0
 2 3
210 15 3
 0 2
 1 0
 2 0
211 9 3
 0 0
 1 3
 2 3
212 14 3
 0 0
 1 1
 2 0
213 13 3
 0 3
 1 1
 2 1
214 3 3
 0 2
 1 3
 2 1
215 4 3
 0 2
 1 3
 2 1
216 8 3
 0 0
 1 1
 2 0
217 8 3
 0 1
 1 1
 2 3
218 17 3
 0 3
 1 1
 2 2
219 9 3
 0 0
 1 0
 2 1
220 16 3
 0 0
 1 2
 2 1
221 5 3
 0 1
 1 1
 2 0
222 20 3
 0 1
 1 1
 2 2
223 20 3
 0 0
 1 3
 2 0
224 3 3
 0 2
 1 3
 2 0
225 7 3
 0 2
 1 0
 2 2
226 20 3
 0 0
 1 3
 2 0
227 15 3
 0 1
 1 2
 2 2
228 4 3
 0 3
 1 1
 2 0
229 13 3
 0 0
 1 2
 2 2
230 4 3
 0 1
 1 1
 2 1
231 16 3
 0 3
 1 3
 2 1
232 5 3
 0 0
 1 3
 2 2
233 13 3
 0 0
 1 0
 2 3
234 3 3
 0 2
 1 0
 2 0
235 18 3
 0 0
 1 1
 2 3
236 1 3
 0 0
 1 2
 2 0
237 17 3
 0 1
 1 0
 2 0
238 13 3
 0 0
 1 0
 2 1
239 11 3
 0 0
 1 3
 2 0
240 17 3
 0 3
 1 2
 2 0
241 16 3
 0 2
 1 0
 2 1
242 5 3
 0 0
 1 2
 2 0
243 13 3
 0 0
 1 0
 2 1
244 15 3
 0 1
 1 0
 2 0
245 18 3
 0 1
 1 1
 2 3
246 10 3
 0 1
 1 2
 2 1
247 11 3
 0 2
 1 3
 2 1
248 17 3
 0 0
 1 3
 2 1
249 18 3
 0 0
 1 3
 2 0
250 18 3
 0 1
 1 0
 2 1
251 6 3
 0 1
 1 3
 2 0
252 8 3
 0 3
 1 3
 2 2
253 12 3
 0 2
 1 1
 2 1
254 9 3
 0 3
 1 3
 2 2
255 15 3
 0 3
 1 0
 2 0
256 19 3
 0 0
 1 0
 2 2
257 18 3
 0 3
 1 2
 2 0
258 12 3
 0 0
 1 1
 2 3
259 8 3
 0 1
 1 0
 2 3
260 5 3
 0 2
 1 0
 2 2
261 19 3
 0 3
 1 2
 2 1
262 11 3
 0 0
 1 1
 2 0
263 5 3
 0 2
 1 2
 2 0
264 5 3
 0 2
 1 1
 2 0
265 10 3
 0 3
 1 1
 2 0
266 14 3
 0 1
 1 0
 2 2
267 6 3
 0 1
 1 2
 2 3
268 15 3
 0 1
 1 2
 2 0
269 14 3
 0 2
 1 0
 2 2
270 15 3
 0 3
 1 3
 2 3
271 1 3
 0 3
 1 1
 2 1
272 8 3
 0 0
 1 0
 2 1
273 3 3
 0 1
 1 0
 2 3
274 12 3
 0 1
 1 3
 2 0
275 14 3
 0 0
 1 3
 2 2
276 3 3
 0 2
 1 1
 2 0
277 17 3
 0 0
 1 2
 2 0
278 13 3
 0 2
 1 0
 2 1
279 18 3
 0 2
 1 2
 2 2
280 7 3
 0 2
 1 3
 2 0
281 19 3
 0 2
 1 3
 2 1
282 6 3
 0 1
 1 2
 2 2
283 2 3
 0 2
 1 2
 2 1
284 11 3
 0 2
 1 1
 2 0
285 11 3
 0 0
 1 3
 2 0
286 5 3
 0 2
 1 2
 2 1
287 18 3
 0 3
 1 3
 2 3
288 8 3
 0 1
 1 0
 2 2
289 12 3
 0 1
 1 1
 2 2
290 4 3
 0 0
 1 1
 2 1
291 17 3
 0 1
 1 0
 2 0
292 6 3
 0 0
 1 0
 2 3
293 7 3
 0 1
 1 3
 2 2
294 5 3
 0 1
 1 1
 2 3
295 17 3
 0 1
 1 0
 2 3
296 3 3
 0 0
 1 0
 2 2
297 15 3
 0 0
 1 1
 2 3
298 6 3
 0 3
 1 0
 2 1
299 5 3
 0 0
 1 2
 2 0
300 18 3
 0 2
 1 0
 2 0
301 18 3
 0 3
 1 0
 2 3
302 17 3
 0 3
 1 1
 2 1
303 2 3
 0 0
 1 0
 2 1
304 7 3
 0 3
 1 1
 2 2
305 8 3
 0 0
 1 0
 2 3
306 2 3
 0 2
 1 0
 2 1
307 7 3
 0 0
 1 3
 2 2
308 6 3
 0 0
 1 2
 2 3
309 10 3
 0 3
 1 0
 2 1
310 16 3
 0 3
 1 1
 2 0
311 18 3
 0 1
 1 0
 2 0
312 2 3
 0 0
 1 0
 2 3
313 1 3
 0 0
 1 2
 2 2
314 18 3
 0 2
 1 3
 2 0
315 11 3
 0 2
 1 0
 2 3
316 18 3
 0 3
 1 0
 2 2
317 8 3
 0 2
 1 0
 2 2
318 8 3
 0 0
 1 0
 2 1
319 11 3
 0 2
 1 0
 2 0
320 15 3
 0 3
 1 3
 2 0
321 3 3
 0 2
 1 0
 2 1
322 3 3
 0 2
 1 2
 2 2
323 15 3
 0 3
 1 1
 2 0
324 12 3
 0 0
 1 3
 2 2
325 18 3
 0 0
 1 2
 2 0
326 8 3
 0 1
 1 1
 2 2
327 2 3
 0 3
 1 0
 2 3
328 1 3
 0 0
 1 0
 2 3
329 8 3
 0 0
 1 2
 2 3
330 6 3
 0 1
 1 3
 2 2
331 7 3
 0 1
 1 3
 2 0
332 8 3
 0 2
 1 3
 2 2
333 5 3
 0 2
 1 0
 2 0
334 5 3
 0 0
 1 3
 2 1
335 19 3
 0 0
 1 0
 2 1
336 18 3
 0 0
 1 0
 2 2
337 18 3
 0 1
 1 0
 2 3
338 20 3
 0 2
 1 1
 2 2
339 20 3
 0 1
 1 3
 2 0
340 18 3
 0 0
 1 2
 2 3
341 1 3
 0 1
 1 3
 2 2
342 19 3
 0 3
 1 1
 2 0
343 11 3
 0 1
 1 1
 2 1
344 14 3
 0 0
 1 1
 2 3
345 16 3
 0 2
 1 0
 2 1
346 16 3
 0 0
 1 0
 2 2
347 16 3
 0 2
 1 0
 2 3
348 10 3
 0 3
 1 2
 2 3
349 4 3
 0 2
 1 3
 2 3
350 9 3
 0 0
 1 2
 2 0
351 3 3
 0 2
 1 1
 2 1
352 16 3
 0 0
 1 2
 2 0
353 5 3
 0 1
 1 0
 2 3
354 15 3
 0 0
 1 2
 2 0
355 17 3
 0 0
 1 0
 2 3
356 14 3
 0 1
 1 0
 2 0
357 2 3
 0 0
 1 0
 2 2
358 1 3
 0 0
 1 1
 2 1
359 6 3
 0 3
 1 1
 2 3
360 5 3
 0 1
 1 0
 2 3
361 13 3
 0 1
 1 1
 2 0
362 8 3
 0 0
 1 1
 2 0
363 20 3
 0 0
 1 2
 2 0
364 4 3
 0 0
 1 1
 2 0
365 18 3
 0 1
 1 0
 2 0
366 14 3
 0 1
 1 0
 2 2
367 3 3
 0 2
 1 3
 2 0
368 8 3
 0 3
 1 0
 2 3
369 13 3
 0 1
 1 1
 2 0
370 7 3
 0 0
 1 0
 2 1
371 2 3
 0 0
 1 1
 2 3
372 10 3
 0 1
 1 3
 2 1
373 15 3
 0 0
 1 1
 2 1
374 17 3
 0 0
 1 1
 2 0
375 6 3
 0 2
 1 0
 2 2
376 16 3
 0 0
 1 2
 2 1
377 7 3
 0 0
 1 2
 2 3
378 12 3
 0 0
 1 1
 2 0
379 5 3
 0 0
 1 3
 2 0
380 4 3
 0 2
 1 0
 2 1
381 20 3
 0 0
 1 1
 2 2
382 14 3
 0 0
 1 3
 2 0
383 14 3
 0 0
 1 0
 2 3
384 12 3
 0 0
 1 3
 2 1
385 6 3
 0 0
 1 1
 2 0
386 3 3
 0 0
 1 3
 2 1
387 17 3
 0 0
 1 0
 2 1
388 18 3
 0 2
 1 3
 2 3
389 16 3
 0 2
 1 3
 2 3
390 7 3
 0 0
 1 1
 2 3
391 15 3
 0 0
 1 2
 2 3
392 16 3
 0 3
 1 0
 2 3
393 2 3
 0 1
 1 0
 2 0
394 20 3
 0 3
 1 2
 2 1
395 19 3
 0 0
 1 0
 2 3
396 8 3
 0 3
 1 2
 2 2
397 1 3
 0 2
 1 2
 2 1
398 17 3
 0 1
 1 0
 2 0
399 6 3
 0 3
 1 1
 2 3
400 0 3
 0 0
 1 0
 2 0

# PRECEDENCES
896
0 1
0 29
0 57
0 85
0 113
0 141
0 169
0 197
0 225
0 253
0 281
0 309
0 337
0 365
0 393
1 2
1 29
2 3
2 30
2 31
3 4
3 31
4 5
4 32
5 6
5 33
5 34
6 7
6 34
7 8
7 35
8 9
8 36
9 10
9 37
9 38
10 11
10 38
11 12
11 39
12 13
12 40
13 14
13 41
14 15
14 42
15 16
15 43
16 17
16 44
17 18
17 45
18 19
18 46
19 20
19 47
20 21
20 48
20 49
21 22
21 49
21 50
22 23
22 50
23 24
23 51
24 25
24 52
25 26
25 53
26 27
26 54
26 55
27 28
27 55
28 56
28 400
29 30
29 57
29 58
30 31
30 58
31 32
31 59
32 33
32 60
33 34
33 61
33 62
34 35
34 62
35 36
35 63
36 37
36 64
36 65
37 38
37 65
38 39
38 66
39 40
39 67
40 41
40 68
41 42
41 69
42 43
42 70
42 71
43 44
43 71
43 72
44 45
44 72
45 46
45 73
45 74
46 47
46 74
46 75
47 48
47 75
47 76
48 49
48 76
49 50
49 77
50 51
50 78
50 79
51 52
51 79
52 53
52 80
52 81
53 54
53 81
53 82
54 55
54 82
55 56
55 83
56 84
56 400
57 58
57 85
58 59
58 86
59 60
59 87
60 61
60 88
61 62
61 89
62 63
62 90
63 64
63 91
64 65
64 92
64 93
65 66
65 93
66 67
66 94
67 68
67 95
68 69
68 96
68 97
69 70
69 97
70 71
70 98
71 72
71 99
72 73
72 100
72 101
73 74
73 101
73 102
74 75
74 102
75 76
75 103
75 104
76 77
76 104
77 78
77 105
78 79
78 106
79 80
79 107
80 81
80 108
81 82
81 109
82 83
82 110
83 84
83 111
83 112
84 112
84 400
85 86
85 113
86 87
86 114
87 88
87 115
87 116
88 89
88 116
89 90
89 117
89 118
90 91
90 118
90 119
91 92
91 119
92 93
92 120
93 94
93 121
93 122
94 95
94 122
95 96
95 123
96 97
96 124
97 98
97 125
98 99
98 126
98 127
99 100
99 127
100 101
100 128
101 102
101 129
101 130
102 103
102 130
103 104
103 131
104 105
104 132
105 106
105 133
106 107
106 134
107 108
107 135
108 109
108 136
108 137
109 110
109 137
110 111
110 138
110 139
111 112
111 139
111 140
112 140
112 400
113 114
113 141
113 142
114 115
114 142
114 143
115 116
115 143
115 144
116 117
116 144
117 118
117 145
118 119
118 146
118 147
119 120
119 147
120 121
120 148
121 122
121 149
122 123
122 150
122 151
123 124
123 151
124 125
124 152
125 126
125 153
126 127
126 154
127 128
127 155
128 129
128 156
128 157
129 130
129 157
129 158
130 131
130 158
130 159
131 132
131 159
132 133
132 160
133 134
133 161
133 162
134 135
134 162
135 136
135 163
135 164
136 137
136 164
137 138
137 165
138 139
138 166
138 167
139 140
139 167
140 168
140 400
141 142
141 169
142 143
142 170
143 144
143 171
144 145
144 172
145 146
145 173
146 147
146 174
146 175
147 148
147 175
147 176
148 149
148 176
148 177
149 150
149 177
150 151
150 178
151 152
151 179
152 153
152 180
152 181
153 154
153 181
154 155
154 182
155 156
155 183
156 157
156 184
156 185
157 158
157 185
158 159
158 186
158 187
159 160
159 187
160 161
160 188
161 162
161 189
161 190
162 163
162 190
163 164
163 191
163 192
164 165
164 192
164 193
165 166
165 193
166 167
166 194
167 168
167 195
168 196
168 400
169 170
169 197
170 171
170 198
171 172
171 199
172 173
172 200
172 201
173 174
173 201
173 202
174 175
174 202
174 203
175 176
175 203
176 177
176 204
177 178
177 205
178 179
178 206
179 180
179 207
180 181
180 208
181 182
181 209
182 183
182 210
183 184
183 211
183 212
184 185
184 212
185 186
185 213
185 214
186 187
186 214
187 188
187 215
188 189
188 216
189 190
189 217
190 191
190 218
190 219
191 192
191 219
192 193
192 220
192 221
193 194
193 221
194 195
194 222
195 196
195 223
196 224
196 400
197 198
197 225
197 226
198 199
198 226
199 200
199 227
199 228
200 201
200 228
200 229
201 202
201 229
202 203
202 230
202 231
203 204
203 231
204 205
204 232
205 206
205 233
206 207
206 234
207 208
207 235
208 209
208 236
209 210
209 237
209 238
210 211
210 238
211 212
211 239
211 240
212 213
212 240
212 241
213 214
213 241
214 215
214 242
214 243
215 216
215 243
216 217
216 244
217 218
217 245
218 219
218 246
219 220
219 247
219 248
220 221
220 248
220 249
221 222
221 249
222 223
222 250
223 224
223 251
224 252
224 400
225 226
225 253
226 227
226 254
227 228
227 255
227 256
228 229
228 256
229 230
229 257
230 231
230 258
231 232
231 259
232 233
232 260
233 234
233 261
233 262
234 235
234 262
235 236
235 263
236 237
236 264
236 265
237 238
237 265
238 239
238 266
239 240
239 267
240 241
240 268
240 269
241 242
241 269
242 243
242 270
243 244
243 271
244 245
244 272
245 246
245 273
246 247
246 274
247 248
247 275
248 249
248 276
248 277
249 250
249 277
249 278
250 251
250 278
251 252
251 279
252 280
252 400
253 254
253 281
254 255
254 282
254 283
255 256
255 283
255 284
256 257
256 284
256 285
257 258
257 285
258 259
258 286
259 260
259 287
260 261
260 288
261 262
261 289
261 290
262 263
262 290
263 264
263 291
264 265
264 292
265 266
265 293
266 267
266 294
266 295
267 268
267 295
268 269
268 296
268 297
269 270
269 297
270 271
270 298
271 272
271 299
272 273
272 300
273 274
273 301
274 275
274 302
275 276
275 303
276 277
276 304
277 278
277 305
277 306
278 279
278 306
278 307
279 280
279 307
279 308
280 308
280 400
281 282
281 309
282 283
282 310
283 284
283 311
283 312
284 285
284 312
285 286
285 313
286 287
286 314
287 288
287 315
287 316
288 289
288 316
289 290
289 317
290 291
290 318
290 319
291 292
291 319
292 293
292 320
293 294
293 321
294 295
294 322
295 296
295 323
296 297
296 324
296 325
297 298
297 325
297 326
298 299
298 326
299 300
299 327
300 301
300 328
301 302
301 329
301 330
302 303
302 330
302 331
303 304
303 331
304 305
304 332
305 306
305 333
306 307
306 334
307 308
307 335
308 336
308 400
309 310
309 337
310 311
310 338
310 339
311 312
311 339
311 340
312 313
312 340
313 314
313 341
314 315
314 342
315 316
315 343
316 317
316 344
317 318
317 345
318 319
318 346
318 347
319 320
319 347
320 321
320 348
321 322
321 349
322 323
322 350
322 351
323 324
323 351
324 325
324 352
325 326
325 353
326 327
326 354
327 328
327 355
328 329
328 356
329 330
329 357
330 331
330 358
331 332
331 359
332 333
332 360
332 361
333 334
333 361
334 335
334 362
334 363
335 336
335 363
335 364
336 364
336 400
337 338
337 365
338 339
338 366
338 367
339 340
339 367
340 341
340 368
341 342
341 369
342 343
342 370
343 344
343 371
344 345
344 372
344 373
345 346
345 373
346 347
346 374
347 348
347 375
347 376
348 349
348 376
349 350
349 377
349 378
350 351
350 378
351 352
351 379
352 353
352 380
352 381
353 354
353 381
354 355
354 382
355 356
355 383
356 357
356 384
357 358
357 385
358 359
358 386
358 387
359 360
359 387
360 361
360 388
361 362
361 389
362 363
362 390
363 364
363 391
364 392
364 400
365 366
365 393
366 367
366 394
367 368
367 395
368 369
368 396
369 370
369 397
369 398
370 371
370 398
371 372
371 399
372 373
373 374
374 375
375 376
376 377
377 378
378 379
379 380
380 381
381 382
382 383
383 384
384 385
385 386
386 387
387 388
388 389
389 390
390 391
391 392
392 400
393 394
393 400
394 395
394 400
395 396
395 400
396 397
396 400
397 398
397 400
398 399
398 400
399 400
