# Tier 7 (Very Large) - Instance 10
# Generated with config: N=324, K=5, topology=grid, calendar=random

# HEADER: <num_tasks> <num_types> <num_units>
326 5 30

# RESOURCE TYPES
# Format: <type_id> <num_units> <unit_id1> <unit_id2> ...
0 7 0 1 2 3 4 5 6
1 6 7 8 9 10 11 12
2 7 13 14 15 16 17 18 19
3 5 20 21 22 23 24
4 5 25 26 27 28 29

# RESOURCE UNITS (Calendars)
# Format: <unit_id> <num_steps> <t1> <v1> <t2> <v2> ...
0 20 0 0 19 100 79 0 97 100 214 0 232 100 477 0 490 100 782 0 800 100 1025 0 1034 100 1201 0 1213 100 1336 0 1355 100 1528 0 1554 100 1771 0 3386 0
1 20 0 0 10 100 99 0 124 100 255 0 262 100 484 0 506 100 822 0 847 100 1105 0 1116 100 1226 0 1244 100 1342 0 1359 100 1499 0 1517 100 1638 0 3386 0
2 20 0 0 23 100 217 0 220 100 489 0 505 100 698 0 720 100 1007 0 1024 100 1325 0 1351 100 1489 0 1492 100 1748 0 1753 100 1895 0 1897 100 2095 0 3386 0
3 20 0 0 16 100 209 0 235 100 535 0 556 100 679 0 684 100 766 0 787 100 1081 0 1104 100 1399 0 1406 100 1674 0 1689 100 1871 0 1893 100 2137 0 3386 0
4 20 0 100 177 0 184 100 295 0 300 100 358 0 360 100 606 0 631 100 897 0 910 100 1195 0 1217 100 1373 0 1385 100 1458 0 1484 100 1687 0 1704 100 3386 0
5 20 0 0 16 100 84 0 92 100 363 0 366 100 569 0 578 100 732 0 741 100 977 0 979 100 1049 0 1060 100 1329 0 1339 100 1603 0 1608 100 1827 0 3386 0
6 20 0 0 7 100 250 0 273 100 403 0 426 100 494 0 509 100 694 0 712 100 1020 0 1034 100 1239 0 1264 100 1376 0 1400 100 1648 0 1674 100 1920 0 3386 0
7 20 0 0 3 100 75 0 79 100 254 0 262 100 551 0 577 100 696 0 720 100 902 0 923 100 1099 0 1117 100 1241 0 1257 100 1468 0 1487 100 1664 0 3386 0
8 20 0 100 180 0 202 100 283 0 298 100 565 0 571 100 744 0 765 100 863 0 874 100 1038 0 1041 100 1117 0 1119 100 1431 0 1453 100 1669 0 1691 100 3386 0
9 20 0 0 17 100 148 0 150 100 362 0 378 100 446 0 464 100 575 0 588 100 809 0 833 100 1095 0 1109 100 1361 0 1365 100 1563 0 1577 100 1655 0 3386 0
10 20 0 0 9 100 279 0 282 100 337 0 340 100 615 0 620 100 675 0 681 100 935 0 941 100 1188 0 1195 100 1436 0 1455 100 1730 0 1751 100 1815 0 3386 0
11 20 0 100 279 0 282 100 368 0 372 100 628 0 647 100 943 0 968 100 1122 0 1130 100 1394 0 1419 100 1629 0 1631 100 1893 0 1909 100 2079 0 2097 100 3386 0
12 20 0 0 4 100 68 0 73 100 201 0 212 100 286 0 312 100 630 0 639 100 915 0 934 100 1027 0 1033 100 1183 0 1203 100 1358 0 1384 100 1473 0 3386 0
13 20 0 0 18 100 240 0 245 100 414 0 420 100 502 0 519 100 577 0 583 100 853 0 863 100 1144 0 1165 100 1322 0 1334 100 1397 0 1404 100 1646 0 3386 0
14 20 0 100 294 0 298 100 577 0 600 100 911 0 917 100 1215 0 1225 100 1448 0 1451 100 1593 0 1609 100 1915 0 1936 100 2213 0 2225 100 2278 0 2285 100 3386 0
15 20 0 0 6 100 318 0 340 100 598 0 613 100 724 0 737 100 838 0 843 100 1072 0 1094 100 1233 0 1251 100 1422 0 1427 100 1706 0 1714 100 1808 0 3386 0
16 20 0 100 57 0 61 100 298 0 319 100 586 0 592 100 649 0 654 100 915 0 930 100 1103 0 1128 100 1391 0 1407 100 1535 0 1553 100 1842 0 1849 100 3386 0
17 20 0 0 19 100 75 0 83 100 300 0 303 100 602 0 613 100 830 0 839 100 900 0 920 100 1217 0 1232 100 1390 0 1406 100 1661 0 1676 100 1776 0 3386 0
18 20 0 0 3 100 225 0 249 100 465 0 480 100 786 0 797 100 1076 0 1097 100 1169 0 1191 100 1255 0 1279 100 1464 0 1479 100 1612 0 1633 100 1774 0 3386 0
19 20 0 0 12 100 235 0 245 100 494 0 509 100 654 0 670 100 915 0 920 100 1038 0 1060 100 1233 0 1246 100 1352 0 1359 100 1536 0 1561 100 1770 0 3386 0
20 20 0 100 192 0 208 100 467 0 473 100 777 0 803 100 902 0 918 100 1176 0 1191 100 1501 0 1511 100 1766 0 1785 100 2007 0 2013 100 2200 0 2211 100 3386 0
21 20 0 0 15 100 252 0 264 100 485 0 507 100 576 0 601 100 662 0 664 100 758 0 763 100 1043 0 1052 100 1208 0 1220 100 1475 0 1495 100 1627 0 3386 0
22 20 0 100 201 0 220 100 319 0 327 100 416 0 425 100 560 0 572 100 818 0 826 100 972 0 987 100 1178 0 1185 100 1501 0 1527 100 1783 0 1804 100 3386 0
23 20 0 0 13 100 272 0 295 100 446 0 467 100 761 0 767 100 998 0 1007 100 1285 0 1306 100 1505 0 1510 100 1617 0 1639 100 1817 0 1831 100 1904 0 3386 0
24 20 0 100 294 0 317 100 492 0 494 100 574 0 585 100 872 0 877 100 1177 0 1190 100 1443 0 1461 100 1543 0 1557 100 1834 0 1842 100 1913 0 1922 100 3386 0
25 20 0 0 7 100 207 0 212 100 361 0 377 100 664 0 678 100 821 0 841 100 1101 0 1115 100 1222 0 1243 100 1416 0 1438 100 1588 0 1601 100 1891 0 3386 0
26 20 0 100 85 0 98 100 168 0 190 100 494 0 513 100 788 0 791 100 852 0 872 100 1154 0 1165 100 1277 0 1280 100 1370 0 1387 100 1500 0 1526 100 3386 0
27 20 0 100 234 0 246 100 405 0 416 100 508 0 530 100 693 0 701 100 902 0 924 100 1118 0 1132 100 1416 0 1423 100 1709 0 1725 100 1889 0 1898 100 3386 0
28 20 0 100 76 0 85 100 159 0 162 100 338 0 347 100 630 0 648 100 932 0 949 100 1267 0 1277 100 1359 0 1366 100 1534 0 1545 100 1634 0 1643 100 3386 0
29 20 0 100 265 0 288 100 607 0 617 100 865 0 870 100 998 0 1006 100 1194 0 1202 100 1478 0 1503 100 1691 0 1716 100 1786 0 1803 100 1936 0 1961 100 3386 0

# TASKS
# Format: <task_id> <size> <num_reqs>
# Then for each requirement: <type_id> <qty>
0 0 5
 0 0
 1 0
 2 0
 3 0
 4 0
1 16 5
 0 1
 1 3
 2 0
 3 1
 4 0
2 18 5
 0 3
 1 2
 2 1
 3 0
 4 0
3 15 5
 0 0
 1 3
 2 3
 3 3
 4 2
4 11 5
 0 0
 1 1
 2 1
 3 3
 4 1
5 6 5
 0 2
 1 0
 2 3
 3 2
 4 1
6 3 5
 0 0
 1 0
 2 2
 3 1
 4 1
7 16 5
 0 0
 1 1
 2 0
 3 3
 4 2
8 14 5
 0 0
 1 3
 2 0
 3 2
 4 0
9 11 5
 0 1
 1 2
 2 1
 3 0
 4 3
10 7 5
 0 3
 1 3
 2 0
 3 1
 4 2
11 1 5
 0 2
 1 3
 2 3
 3 3
 4 0
12 15 5
 0 2
 1 0
 2 3
 3 3
 4 1
13 4 5
 0 2
 1 3
 2 0
 3 1
 4 0
14 11 5
 0 2
 1 0
 2 1
 3 0
 4 1
15 3 5
 0 1
 1 3
 2 1
 3 3
 4 3
16 14 5
 0 0
 1 0
 2 0
 3 2
 4 0
17 10 5
 0 2
 1 2
 2 2
 3 0
 4 0
18 17 5
 0 0
 1 0
 2 0
 3 1
 4 2
19 15 5
 0 0
 1 3
 2 0
 3 0
 4 0
20 14 5
 0 0
 1 1
 2 0
 3 0
 4 0
21 16 5
 0 0
 1 0
 2 0
 3 2
 4 3
22 16 5
 0 2
 1 0
 2 3
 3 0
 4 0
23 9 5
 0 2
 1 0
 2 0
 3 0
 4 3
24 2 5
 0 0
 1 2
 2 3
 3 3
 4 0
25 6 5
 0 3
 1 2
 2 3
 3 0
 4 0
26 2 5
 0 3
 1 2
 2 2
 3 0
 4 3
27 9 5
 0 3
 1 3
 2 0
 3 3
 4 0
28 12 5
 0 0
 1 0
 2 0
 3 1
 4 0
29 19 5
 0 1
 1 3
 2 3
 3 0
 4 3
30 20 5
 0 2
 1 1
 2 0
 3 0
 4 2
31 4 5
 0 3
 1 0
 2 0
 3 0
 4 1
32 16 5
 0 0
 1 0
 2 2
 3 3
 4 0
33 19 5
 0 1
 1 1
 2 2
 3 0
 4 3
34 8 5
 0 0
 1 0
 2 0
 3 1
 4 1
35 2 5
 0 0
 1 0
 2 1
 3 0
 4 2
36 6 5
 0 0
 1 2
 2 1
 3 3
 4 0
37 14 5
 0 0
 1 1
 2 3
 3 0
 4 3
38 19 5
 0 2
 1 0
 2 2
 3 2
 4 3
39 19 5
 0 2
 1 1
 2 0
 3 0
 4 2
40 11 5
 0 1
 1 0
 2 0
 3 0
 4 3
41 7 5
 0 0
 1 0
 2 0
 3 0
 4 3
42 19 5
 0 0
 1 0
 2 1
 3 1
 4 2
43 19 5
 0 0
 1 1
 2 0
 3 3
 4 1
44 13 5
 0 0
 1 1
 2 0
 3 0
 4 1
45 10 5
 0 0
 1 1
 2 3
 3 3
 4 2
46 13 5
 0 1
 1 0
 2 0
 3 3
 4 0
47 10 5
 0 0
 1 0
 2 0
 3 1
 4 0
48 16 5
 0 2
 1 1
 2 2
 3 0
 4 0
49 11 5
 0 0
 1 0
 2 3
 3 1
 4 2
50 2 5
 0 0
 1 0
 2 2
 3 0
 4 0
51 14 5
 0 0
 1 0
 2 3
 3 1
 4 2
52 12 5
 0 2
 1 3
 2 3
 3 3
 4 1
53 15 5
 0 3
 1 0
 2 3
 3 0
 4 1
54 3 5
 0 3
 1 0
 2 0
 3 0
 4 0
55 3 5
 0 3
 1 0
 2 2
 3 0
 4 1
56 15 5
 0 2
 1 0
 2 0
 3 1
 4 2
57 7 5
 0 1
 1 3
 2 3
 3 0
 4 2
58 14 5
 0 0
 1 3
 2 3
 3 3
 4 3
59 10 5
 0 0
 1 3
 2 3
 3 1
 4 3
60 19 5
 0 2
 1 2
 2 1
 3 0
 4 2
61 12 5
 0 0
 1 0
 2 2
 3 0
 4 2
62 13 5
 0 0
 1 3
 2 3
 3 0
 4 1
63 17 5
 0 1
 1 2
 2 0
 3 2
 4 1
64 14 5
 0 1
 1 0
 2 1
 3 2
 4 3
65 15 5
 0 2
 1 0
 2 2
 3 1
 4 0
66 9 5
 0 2
 1 3
 2 3
 3 0
 4 1
67 2 5
 0 2
 1 3
 2 2
 3 3
 4 3
68 8 5
 0 2
 1 0
 2 0
 3 0
 4 0
69 8 5
 0 0
 1 0
 2 3
 3 1
 4 2
70 18 5
 0 3
 1 0
 2 3
 3 0
 4 3
71 4 5
 0 0
 1 3
 2 3
 3 2
 4 3
72 5 5
 0 1
 1 3
 2 0
 3 0
 4 0
73 16 5
 0 2
 1 3
 2 1
 3 3
 4 3
74 9 5
 0 0
 1 1
 2 0
 3 0
 4 0
75 6 5
 0 3
 1 0
 2 2
 3 3
 4 3
76 14 5
 0 1
 1 0
 2 2
 3 2
 4 0
77 18 5
 0 0
 1 0
 2 0
 3 3
 4 3
78 3 5
 0 0
 1 3
 2 2
 3 0
 4 3
79 19 5
 0 1
 1 3
 2 1
 3 0
 4 2
80 5 5
 0 1
 1 0
 2 2
 3 0
 4 0
81 16 5
 0 2
 1 3
 2 3
 3 3
 4 0
82 13 5
 0 1
 1 1
 2 2
 3 0
 4 2
83 13 5
 0 0
 1 2
 2 1
 3 0
 4 0
84 17 5
 0 1
 1 3
 2 0
 3 0
 4 0
85 17 5
 0 0
 1 0
 2 1
 3 3
 4 0
86 17 5
 0 3
 1 0
 2 3
 3 0
 4 0
87 11 5
 0 0
 1 0
 2 2
 3 0
 4 2
88 8 5
 0 3
 1 2
 2 2
 3 0
 4 2
89 10 5
 0 0
 1 3
 2 2
 3 0
 4 3
90 15 5
 0 1
 1 3
 2 2
 3 0
 4 2
91 8 5
 0 1
 1 2
 2 2
 3 0
 4 0
92 16 5
 0 0
 1 0
 2 0
 3 1
 4 0
93 19 5
 0 3
 1 0
 2 0
 3 2
 4 3
94 13 5
 0 0
 1 0
 2 2
 3 1
 4 1
95 16 5
 0 1
 1 2
 2 0
 3 0
 4 0
96 3 5
 0 0
 1 2
 2 0
 3 3
 4 0
97 6 5
 0 0
 1 0
 2 2
 3 0
 4 1
98 6 5
 0 2
 1 0
 2 3
 3 1
 4 3
99 19 5
 0 1
 1 0
 2 3
 3 1
 4 1
100 11 5
 0 2
 1 1
 2 2
 3 0
 4 0
101 14 5
 0 3
 1 2
 2 0
 3 1
 4 0
102 3 5
 0 0
 1 2
 2 3
 3 0
 4 0
103 3 5
 0 1
 1 0
 2 0
 3 3
 4 3
104 5 5
 0 2
 1 2
 2 0
 3 0
 4 3
105 19 5
 0 3
 1 1
 2 3
 3 2
 4 1
106 3 5
 0 1
 1 1
 2 1
 3 0
 4 1
107 14 5
 0 3
 1 0
 2 3
 3 2
 4 3
108 3 5
 0 2
 1 1
 2 1
 3 2
 4 2
109 15 5
 0 1
 1 0
 2 0
 3 0
 4 0
110 12 5
 0 2
 1 2
 2 2
 3 1
 4 3
111 2 5
 0 0
 1 1
 2 2
 3 2
 4 0
112 12 5
 0 1
 1 3
 2 0
 3 2
 4 2
113 12 5
 0 0
 1 1
 2 0
 3 0
 4 2
114 20 5
 0 3
 1 0
 2 0
 3 0
 4 2
115 18 5
 0 0
 1 2
 2 1
 3 3
 4 2
116 8 5
 0 3
 1 0
 2 1
 3 1
 4 3
117 13 5
 0 0
 1 1
 2 2
 3 2
 4 2
118 6 5
 0 3
 1 1
 2 3
 3 1
 4 2
119 5 5
 0 2
 1 3
 2 0
 3 1
 4 0
120 8 5
 0 3
 1 2
 2 1
 3 3
 4 0
121 1 5
 0 2
 1 1
 2 0
 3 2
 4 1
122 12 5
 0 2
 1 0
 2 0
 3 3
 4 3
123 11 5
 0 0
 1 1
 2 0
 3 0
 4 2
124 7 5
 0 2
 1 2
 2 0
 3 1
 4 0
125 9 5
 0 3
 1 0
 2 0
 3 0
 4 1
126 18 5
 0 0
 1 0
 2 3
 3 0
 4 0
127 4 5
 0 0
 1 0
 2 0
 3 0
 4 3
128 4 5
 0 0
 1 2
 2 3
 3 0
 4 1
129 15 5
 0 1
 1 0
 2 2
 3 1
 4 0
130 13 5
 0 3
 1 2
 2 0
 3 3
 4 0
131 8 5
 0 2
 1 2
 2 0
 3 0
 4 0
132 2 5
 0 1
 1 1
 2 3
 3 2
 4 2
133 14 5
 0 0
 1 2
 2 0
 3 3
 4 2
134 13 5
 0 0
 1 1
 2 3
 3 1
 4 0
135 7 5
 0 3
 1 3
 2 3
 3 0
 4 1
136 4 5
 0 0
 1 0
 2 3
 3 1
 4 2
137 19 5
 0 0
 1 3
 2 3
 3 0
 4 0
138 16 5
 0 0
 1 3
 2 0
 3 1
 4 0
139 12 5
 0 2
 1 0
 2 2
 3 0
 4 3
140 11 5
 0 0
 1 0
 2 3
 3 2
 4 2
141 7 5
 0 0
 1 3
 2 3
 3 2
 4 2
142 19 5
 0 1
 1 3
 2 0
 3 0
 4 2
143 4 5
 0 1
 1 2
 2 1
 3 3
 4 1
144 12 5
 0 0
 1 2
 2 3
 3 1
 4 0
145 3 5
 0 0
 1 3
 2 0
 3 1
 4 2
146 7 5
 0 0
 1 2
 2 0
 3 2
 4 1
147 9 5
 0 3
 1 3
 2 0
 3 0
 4 2
148 8 5
 0 2
 1 0
 2 1
 3 0
 4 2
149 3 5
 0 0
 1 1
 2 0
 3 3
 4 3
150 4 5
 0 0
 1 2
 2 3
 3 2
 4 3
151 12 5
 0 1
 1 1
 2 1
 3 0
 4 3
152 13 5
 0 1
 1 0
 2 3
 3 3
 4 1
153 13 5
 0 0
 1 1
 2 0
 3 0
 4 0
154 1 5
 0 0
 1 0
 2 1
 3 0
 4 0
155 13 5
 0 2
 1 1
 2 0
 3 1
 4 3
156 4 5
 0 0
 1 0
 2 3
 3 1
 4 1
157 16 5
 0 0
 1 3
 2 0
 3 0
 4 1
158 7 5
 0 0
 1 2
 2 0
 3 2
 4 0
159 5 5
 0 0
 1 1
 2 1
 3 1
 4 2
160 5 5
 0 3
 1 0
 2 1
 3 2
 4 0
161 19 5
 0 1
 1 0
 2 0
 3 3
 4 0
162 20 5
 0 2
 1 1
 2 0
 3 0
 4 0
163 20 5
 0 3
 1 2
 2 1
 3 0
 4 3
164 8 5
 0 2
 1 1
 2 0
 3 0
 4 0
165 14 5
 0 2
 1 0
 2 0
 3 0
 4 2
166 10 5
 0 0
 1 1
 2 1
 3 3
 4 1
167 6 5
 0 2
 1 2
 2 0
 3 0
 4 3
168 11 5
 0 0
 1 3
 2 1
 3 3
 4 2
169 11 5
 0 2
 1 0
 2 2
 3 1
 4 3
170 20 5
 0 0
 1 0
 2 1
 3 2
 4 2
171 2 5
 0 3
 1 1
 2 1
 3 3
 4 0
172 17 5
 0 1
 1 0
 2 0
 3 1
 4 3
173 17 5
 0 2
 1 2
 2 0
 3 3
 4 3
174 8 5
 0 0
 1 0
 2 0
 3 1
 4 2
175 10 5
 0 3
 1 0
 2 0
 3 0
 4 0
176 11 5
 0 1
 1 2
 2 2
 3 0
 4 1
177 14 5
 0 0
 1 1
 2 0
 3 0
 4 0
178 9 5
 0 2
 1 2
 2 1
 3 1
 4 0
179 3 5
 0 1
 1 0
 2 1
 3 0
 4 2
180 12 5
 0 1
 1 0
 2 3
 3 1
 4 2
181 9 5
 0 1
 1 0
 2 1
 3 0
 4 3
182 5 5
 0 2
 1 2
 2 3
 3 2
 4 3
183 13 5
 0 2
 1 3
 2 0
 3 0
 4 0
184 4 5
 0 0
 1 0
 2 1
 3 2
 4 1
185 13 5
 0 2
 1 0
 2 3
 3 1
 4 0
186 19 5
 0 0
 1 2
 2 3
 3 1
 4 3
187 4 5
 0 2
 1 2
 2 0
 3 0
 4 0
188 14 5
 0 0
 1 2
 2 1
 3 0
 4 2
189 1 5
 0 0
 1 1
 2 0
 3 0
 4 3
190 20 5
 0 0
 1 2
 2 3
 3 2
 4 0
191 13 5
 0 3
 1 3
 2 1
 3 0
 4 0
192 4 5
 0 0
 1 0
 2 3
 3 2
 4 1
193 3 5
 0 3
 1 1
 2 2
 3 2
 4 0
194 11 5
 0 2
 1 0
 2 0
 3 0
 4 1
195 7 5
 0 2
 1 3
 2 0
 3 2
 4 2
196 17 5
 0 3
 1 3
 2 0
 3 1
 4 1
197 3 5
 0 3
 1 0
 2 1
 3 3
 4 2
198 7 5
 0 0
 1 0
 2 0
 3 0
 4 1
199 3 5
 0 2
 1 1
 2 0
 3 0
 4 0
200 5 5
 0 3
 1 3
 2 0
 3 3
 4 0
201 18 5
 0 2
 1 0
 2 0
 3 0
 4 2
202 6 5
 0 2
 1 2
 2 1
 3 3
 4 0
203 18 5
 0 2
 1 1
 2 0
 3 0
 4 1
204 9 5
 0 3
 1 0
 2 0
 3 0
 4 0
205 4 5
 0 2
 1 0
 2 2
 3 0
 4 1
206 3 5
 0 0
 1 0
 2 2
 3 0
 4 0
207 13 5
 0 0
 1 0
 2 1
 3 2
 4 1
208 11 5
 0 0
 1 0
 2 0
 3 0
 4 2
209 7 5
 0 3
 1 2
 2 1
 3 1
 4 3
210 9 5
 0 3
 1 3
 2 0
 3 0
 4 0
211 13 5
 0 2
 1 0
 2 2
 3 1
 4 1
212 18 5
 0 0
 1 1
 2 2
 3 2
 4 0
213 18 5
 0 2
 1 1
 2 0
 3 0
 4 1
214 20 5
 0 1
 1 1
 2 0
 3 0
 4 0
215 3 5
 0 3
 1 1
 2 1
 3 0
 4 1
216 8 5
 0 2
 1 2
 2 3
 3 2
 4 0
217 18 5
 0 2
 1 1
 2 1
 3 0
 4 1
218 8 5
 0 1
 1 0
 2 2
 3 2
 4 2
219 3 5
 0 1
 1 1
 2 3
 3 1
 4 0
220 18 5
 0 0
 1 0
 2 2
 3 0
 4 2
221 10 5
 0 0
 1 3
 2 1
 3 0
 4 0
222 10 5
 0 0
 1 1
 2 2
 3 0
 4 3
223 13 5
 0 1
 1 2
 2 3
 3 1
 4 0
224 10 5
 0 1
 1 3
 2 1
 3 0
 4 0
225 10 5
 0 2
 1 0
 2 0
 3 3
 4 3
226 9 5
 0 2
 1 2
 2 3
 3 3
 4 1
227 4 5
 0 0
 1 3
 2 1
 3 0
 4 1
228 7 5
 0 0
 1 0
 2 0
 3 2
 4 2
229 9 5
 0 0
 1 1
 2 0
 3 2
 4 2
230 7 5
 0 3
 1 1
 2 0
 3 2
 4 1
231 12 5
 0 3
 1 0
 2 2
 3 0
 4 1
232 3 5
 0 2
 1 0
 2 2
 3 0
 4 2
233 14 5
 0 2
 1 0
 2 3
 3 2
 4 0
234 6 5
 0 3
 1 1
 2 1
 3 0
 4 1
235 16 5
 0 0
 1 3
 2 1
 3 0
 4 0
236 1 5
 0 2
 1 0
 2 3
 3 1
 4 3
237 10 5
 0 0
 1 0
 2 2
 3 0
 4 1
238 14 5
 0 0
 1 0
 2 3
 3 0
 4 0
239 5 5
 0 2
 1 1
 2 0
 3 0
 4 2
240 13 5
 0 1
 1 0
 2 2
 3 3
 4 0
241 20 5
 0 1
 1 2
 2 0
 3 3
 4 3
242 17 5
 0 1
 1 1
 2 3
 3 0
 4 3
243 16 5
 0 0
 1 0
 2 0
 3 0
 4 1
244 5 5
 0 1
 1 0
 2 0
 3 0
 4 0
245 12 5
 0 0
 1 1
 2 0
 3 0
 4 0
246 19 5
 0 0
 1 0
 2 1
 3 1
 4 0
247 8 5
 0 3
 1 1
 2 3
 3 0
 4 3
248 4 5
 0 0
 1 0
 2 0
 3 3
 4 1
249 18 5
 0 0
 1 1
 2 2
 3 2
 4 0
250 6 5
 0 1
 1 0
 2 0
 3 3
 4 0
251 14 5
 0 2
 1 2
 2 0
 3 2
 4 1
252 13 5
 0 1
 1 1
 2 3
 3 0
 4 2
253 19 5
 0 0
 1 3
 2 0
 3 1
 4 0
254 17 5
 0 1
 1 1
 2 1
 3 0
 4 1
255 10 5
 0 0
 1 3
 2 1
 3 0
 4 0
256 19 5
 0 1
 1 2
 2 0
 3 0
 4 0
257 9 5
 0 2
 1 2
 2 1
 3 3
 4 3
258 1 5
 0 3
 1 3
 2 1
 3 0
 4 3
259 13 5
 0 3
 1 0
 2 0
 3 1
 4 3
260 11 5
 0 0
 1 3
 2 0
 3 1
 4 1
261 16 5
 0 3
 1 3
 2 0
 3 1
 4 1
262 6 5
 0 3
 1 2
 2 2
 3 3
 4 2
263 3 5
 0 0
 1 2
 2 1
 3 2
 4 0
264 14 5
 0 0
 1 2
 2 1
 3 3
 4 1
265 2 5
 0 0
 1 0
 2 0
 3 0
 4 3
266 11 5
 0 0
 1 0
 2 3
 3 1
 4 0
267 2 5
 0 2
 1 1
 2 0
 3 2
 4 0
268 19 5
 0 0
 1 3
 2 1
 3 0
 4 0
269 18 5
 0 1
 1 0
 2 1
 3 0
 4 2
270 13 5
 0 2
 1 3
 2 2
 3 3
 4 2
271 15 5
 0 3
 1 0
 2 0
 3 3
 4 3
272 8 5
 0 3
 1 0
 2 0
 3 1
 4 3
273 9 5
 0 1
 1 0
 2 1
 3 0
 4 1
274 7 5
 0 1
 1 0
 2 0
 3 3
 4 0
275 3 5
 0 0
 1 1
 2 2
 3 3
 4 3
276 19 5
 0 2
 1 1
 2 1
 3 0
 4 0
277 19 5
 0 3
 1 0
 2 0
 3 2
 4 2
278 4 5
 0 0
 1 1
 2 1
 3 2
 4 0
279 13 5
 0 1
 1 1
 2 3
 3 3
 4 2
280 10 5
 0 0
 1 1
 2 0
 3 0
 4 0
281 17 5
 0 3
 1 3
 2 0
 3 0
 4 3
282 13 5
 0 3
 1 2
 2 2
 3 2
 4 2
283 16 5
 0 0
 1 1
 2 0
 3 1
 4 0
284 13 5
 0 3
 1 0
 2 1
 3 0
 4 0
285 19 5
 0 0
 1 1
 2 3
 3 1
 4 3
286 1 5
 0 1
 1 0
 2 3
 3 0
 4 2
287 5 5
 0 3
 1 0
 2 0
 3 2
 4 2
288 2 5
 0 0
 1 1
 2 0
 3 0
 4 0
289 3 5
 0 0
 1 0
 2 0
 3 2
 4 3
290 9 5
 0 2
 1 2
 2 1
 3 1
 4 0
291 4 5
 0 2
 1 3
 2 0
 3 2
 4 0
292 19 5
 0 2
 1 2
 2 0
 3 0
 4 0
293 14 5
 0 3
 1 0
 2 2
 3 2
 4 3
294 8 5
 0 3
 1 0
 2 2
 3 3
 4 3
295 14 5
 0 0
 1 0
 2 0
 3 0
 4 1
296 9 5
 0 1
 1 3
 2 0
 3 0
 4 1
297 5 5
 0 0
 1 3
 2 3
 3 3
 4 1
298 1 5
 0 2
 1 1
 2 2
 3 2
 4 0
299 19 5
 0 0
 1 2
 2 2
 3 3
 4 2
300 15 5
 0 1
 1 0
 2 0
 3 3
 4 1
301 5 5
 0 0
 1 3
 2 2
 3 2
 4 0
302 3 5
 0 0
 1 0
 2 0
 3 1
 4 0
303 14 5
 0 0
 1 3
 2 1
 3 2
 4 3
304 7 5
 0 2
 1 0
 2 1
 3 3
 4 1
305 20 5
 0 3
 1 2
 2 0
 3 0
 4 0
306 20 5
 0 2
 1 0
 2 0
 3 3
 4 1
307 9 5
 0 1
 1 1
 2 0
 3 0
 4 2
308 2 5
 0 0
 1 0
 2 2
 3 2
 4 2
309 18 5
 0 3
 1 0
 2 0
 3 0
 4 0
310 18 5
 0 0
 1 0
 2 3
 3 0
 4 0
311 4 5
 0 3
 1 3
 2 2
 3 2
 4 0
312 3 5
 0 1
 1 1
 2 3
 3 0
 4 0
313 10 5
 0 3
 1 3
 2 0
 3 2
 4 2
314 6 5
 0 3
 1 3
 2 2
 3 0
 4 0
315 6 5
 0 3
 1 1
 2 3
 3 0
 4 2
316 11 5
 0 0
 1 3
 2 1
 3 0
 4 1
317 2 5
 0 0
 1 2
 2 0
 3 2
 4 2
318 7 5
 0 2
 1 1
 2 1
 3 0
 4 0
319 20 5
 0 0
 1 0
 2 0
 3 0
 4 2
320 13 5
 0 1
 1 3
 2 1
 3 1
 4 2
321 13 5
 0 0
 1 2
 2 0
 3 1
 4 0
322 20 5
 0 3
 1 2
 2 0
 3 0
 4 0
323 11 5
 0 1
 1 0
 2 0
 3 1
 4 2
324 8 5
 0 2
 1 0
 2 0
 3 2
 4 1
325 0 5
 0 0
 1 0
 2 0
 3 0
 4 0

# PRECEDENCES
736
0 1
0 26
0 51
0 76
0 101
0 126
0 151
0 176
0 201
0 226
0 251
0 276
0 301
1 2
1 26
1 27
2 3
2 27
3 4
3 28
4 5
4 29
5 6
5 30
6 7
6 31
6 32
7 8
7 32
8 9
8 33
9 10
9 34
9 35
10 11
10 35
11 12
11 36
12 13
12 37
13 14
13 38
14 15
14 39
15 16
15 40
16 17
16 41
17 18
17 42
18 19
18 43
19 20
19 44
20 21
20 45
21 22
21 46
22 23
22 47
23 24
23 48
24 25
24 49
24 50
25 50
25 325
26 27
26 51
27 28
27 52
27 53
28 29
28 53
29 30
29 54
29 55
30 31
30 55
31 32
31 56
32 33
32 57
32 58
33 34
33 58
33 59
34 35
34 59
34 60
35 36
35 60
36 37
36 61
37 38
37 62
37 63
38 39
38 63
39 40
39 64
40 41
40 65
41 42
41 66
42 43
42 67
42 68
43 44
43 68
43 69
44 45
44 69
45 46
45 70
46 47
46 71
47 48
47 72
48 49
48 73
49 50
49 74
50 75
50 325
51 52
51 76
52 53
52 77
53 54
53 78
54 55
54 79
54 80
55 56
55 80
56 57
56 81
56 82
57 58
57 82
58 59
58 83
58 84
59 60
59 84
60 61
60 85
61 62
61 86
61 87
62 63
62 87
63 64
63 88
64 65
64 89
65 66
65 90
66 67
66 91
67 68
67 92
68 69
68 93
69 70
69 94
69 95
70 71
70 95
71 72
71 96
72 73
72 97
72 98
73 74
73 98
74 75
74 99
75 100
75 325
76 77
76 101
77 78
77 102
77 103
78 79
78 103
79 80
79 104
79 105
80 81
80 105
81 82
81 106
82 83
82 107
83 84
83 108
83 109
84 85
84 109
84 110
85 86
85 110
85 111
86 87
86 111
87 88
87 112
87 113
88 89
88 113
89 90
89 114
90 91
90 115
91 92
91 116
92 93
92 117
92 118
93 94
93 118
93 119
94 95
94 119
94 120
95 96
95 120
96 97
96 121
96 122
97 98
97 122
98 99
98 123
99 100
99 124
100 125
100 325
101 102
101 126
102 103
102 127
103 104
103 128
104 105
104 129
105 106
105 130
106 107
106 131
106 132
107 108
107 132
108 109
108 133
109 110
109 134
110 111
110 135
111 112
111 136
112 113
112 137
113 114
113 138
114 115
114 139
115 116
115 140
116 117
116 141
117 118
117 142
117 143
118 119
118 143
119 120
119 144
120 121
120 145
120 146
121 122
121 146
122 123
122 147
123 124
123 148
124 125
124 149
125 150
125 325
126 127
126 151
127 128
127 152
127 153
128 129
128 153
129 130
129 154
130 131
130 155
131 132
131 156
132 133
132 157
132 158
133 134
133 158
134 135
134 159
134 160
135 136
135 160
136 137
136 161
137 138
137 162
138 139
138 163
139 140
139 164
140 141
140 165
140 166
141 142
141 166
142 143
142 167
143 144
143 168
143 169
144 145
144 169
144 170
145 146
145 170
146 147
146 171
147 148
147 172
147 173
148 149
148 173
149 150
149 174
150 175
150 325
151 152
151 176
152 153
152 177
153 154
153 178
154 155
154 179
155 156
155 180
156 157
156 181
157 158
157 182
158 159
158 183
159 160
159 184
160 161
160 185
161 162
161 186
162 163
162 187
163 164
163 188
164 165
164 189
164 190
165 166
165 190
165 191
166 167
166 191
166 192
167 168
167 192
168 169
168 193
168 194
169 170
169 194
170 171
170 195
170 196
171 172
171 196
172 173
172 197
173 174
173 198
174 175
174 199
175 200
175 325
176 177
176 201
177 178
177 202
177 203
178 179
178 203
179 180
179 204
179 205
180 181
180 205
181 182
181 206
182 183
182 207
183 184
183 208
184 185
184 209
185 186
185 210
186 187
186 211
187 188
187 212
187 213
188 189
188 213
189 190
189 214
190 191
190 215
191 192
191 216
192 193
192 217
192 218
193 194
193 218
194 195
194 219
195 196
195 220
196 197
196 221
196 222
197 198
197 222
198 199
198 223
198 224
199 200
199 224
200 225
200 325
201 202
201 226
202 203
202 227
203 204
203 228
204 205
204 229
205 206
205 230
206 207
206 231
206 232
207 208
207 232
207 233
208 209
208 233
209 210
209 234
209 235
210 211
210 235
211 212
211 236
211 237
212 213
212 237
212 238
213 214
213 238
214 215
214 239
215 216
215 240
216 217
216 241
217 218
217 242
218 219
218 243
219 220
219 244
220 221
220 245
220 246
221 222
221 246
222 223
222 247
222 248
223 224
223 248
224 225
224 249
225 250
225 325
226 227
226 251
227 228
227 252
228 229
228 253
228 254
229 230
229 254
229 255
230 231
230 255
231 232
231 256
231 257
232 233
232 257
232 258
233 234
233 258
234 235
234 259
235 236
235 260
236 237
236 261
236 262
237 238
237 262
238 239
238 263
238 264
239 240
239 264
240 241
240 265
241 242
241 266
242 243
242 267
243 244
243 268
244 245
244 269
244 270
245 246
245 270
246 247
246 271
246 272
247 248
247 272
248 249
248 273
249 250
249 274
250 275
250 325
251 252
251 276
252 253
252 277
253 254
253 278
253 279
254 255
254 279
255 256
255 280
256 257
256 281
257 258
257 282
258 259
258 283
259 260
259 284
259 285
260 261
260 285
260 286
261 262
261 286
261 287
262 263
262 287
263 264
263 288
264 265
264 289
265 266
265 290
266 267
266 291
266 292
267 268
267 292
268 269
268 293
269 270
269 294
270 271
270 295
271 272
271 296
272 273
272 297
272 298
273 274
273 298
273 299
274 275
274 299
274 300
275 300
275 325
276 277
276 301
277 278
277 302
278 279
278 303
278 304
279 280
279 304
280 281
280 305
280 306
281 282
281 306
282 283
282 307
283 284
283 308
284 285
284 309
285 286
285 310
285 311
286 287
286 311
287 288
287 312
288 289
288 313
289 290
289 314
289 315
290 291
290 315
291 292
291 316
291 317
292 293
292 317
293 294
293 318
294 295
294 319
295 296
295 320
296 297
296 321
297 298
297 322
298 299
298 323
299 300
299 324
300 325
301 302
301 325
302 303
302 325
303 304
303 325
304 305
304 325
305 306
305 325
306 307
306 325
307 308
307 325
308 309
308 325
309 310
309 325
310 311
310 325
311 312
311 325
312 313
312 325
313 314
313 325
314 315
314 325
315 316
315 325
316 317
316 325
317 318
317 325
318 319
318 325
319 320
319 325
320 321
320 325
321 322
321 325
322 323
322 325
323 324
323 325
324 325
