# Tier 7 (Very Large) - Instance 77
# Generated with config: N=339, K=5, topology=grid, calendar=staggered

# HEADER: <num_tasks> <num_types> <num_units>
341 5 28

# RESOURCE TYPES
# Format: <type_id> <num_units> <unit_id1> <unit_id2> ...
0 5 0 1 2 3 4
1 5 5 6 7 8 9
2 5 10 11 12 13 14
3 7 15 16 17 18 19 20 21
4 6 22 23 24 25 26 27

# RESOURCE UNITS (Calendars)
# Format: <unit_id> <num_steps> <t1> <v1> <t2> <v2> ...
0 24 0 100 1 0 26 100 252 0 275 100 504 0 528 100 755 0 777 100 1007 0 1033 100 1258 0 1281 100 1508 0 1532 100 1763 0 1785 100 2014 0 2039 100 2265 0 2288 100 2518 0 2543 100 3029 0
1 24 0 100 8 0 49 100 260 0 302 100 512 0 554 100 766 0 809 100 1016 0 1059 100 1268 0 1309 100 1518 0 1558 100 1767 0 1809 100 2020 0 2063 100 2275 0 2315 100 2525 0 2566 100 3029 0
2 24 0 100 16 0 43 100 269 0 296 100 522 0 547 100 775 0 801 100 1030 0 1054 100 1281 0 1306 100 1529 0 1555 100 1783 0 1809 100 2037 0 2065 100 2293 0 2320 100 2546 0 2572 100 3029 0
3 24 0 100 26 0 56 100 278 0 308 100 526 0 557 100 780 0 811 100 1032 0 1063 100 1284 0 1317 100 1537 0 1567 100 1788 0 1818 100 2041 0 2071 100 2293 0 2325 100 2545 0 2575 100 3029 0
4 24 0 100 36 0 69 100 286 0 319 100 540 0 573 100 791 0 822 100 1042 0 1076 100 1293 0 1326 100 1544 0 1578 100 1796 0 1829 100 2047 0 2078 100 2294 0 2328 100 2549 0 2583 100 3029 0
5 24 0 100 45 0 85 100 294 0 337 100 550 0 592 100 802 0 842 100 1055 0 1094 100 1306 0 1349 100 1559 0 1601 100 1809 0 1850 100 2062 0 2102 100 2314 0 2355 100 2564 0 2607 100 3029 0
6 24 0 100 55 0 99 100 304 0 347 100 554 0 600 100 805 0 850 100 1057 0 1101 100 1311 0 1357 100 1565 0 1611 100 1820 0 1864 100 2074 0 2119 100 2324 0 2370 100 2577 0 2622 100 3029 0
7 24 0 100 61 0 82 100 316 0 335 100 568 0 589 100 818 0 840 100 1073 0 1091 100 1320 0 1341 100 1573 0 1593 100 1824 0 1845 100 2079 0 2100 100 2332 0 2352 100 2581 0 2599 100 3029 0
8 24 0 100 74 0 99 100 324 0 346 100 573 0 598 100 823 0 845 100 1073 0 1096 100 1321 0 1346 100 1573 0 1598 100 1829 0 1851 100 2077 0 2101 100 2328 0 2353 100 2583 0 2606 100 3029 0
9 24 0 100 81 0 118 100 333 0 369 100 582 0 619 100 832 0 871 100 1086 0 1126 100 1338 0 1376 100 1590 0 1629 100 1844 0 1882 100 2096 0 2135 100 2346 0 2385 100 2596 0 2635 100 3029 0
10 24 0 100 90 0 120 100 340 0 373 100 594 0 625 100 843 0 873 100 1094 0 1124 100 1342 0 1375 100 1597 0 1626 100 1844 0 1875 100 2094 0 2124 100 2342 0 2371 100 2589 0 2622 100 3029 0
11 24 0 100 101 0 145 100 354 0 400 100 610 0 654 100 863 0 909 100 1116 0 1160 100 1369 0 1412 100 1616 0 1661 100 1870 0 1915 100 2119 0 2163 100 2371 0 2416 100 2623 0 2667 100 3029 0
12 24 0 100 106 0 146 100 355 0 398 100 611 0 655 100 867 0 908 100 1118 0 1160 100 1367 0 1411 100 1620 0 1660 100 1872 0 1913 100 2121 0 2164 100 2374 0 2415 100 2622 0 2665 100 3029 0
13 24 0 100 115 0 155 100 363 0 405 100 617 0 658 100 870 0 910 100 1120 0 1160 100 1372 0 1413 100 1624 0 1665 100 1876 0 1917 100 2128 0 2167 100 2378 0 2420 100 2630 0 2671 100 3029 0
14 24 0 100 126 0 162 100 375 0 411 100 622 0 662 100 874 0 911 100 1126 0 1164 100 1374 0 1414 100 1630 0 1668 100 1879 0 1919 100 2130 0 2166 100 2379 0 2419 100 2634 0 2672 100 3029 0
15 24 0 100 135 0 173 100 386 0 423 100 637 0 673 100 887 0 925 100 1141 0 1178 100 1395 0 1432 100 1649 0 1686 100 1898 0 1937 100 2153 0 2191 100 2408 0 2445 100 2658 0 2695 100 3029 0
16 24 0 100 144 0 179 100 396 0 433 100 649 0 687 100 900 0 938 100 1151 0 1190 100 1406 0 1443 100 1660 0 1695 100 1912 0 1949 100 2163 0 2198 100 2411 0 2447 100 2662 0 2699 100 3029 0
17 24 0 100 152 0 191 100 402 0 442 100 653 0 694 100 908 0 947 100 1156 0 1194 100 1408 0 1447 100 1659 0 1701 100 1910 0 1951 100 2166 0 2206 100 2419 0 2457 100 2668 0 2709 100 3029 0
18 24 0 100 160 0 186 100 412 0 440 100 665 0 692 100 916 0 943 100 1169 0 1196 100 1419 0 1448 100 1673 0 1699 100 1925 0 1951 100 2175 0 2201 100 2423 0 2449 100 2675 0 2701 100 3029 0
19 24 0 100 171 0 193 100 424 0 446 100 673 0 698 100 926 0 950 100 1176 0 1201 100 1430 0 1452 100 1683 0 1707 100 1937 0 1959 100 2185 0 2209 100 2436 0 2460 100 2691 0 2713 100 3029 0
20 24 0 100 180 0 218 100 430 0 467 100 683 0 720 100 936 0 972 100 1189 0 1226 100 1439 0 1477 100 1692 0 1730 100 1944 0 1979 100 2194 0 2233 100 2447 0 2486 100 2700 0 2738 100 3029 0
21 24 0 100 188 0 228 100 439 0 481 100 692 0 732 100 943 0 983 100 1193 0 1234 100 1444 0 1486 100 1699 0 1740 100 1953 0 1995 100 2208 0 2247 100 2458 0 2499 100 2711 0 2751 100 3029 0
22 24 0 100 199 0 243 100 448 0 493 100 701 0 746 100 953 0 998 100 1208 0 1253 100 1462 0 1507 100 1713 0 1756 100 1961 0 2003 100 2210 0 2252 100 2461 0 2504 100 2714 0 2757 100 3029 0
23 24 0 100 209 0 235 100 462 0 487 100 713 0 738 100 963 0 990 100 1212 0 1239 100 1464 0 1491 100 1718 0 1742 100 1968 0 1995 100 2219 0 2244 100 2471 0 2497 100 2720 0 2745 100 3029 0
24 24 0 100 216 0 260 100 469 0 514 100 722 0 764 100 974 0 1016 100 1225 0 1270 100 1475 0 1517 100 1725 0 1770 100 1979 0 2022 100 2228 0 2271 100 2479 0 2522 100 2732 0 2775 100 3029 0
25 24 0 100 226 0 248 100 478 0 497 100 726 0 747 100 979 0 1001 100 1233 0 1254 100 1488 0 1510 100 1740 0 1759 100 1990 0 2009 100 2240 0 2258 100 2491 0 2511 100 2742 0 2761 100 3029 0
26 24 0 100 236 0 273 100 488 0 527 100 742 0 781 100 996 0 1036 100 1248 0 1285 100 1500 0 1540 100 1751 0 1790 100 2003 0 2041 100 2255 0 2294 100 2506 0 2546 100 2758 0 2798 100 3029 0
27 24 0 100 243 0 267 100 496 0 519 100 749 0 770 100 999 0 1022 100 1250 0 1271 100 1499 0 1520 100 1748 0 1769 100 2001 0 2023 100 2254 0 2278 100 2505 0 2527 100 2757 0 2779 100 3029 0

# TASKS
# Format: <task_id> <size> <num_reqs>
# Then for each requirement: <type_id> <qty>
0 0 5
 0 0
 1 0
 2 0
 3 0
 4 0
1 7 5
 0 3
 1 2
 2 2
 3 0
 4 0
2 12 5
 0 3
 1 2
 2 3
 3 0
 4 0
3 16 5
 0 1
 1 1
 2 2
 3 0
 4 3
4 20 5
 0 0
 1 3
 2 1
 3 3
 4 1
5 17 5
 0 2
 1 0
 2 2
 3 3
 4 0
6 1 5
 0 0
 1 3
 2 3
 3 3
 4 2
7 14 5
 0 0
 1 1
 2 0
 3 0
 4 0
8 13 5
 0 2
 1 1
 2 2
 3 0
 4 0
9 15 5
 0 3
 1 3
 2 2
 3 0
 4 0
10 12 5
 0 0
 1 2
 2 3
 3 3
 4 3
11 9 5
 0 3
 1 0
 2 1
 3 0
 4 0
12 3 5
 0 0
 1 0
 2 1
 3 1
 4 2
13 14 5
 0 1
 1 0
 2 0
 3 0
 4 0
14 20 5
 0 2
 1 0
 2 2
 3 2
 4 3
15 7 5
 0 3
 1 0
 2 1
 3 1
 4 1
16 1 5
 0 0
 1 0
 2 1
 3 0
 4 3
17 19 5
 0 1
 1 3
 2 0
 3 1
 4 3
18 8 5
 0 2
 1 2
 2 2
 3 0
 4 0
19 5 5
 0 0
 1 0
 2 1
 3 3
 4 1
20 3 5
 0 1
 1 0
 2 0
 3 0
 4 0
21 11 5
 0 0
 1 0
 2 0
 3 1
 4 0
22 14 5
 0 0
 1 2
 2 0
 3 0
 4 0
23 16 5
 0 0
 1 3
 2 0
 3 1
 4 2
24 6 5
 0 2
 1 0
 2 3
 3 0
 4 1
25 4 5
 0 2
 1 3
 2 0
 3 0
 4 0
26 20 5
 0 3
 1 2
 2 3
 3 1
 4 0
27 12 5
 0 3
 1 0
 2 0
 3 0
 4 0
28 15 5
 0 1
 1 1
 2 2
 3 0
 4 0
29 3 5
 0 1
 1 0
 2 3
 3 3
 4 2
30 6 5
 0 3
 1 3
 2 0
 3 0
 4 2
31 4 5
 0 0
 1 3
 2 0
 3 1
 4 1
32 10 5
 0 1
 1 0
 2 0
 3 1
 4 1
33 3 5
 0 0
 1 3
 2 1
 3 2
 4 0
34 4 5
 0 0
 1 0
 2 1
 3 2
 4 1
35 3 5
 0 2
 1 0
 2 2
 3 1
 4 0
36 5 5
 0 0
 1 3
 2 0
 3 2
 4 0
37 19 5
 0 0
 1 2
 2 0
 3 0
 4 2
38 6 5
 0 3
 1 0
 2 1
 3 0
 4 1
39 18 5
 0 2
 1 1
 2 0
 3 0
 4 3
40 18 5
 0 2
 1 3
 2 3
 3 0
 4 1
41 3 5
 0 2
 1 2
 2 3
 3 0
 4 1
42 9 5
 0 3
 1 3
 2 0
 3 0
 4 0
43 11 5
 0 0
 1 1
 2 2
 3 0
 4 2
44 19 5
 0 0
 1 3
 2 3
 3 0
 4 1
45 11 5
 0 0
 1 2
 2 3
 3 0
 4 1
46 10 5
 0 1
 1 1
 2 0
 3 1
 4 0
47 12 5
 0 0
 1 3
 2 1
 3 0
 4 3
48 13 5
 0 2
 1 3
 2 3
 3 3
 4 0
49 3 5
 0 3
 1 2
 2 1
 3 2
 4 0
50 10 5
 0 2
 1 2
 2 3
 3 3
 4 0
51 1 5
 0 1
 1 0
 2 2
 3 1
 4 2
52 1 5
 0 0
 1 0
 2 2
 3 0
 4 1
53 8 5
 0 2
 1 1
 2 0
 3 1
 4 0
54 9 5
 0 2
 1 1
 2 0
 3 0
 4 0
55 18 5
 0 2
 1 2
 2 0
 3 3
 4 0
56 13 5
 0 3
 1 2
 2 3
 3 0
 4 2
57 1 5
 0 2
 1 0
 2 0
 3 3
 4 3
58 8 5
 0 0
 1 2
 2 1
 3 2
 4 0
59 2 5
 0 0
 1 0
 2 3
 3 1
 4 0
60 15 5
 0 2
 1 0
 2 3
 3 0
 4 1
61 10 5
 0 2
 1 2
 2 0
 3 0
 4 2
62 18 5
 0 1
 1 3
 2 0
 3 0
 4 2
63 16 5
 0 3
 1 3
 2 3
 3 0
 4 0
64 16 5
 0 3
 1 3
 2 3
 3 0
 4 0
65 13 5
 0 3
 1 1
 2 1
 3 1
 4 2
66 17 5
 0 0
 1 1
 2 0
 3 3
 4 1
67 13 5
 0 2
 1 3
 2 3
 3 3
 4 1
68 1 5
 0 1
 1 0
 2 0
 3 3
 4 0
69 19 5
 0 3
 1 1
 2 0
 3 0
 4 0
70 19 5
 0 2
 1 3
 2 1
 3 1
 4 0
71 20 5
 0 0
 1 1
 2 2
 3 0
 4 0
72 8 5
 0 0
 1 0
 2 0
 3 3
 4 0
73 7 5
 0 0
 1 0
 2 3
 3 2
 4 0
74 12 5
 0 0
 1 3
 2 0
 3 0
 4 0
75 17 5
 0 1
 1 2
 2 2
 3 1
 4 0
76 13 5
 0 1
 1 3
 2 0
 3 0
 4 3
77 4 5
 0 1
 1 3
 2 0
 3 3
 4 2
78 18 5
 0 2
 1 1
 2 0
 3 0
 4 0
79 2 5
 0 1
 1 0
 2 3
 3 3
 4 3
80 4 5
 0 0
 1 0
 2 0
 3 2
 4 3
81 12 5
 0 2
 1 3
 2 0
 3 3
 4 3
82 7 5
 0 0
 1 3
 2 1
 3 0
 4 3
83 1 5
 0 3
 1 3
 2 1
 3 0
 4 0
84 16 5
 0 2
 1 0
 2 1
 3 1
 4 2
85 1 5
 0 2
 1 0
 2 2
 3 0
 4 3
86 18 5
 0 1
 1 0
 2 3
 3 0
 4 0
87 8 5
 0 0
 1 3
 2 3
 3 0
 4 1
88 13 5
 0 1
 1 3
 2 1
 3 0
 4 0
89 9 5
 0 1
 1 2
 2 0
 3 3
 4 1
90 11 5
 0 1
 1 1
 2 0
 3 3
 4 0
91 15 5
 0 2
 1 1
 2 2
 3 2
 4 3
92 10 5
 0 0
 1 1
 2 0
 3 2
 4 3
93 9 5
 0 2
 1 1
 2 1
 3 3
 4 3
94 2 5
 0 2
 1 0
 2 0
 3 0
 4 0
95 1 5
 0 0
 1 0
 2 2
 3 2
 4 1
96 9 5
 0 2
 1 2
 2 1
 3 3
 4 0
97 17 5
 0 0
 1 2
 2 3
 3 0
 4 1
98 11 5
 0 2
 1 2
 2 1
 3 2
 4 0
99 20 5
 0 1
 1 1
 2 0
 3 1
 4 2
100 15 5
 0 0
 1 2
 2 0
 3 2
 4 3
101 8 5
 0 0
 1 1
 2 2
 3 1
 4 0
102 15 5
 0 3
 1 0
 2 1
 3 1
 4 0
103 15 5
 0 1
 1 3
 2 0
 3 1
 4 0
104 9 5
 0 1
 1 0
 2 0
 3 0
 4 1
105 13 5
 0 0
 1 2
 2 0
 3 0
 4 1
106 11 5
 0 0
 1 1
 2 1
 3 3
 4 0
107 15 5
 0 0
 1 1
 2 0
 3 0
 4 3
108 11 5
 0 1
 1 3
 2 3
 3 0
 4 2
109 16 5
 0 3
 1 2
 2 0
 3 1
 4 0
110 7 5
 0 1
 1 3
 2 1
 3 3
 4 1
111 7 5
 0 1
 1 2
 2 2
 3 0
 4 2
112 11 5
 0 3
 1 2
 2 1
 3 1
 4 1
113 9 5
 0 2
 1 1
 2 1
 3 1
 4 3
114 13 5
 0 3
 1 0
 2 0
 3 0
 4 0
115 3 5
 0 0
 1 3
 2 0
 3 3
 4 0
116 6 5
 0 1
 1 0
 2 0
 3 0
 4 0
117 15 5
 0 0
 1 0
 2 3
 3 0
 4 0
118 7 5
 0 0
 1 1
 2 2
 3 3
 4 1
119 7 5
 0 1
 1 0
 2 1
 3 2
 4 0
120 15 5
 0 0
 1 1
 2 2
 3 0
 4 0
121 9 5
 0 0
 1 3
 2 1
 3 2
 4 2
122 16 5
 0 0
 1 2
 2 0
 3 3
 4 1
123 18 5
 0 1
 1 3
 2 3
 3 3
 4 0
124 14 5
 0 3
 1 0
 2 0
 3 1
 4 0
125 4 5
 0 3
 1 2
 2 1
 3 0
 4 2
126 3 5
 0 3
 1 0
 2 0
 3 1
 4 0
127 5 5
 0 0
 1 2
 2 0
 3 0
 4 0
128 9 5
 0 3
 1 2
 2 1
 3 0
 4 0
129 13 5
 0 0
 1 3
 2 3
 3 3
 4 2
130 13 5
 0 1
 1 3
 2 2
 3 3
 4 1
131 6 5
 0 3
 1 1
 2 2
 3 2
 4 0
132 13 5
 0 1
 1 0
 2 2
 3 0
 4 0
133 15 5
 0 3
 1 0
 2 0
 3 1
 4 2
134 10 5
 0 3
 1 2
 2 3
 3 2
 4 0
135 16 5
 0 0
 1 0
 2 2
 3 3
 4 0
136 17 5
 0 0
 1 2
 2 0
 3 2
 4 3
137 16 5
 0 3
 1 0
 2 2
 3 3
 4 1
138 9 5
 0 3
 1 1
 2 3
 3 2
 4 2
139 7 5
 0 1
 1 0
 2 0
 3 1
 4 1
140 5 5
 0 2
 1 0
 2 1
 3 1
 4 2
141 8 5
 0 2
 1 2
 2 0
 3 0
 4 2
142 11 5
 0 0
 1 0
 2 1
 3 3
 4 1
143 7 5
 0 1
 1 0
 2 1
 3 0
 4 0
144 2 5
 0 0
 1 1
 2 3
 3 2
 4 1
145 20 5
 0 0
 1 3
 2 0
 3 3
 4 3
146 19 5
 0 2
 1 0
 2 1
 3 0
 4 2
147 4 5
 0 1
 1 1
 2 2
 3 2
 4 1
148 11 5
 0 0
 1 0
 2 1
 3 0
 4 1
149 10 5
 0 2
 1 2
 2 2
 3 0
 4 2
150 6 5
 0 0
 1 1
 2 1
 3 1
 4 1
151 12 5
 0 1
 1 3
 2 2
 3 2
 4 2
152 1 5
 0 0
 1 0
 2 0
 3 0
 4 3
153 12 5
 0 2
 1 0
 2 0
 3 3
 4 2
154 20 5
 0 2
 1 3
 2 2
 3 0
 4 2
155 9 5
 0 0
 1 2
 2 1
 3 0
 4 0
156 13 5
 0 2
 1 3
 2 3
 3 0
 4 0
157 9 5
 0 2
 1 1
 2 1
 3 2
 4 0
158 1 5
 0 0
 1 0
 2 1
 3 0
 4 0
159 11 5
 0 0
 1 0
 2 1
 3 0
 4 2
160 12 5
 0 1
 1 1
 2 1
 3 0
 4 2
161 15 5
 0 0
 1 1
 2 2
 3 3
 4 2
162 13 5
 0 1
 1 2
 2 3
 3 3
 4 2
163 5 5
 0 2
 1 0
 2 2
 3 0
 4 0
164 2 5
 0 2
 1 0
 2 0
 3 0
 4 3
165 19 5
 0 2
 1 0
 2 0
 3 0
 4 0
166 5 5
 0 3
 1 0
 2 0
 3 0
 4 0
167 14 5
 0 0
 1 2
 2 3
 3 3
 4 3
168 13 5
 0 2
 1 0
 2 0
 3 1
 4 2
169 10 5
 0 1
 1 2
 2 3
 3 1
 4 3
170 5 5
 0 0
 1 0
 2 3
 3 3
 4 1
171 14 5
 0 3
 1 0
 2 0
 3 1
 4 2
172 1 5
 0 2
 1 0
 2 1
 3 0
 4 0
173 4 5
 0 0
 1 1
 2 0
 3 1
 4 0
174 9 5
 0 1
 1 0
 2 0
 3 1
 4 3
175 6 5
 0 0
 1 0
 2 2
 3 0
 4 1
176 5 5
 0 1
 1 1
 2 1
 3 0
 4 3
177 14 5
 0 0
 1 2
 2 3
 3 3
 4 1
178 8 5
 0 0
 1 0
 2 3
 3 0
 4 3
179 17 5
 0 0
 1 2
 2 0
 3 3
 4 3
180 3 5
 0 0
 1 0
 2 1
 3 0
 4 2
181 2 5
 0 0
 1 3
 2 0
 3 0
 4 0
182 13 5
 0 1
 1 3
 2 1
 3 3
 4 2
183 14 5
 0 0
 1 2
 2 0
 3 3
 4 0
184 10 5
 0 3
 1 3
 2 1
 3 2
 4 0
185 16 5
 0 0
 1 3
 2 1
 3 0
 4 0
186 4 5
 0 2
 1 2
 2 3
 3 2
 4 2
187 13 5
 0 0
 1 3
 2 0
 3 2
 4 1
188 18 5
 0 1
 1 3
 2 1
 3 3
 4 1
189 3 5
 0 0
 1 2
 2 3
 3 2
 4 3
190 3 5
 0 0
 1 3
 2 2
 3 0
 4 0
191 15 5
 0 0
 1 3
 2 3
 3 0
 4 0
192 16 5
 0 2
 1 2
 2 3
 3 0
 4 1
193 1 5
 0 0
 1 0
 2 0
 3 1
 4 3
194 18 5
 0 3
 1 3
 2 3
 3 3
 4 1
195 19 5
 0 1
 1 0
 2 0
 3 1
 4 1
196 20 5
 0 0
 1 2
 2 0
 3 2
 4 2
197 7 5
 0 1
 1 3
 2 2
 3 1
 4 3
198 16 5
 0 0
 1 3
 2 0
 3 3
 4 0
199 6 5
 0 3
 1 1
 2 2
 3 0
 4 2
200 14 5
 0 2
 1 3
 2 0
 3 0
 4 0
201 18 5
 0 2
 1 0
 2 0
 3 1
 4 0
202 9 5
 0 2
 1 0
 2 0
 3 0
 4 0
203 6 5
 0 0
 1 0
 2 1
 3 0
 4 2
204 13 5
 0 0
 1 1
 2 0
 3 1
 4 1
205 7 5
 0 2
 1 2
 2 3
 3 1
 4 0
206 18 5
 0 1
 1 1
 2 1
 3 1
 4 1
207 17 5
 0 0
 1 3
 2 3
 3 0
 4 2
208 17 5
 0 0
 1 0
 2 2
 3 3
 4 3
209 3 5
 0 1
 1 2
 2 1
 3 3
 4 0
210 18 5
 0 0
 1 2
 2 0
 3 3
 4 0
211 17 5
 0 3
 1 2
 2 1
 3 3
 4 3
212 5 5
 0 3
 1 0
 2 2
 3 0
 4 0
213 8 5
 0 0
 1 2
 2 0
 3 0
 4 3
214 4 5
 0 3
 1 0
 2 2
 3 1
 4 2
215 2 5
 0 1
 1 1
 2 0
 3 1
 4 1
216 11 5
 0 0
 1 0
 2 0
 3 0
 4 1
217 19 5
 0 2
 1 0
 2 2
 3 2
 4 3
218 5 5
 0 0
 1 0
 2 1
 3 0
 4 3
219 2 5
 0 1
 1 0
 2 0
 3 0
 4 0
220 11 5
 0 0
 1 1
 2 0
 3 1
 4 0
221 4 5
 0 3
 1 0
 2 3
 3 2
 4 2
222 7 5
 0 0
 1 0
 2 3
 3 3
 4 1
223 15 5
 0 2
 1 3
 2 2
 3 0
 4 0
224 8 5
 0 0
 1 0
 2 2
 3 0
 4 3
225 10 5
 0 3
 1 1
 2 0
 3 2
 4 0
226 8 5
 0 1
 1 0
 2 2
 3 1
 4 1
227 14 5
 0 2
 1 1
 2 0
 3 0
 4 0
228 10 5
 0 3
 1 0
 2 0
 3 3
 4 0
229 14 5
 0 3
 1 1
 2 1
 3 0
 4 3
230 3 5
 0 0
 1 0
 2 1
 3 3
 4 3
231 3 5
 0 0
 1 1
 2 2
 3 0
 4 0
232 5 5
 0 1
 1 0
 2 3
 3 2
 4 1
233 18 5
 0 0
 1 3
 2 1
 3 0
 4 0
234 11 5
 0 2
 1 2
 2 2
 3 1
 4 0
235 20 5
 0 1
 1 2
 2 0
 3 3
 4 2
236 18 5
 0 0
 1 3
 2 0
 3 1
 4 3
237 6 5
 0 2
 1 1
 2 0
 3 2
 4 0
238 17 5
 0 3
 1 0
 2 1
 3 0
 4 2
239 19 5
 0 0
 1 0
 2 0
 3 1
 4 0
240 17 5
 0 3
 1 2
 2 3
 3 0
 4 0
241 10 5
 0 0
 1 1
 2 0
 3 0
 4 0
242 6 5
 0 0
 1 0
 2 1
 3 1
 4 2
243 18 5
 0 0
 1 0
 2 1
 3 2
 4 0
244 15 5
 0 0
 1 3
 2 0
 3 1
 4 1
245 19 5
 0 3
 1 0
 2 0
 3 2
 4 3
246 6 5
 0 0
 1 3
 2 0
 3 3
 4 3
247 8 5
 0 2
 1 0
 2 2
 3 0
 4 0
248 3 5
 0 3
 1 1
 2 3
 3 2
 4 3
249 18 5
 0 1
 1 3
 2 2
 3 1
 4 0
250 10 5
 0 0
 1 0
 2 0
 3 0
 4 1
251 11 5
 0 1
 1 3
 2 1
 3 0
 4 0
252 4 5
 0 0
 1 2
 2 2
 3 0
 4 0
253 2 5
 0 1
 1 0
 2 3
 3 3
 4 3
254 15 5
 0 3
 1 1
 2 2
 3 0
 4 3
255 5 5
 0 3
 1 0
 2 3
 3 1
 4 1
256 14 5
 0 2
 1 1
 2 0
 3 1
 4 1
257 6 5
 0 3
 1 0
 2 3
 3 2
 4 1
258 1 5
 0 2
 1 1
 2 0
 3 2
 4 0
259 3 5
 0 1
 1 0
 2 0
 3 1
 4 0
260 1 5
 0 0
 1 0
 2 3
 3 3
 4 1
261 11 5
 0 2
 1 0
 2 0
 3 0
 4 3
262 10 5
 0 1
 1 0
 2 0
 3 1
 4 2
263 20 5
 0 0
 1 1
 2 3
 3 1
 4 0
264 20 5
 0 0
 1 0
 2 0
 3 2
 4 3
265 11 5
 0 2
 1 0
 2 3
 3 3
 4 0
266 20 5
 0 3
 1 0
 2 0
 3 3
 4 2
267 9 5
 0 0
 1 0
 2 2
 3 0
 4 1
268 15 5
 0 1
 1 1
 2 0
 3 2
 4 0
269 3 5
 0 0
 1 1
 2 1
 3 3
 4 0
270 5 5
 0 1
 1 1
 2 0
 3 3
 4 2
271 4 5
 0 1
 1 0
 2 0
 3 0
 4 1
272 19 5
 0 3
 1 3
 2 3
 3 0
 4 1
273 1 5
 0 0
 1 0
 2 2
 3 3
 4 0
274 15 5
 0 2
 1 0
 2 3
 3 0
 4 0
275 12 5
 0 3
 1 1
 2 0
 3 0
 4 2
276 11 5
 0 1
 1 0
 2 2
 3 0
 4 3
277 3 5
 0 0
 1 2
 2 1
 3 3
 4 1
278 12 5
 0 0
 1 3
 2 1
 3 0
 4 1
279 4 5
 0 2
 1 1
 2 0
 3 0
 4 1
280 11 5
 0 0
 1 0
 2 2
 3 1
 4 1
281 15 5
 0 3
 1 2
 2 0
 3 2
 4 3
282 19 5
 0 0
 1 0
 2 3
 3 1
 4 3
283 19 5
 0 3
 1 1
 2 2
 3 0
 4 3
284 1 5
 0 1
 1 2
 2 0
 3 1
 4 0
285 8 5
 0 3
 1 3
 2 2
 3 2
 4 0
286 16 5
 0 3
 1 1
 2 3
 3 0
 4 2
287 18 5
 0 0
 1 0
 2 3
 3 3
 4 2
288 17 5
 0 1
 1 1
 2 1
 3 1
 4 3
289 13 5
 0 3
 1 0
 2 3
 3 2
 4 1
290 2 5
 0 0
 1 3
 2 2
 3 3
 4 2
291 20 5
 0 3
 1 1
 2 0
 3 0
 4 3
292 3 5
 0 0
 1 1
 2 0
 3 2
 4 2
293 6 5
 0 3
 1 2
 2 1
 3 0
 4 0
294 17 5
 0 0
 1 3
 2 0
 3 2
 4 1
295 1 5
 0 1
 1 0
 2 3
 3 0
 4 1
296 9 5
 0 3
 1 1
 2 0
 3 1
 4 0
297 6 5
 0 2
 1 1
 2 3
 3 1
 4 0
298 3 5
 0 3
 1 0
 2 3
 3 0
 4 0
299 11 5
 0 2
 1 1
 2 2
 3 0
 4 0
300 16 5
 0 2
 1 2
 2 0
 3 0
 4 1
301 12 5
 0 0
 1 0
 2 1
 3 2
 4 2
302 1 5
 0 2
 1 3
 2 0
 3 0
 4 2
303 11 5
 0 1
 1 0
 2 0
 3 1
 4 2
304 1 5
 0 0
 1 0
 2 0
 3 0
 4 3
305 1 5
 0 0
 1 1
 2 0
 3 0
 4 0
306 10 5
 0 0
 1 0
 2 1
 3 0
 4 0
307 8 5
 0 3
 1 3
 2 0
 3 0
 4 3
308 15 5
 0 0
 1 3
 2 0
 3 3
 4 2
309 15 5
 0 0
 1 1
 2 3
 3 1
 4 3
310 3 5
 0 2
 1 1
 2 1
 3 3
 4 0
311 1 5
 0 1
 1 0
 2 0
 3 0
 4 2
312 12 5
 0 3
 1 0
 2 2
 3 3
 4 0
313 16 5
 0 0
 1 0
 2 2
 3 0
 4 3
314 12 5
 0 1
 1 3
 2 0
 3 1
 4 3
315 2 5
 0 3
 1 0
 2 1
 3 2
 4 0
316 10 5
 0 3
 1 0
 2 0
 3 2
 4 0
317 9 5
 0 2
 1 0
 2 3
 3 0
 4 3
318 11 5
 0 2
 1 0
 2 1
 3 1
 4 0
319 19 5
 0 3
 1 3
 2 2
 3 2
 4 0
320 13 5
 0 0
 1 0
 2 2
 3 1
 4 0
321 14 5
 0 3
 1 0
 2 0
 3 3
 4 3
322 13 5
 0 0
 1 1
 2 2
 3 2
 4 2
323 9 5
 0 2
 1 3
 2 3
 3 0
 4 2
324 20 5
 0 2
 1 0
 2 0
 3 2
 4 3
325 12 5
 0 0
 1 2
 2 1
 3 3
 4 0
326 19 5
 0 2
 1 2
 2 3
 3 3
 4 0
327 4 5
 0 3
 1 0
 2 1
 3 0
 4 0
328 19 5
 0 1
 1 3
 2 0
 3 0
 4 3
329 19 5
 0 0
 1 3
 2 2
 3 1
 4 0
330 15 5
 0 2
 1 0
 2 2
 3 2
 4 1
331 14 5
 0 1
 1 2
 2 3
 3 0
 4 2
332 11 5
 0 2
 1 0
 2 0
 3 0
 4 0
333 14 5
 0 0
 1 3
 2 1
 3 1
 4 0
334 7 5
 0 1
 1 0
 2 0
 3 0
 4 2
335 15 5
 0 0
 1 2
 2 1
 3 0
 4 3
336 2 5
 0 3
 1 0
 2 0
 3 2
 4 2
337 1 5
 0 0
 1 3
 2 2
 3 0
 4 0
338 18 5
 0 0
 1 0
 2 1
 3 1
 4 3
339 20 5
 0 0
 1 0
 2 1
 3 0
 4 0
340 0 5
 0 0
 1 0
 2 0
 3 0
 4 0

# PRECEDENCES
757
0 1
0 27
0 53
0 79
0 105
0 131
0 157
0 183
0 209
0 235
0 261
0 287
0 313
0 339
1 2
1 27
2 3
2 28
3 4
3 29
3 30
4 5
4 30
5 6
5 31
6 7
6 32
7 8
7 33
8 9
8 34
8 35
9 10
9 35
10 11
10 36
10 37
11 12
11 37
12 13
12 38
12 39
13 14
13 39
13 40
14 15
14 40
15 16
15 41
16 17
16 42
17 18
17 43
18 19
18 44
19 20
19 45
20 21
20 46
21 22
21 47
22 23
22 48
22 49
23 24
23 49
23 50
24 25
24 50
25 26
25 51
26 52
26 340
27 28
27 53
28 29
28 54
29 30
29 55
30 31
30 56
31 32
31 57
32 33
32 58
32 59
33 34
33 59
34 35
34 60
35 36
35 61
36 37
36 62
37 38
37 63
38 39
38 64
38 65
39 40
39 65
40 41
40 66
40 67
41 42
41 67
42 43
42 68
43 44
43 69
44 45
44 70
44 71
45 46
45 71
45 72
46 47
46 72
47 48
47 73
47 74
48 49
48 74
49 50
49 75
49 76
50 51
50 76
51 52
51 77
52 78
52 340
53 54
53 79
54 55
54 80
55 56
55 81
55 82
56 57
56 82
56 83
57 58
57 83
58 59
58 84
58 85
59 60
59 85
60 61
60 86
61 62
61 87
61 88
62 63
62 88
62 89
63 64
63 89
64 65
64 90
65 66
65 91
66 67
66 92
67 68
67 93
68 69
68 94
69 70
69 95
70 71
70 96
71 72
71 97
72 73
72 98
73 74
73 99
74 75
74 100
75 76
75 101
76 77
76 102
77 78
77 103
77 104
78 104
78 340
79 80
79 105
79 106
80 81
80 106
80 107
81 82
81 107
82 83
82 108
83 84
83 109
84 85
84 110
85 86
85 111
86 87
86 112
87 88
87 113
88 89
88 114
89 90
89 115
90 91
90 116
90 117
91 92
91 117
92 93
92 118
93 94
93 119
94 95
94 120
95 96
95 121
96 97
96 122
97 98
97 123
98 99
98 124
99 100
99 125
100 101
100 126
101 102
101 127
102 103
102 128
103 104
103 129
104 130
104 340
105 106
105 131
106 107
106 132
106 133
107 108
107 133
107 134
108 109
108 134
109 110
109 135
109 136
110 111
110 136
110 137
111 112
111 137
112 113
112 138
113 114
113 139
114 115
114 140
115 116
115 141
116 117
116 142
117 118
117 143
118 119
118 144
119 120
119 145
120 121
120 146
120 147
121 122
121 147
122 123
122 148
122 149
123 124
123 149
124 125
124 150
125 126
125 151
125 152
126 127
126 152
127 128
127 153
128 129
128 154
129 130
129 155
130 156
130 340
131 132
131 157
131 158
132 133
132 158
132 159
133 134
133 159
134 135
134 160
135 136
135 161
136 137
136 162
136 163
137 138
137 163
137 164
138 139
138 164
139 140
139 165
140 141
140 166
141 142
141 167
142 143
142 168
143 144
143 169
144 145
144 170
145 146
145 171
146 147
146 172
146 173
147 148
147 173
148 149
148 174
148 175
149 150
149 175
149 176
150 151
150 176
150 177
151 152
151 177
152 153
152 178
153 154
153 179
154 155
154 180
155 156
155 181
156 182
156 340
157 158
157 183
157 184
158 159
158 184
159 160
159 185
160 161
160 186
161 162
161 187
162 163
162 188
162 189
163 164
163 189
164 165
164 190
164 191
165 166
165 191
166 167
166 192
167 168
167 193
168 169
168 194
169 170
169 195
170 171
170 196
170 197
171 172
171 197
172 173
172 198
173 174
173 199
174 175
174 200
174 201
175 176
175 201
176 177
176 202
177 178
177 203
177 204
178 179
178 204
179 180
179 205
179 206
180 181
180 206
181 182
181 207
181 208
182 208
182 340
183 184
183 209
184 185
184 210
185 186
185 211
186 187
186 212
187 188
187 213
188 189
188 214
189 190
189 215
190 191
190 216
190 217
191 192
191 217
192 193
192 218
193 194
193 219
193 220
194 195
194 220
194 221
195 196
195 221
195 222
196 197
196 222
196 223
197 198
197 223
197 224
198 199
198 224
198 225
199 200
199 225
199 226
200 201
200 226
201 202
201 227
202 203
202 228
202 229
203 204
203 229
204 205
204 230
204 231
205 206
205 231
206 207
206 232
207 208
207 233
208 234
208 340
209 210
209 235
209 236
210 211
210 236
211 212
211 237
212 213
212 238
213 214
213 239
214 215
214 240
214 241
215 216
215 241
215 242
216 217
216 242
216 243
217 218
217 243
217 244
218 219
218 244
219 220
219 245
219 246
220 221
220 246
220 247
221 222
221 247
222 223
222 248
222 249
223 224
223 249
224 225
224 250
225 226
225 251
226 227
226 252
226 253
227 228
227 253
228 229
228 254
229 230
229 255
229 256
230 231
230 256
231 232
231 257
231 258
232 233
232 258
233 234
233 259
234 260
234 340
235 236
235 261
236 237
236 262
237 238
237 263
237 264
238 239
238 264
238 265
239 240
239 265
240 241
240 266
241 242
241 267
242 243
242 268
243 244
243 269
244 245
244 270
245 246
245 271
246 247
246 272
247 248
247 273
247 274
248 249
248 274
249 250
249 275
249 276
250 251
250 276
250 277
251 252
251 277
252 253
252 278
253 254
253 279
254 255
254 280
254 281
255 256
255 281
256 257
256 282
257 258
257 283
257 284
258 259
258 284
259 260
259 285
260 286
260 340
261 262
261 287
261 288
262 263
262 288
262 289
263 264
263 289
263 290
264 265
264 290
265 266
265 291
266 267
266 292
267 268
267 293
268 269
268 294
269 270
269 295
270 271
270 296
271 272
271 297
272 273
272 298
272 299
273 274
273 299
274 275
274 300
274 301
275 276
275 301
275 302
276 277
276 302
277 278
277 303
278 279
278 304
279 280
279 305
280 281
280 306
280 307
281 282
281 307
281 308
282 283
282 308
283 284
283 309
283 310
284 285
284 310
284 311
285 286
285 311
285 312
286 312
286 340
287 288
287 313
288 289
288 314
289 290
289 315
289 316
290 291
290 316
291 292
291 317
291 318
292 293
292 318
292 319
293 294
293 319
294 295
294 320
294 321
295 296
295 321
296 297
296 322
296 323
297 298
297 323
298 299
298 324
299 300
299 325
300 301
300 326
301 302
301 327
302 303
302 328
303 304
303 329
304 305
304 330
305 306
305 331
306 307
306 332
307 308
307 333
308 309
308 334
309 310
309 335
310 311
310 336
310 337
311 312
311 337
312 338
312 340
313 314
313 339
314 315
315 316
316 317
317 318
318 319
319 320
320 321
321 322
322 323
323 324
324 325
325 326
326 327
327 328
328 329
329 330
330 331
331 332
332 333
333 334
334 335
335 336
336 337
337 338
338 340
339 340
