# Tier 7 (Very Large) - Instance 34
# Generated with config: N=477, K=3, topology=random_dag, calendar=random

# HEADER: <num_tasks> <num_types> <num_units>
479 3 22

# RESOURCE TYPES
# Format: <type_id> <num_units> <unit_id1> <unit_id2> ...
0 7 0 1 2 3 4 5 6
1 8 7 8 9 10 11 12 13 14
2 7 15 16 17 18 19 20 21

# RESOURCE UNITS (Calendars)
# Format: <unit_id> <num_steps> <t1> <v1> <t2> <v2> ...
0 20 0 0 10 100 417 0 429 100 691 0 700 100 852 0 870 100 1255 0 1290 100 1677 0 1701 100 1975 0 1988 100 2206 0 2227 100 2667 0 2701 100 2999 0 5007 0
1 20 0 100 80 0 88 100 450 0 476 100 675 0 690 100 1069 0 1091 100 1458 0 1471 100 1551 0 1590 100 2034 0 2052 100 2428 0 2461 100 2905 0 2924 100 5007 0
2 20 0 0 28 100 301 0 334 100 443 0 466 100 767 0 801 100 1036 0 1070 100 1520 0 1554 100 1646 0 1664 100 1932 0 1963 100 2338 0 2346 100 2786 0 5007 0
3 20 0 100 258 0 261 100 722 0 734 100 1066 0 1099 100 1271 0 1299 100 1436 0 1475 100 1876 0 1880 100 2047 0 2081 100 2450 0 2465 100 2750 0 2776 100 5007 0
4 20 0 0 12 100 169 0 177 100 397 0 411 100 728 0 753 100 895 0 926 100 1134 0 1156 100 1283 0 1294 100 1683 0 1714 100 1794 0 1810 100 2260 0 5007 0
5 20 0 0 30 100 197 0 228 100 633 0 656 100 1021 0 1056 100 1513 0 1552 100 1881 0 1920 100 2102 0 2140 100 2418 0 2450 100 2678 0 2711 100 3086 0 5007 0
6 20 0 0 31 100 324 0 326 100 584 0 607 100 788 0 791 100 893 0 926 100 1245 0 1275 100 1410 0 1418 100 1847 0 1861 100 1955 0 1962 100 2214 0 5007 0
7 20 0 100 190 0 193 100 276 0 291 100 635 0 651 100 1087 0 1110 100 1355 0 1386 100 1484 0 1514 100 1623 0 1646 100 1838 0 1854 100 2204 0 2216 100 5007 0
8 20 0 100 410 0 419 100 685 0 720 100 1082 0 1096 100 1345 0 1377 100 1519 0 1536 100 1649 0 1673 100 2070 0 2087 100 2364 0 2387 100 2485 0 2505 100 5007 0
9 20 0 0 25 100 213 0 231 100 417 0 443 100 599 0 603 100 908 0 933 100 1389 0 1420 100 1636 0 1644 100 2064 0 2078 100 2362 0 2367 100 2757 0 5007 0
10 20 0 100 182 0 200 100 429 0 446 100 792 0 799 100 1058 0 1092 100 1229 0 1265 100 1722 0 1753 100 1963 0 1988 100 2283 0 2308 100 2655 0 2674 100 5007 0
11 20 0 100 144 0 161 100 586 0 622 100 944 0 961 100 1400 0 1436 100 1575 0 1577 100 1773 0 1790 100 2127 0 2139 100 2332 0 2336 100 2713 0 2725 100 5007 0
12 20 0 0 28 100 275 0 296 100 400 0 420 100 572 0 595 100 992 0 1005 100 1279 0 1288 100 1751 0 1765 100 2090 0 2102 100 2380 0 2401 100 2788 0 5007 0
13 20 0 0 38 100 502 0 536 100 812 0 832 100 1072 0 1078 100 1469 0 1496 100 1797 0 1804 100 2208 0 2232 100 2530 0 2565 100 2730 0 2735 100 2953 0 5007 0
14 20 0 100 175 0 213 100 544 0 556 100 954 0 978 100 1277 0 1284 100 1628 0 1655 100 1992 0 2008 100 2472 0 2508 100 2625 0 2651 100 2778 0 2807 100 5007 0
15 20 0 0 38 100 239 0 251 100 698 0 701 100 1083 0 1108 100 1383 0 1387 100 1577 0 1598 100 1743 0 1753 100 1946 0 1948 100 2305 0 2325 100 2728 0 5007 0
16 20 0 100 163 0 180 100 564 0 586 100 714 0 727 100 1045 0 1063 100 1455 0 1460 100 1845 0 1866 100 2217 0 2232 100 2606 0 2638 100 2819 0 2857 100 5007 0
17 20 0 100 397 0 417 100 850 0 882 100 1056 0 1093 100 1474 0 1489 100 1574 0 1610 100 1979 0 1983 100 2303 0 2321 100 2402 0 2417 100 2596 0 2602 100 5007 0
18 20 0 100 185 0 196 100 567 0 596 100 744 0 773 100 1070 0 1079 100 1409 0 1415 100 1525 0 1531 100 1823 0 1850 100 2126 0 2148 100 2558 0 2565 100 5007 0
19 20 0 0 3 100 237 0 253 100 406 0 435 100 694 0 731 100 1047 0 1055 100 1344 0 1351 100 1674 0 1686 100 1904 0 1938 100 2393 0 2402 100 2799 0 5007 0
20 20 0 100 265 0 275 100 495 0 524 100 777 0 814 100 1017 0 1056 100 1319 0 1348 100 1498 0 1532 100 1855 0 1874 100 2066 0 2078 100 2525 0 2548 100 5007 0
21 20 0 100 326 0 356 100 755 0 791 100 1234 0 1266 100 1480 0 1497 100 1774 0 1808 100 2278 0 2294 100 2606 0 2619 100 2738 0 2766 100 2955 0 2992 100 5007 0

# TASKS
# Format: <task_id> <size> <num_reqs>
# Then for each requirement: <type_id> <qty>
0 0 3
 0 0
 1 0
 2 0
1 19 3
 0 1
 1 1
 2 0
2 7 3
 0 2
 1 1
 2 1
3 5 3
 0 1
 1 0
 2 0
4 5 3
 0 3
 1 1
 2 1
5 2 3
 0 0
 1 1
 2 0
6 2 3
 0 2
 1 1
 2 2
7 11 3
 0 0
 1 1
 2 0
8 7 3
 0 1
 1 0
 2 1
9 13 3
 0 0
 1 0
 2 2
10 19 3
 0 2
 1 3
 2 0
11 6 3
 0 0
 1 1
 2 2
12 19 3
 0 0
 1 3
 2 0
13 11 3
 0 2
 1 0
 2 0
14 18 3
 0 3
 1 2
 2 2
15 16 3
 0 1
 1 0
 2 0
16 16 3
 0 3
 1 1
 2 3
17 5 3
 0 3
 1 0
 2 1
18 8 3
 0 0
 1 2
 2 1
19 15 3
 0 1
 1 0
 2 0
20 4 3
 0 3
 1 0
 2 1
21 1 3
 0 0
 1 0
 2 2
22 3 3
 0 3
 1 0
 2 0
23 12 3
 0 1
 1 1
 2 0
24 2 3
 0 2
 1 2
 2 3
25 19 3
 0 1
 1 2
 2 0
26 17 3
 0 2
 1 2
 2 0
27 10 3
 0 2
 1 2
 2 0
28 11 3
 0 0
 1 2
 2 2
29 16 3
 0 3
 1 0
 2 0
30 13 3
 0 1
 1 2
 2 0
31 11 3
 0 0
 1 0
 2 2
32 3 3
 0 2
 1 0
 2 0
33 6 3
 0 3
 1 0
 2 1
34 5 3
 0 1
 1 2
 2 0
35 2 3
 0 0
 1 0
 2 2
36 3 3
 0 0
 1 0
 2 1
37 11 3
 0 2
 1 1
 2 3
38 4 3
 0 0
 1 2
 2 0
39 6 3
 0 3
 1 0
 2 3
40 10 3
 0 1
 1 3
 2 1
41 7 3
 0 2
 1 1
 2 0
42 3 3
 0 1
 1 3
 2 0
43 7 3
 0 2
 1 1
 2 0
44 1 3
 0 2
 1 0
 2 0
45 16 3
 0 3
 1 0
 2 0
46 8 3
 0 0
 1 2
 2 1
47 5 3
 0 0
 1 3
 2 3
48 9 3
 0 0
 1 3
 2 0
49 12 3
 0 1
 1 0
 2 1
50 1 3
 0 0
 1 2
 2 0
51 13 3
 0 3
 1 0
 2 2
52 18 3
 0 2
 1 3
 2 3
53 17 3
 0 2
 1 0
 2 1
54 18 3
 0 3
 1 0
 2 0
55 2 3
 0 0
 1 2
 2 3
56 19 3
 0 0
 1 3
 2 1
57 19 3
 0 0
 1 0
 2 1
58 7 3
 0 2
 1 3
 2 1
59 10 3
 0 3
 1 2
 2 0
60 8 3
 0 1
 1 0
 2 1
61 15 3
 0 1
 1 0
 2 0
62 7 3
 0 1
 1 2
 2 2
63 9 3
 0 2
 1 2
 2 0
64 8 3
 0 3
 1 0
 2 2
65 2 3
 0 3
 1 0
 2 2
66 19 3
 0 1
 1 0
 2 3
67 8 3
 0 3
 1 0
 2 0
68 1 3
 0 1
 1 0
 2 0
69 2 3
 0 1
 1 0
 2 0
70 12 3
 0 0
 1 0
 2 2
71 3 3
 0 0
 1 1
 2 0
72 15 3
 0 0
 1 0
 2 1
73 15 3
 0 1
 1 0
 2 1
74 3 3
 0 2
 1 3
 2 2
75 1 3
 0 0
 1 0
 2 3
76 20 3
 0 0
 1 3
 2 1
77 7 3
 0 3
 1 0
 2 0
78 2 3
 0 1
 1 1
 2 1
79 13 3
 0 1
 1 0
 2 1
80 13 3
 0 0
 1 2
 2 0
81 2 3
 0 3
 1 2
 2 1
82 14 3
 0 0
 1 3
 2 3
83 20 3
 0 0
 1 0
 2 2
84 19 3
 0 0
 1 3
 2 0
85 14 3
 0 0
 1 2
 2 0
86 7 3
 0 0
 1 0
 2 2
87 5 3
 0 0
 1 1
 2 3
88 18 3
 0 3
 1 2
 2 0
89 19 3
 0 0
 1 2
 2 3
90 4 3
 0 2
 1 2
 2 2
91 4 3
 0 1
 1 0
 2 0
92 11 3
 0 0
 1 2
 2 1
93 1 3
 0 3
 1 1
 2 3
94 15 3
 0 2
 1 1
 2 0
95 9 3
 0 0
 1 1
 2 0
96 4 3
 0 1
 1 3
 2 2
97 4 3
 0 2
 1 2
 2 0
98 14 3
 0 2
 1 0
 2 3
99 20 3
 0 0
 1 1
 2 3
100 6 3
 0 0
 1 2
 2 1
101 18 3
 0 2
 1 0
 2 1
102 5 3
 0 1
 1 0
 2 0
103 13 3
 0 2
 1 2
 2 1
104 17 3
 0 2
 1 2
 2 2
105 16 3
 0 0
 1 1
 2 0
106 5 3
 0 1
 1 0
 2 0
107 6 3
 0 0
 1 1
 2 0
108 8 3
 0 1
 1 3
 2 0
109 3 3
 0 3
 1 2
 2 2
110 15 3
 0 1
 1 0
 2 0
111 17 3
 0 3
 1 2
 2 0
112 16 3
 0 3
 1 0
 2 1
113 7 3
 0 0
 1 2
 2 1
114 9 3
 0 2
 1 0
 2 0
115 10 3
 0 0
 1 1
 2 3
116 9 3
 0 3
 1 2
 2 1
117 4 3
 0 3
 1 1
 2 0
118 12 3
 0 3
 1 3
 2 0
119 10 3
 0 1
 1 0
 2 0
120 9 3
 0 3
 1 3
 2 0
121 9 3
 0 0
 1 1
 2 1
122 1 3
 0 2
 1 0
 2 2
123 9 3
 0 2
 1 1
 2 0
124 19 3
 0 0
 1 3
 2 3
125 4 3
 0 0
 1 2
 2 3
126 18 3
 0 1
 1 3
 2 3
127 18 3
 0 2
 1 2
 2 0
128 4 3
 0 2
 1 1
 2 1
129 4 3
 0 0
 1 1
 2 0
130 4 3
 0 2
 1 3
 2 0
131 8 3
 0 0
 1 0
 2 1
132 14 3
 0 3
 1 0
 2 1
133 17 3
 0 0
 1 3
 2 3
134 12 3
 0 3
 1 2
 2 0
135 8 3
 0 0
 1 1
 2 2
136 20 3
 0 0
 1 2
 2 2
137 14 3
 0 2
 1 0
 2 0
138 7 3
 0 2
 1 1
 2 3
139 3 3
 0 3
 1 0
 2 1
140 2 3
 0 1
 1 0
 2 0
141 8 3
 0 0
 1 3
 2 1
142 14 3
 0 1
 1 3
 2 1
143 3 3
 0 1
 1 1
 2 0
144 13 3
 0 3
 1 0
 2 2
145 18 3
 0 2
 1 2
 2 1
146 5 3
 0 0
 1 3
 2 1
147 11 3
 0 0
 1 1
 2 0
148 5 3
 0 0
 1 1
 2 1
149 15 3
 0 3
 1 2
 2 3
150 12 3
 0 0
 1 3
 2 0
151 19 3
 0 0
 1 2
 2 0
152 18 3
 0 3
 1 2
 2 0
153 4 3
 0 3
 1 1
 2 0
154 2 3
 0 0
 1 3
 2 0
155 5 3
 0 2
 1 3
 2 2
156 1 3
 0 3
 1 0
 2 0
157 2 3
 0 2
 1 2
 2 2
158 5 3
 0 3
 1 3
 2 1
159 1 3
 0 2
 1 0
 2 0
160 11 3
 0 0
 1 0
 2 1
161 6 3
 0 3
 1 2
 2 3
162 19 3
 0 0
 1 3
 2 0
163 4 3
 0 0
 1 3
 2 3
164 4 3
 0 1
 1 0
 2 0
165 5 3
 0 1
 1 0
 2 2
166 9 3
 0 0
 1 1
 2 0
167 4 3
 0 0
 1 3
 2 2
168 9 3
 0 2
 1 0
 2 0
169 15 3
 0 0
 1 1
 2 3
170 14 3
 0 1
 1 2
 2 0
171 18 3
 0 0
 1 3
 2 3
172 2 3
 0 3
 1 0
 2 0
173 18 3
 0 0
 1 3
 2 0
174 3 3
 0 0
 1 1
 2 0
175 12 3
 0 0
 1 1
 2 0
176 15 3
 0 2
 1 2
 2 0
177 2 3
 0 1
 1 0
 2 0
178 2 3
 0 0
 1 0
 2 3
179 1 3
 0 0
 1 0
 2 3
180 1 3
 0 0
 1 2
 2 0
181 10 3
 0 0
 1 3
 2 0
182 17 3
 0 0
 1 3
 2 0
183 17 3
 0 0
 1 1
 2 0
184 11 3
 0 3
 1 2
 2 0
185 6 3
 0 3
 1 2
 2 1
186 3 3
 0 0
 1 0
 2 1
187 1 3
 0 0
 1 2
 2 0
188 12 3
 0 0
 1 0
 2 1
189 9 3
 0 2
 1 2
 2 2
190 2 3
 0 0
 1 0
 2 3
191 2 3
 0 1
 1 0
 2 2
192 17 3
 0 1
 1 3
 2 0
193 19 3
 0 0
 1 0
 2 1
194 16 3
 0 1
 1 0
 2 0
195 8 3
 0 3
 1 0
 2 3
196 12 3
 0 0
 1 0
 2 2
197 15 3
 0 3
 1 3
 2 0
198 8 3
 0 1
 1 1
 2 2
199 15 3
 0 1
 1 2
 2 0
200 2 3
 0 2
 1 2
 2 0
201 1 3
 0 0
 1 0
 2 3
202 11 3
 0 2
 1 3
 2 3
203 4 3
 0 1
 1 0
 2 1
204 18 3
 0 3
 1 0
 2 0
205 17 3
 0 1
 1 2
 2 2
206 1 3
 0 0
 1 3
 2 3
207 16 3
 0 3
 1 1
 2 1
208 12 3
 0 1
 1 3
 2 0
209 4 3
 0 0
 1 0
 2 1
210 15 3
 0 2
 1 0
 2 0
211 18 3
 0 3
 1 2
 2 0
212 3 3
 0 1
 1 2
 2 0
213 7 3
 0 1
 1 2
 2 1
214 1 3
 0 3
 1 3
 2 1
215 15 3
 0 3
 1 0
 2 0
216 2 3
 0 3
 1 0
 2 3
217 13 3
 0 0
 1 0
 2 3
218 6 3
 0 3
 1 0
 2 0
219 2 3
 0 3
 1 3
 2 0
220 17 3
 0 0
 1 3
 2 2
221 4 3
 0 0
 1 1
 2 2
222 8 3
 0 0
 1 1
 2 0
223 16 3
 0 3
 1 2
 2 0
224 1 3
 0 0
 1 3
 2 2
225 15 3
 0 1
 1 0
 2 0
226 1 3
 0 2
 1 1
 2 3
227 11 3
 0 1
 1 2
 2 1
228 6 3
 0 2
 1 1
 2 3
229 17 3
 0 0
 1 0
 2 1
230 10 3
 0 2
 1 0
 2 0
231 18 3
 0 3
 1 1
 2 0
232 18 3
 0 0
 1 1
 2 0
233 8 3
 0 3
 1 2
 2 2
234 1 3
 0 0
 1 2
 2 0
235 16 3
 0 0
 1 3
 2 1
236 3 3
 0 1
 1 1
 2 1
237 3 3
 0 1
 1 3
 2 0
238 20 3
 0 3
 1 3
 2 2
239 14 3
 0 1
 1 1
 2 1
240 10 3
 0 1
 1 2
 2 0
241 18 3
 0 3
 1 0
 2 1
242 4 3
 0 0
 1 1
 2 2
243 13 3
 0 3
 1 3
 2 0
244 19 3
 0 2
 1 0
 2 0
245 20 3
 0 1
 1 0
 2 0
246 15 3
 0 0
 1 3
 2 0
247 20 3
 0 0
 1 1
 2 0
248 10 3
 0 0
 1 2
 2 2
249 4 3
 0 0
 1 1
 2 3
250 8 3
 0 2
 1 2
 2 1
251 7 3
 0 1
 1 0
 2 0
252 8 3
 0 0
 1 0
 2 3
253 1 3
 0 0
 1 0
 2 2
254 3 3
 0 2
 1 2
 2 2
255 9 3
 0 0
 1 0
 2 2
256 16 3
 0 3
 1 1
 2 0
257 20 3
 0 0
 1 3
 2 0
258 6 3
 0 0
 1 3
 2 3
259 8 3
 0 1
 1 3
 2 2
260 9 3
 0 1
 1 3
 2 2
261 15 3
 0 0
 1 2
 2 1
262 1 3
 0 0
 1 1
 2 2
263 15 3
 0 3
 1 0
 2 1
264 5 3
 0 2
 1 3
 2 0
265 15 3
 0 0
 1 3
 2 3
266 12 3
 0 0
 1 2
 2 1
267 16 3
 0 3
 1 0
 2 1
268 5 3
 0 1
 1 1
 2 0
269 14 3
 0 1
 1 0
 2 3
270 17 3
 0 0
 1 3
 2 2
271 8 3
 0 1
 1 0
 2 0
272 12 3
 0 3
 1 0
 2 0
273 14 3
 0 0
 1 0
 2 2
274 10 3
 0 1
 1 2
 2 1
275 13 3
 0 3
 1 0
 2 2
276 6 3
 0 1
 1 3
 2 1
277 12 3
 0 2
 1 0
 2 0
278 3 3
 0 1
 1 0
 2 1
279 1 3
 0 1
 1 0
 2 0
280 17 3
 0 3
 1 0
 2 2
281 13 3
 0 1
 1 3
 2 3
282 4 3
 0 0
 1 2
 2 1
283 8 3
 0 0
 1 3
 2 1
284 9 3
 0 0
 1 2
 2 0
285 10 3
 0 0
 1 1
 2 2
286 8 3
 0 0
 1 1
 2 2
287 3 3
 0 2
 1 2
 2 0
288 10 3
 0 0
 1 2
 2 1
289 15 3
 0 2
 1 3
 2 2
290 5 3
 0 2
 1 3
 2 0
291 15 3
 0 0
 1 2
 2 0
292 16 3
 0 3
 1 0
 2 2
293 3 3
 0 1
 1 0
 2 0
294 12 3
 0 2
 1 2
 2 3
295 2 3
 0 0
 1 2
 2 3
296 19 3
 0 0
 1 1
 2 0
297 16 3
 0 0
 1 0
 2 1
298 16 3
 0 0
 1 1
 2 2
299 4 3
 0 0
 1 0
 2 3
300 20 3
 0 0
 1 3
 2 1
301 4 3
 0 0
 1 2
 2 3
302 2 3
 0 0
 1 2
 2 3
303 16 3
 0 0
 1 1
 2 0
304 8 3
 0 0
 1 1
 2 0
305 3 3
 0 2
 1 1
 2 0
306 13 3
 0 2
 1 1
 2 0
307 1 3
 0 2
 1 1
 2 1
308 4 3
 0 0
 1 1
 2 0
309 2 3
 0 2
 1 2
 2 0
310 18 3
 0 1
 1 0
 2 3
311 3 3
 0 0
 1 3
 2 0
312 12 3
 0 0
 1 2
 2 0
313 10 3
 0 2
 1 1
 2 0
314 19 3
 0 0
 1 1
 2 1
315 16 3
 0 3
 1 0
 2 1
316 7 3
 0 0
 1 1
 2 0
317 12 3
 0 1
 1 0
 2 0
318 5 3
 0 1
 1 0
 2 0
319 18 3
 0 1
 1 0
 2 1
320 20 3
 0 3
 1 1
 2 0
321 7 3
 0 0
 1 0
 2 1
322 16 3
 0 2
 1 1
 2 1
323 12 3
 0 3
 1 2
 2 0
324 4 3
 0 1
 1 0
 2 2
325 13 3
 0 1
 1 3
 2 0
326 6 3
 0 0
 1 0
 2 3
327 7 3
 0 3
 1 0
 2 3
328 3 3
 0 0
 1 3
 2 2
329 13 3
 0 2
 1 1
 2 3
330 7 3
 0 2
 1 3
 2 3
331 16 3
 0 1
 1 1
 2 0
332 9 3
 0 3
 1 0
 2 3
333 16 3
 0 2
 1 2
 2 2
334 6 3
 0 1
 1 0
 2 0
335 10 3
 0 1
 1 3
 2 2
336 9 3
 0 3
 1 1
 2 0
337 15 3
 0 2
 1 2
 2 0
338 16 3
 0 2
 1 0
 2 0
339 1 3
 0 2
 1 1
 2 3
340 6 3
 0 3
 1 2
 2 3
341 11 3
 0 0
 1 1
 2 0
342 17 3
 0 0
 1 2
 2 3
343 11 3
 0 1
 1 0
 2 2
344 13 3
 0 2
 1 2
 2 2
345 20 3
 0 0
 1 1
 2 3
346 18 3
 0 0
 1 0
 2 3
347 8 3
 0 0
 1 3
 2 1
348 18 3
 0 0
 1 2
 2 1
349 15 3
 0 2
 1 0
 2 3
350 1 3
 0 1
 1 0
 2 3
351 16 3
 0 1
 1 0
 2 0
352 19 3
 0 0
 1 2
 2 2
353 17 3
 0 3
 1 2
 2 2
354 10 3
 0 2
 1 0
 2 2
355 16 3
 0 0
 1 1
 2 3
356 6 3
 0 1
 1 0
 2 3
357 10 3
 0 0
 1 1
 2 1
358 9 3
 0 0
 1 2
 2 0
359 11 3
 0 1
 1 0
 2 3
360 1 3
 0 2
 1 0
 2 0
361 14 3
 0 0
 1 3
 2 0
362 4 3
 0 1
 1 3
 2 0
363 3 3
 0 0
 1 1
 2 0
364 17 3
 0 3
 1 0
 2 1
365 10 3
 0 3
 1 3
 2 1
366 1 3
 0 2
 1 2
 2 0
367 4 3
 0 2
 1 1
 2 0
368 11 3
 0 0
 1 3
 2 2
369 9 3
 0 1
 1 2
 2 2
370 9 3
 0 3
 1 2
 2 1
371 14 3
 0 1
 1 1
 2 2
372 3 3
 0 0
 1 3
 2 0
373 11 3
 0 3
 1 3
 2 2
374 13 3
 0 2
 1 2
 2 2
375 9 3
 0 3
 1 1
 2 0
376 8 3
 0 0
 1 2
 2 3
377 18 3
 0 2
 1 0
 2 2
378 9 3
 0 3
 1 1
 2 3
379 7 3
 0 0
 1 1
 2 1
380 4 3
 0 3
 1 1
 2 1
381 13 3
 0 0
 1 3
 2 0
382 12 3
 0 0
 1 0
 2 1
383 16 3
 0 3
 1 0
 2 0
384 6 3
 0 3
 1 1
 2 0
385 18 3
 0 2
 1 0
 2 0
386 7 3
 0 0
 1 2
 2 1
387 1 3
 0 0
 1 1
 2 2
388 17 3
 0 1
 1 3
 2 0
389 4 3
 0 3
 1 0
 2 0
390 15 3
 0 2
 1 1
 2 0
391 2 3
 0 2
 1 0
 2 3
392 16 3
 0 0
 1 2
 2 3
393 11 3
 0 3
 1 3
 2 0
394 13 3
 0 2
 1 2
 2 1
395 15 3
 0 0
 1 0
 2 1
396 17 3
 0 0
 1 2
 2 0
397 20 3
 0 0
 1 0
 2 2
398 15 3
 0 1
 1 1
 2 0
399 9 3
 0 2
 1 2
 2 3
400 1 3
 0 0
 1 3
 2 2
401 9 3
 0 2
 1 1
 2 1
402 7 3
 0 3
 1 0
 2 2
403 8 3
 0 2
 1 3
 2 0
404 13 3
 0 1
 1 3
 2 0
405 4 3
 0 1
 1 0
 2 1
406 1 3
 0 0
 1 0
 2 1
407 12 3
 0 2
 1 1
 2 0
408 19 3
 0 2
 1 0
 2 0
409 14 3
 0 0
 1 3
 2 0
410 2 3
 0 2
 1 1
 2 3
411 5 3
 0 0
 1 3
 2 2
412 12 3
 0 2
 1 0
 2 2
413 20 3
 0 3
 1 0
 2 3
414 11 3
 0 3
 1 0
 2 0
415 12 3
 0 0
 1 0
 2 2
416 6 3
 0 0
 1 3
 2 2
417 18 3
 0 0
 1 1
 2 0
418 2 3
 0 2
 1 2
 2 2
419 19 3
 0 0
 1 0
 2 3
420 1 3
 0 3
 1 0
 2 2
421 6 3
 0 0
 1 3
 2 2
422 2 3
 0 3
 1 0
 2 3
423 17 3
 0 1
 1 2
 2 1
424 16 3
 0 3
 1 0
 2 2
425 1 3
 0 0
 1 1
 2 1
426 2 3
 0 0
 1 1
 2 1
427 9 3
 0 3
 1 1
 2 2
428 9 3
 0 3
 1 2
 2 0
429 1 3
 0 2
 1 3
 2 0
430 18 3
 0 2
 1 0
 2 1
431 12 3
 0 0
 1 0
 2 1
432 18 3
 0 0
 1 2
 2 2
433 13 3
 0 2
 1 1
 2 2
434 16 3
 0 1
 1 3
 2 2
435 6 3
 0 0
 1 0
 2 2
436 3 3
 0 1
 1 0
 2 0
437 2 3
 0 0
 1 1
 2 2
438 16 3
 0 0
 1 3
 2 2
439 9 3
 0 0
 1 1
 2 2
440 4 3
 0 0
 1 1
 2 2
441 13 3
 0 3
 1 1
 2 3
442 10 3
 0 2
 1 1
 2 2
443 4 3
 0 1
 1 3
 2 1
444 5 3
 0 1
 1 3
 2 0
445 14 3
 0 2
 1 3
 2 0
446 6 3
 0 2
 1 2
 2 0
447 15 3
 0 3
 1 1
 2 2
448 7 3
 0 0
 1 1
 2 2
449 19 3
 0 3
 1 0
 2 0
450 4 3
 0 3
 1 0
 2 0
451 20 3
 0 1
 1 0
 2 0
452 14 3
 0 0
 1 3
 2 0
453 12 3
 0 0
 1 0
 2 3
454 15 3
 0 1
 1 1
 2 2
455 13 3
 0 1
 1 0
 2 0
456 18 3
 0 0
 1 0
 2 3
457 18 3
 0 1
 1 2
 2 3
458 5 3
 0 3
 1 0
 2 1
459 7 3
 0 0
 1 1
 2 1
460 13 3
 0 1
 1 0
 2 0
461 10 3
 0 0
 1 0
 2 1
462 7 3
 0 0
 1 0
 2 3
463 15 3
 0 0
 1 0
 2 1
464 13 3
 0 3
 1 1
 2 1
465 15 3
 0 1
 1 2
 2 2
466 20 3
 0 0
 1 2
 2 3
467 3 3
 0 1
 1 2
 2 1
468 19 3
 0 0
 1 0
 2 1
469 11 3
 0 0
 1 1
 2 0
470 16 3
 0 2
 1 2
 2 0
471 15 3
 0 0
 1 0
 2 3
472 9 3
 0 3
 1 1
 2 0
473 15 3
 0 3
 1 2
 2 1
474 2 3
 0 0
 1 2
 2 0
475 19 3
 0 3
 1 3
 2 0
476 13 3
 0 3
 1 2
 2 3
477 2 3
 0 0
 1 2
 2 3
478 0 3
 0 0
 1 0
 2 0

# PRECEDENCES
3735
0 3
0 7
0 8
0 19
0 21
0 25
0 27
0 40
0 41
0 56
0 76
0 79
0 96
0 114
0 115
0 122
0 125
0 127
0 130
0 131
0 133
0 143
0 148
0 151
0 155
0 156
0 167
0 178
0 181
0 182
0 189
0 190
0 194
0 197
0 199
0 201
0 205
0 218
0 229
0 235
0 239
0 243
0 252
0 253
0 267
0 274
0 275
0 288
0 294
0 296
0 297
0 299
0 307
0 310
0 317
0 320
0 321
0 323
0 328
0 331
0 339
0 342
0 349
0 373
0 376
0 380
0 384
0 385
0 390
0 403
0 406
0 411
0 413
0 418
0 419
0 432
0 442
0 443
0 444
0 451
0 458
0 459
0 460
0 468
0 469
0 471
0 474
1 64
1 112
1 279
1 313
1 332
1 362
1 392
1 395
2 478
3 14
3 58
3 169
3 184
3 304
3 340
3 381
3 387
4 58
4 105
4 113
4 185
4 265
4 352
4 353
4 462
5 2
5 22
5 48
5 84
5 117
5 173
5 203
5 352
5 422
5 473
6 228
6 357
6 381
6 395
6 396
6 422
7 16
7 28
7 113
7 166
7 196
7 337
7 366
8 37
8 76
8 127
8 139
8 217
8 262
8 272
8 316
8 341
8 446
9 86
9 180
9 188
9 269
9 436
9 462
10 48
10 73
10 213
10 251
10 257
10 396
10 440
11 1
11 18
11 121
11 176
11 200
11 312
11 366
11 398
12 97
12 116
12 117
12 208
12 233
12 286
12 370
12 401
13 184
13 209
13 223
13 233
13 236
13 293
13 329
13 355
13 360
13 401
14 478
15 170
15 176
15 204
15 222
15 273
15 306
15 441
16 478
17 14
17 29
17 42
17 80
17 88
17 118
17 214
17 302
17 305
17 407
18 2
18 186
18 203
18 236
18 329
18 333
18 381
19 69
19 117
19 232
19 258
19 269
19 450
19 461
20 6
20 9
20 102
20 217
20 304
20 398
20 417
21 54
21 62
21 70
21 192
21 233
21 477
22 16
22 203
22 220
22 333
22 352
22 400
22 429
22 450
22 463
23 60
23 63
23 234
23 263
23 378
23 379
24 32
24 291
24 336
24 368
24 370
24 398
25 75
25 101
25 145
25 250
25 281
25 313
25 367
25 408
25 422
25 439
26 98
26 185
26 186
26 225
26 230
26 236
26 319
26 436
26 450
26 462
27 116
27 153
27 177
27 208
27 212
27 236
27 351
27 375
27 436
27 439
28 119
28 123
28 134
28 270
28 295
28 375
28 397
28 398
28 401
28 450
29 91
29 92
29 111
29 145
29 153
29 381
29 461
30 98
30 112
30 119
30 146
30 173
30 225
30 236
30 265
30 366
30 381
31 93
31 162
31 293
31 298
31 319
31 417
31 430
31 436
32 154
32 157
32 206
32 240
32 262
32 286
33 66
33 103
33 144
33 198
33 319
33 391
34 38
34 322
34 354
34 397
34 427
34 475
35 48
35 105
35 172
35 249
35 303
35 305
35 306
35 362
35 395
36 9
36 46
36 85
36 107
36 146
36 251
36 457
36 462
37 83
37 91
37 126
37 415
37 427
37 470
38 31
38 33
38 135
38 185
38 236
38 273
38 322
38 400
38 445
39 116
39 126
39 298
39 355
39 356
39 383
39 445
40 2
40 217
40 225
40 265
40 319
40 329
40 345
40 396
41 1
41 2
41 6
41 150
41 152
41 173
41 326
41 353
41 445
41 447
42 2
42 14
42 112
42 225
42 236
42 329
42 360
43 113
43 146
43 180
43 185
43 230
43 265
43 273
43 309
43 366
43 429
44 2
44 30
44 43
44 98
44 166
44 217
44 233
44 341
44 367
45 81
45 171
45 191
45 207
45 219
45 220
45 270
45 397
46 16
46 31
46 185
46 377
46 388
46 427
47 12
47 14
47 93
47 146
47 318
47 417
47 457
48 42
48 113
48 140
48 220
48 309
48 366
49 26
49 35
49 74
49 87
49 238
49 269
49 372
50 43
50 78
50 82
50 146
50 335
50 365
50 427
50 465
51 112
51 161
51 251
51 319
51 348
51 396
51 423
52 15
52 48
52 183
52 265
52 333
52 355
52 430
53 91
53 120
53 129
53 153
53 175
53 247
53 426
54 84
54 87
54 211
54 221
54 364
54 393
55 99
55 160
55 195
55 216
55 233
55 234
55 273
55 314
55 332
55 345
56 51
56 52
56 80
56 87
56 213
56 272
56 304
56 325
56 424
56 464
57 44
57 186
57 322
57 400
57 412
57 457
58 2
58 14
58 119
58 146
58 203
58 353
58 366
58 450
58 462
59 98
59 116
59 170
59 176
59 293
59 298
59 348
60 16
60 38
60 75
60 119
60 146
60 168
60 387
60 422
60 450
61 5
61 59
61 62
61 73
61 230
61 287
62 48
62 59
62 137
62 204
62 343
62 401
63 105
63 161
63 183
63 211
63 220
63 251
63 290
63 324
63 353
63 449
64 18
64 65
64 236
64 282
64 314
64 381
64 429
64 452
65 2
65 14
65 112
65 146
65 225
65 265
65 422
65 462
66 4
66 30
66 109
66 196
66 223
66 282
66 293
66 388
66 463
67 2
67 14
67 105
67 149
67 203
67 329
67 436
67 452
68 35
68 69
68 116
68 188
68 242
68 278
68 360
68 371
68 382
69 191
69 350
69 377
69 448
69 456
69 476
70 15
70 135
70 176
70 183
70 209
70 249
70 261
70 388
71 142
71 169
71 171
71 193
71 206
71 319
71 470
71 477
72 43
72 48
72 66
72 186
72 254
72 315
72 436
73 13
73 14
73 44
73 223
73 277
73 358
73 379
73 417
73 466
74 59
74 83
74 84
74 103
74 119
74 293
74 322
74 398
75 149
75 220
75 246
75 257
75 293
75 295
75 388
75 398
76 22
76 77
76 100
76 168
76 270
76 318
76 343
76 420
76 425
77 5
77 73
77 138
77 246
77 261
77 356
78 93
78 254
78 364
78 381
78 386
78 457
79 55
79 161
79 237
79 358
79 370
79 374
79 404
79 425
79 477
80 144
80 146
80 203
80 304
80 309
80 332
80 422
80 448
80 467
81 42
81 57
81 63
81 86
81 142
81 354
82 93
82 94
82 112
82 170
82 208
82 279
82 383
83 58
83 184
83 277
83 279
83 305
83 391
83 396
83 463
84 16
84 30
84 64
84 146
84 225
84 309
84 463
85 2
85 31
85 43
85 65
85 67
85 306
85 362
86 58
86 113
86 140
86 230
86 236
86 333
86 366
87 105
87 303
87 305
87 315
87 366
87 379
87 386
87 396
87 441
88 39
88 99
88 132
88 230
88 298
88 344
88 424
88 467
89 15
89 188
89 257
89 319
89 355
89 466
90 78
90 119
90 134
90 169
90 258
90 298
91 30
91 305
91 375
91 386
91 405
91 436
91 463
92 246
92 306
92 341
92 366
92 427
92 450
92 462
93 2
93 18
93 26
93 140
93 254
93 306
94 16
94 18
94 116
94 153
94 225
94 304
94 305
94 381
94 400
94 422
95 135
95 234
95 260
95 261
95 295
95 306
95 455
95 467
96 30
96 138
96 168
96 291
96 293
96 319
96 439
96 447
97 16
97 26
97 86
97 109
97 180
97 223
97 319
97 348
97 361
97 441
98 478
99 44
99 72
99 75
99 186
99 309
99 397
99 465
99 473
100 38
100 170
100 176
100 220
100 270
100 279
100 309
100 366
100 439
100 440
101 140
101 161
101 255
101 293
101 393
101 452
102 39
102 112
102 171
102 362
102 366
102 382
103 14
103 119
103 149
103 173
103 265
103 436
104 82
104 187
104 234
104 246
104 250
104 377
104 404
104 436
104 448
104 457
105 203
105 225
105 236
105 265
105 329
105 353
105 360
105 422
105 450
106 32
106 172
106 223
106 311
106 318
106 352
106 467
107 85
107 140
107 188
107 304
107 378
107 379
108 58
108 64
108 116
108 149
108 160
108 203
108 273
108 306
108 448
109 14
109 30
109 119
109 173
109 203
109 225
109 282
109 314
109 360
110 5
110 35
110 80
110 227
110 330
110 420
111 10
111 77
111 126
111 142
111 333
111 449
111 465
112 478
113 98
113 119
113 185
113 203
113 222
113 366
114 22
114 68
114 94
114 103
114 135
114 240
114 257
114 361
114 372
114 449
115 166
115 172
115 214
115 263
115 304
115 318
115 319
115 408
116 4
116 48
116 335
116 381
116 396
116 436
116 441
117 66
117 67
117 98
117 144
117 366
117 450
118 46
118 165
118 188
118 233
118 268
118 285
119 478
120 26
120 66
120 146
120 230
120 295
120 315
120 355
120 450
121 2
121 18
121 71
121 124
121 174
121 191
121 256
121 333
122 39
122 59
122 174
122 284
122 309
122 382
122 452
122 457
123 126
123 138
123 162
123 171
123 206
123 334
123 382
123 448
123 473
124 58
124 168
124 269
124 312
124 313
124 343
124 408
124 462
124 477
125 97
125 107
125 117
125 178
125 313
125 322
125 367
126 146
126 165
126 233
126 319
126 329
126 381
126 422
126 457
127 108
127 162
127 214
127 216
127 339
127 405
128 14
128 46
128 59
128 98
128 136
128 238
128 334
128 341
128 410
129 4
129 57
129 153
129 158
129 224
129 242
129 264
129 269
129 295
129 375
130 110
130 142
130 188
130 221
130 241
130 283
130 292
130 359
130 377
130 437
131 63
131 68
131 72
131 142
131 200
131 210
131 226
131 281
131 340
132 31
132 48
132 73
132 137
132 162
132 172
132 298
132 345
132 423
132 436
133 134
133 157
133 191
133 352
133 404
133 462
134 120
134 213
134 223
134 255
134 273
134 427
134 476
135 67
135 265
135 343
135 361
135 386
135 401
135 430
136 26
136 117
136 263
136 314
136 345
136 356
136 412
136 449
137 4
137 87
137 220
137 277
137 319
137 329
137 334
137 438
137 448
138 58
138 74
138 186
138 223
138 263
138 333
138 448
138 467
139 109
139 135
139 208
139 213
139 231
139 247
139 266
139 341
139 423
139 434
140 2
140 119
140 146
140 203
140 225
140 236
140 329
140 366
140 450
141 152
141 211
141 227
141 270
141 333
141 402
141 421
141 422
142 44
142 112
142 120
142 172
142 263
142 303
142 333
142 337
142 361
142 455
143 14
143 37
143 104
143 136
143 224
143 230
143 304
143 348
143 439
144 2
144 30
144 42
144 146
144 220
144 230
144 319
144 329
144 381
144 400
145 89
145 103
145 188
145 269
145 329
145 356
145 400
146 478
147 266
147 271
147 298
147 343
147 408
147 422
147 438
148 108
148 202
148 213
148 234
148 244
148 312
148 355
149 14
149 16
149 98
149 119
149 146
149 186
149 236
149 366
150 23
150 30
150 71
150 145
150 245
150 247
150 269
150 287
150 456
151 166
151 168
151 226
151 287
151 300
151 313
151 319
151 329
151 344
151 352
152 9
152 20
152 87
152 222
152 353
152 355
152 362
152 421
152 425
153 16
153 30
153 217
153 255
153 277
153 303
153 306
153 379
153 381
153 455
154 43
154 46
154 49
154 78
154 116
154 298
154 396
154 397
155 26
155 36
155 52
155 64
155 244
155 319
155 453
156 91
156 149
156 183
156 249
156 280
156 312
156 314
156 379
156 405
156 477
157 16
157 26
157 128
157 137
157 158
157 260
157 282
157 366
158 26
158 58
158 176
158 209
158 230
158 344
158 391
158 401
158 430
158 434
159 53
159 116
159 220
159 292
159 358
159 366
160 86
160 113
160 146
160 180
160 186
160 319
160 329
160 360
160 396
160 450
161 119
161 146
161 173
161 185
161 186
161 225
162 65
162 119
162 185
162 293
162 360
162 381
162 450
162 452
162 463
163 45
163 173
163 242
163 308
163 467
163 473
164 2
164 73
164 75
164 97
164 248
164 392
164 425
164 433
165 9
165 83
165 116
165 153
165 176
165 203
165 248
165 334
165 345
166 65
166 171
166 183
166 186
166 265
166 305
166 360
166 366
166 381
166 400
167 95
167 102
167 119
167 362
167 382
167 441
168 5
168 162
168 171
168 188
168 386
168 417
169 31
169 38
169 85
169 119
169 176
169 192
169 196
169 318
169 457
170 98
170 105
170 140
170 203
170 230
170 352
170 360
170 429
170 450
171 86
171 223
171 306
171 381
171 391
171 398
171 462
172 18
172 31
172 83
172 196
172 263
172 295
172 345
172 361
173 478
174 135
174 203
174 270
174 333
174 407
174 441
174 477
175 112
175 120
175 146
175 188
175 219
175 260
175 332
175 366
175 375
176 30
176 293
176 314
176 366
176 391
176 422
177 16
177 97
177 208
177 209
177 234
177 279
177 318
177 448
178 40
178 285
178 298
178 304
178 340
178 476
179 16
179 52
179 198
179 246
179 272
179 278
179 324
179 367
180 14
180 16
180 185
180 225
180 230
180 314
181 73
181 94
181 145
181 212
181 242
181 324
181 336
181 350
181 467
182 48
182 61
182 153
182 184
182 234
182 254
182 262
182 263
183 16
183 186
183 220
183 236
183 282
183 353
183 440
184 2
184 4
184 112
184 185
184 220
184 236
184 306
184 333
184 400
184 422
185 478
186 478
187 113
187 170
187 173
187 185
187 225
187 273
187 282
187 391
187 401
188 2
188 4
188 171
188 186
188 208
188 222
188 257
188 352
188 377
188 379
189 127
189 223
189 242
189 264
189 287
189 366
189 416
189 425
190 128
190 140
190 168
190 207
190 246
190 327
190 347
190 370
190 383
190 463
191 59
191 83
191 87
191 304
191 329
191 398
191 415
192 33
192 101
192 196
192 249
192 278
192 293
192 379
192 381
192 429
193 58
193 172
193 204
193 214
193 242
193 255
193 429
194 42
194 59
194 139
194 161
194 187
194 202
194 258
194 328
194 343
194 379
195 42
195 48
195 196
195 303
195 334
195 348
195 388
195 398
195 448
196 119
196 146
196 185
196 265
196 329
196 381
197 36
197 135
197 167
197 169
197 198
197 236
197 302
197 348
197 372
197 415
198 109
198 162
198 185
198 293
198 305
198 314
198 360
198 391
198 398
198 452
199 54
199 98
199 179
199 259
199 319
199 351
200 135
200 169
200 214
200 222
200 242
200 301
200 377
200 393
200 405
200 427
201 12
201 17
201 50
201 59
201 175
201 225
201 265
201 271
201 290
201 350
202 97
202 102
202 134
202 142
202 223
202 238
202 341
202 422
202 433
203 478
204 65
204 67
204 98
204 105
204 144
204 180
204 186
204 223
204 348
204 441
205 52
205 73
205 188
205 245
205 279
205 335
205 343
205 386
206 58
206 103
206 108
206 146
206 153
206 236
206 348
207 4
207 18
207 42
207 93
207 109
207 119
207 222
207 303
207 367
208 58
208 112
208 119
208 146
208 149
208 173
208 217
208 450
208 463
209 42
209 48
209 98
209 230
209 279
209 329
209 377
210 108
210 162
210 185
210 211
210 230
210 246
210 270
210 305
210 306
210 395
211 65
211 117
211 171
211 203
211 309
211 361
211 401
211 445
212 107
212 214
212 301
212 315
212 426
212 440
213 18
213 140
213 146
213 217
213 314
213 319
213 360
213 462
214 119
214 144
214 162
214 223
214 225
214 249
214 322
214 335
214 356
215 60
215 105
215 193
215 209
215 232
215 302
215 305
215 401
215 449
215 475
216 116
216 162
216 236
216 266
216 360
216 388
216 398
216 438
217 112
217 185
217 186
217 265
217 329
217 366
217 450
218 55
218 78
218 92
218 250
218 269
218 286
218 406
219 116
219 120
219 214
219 246
219 249
219 361
219 417
219 463
220 16
220 98
220 146
220 173
220 203
220 222
220 236
220 265
220 333
221 83
221 266
221 386
221 400
221 445
221 470
222 478
223 186
223 225
223 314
223 360
223 366
223 452
223 462
224 16
224 204
224 303
224 306
224 440
224 448
225 478
226 64
226 72
226 128
226 149
226 301
226 427
226 455
227 80
227 92
227 279
227 333
227 340
227 412
227 450
227 466
227 476
228 22
228 103
228 149
228 230
228 286
228 303
228 335
229 6
229 142
229 153
229 184
229 234
229 261
229 360
229 447
229 455
230 16
230 119
230 146
230 186
230 203
230 353
230 366
230 422
231 75
231 94
231 230
231 313
231 391
231 438
232 59
232 98
232 228
232 245
232 263
232 305
232 356
232 364
232 366
233 65
233 105
233 140
233 173
233 230
233 277
233 303
233 305
234 57
234 144
234 186
234 206
234 246
234 251
235 68
235 74
235 103
235 224
235 234
235 348
235 368
235 389
235 445
236 478
237 42
237 82
237 245
237 301
237 430
237 476
238 39
238 87
238 145
238 270
238 278
238 431
239 47
239 51
239 67
239 207
239 271
239 387
239 406
239 423
240 98
240 108
240 153
240 200
240 409
240 428
240 455
241 52
241 74
241 120
241 124
241 206
241 208
241 219
242 2
242 6
242 31
242 84
242 113
242 168
242 251
242 255
242 269
242 401
243 11
243 152
243 157
243 213
243 271
243 324
243 326
243 369
243 424
243 477
244 20
244 34
244 249
244 265
244 450
244 462
245 112
245 119
245 162
245 213
245 277
245 286
245 305
245 312
245 427
246 86
246 160
246 173
246 185
246 282
246 440
247 2
247 13
247 211
247 265
247 298
247 334
247 417
248 64
248 98
248 203
248 213
248 222
248 303
248 309
248 332
248 372
248 422
249 14
249 66
249 86
249 117
249 173
249 209
249 367
249 377
249 440
249 452
250 54
250 74
250 123
250 137
250 138
250 185
250 287
250 332
250 412
250 449
251 2
251 93
251 230
251 255
251 312
251 329
251 358
251 400
251 448
252 48
252 69
252 98
252 120
252 269
252 270
252 278
252 355
252 404
252 465
253 6
253 74
253 92
253 198
253 248
253 347
254 16
254 58
254 119
254 220
254 366
254 436
255 48
255 64
255 144
255 305
255 381
255 396
255 436
255 452
256 22
256 147
256 162
256 233
256 245
256 277
256 289
256 322
256 363
257 16
257 18
257 58
257 98
257 161
257 185
257 329
257 381
257 429
258 50
258 276
258 285
258 333
258 382
258 414
259 30
259 74
259 196
259 214
259 225
259 316
259 329
259 337
259 351
259 367
260 5
260 33
260 48
260 87
260 188
260 257
260 365
260 379
260 398
261 2
261 18
261 84
261 97
261 135
261 255
261 455
262 31
262 95
262 192
262 270
262 290
262 315
262 433
263 30
263 117
263 162
263 225
263 366
263 391
263 400
264 91
264 95
264 103
264 126
264 223
264 273
264 280
264 285
265 478
266 16
266 109
266 112
266 222
266 265
266 398
266 422
266 440
266 450
266 452
267 90
267 150
267 183
267 196
267 340
267 354
268 15
268 52
268 147
268 164
268 207
268 246
268 266
268 356
269 185
269 220
269 312
269 319
269 361
269 364
269 379
269 381
269 400
269 466
270 140
270 230
270 266
270 335
270 393
270 476
271 52
271 208
271 332
271 366
271 367
271 378
271 381
271 386
272 6
272 120
272 142
272 195
272 210
272 429
272 473
273 2
273 42
273 65
273 230
273 236
273 400
273 429
273 450
273 452
274 81
274 92
274 186
274 217
274 221
274 251
274 303
274 439
274 473
275 177
275 215
275 226
275 345
275 392
275 401
275 461
276 57
276 82
276 160
276 217
276 263
276 379
276 440
276 450
276 455
276 457
277 65
277 109
277 119
277 220
277 223
277 352
277 360
277 396
277 462
278 4
278 67
278 103
278 153
278 180
278 217
278 225
278 233
278 355
279 93
279 98
279 220
279 222
279 298
279 303
279 396
279 401
279 455
280 31
280 54
280 59
280 107
280 123
280 234
280 286
280 394
280 433
281 6
281 118
281 180
281 272
281 361
281 398
281 473
282 16
282 173
282 185
282 222
282 265
282 333
282 366
283 74
283 87
283 94
283 153
283 213
283 266
283 327
283 448
284 58
284 184
284 185
284 220
284 236
284 392
284 396
285 5
285 92
285 175
285 180
285 260
285 356
285 408
285 436
286 30
286 84
286 117
286 119
286 198
286 319
286 455
287 26
287 108
287 112
287 204
287 208
287 217
287 309
287 334
287 352
287 360
288 6
288 50
288 55
288 154
288 204
288 260
288 340
288 350
288 399
288 454
289 58
289 74
289 109
289 135
289 272
289 362
289 430
289 449
290 170
290 206
290 223
290 230
290 261
290 337
290 344
290 398
290 425
291 39
291 153
291 171
291 183
291 207
291 230
291 277
291 306
291 379
291 382
292 47
292 72
292 88
292 113
292 250
292 301
292 365
293 98
293 146
293 185
293 222
293 333
293 353
293 381
293 450
294 153
294 170
294 180
294 217
294 270
294 303
294 322
295 180
295 183
295 348
295 361
295 400
295 422
295 450
295 462
296 4
296 93
296 108
296 216
296 255
296 314
296 333
296 334
296 377
296 383
297 14
297 94
297 276
297 337
297 338
297 382
298 18
298 30
298 86
298 109
298 203
298 254
298 333
298 334
298 352
298 361
299 100
299 150
299 178
299 228
299 245
299 249
299 377
299 402
300 75
300 98
300 196
300 210
300 217
300 224
300 281
301 92
301 161
301 172
301 185
301 324
301 450
301 467
302 5
302 54
302 59
302 173
302 210
302 265
302 315
302 401
303 30
303 58
303 98
303 222
303 293
303 319
303 341
303 360
303 366
304 160
304 176
304 183
304 254
304 265
304 303
304 315
304 429
304 436
304 463
305 22
305 109
305 341
305 360
305 391
305 400
305 422
305 452
306 2
306 18
306 65
306 146
306 203
306 329
306 422
306 429
307 58
307 81
307 188
307 270
307 303
307 308
307 375
307 399
307 404
307 405
308 73
308 103
308 228
308 265
308 302
308 334
308 438
309 2
309 42
309 58
309 112
309 140
309 173
309 220
309 381
309 450
310 145
310 158
310 187
310 212
310 265
310 267
310 332
310 374
310 423
311 12
311 15
311 163
311 231
311 261
311 355
312 65
312 105
312 176
312 187
312 208
312 230
312 305
312 348
312 352
312 422
313 112
313 172
313 209
313 246
313 251
313 298
313 473
314 14
314 98
314 112
314 173
314 185
314 222
314 265
314 353
314 422
314 450
315 113
315 186
315 217
315 396
315 462
315 463
316 48
316 78
316 105
316 116
316 203
316 204
316 249
316 362
316 367
316 441
317 54
317 100
317 272
317 285
317 309
317 340
317 346
317 354
318 2
318 14
318 183
318 263
318 266
318 341
318 396
318 436
319 98
319 146
319 173
319 225
319 265
319 333
319 353
319 422
319 462
320 112
320 171
320 258
320 280
320 385
320 386
320 398
320 463
321 2
321 20
321 152
321 168
321 254
321 309
321 314
322 22
322 113
322 180
322 203
322 279
322 341
322 452
323 9
323 10
323 116
323 160
323 231
323 283
323 322
323 403
323 453
323 475
324 4
324 16
324 171
324 183
324 279
324 401
324 440
325 1
325 170
325 219
325 354
325 404
325 434
325 439
326 12
326 61
326 95
326 141
326 179
326 209
326 315
326 400
326 446
326 452
327 234
327 250
327 269
327 276
327 279
327 306
327 353
327 405
328 82
328 112
328 174
328 210
328 213
328 223
328 316
329 478
330 91
330 120
330 213
330 287
330 337
330 410
330 445
330 466
331 39
331 59
331 97
331 173
331 203
331 219
331 371
331 409
332 18
332 26
332 42
332 48
332 109
332 119
332 204
332 257
332 303
332 333
333 478
334 58
334 146
334 185
334 236
334 314
334 436
334 440
334 450
334 463
335 203
335 208
335 236
335 348
335 400
335 401
336 16
336 208
336 212
336 262
336 309
336 347
336 435
337 67
337 206
337 265
337 279
337 306
337 430
337 438
338 16
338 69
338 107
338 146
338 276
338 286
338 421
338 434
339 12
339 33
339 112
339 171
339 191
339 234
339 272
339 312
339 356
339 439
340 14
340 63
340 77
340 120
340 261
340 332
340 334
340 348
340 393
340 433
341 14
341 112
341 173
341 185
341 230
341 333
341 422
341 440
341 452
342 51
342 157
342 159
342 168
342 290
342 315
342 361
342 374
342 407
343 58
343 98
343 103
343 149
343 170
343 329
343 358
343 366
343 381
343 430
344 74
344 83
344 203
344 315
344 329
344 441
345 176
345 185
345 230
345 255
345 293
345 295
345 361
345 422
345 430
345 436
346 26
346 32
346 65
346 87
346 290
346 379
346 431
347 209
347 333
347 351
347 360
347 379
347 397
348 98
348 146
348 185
348 203
348 391
348 436
348 463
349 142
349 163
349 176
349 180
349 279
349 321
349 340
349 391
350 10
350 15
350 213
350 249
350 255
350 304
350 314
350 431
350 438
351 38
351 77
351 184
351 210
351 295
351 312
351 392
351 395
351 408
351 431
352 16
352 98
352 112
352 185
352 222
352 353
352 381
352 422
353 478
354 4
354 14
354 16
354 74
354 142
354 196
354 206
354 303
354 304
354 398
355 98
355 161
355 170
355 217
355 223
355 254
355 341
355 353
355 436
356 16
356 105
356 144
356 149
356 166
356 417
356 462
357 26
357 52
357 94
357 112
357 329
357 362
357 386
358 14
358 18
358 140
358 257
358 314
358 334
358 352
358 440
359 16
359 51
359 112
359 145
359 170
359 250
359 270
359 378
359 400
360 478
361 30
361 65
361 146
361 360
361 450
361 462
362 93
362 149
362 195
362 246
362 314
362 352
362 353
362 473
363 80
363 92
363 105
363 219
363 355
363 379
364 66
364 183
364 195
364 335
364 353
364 361
365 101
365 186
365 251
365 319
365 345
365 358
365 400
366 478
367 16
367 48
367 176
367 186
367 223
367 265
367 314
367 448
368 33
368 54
368 92
368 245
368 298
368 305
369 51
369 90
369 91
369 285
369 287
369 309
369 324
369 327
369 375
369 387
370 65
370 83
370 84
370 170
370 287
370 315
370 355
370 429
371 88
371 95
371 100
371 101
371 145
371 158
371 295
371 329
371 425
372 187
372 277
372 279
372 352
372 450
372 452
373 24
373 48
373 154
373 166
373 224
373 262
373 335
373 359
373 395
373 457
374 13
374 62
374 80
374 188
374 204
374 228
374 293
374 360
374 395
375 2
375 54
375 126
375 188
375 305
375 312
375 382
375 456
375 470
376 45
376 64
376 227
376 311
376 359
376 461
377 22
377 109
377 144
377 173
377 254
377 333
377 398
377 455
378 140
378 206
378 223
378 236
378 249
378 295
378 396
379 4
379 18
379 352
379 400
379 440
379 448
379 455
380 30
380 106
380 170
380 226
380 227
380 431
380 464
381 478
382 98
382 103
382 116
382 223
382 257
382 279
382 315
382 319
383 2
383 16
383 86
383 144
383 162
383 196
383 233
383 236
383 364
384 1
384 39
384 137
384 221
384 256
384 330
384 337
384 451
385 31
385 136
385 138
385 172
385 225
385 343
386 64
386 65
386 66
386 97
386 196
386 335
386 400
386 436
387 4
387 48
387 146
387 221
387 332
387 429
387 440
388 98
388 119
388 140
388 230
388 236
388 436
388 452
389 1
389 5
389 78
389 139
389 230
389 284
389 379
389 405
390 10
390 83
390 94
390 191
390 214
390 345
390 416
390 449
390 464
391 112
391 173
391 222
391 265
391 329
391 360
391 366
391 462
392 43
392 74
392 206
392 304
392 391
392 457
392 467
392 472
393 105
393 140
393 149
393 282
393 306
393 455
394 83
394 113
394 149
394 161
394 195
394 254
394 271
394 355
394 377
395 94
395 195
395 273
395 295
395 314
395 335
395 466
396 58
396 65
396 98
396 149
396 161
396 230
396 236
397 9
397 168
397 246
397 355
397 364
397 399
397 415
397 436
397 438
397 440
398 18
398 119
398 230
398 236
398 282
398 293
398 319
398 391
399 5
399 162
399 195
399 217
399 222
399 265
399 279
399 400
399 452
400 14
400 185
400 186
400 236
400 329
400 333
400 353
400 422
400 450
401 113
401 146
401 161
401 185
401 222
401 230
401 293
401 329
401 462
402 9
402 38
402 120
402 196
402 286
402 351
402 397
402 440
403 28
403 279
403 284
403 309
403 344
403 349
403 355
403 378
404 1
404 15
404 42
404 75
404 280
404 284
404 348
404 353
404 363
405 14
405 98
405 146
405 387
405 388
405 415
405 438
405 457
405 472
406 16
406 72
406 242
406 284
406 398
406 424
406 438
406 449
407 134
407 225
407 234
407 242
407 287
407 302
408 13
408 85
408 105
408 117
408 149
408 345
408 370
409 14
409 186
409 202
409 290
409 362
409 434
409 455
410 42
410 77
410 140
410 145
410 224
410 260
410 309
410 313
410 421
410 477
411 69
411 153
411 158
411 261
411 309
411 363
411 378
411 433
411 437
412 31
412 112
412 225
412 255
412 306
412 345
412 381
412 401
412 422
412 448
413 57
413 62
413 210
413 324
413 354
413 405
413 434
413 465
414 10
414 73
414 78
414 134
414 232
414 334
414 337
415 84
415 112
415 160
415 161
415 176
415 248
415 279
415 391
416 2
416 119
416 164
416 220
416 232
416 335
416 358
416 397
417 42
417 64
417 119
417 185
417 222
417 236
417 265
417 315
417 381
417 422
418 39
418 80
418 141
418 218
418 248
418 273
418 389
418 470
419 77
419 92
419 109
419 209
419 234
419 452
420 119
420 161
420 162
420 238
420 273
420 335
420 398
420 412
420 449
421 184
421 228
421 246
421 260
421 306
421 313
421 441
422 478
423 176
423 203
423 257
423 303
423 445
423 448
424 4
424 44
424 98
424 144
424 146
424 220
425 66
425 84
425 85
425 101
425 180
425 298
425 364
425 423
425 427
425 456
426 105
426 112
426 116
426 126
426 168
426 290
426 361
426 378
427 83
427 103
427 117
427 120
427 140
427 306
427 438
427 462
428 105
428 162
428 230
428 312
428 441
428 452
429 14
429 112
429 119
429 265
429 329
429 353
429 422
430 103
430 186
430 303
430 333
430 341
430 352
430 358
430 361
430 422
431 13
431 15
431 22
431 72
431 337
431 353
431 367
431 383
432 6
432 17
432 50
432 62
432 165
432 247
432 300
432 336
432 416
433 72
433 77
433 217
433 220
433 260
433 351
433 358
433 397
434 2
434 70
434 82
434 89
434 195
434 219
434 329
434 427
434 430
434 436
435 92
435 108
435 268
435 285
435 303
435 312
435 356
435 375
435 382
435 430
436 2
436 98
436 173
436 185
436 333
436 360
436 366
437 49
437 73
437 166
437 169
437 180
437 195
437 386
437 400
437 448
438 109
438 146
438 162
438 180
438 208
438 361
438 388
438 452
439 16
439 75
439 184
439 219
439 315
439 399
440 14
440 98
440 146
440 186
440 225
440 360
440 366
440 381
440 422
440 450
441 30
441 119
441 222
441 230
441 314
441 319
441 333
442 36
442 73
442 150
442 165
442 215
442 220
442 367
442 385
442 405
443 36
443 59
443 60
443 251
443 356
443 386
444 12
444 196
444 273
444 301
444 303
444 354
444 467
445 26
445 112
445 355
445 400
445 450
445 452
445 455
446 44
446 92
446 97
446 209
446 255
446 270
446 314
446 438
447 105
447 119
447 168
447 224
447 250
447 263
447 395
448 170
448 265
448 282
448 366
448 381
448 388
448 396
448 462
449 16
449 59
449 109
449 138
449 286
449 456
450 478
451 51
451 84
451 91
451 168
451 270
451 396
451 440
451 450
452 2
452 98
452 112
452 186
452 203
452 225
452 333
453 48
453 103
453 169
453 207
453 215
453 228
453 258
453 393
453 401
454 13
454 52
454 119
454 187
454 242
454 352
454 398
454 429
454 452
454 456
455 4
455 64
455 103
455 113
455 146
455 186
455 333
455 398
455 401
455 452
456 4
456 18
456 48
456 358
456 423
456 466
457 4
457 26
457 67
457 180
457 196
457 381
457 396
457 462
458 161
458 250
458 270
458 309
458 315
458 377
458 417
458 441
459 48
459 101
459 170
459 261
459 263
459 346
459 362
459 405
459 436
460 58
460 69
460 175
460 186
460 187
460 259
460 425
460 430
461 140
461 195
461 224
461 345
461 358
461 387
461 455
462 478
463 16
463 186
463 203
463 222
463 236
463 329
463 450
464 9
464 58
464 83
464 153
464 171
464 322
464 351
465 26
465 31
465 35
465 57
465 64
465 93
465 277
465 367
465 445
465 462
466 185
466 198
466 266
466 295
466 305
466 441
466 448
467 18
467 31
467 52
467 160
467 188
467 207
467 383
468 68
468 90
468 179
468 258
468 271
468 309
468 396
469 9
469 112
469 223
469 266
469 320
469 322
469 416
470 4
470 9
470 52
470 57
470 86
470 171
470 277
470 332
470 345
471 33
471 81
471 150
471 191
471 215
471 260
471 315
471 423
471 431
471 468
472 18
472 72
472 85
472 166
472 187
472 209
472 337
472 341
473 16
473 18
473 22
473 140
473 203
473 213
473 277
473 341
473 422
474 75
474 83
474 126
474 140
474 170
474 214
474 220
475 18
475 42
475 107
475 142
475 203
475 249
475 266
475 358
475 415
475 433
476 26
476 48
476 203
476 345
476 366
476 388
476 391
476 393
476 430
477 33
477 170
477 185
477 191
477 277
477 324
477 386
