# Tier 7 (Very Large) - Instance 0
# Generated with config: N=463, K=3, topology=grid, calendar=staggered

# HEADER: <num_tasks> <num_types> <num_units>
465 3 20

# RESOURCE TYPES
# Format: <type_id> <num_units> <unit_id1> <unit_id2> ...
0 8 0 1 2 3 4 5 6 7
1 4 8 9 10 11
2 8 12 13 14 15 16 17 18 19

# RESOURCE UNITS (Calendars)
# Format: <unit_id> <num_steps> <t1> <v1> <t2> <v2> ...
0 20 0 100 1 0 80 100 446 0 524 100 893 0 972 100 1339 0 1418 100 1788 0 1865 100 2235 0 2315 100 2682 0 2759 100 3130 0 3208 100 3574 0 3651 100 4482 0
1 20 0 100 23 0 77 100 471 0 526 100 919 0 972 100 1368 0 1422 100 1818 0 1871 100 2266 0 2317 100 2709 0 2761 100 3153 0 3205 100 3597 0 3649 100 4482 0
2 20 0 100 44 0 107 100 489 0 555 100 939 0 1003 100 1384 0 1449 100 1830 0 1893 100 2279 0 2343 100 2727 0 2792 100 3177 0 3242 100 3624 0 3686 100 4482 0
3 20 0 100 66 0 136 100 517 0 584 100 964 0 1032 100 1414 0 1482 100 1860 0 1927 100 2306 0 2373 100 2753 0 2823 100 3201 0 3268 100 3650 0 3718 100 4482 0
4 20 0 100 88 0 167 100 538 0 616 100 983 0 1061 100 1433 0 1511 100 1883 0 1963 100 2329 0 2408 100 2778 0 2856 100 3224 0 3303 100 3670 0 3748 100 4482 0
5 20 0 100 113 0 149 100 559 0 595 100 1007 0 1046 100 1455 0 1493 100 1903 0 1939 100 2350 0 2388 100 2799 0 2837 100 3244 0 3281 100 3688 0 3727 100 4482 0
6 20 0 100 133 0 174 100 581 0 626 100 1028 0 1071 100 1473 0 1517 100 1923 0 1964 100 2368 0 2411 100 2814 0 2858 100 3262 0 3304 100 3709 0 3753 100 4482 0
7 20 0 100 158 0 225 100 606 0 672 100 1051 0 1116 100 1496 0 1563 100 1942 0 2007 100 2385 0 2452 100 2831 0 2899 100 3282 0 3346 100 3725 0 3792 100 4482 0
8 20 0 100 181 0 256 100 629 0 704 100 1079 0 1152 100 1523 0 1597 100 1969 0 2043 100 2417 0 2492 100 2868 0 2941 100 3313 0 3387 100 3762 0 3835 100 4482 0
9 20 0 100 201 0 260 100 646 0 708 100 1095 0 1157 100 1544 0 1602 100 1992 0 2053 100 2443 0 2505 100 2894 0 2953 100 3340 0 3399 100 3786 0 3844 100 4482 0
10 20 0 100 223 0 260 100 671 0 707 100 1121 0 1159 100 1571 0 1608 100 2017 0 2052 100 2466 0 2502 100 2913 0 2950 100 3359 0 3395 100 3806 0 3843 100 4482 0
11 20 0 100 244 0 280 100 691 0 729 100 1137 0 1173 100 1585 0 1621 100 2032 0 2070 100 2480 0 2517 100 2927 0 2966 100 3374 0 3412 100 3821 0 3858 100 4482 0
12 20 0 100 268 0 336 100 714 0 781 100 1164 0 1233 100 1611 0 1677 100 2056 0 2124 100 2507 0 2575 100 2955 0 3020 100 3402 0 3470 100 3851 0 3920 100 4482 0
13 20 0 100 292 0 371 100 739 0 821 100 1186 0 1264 100 1629 0 1709 100 2075 0 2155 100 2524 0 2603 100 2971 0 3050 100 3417 0 3498 100 3867 0 3945 100 4482 0
14 20 0 100 311 0 380 100 760 0 827 100 1208 0 1276 100 1655 0 1721 100 2098 0 2167 100 2549 0 2617 100 2998 0 3066 100 3443 0 3509 100 3887 0 3956 100 4482 0
15 20 0 100 337 0 377 100 781 0 821 100 1228 0 1271 100 1676 0 1718 100 2122 0 2165 100 2573 0 2617 100 3024 0 3067 100 3470 0 3513 100 3918 0 3961 100 4482 0
16 20 0 100 359 0 400 100 807 0 847 100 1255 0 1298 100 1702 0 1745 100 2151 0 2192 100 2600 0 2640 100 3043 0 3083 100 3488 0 3531 100 3940 0 3981 100 4482 0
17 20 0 100 382 0 444 100 832 0 893 100 1281 0 1342 100 1730 0 1791 100 2174 0 2236 100 2622 0 2684 100 3070 0 3132 100 3516 0 3579 100 3962 0 4025 100 4482 0
18 20 0 100 403 0 443 100 853 0 892 100 1300 0 1337 100 1746 0 1784 100 2191 0 2231 100 2641 0 2679 100 3086 0 3124 100 3532 0 3570 100 3976 0 4014 100 4482 0
19 20 0 100 427 0 477 100 873 0 923 100 1317 0 1366 100 1763 0 1813 100 2211 0 2261 100 2658 0 2707 100 3104 0 3155 100 3554 0 3602 100 3997 0 4047 100 4482 0

# TASKS
# Format: <task_id> <size> <num_reqs>
# Then for each requirement: <type_id> <qty>
0 0 3
 0 0
 1 0
 2 0
1 17 3
 0 0
 1 1
 2 0
2 15 3
 0 2
 1 1
 2 3
3 5 3
 0 2
 1 3
 2 1
4 11 3
 0 0
 1 0
 2 2
5 16 3
 0 0
 1 1
 2 3
6 10 3
 0 0
 1 0
 2 1
7 4 3
 0 3
 1 1
 2 1
8 10 3
 0 2
 1 3
 2 3
9 6 3
 0 1
 1 0
 2 3
10 8 3
 0 3
 1 2
 2 0
11 15 3
 0 1
 1 0
 2 2
12 18 3
 0 2
 1 0
 2 0
13 10 3
 0 0
 1 2
 2 2
14 7 3
 0 0
 1 0
 2 2
15 19 3
 0 2
 1 0
 2 3
16 13 3
 0 3
 1 0
 2 0
17 2 3
 0 0
 1 1
 2 0
18 8 3
 0 0
 1 3
 2 2
19 5 3
 0 0
 1 1
 2 0
20 15 3
 0 2
 1 0
 2 2
21 11 3
 0 0
 1 1
 2 0
22 12 3
 0 2
 1 0
 2 2
23 10 3
 0 0
 1 1
 2 1
24 5 3
 0 0
 1 3
 2 0
25 13 3
 0 0
 1 0
 2 2
26 1 3
 0 1
 1 3
 2 0
27 9 3
 0 3
 1 0
 2 1
28 16 3
 0 3
 1 3
 2 1
29 15 3
 0 0
 1 2
 2 1
30 2 3
 0 2
 1 1
 2 0
31 5 3
 0 2
 1 0
 2 0
32 18 3
 0 3
 1 0
 2 0
33 4 3
 0 0
 1 1
 2 0
34 2 3
 0 0
 1 2
 2 0
35 12 3
 0 3
 1 3
 2 2
36 9 3
 0 1
 1 0
 2 0
37 3 3
 0 0
 1 0
 2 1
38 2 3
 0 0
 1 1
 2 0
39 7 3
 0 3
 1 1
 2 0
40 8 3
 0 1
 1 0
 2 2
41 5 3
 0 0
 1 1
 2 1
42 5 3
 0 1
 1 1
 2 1
43 5 3
 0 0
 1 3
 2 2
44 12 3
 0 1
 1 1
 2 0
45 2 3
 0 0
 1 1
 2 0
46 15 3
 0 0
 1 2
 2 0
47 14 3
 0 0
 1 2
 2 1
48 11 3
 0 0
 1 2
 2 0
49 19 3
 0 2
 1 3
 2 2
50 17 3
 0 0
 1 3
 2 3
51 18 3
 0 0
 1 2
 2 0
52 14 3
 0 2
 1 3
 2 2
53 11 3
 0 0
 1 1
 2 0
54 16 3
 0 1
 1 1
 2 0
55 12 3
 0 0
 1 3
 2 0
56 18 3
 0 1
 1 3
 2 0
57 14 3
 0 0
 1 0
 2 1
58 10 3
 0 3
 1 1
 2 0
59 8 3
 0 0
 1 3
 2 2
60 19 3
 0 2
 1 0
 2 0
61 20 3
 0 0
 1 0
 2 3
62 9 3
 0 2
 1 0
 2 2
63 12 3
 0 1
 1 2
 2 3
64 1 3
 0 3
 1 2
 2 1
65 12 3
 0 2
 1 0
 2 1
66 2 3
 0 3
 1 1
 2 3
67 14 3
 0 2
 1 1
 2 0
68 4 3
 0 1
 1 3
 2 3
69 10 3
 0 2
 1 0
 2 1
70 10 3
 0 0
 1 1
 2 0
71 11 3
 0 2
 1 0
 2 2
72 18 3
 0 0
 1 3
 2 0
73 3 3
 0 3
 1 1
 2 1
74 11 3
 0 3
 1 3
 2 1
75 13 3
 0 2
 1 3
 2 3
76 12 3
 0 1
 1 3
 2 1
77 13 3
 0 0
 1 0
 2 1
78 3 3
 0 1
 1 1
 2 0
79 12 3
 0 3
 1 0
 2 1
80 9 3
 0 3
 1 3
 2 3
81 16 3
 0 3
 1 0
 2 3
82 20 3
 0 3
 1 2
 2 2
83 10 3
 0 0
 1 2
 2 2
84 15 3
 0 1
 1 2
 2 1
85 20 3
 0 2
 1 3
 2 0
86 2 3
 0 3
 1 0
 2 2
87 17 3
 0 1
 1 2
 2 0
88 3 3
 0 1
 1 3
 2 2
89 17 3
 0 1
 1 2
 2 2
90 20 3
 0 3
 1 0
 2 1
91 18 3
 0 0
 1 3
 2 0
92 20 3
 0 0
 1 3
 2 0
93 12 3
 0 3
 1 0
 2 3
94 3 3
 0 2
 1 0
 2 1
95 17 3
 0 3
 1 2
 2 2
96 6 3
 0 0
 1 2
 2 1
97 5 3
 0 1
 1 3
 2 0
98 17 3
 0 2
 1 0
 2 0
99 20 3
 0 1
 1 3
 2 0
100 6 3
 0 0
 1 2
 2 0
101 8 3
 0 0
 1 1
 2 0
102 8 3
 0 2
 1 0
 2 0
103 7 3
 0 3
 1 0
 2 2
104 13 3
 0 2
 1 0
 2 0
105 20 3
 0 2
 1 2
 2 0
106 18 3
 0 0
 1 0
 2 1
107 10 3
 0 1
 1 3
 2 2
108 3 3
 0 0
 1 2
 2 0
109 1 3
 0 2
 1 1
 2 1
110 12 3
 0 2
 1 0
 2 0
111 11 3
 0 0
 1 2
 2 0
112 16 3
 0 0
 1 3
 2 3
113 1 3
 0 0
 1 1
 2 0
114 18 3
 0 0
 1 0
 2 2
115 8 3
 0 1
 1 3
 2 0
116 15 3
 0 2
 1 1
 2 0
117 19 3
 0 1
 1 1
 2 0
118 8 3
 0 1
 1 0
 2 2
119 3 3
 0 0
 1 3
 2 2
120 16 3
 0 2
 1 0
 2 1
121 12 3
 0 0
 1 3
 2 0
122 4 3
 0 0
 1 0
 2 1
123 12 3
 0 3
 1 3
 2 3
124 16 3
 0 0
 1 0
 2 2
125 2 3
 0 1
 1 0
 2 0
126 11 3
 0 0
 1 3
 2 1
127 7 3
 0 1
 1 0
 2 1
128 12 3
 0 2
 1 0
 2 0
129 13 3
 0 1
 1 2
 2 3
130 9 3
 0 0
 1 0
 2 3
131 6 3
 0 2
 1 2
 2 0
132 10 3
 0 3
 1 3
 2 2
133 2 3
 0 0
 1 1
 2 0
134 9 3
 0 0
 1 0
 2 3
135 13 3
 0 3
 1 0
 2 0
136 5 3
 0 0
 1 0
 2 1
137 3 3
 0 3
 1 2
 2 0
138 2 3
 0 0
 1 1
 2 0
139 15 3
 0 0
 1 3
 2 2
140 9 3
 0 1
 1 1
 2 2
141 18 3
 0 2
 1 0
 2 3
142 10 3
 0 0
 1 0
 2 1
143 3 3
 0 3
 1 1
 2 0
144 11 3
 0 0
 1 0
 2 2
145 10 3
 0 0
 1 0
 2 1
146 6 3
 0 0
 1 1
 2 0
147 5 3
 0 2
 1 3
 2 2
148 18 3
 0 1
 1 2
 2 0
149 16 3
 0 2
 1 0
 2 2
150 3 3
 0 3
 1 1
 2 0
151 18 3
 0 0
 1 1
 2 1
152 4 3
 0 2
 1 2
 2 0
153 8 3
 0 3
 1 0
 2 0
154 9 3
 0 3
 1 3
 2 3
155 3 3
 0 1
 1 3
 2 3
156 20 3
 0 0
 1 0
 2 1
157 2 3
 0 0
 1 1
 2 0
158 19 3
 0 1
 1 0
 2 3
159 1 3
 0 3
 1 3
 2 0
160 16 3
 0 3
 1 2
 2 1
161 6 3
 0 2
 1 2
 2 0
162 11 3
 0 0
 1 2
 2 0
163 5 3
 0 0
 1 1
 2 2
164 4 3
 0 1
 1 1
 2 2
165 20 3
 0 1
 1 0
 2 0
166 11 3
 0 1
 1 3
 2 2
167 16 3
 0 2
 1 1
 2 2
168 2 3
 0 2
 1 3
 2 0
169 10 3
 0 1
 1 2
 2 0
170 13 3
 0 2
 1 3
 2 3
171 10 3
 0 3
 1 3
 2 3
172 20 3
 0 1
 1 2
 2 2
173 5 3
 0 3
 1 1
 2 1
174 11 3
 0 0
 1 1
 2 0
175 17 3
 0 3
 1 2
 2 0
176 10 3
 0 3
 1 0
 2 3
177 19 3
 0 1
 1 3
 2 2
178 19 3
 0 3
 1 0
 2 0
179 20 3
 0 3
 1 0
 2 0
180 19 3
 0 1
 1 1
 2 3
181 20 3
 0 0
 1 3
 2 3
182 4 3
 0 2
 1 1
 2 1
183 14 3
 0 3
 1 0
 2 0
184 2 3
 0 0
 1 3
 2 3
185 16 3
 0 2
 1 0
 2 3
186 11 3
 0 3
 1 0
 2 0
187 9 3
 0 0
 1 1
 2 2
188 8 3
 0 0
 1 0
 2 1
189 7 3
 0 0
 1 2
 2 3
190 9 3
 0 3
 1 0
 2 2
191 12 3
 0 0
 1 0
 2 2
192 3 3
 0 2
 1 0
 2 0
193 7 3
 0 3
 1 3
 2 0
194 5 3
 0 3
 1 1
 2 3
195 8 3
 0 0
 1 2
 2 2
196 4 3
 0 0
 1 3
 2 0
197 6 3
 0 2
 1 1
 2 0
198 10 3
 0 3
 1 1
 2 0
199 8 3
 0 3
 1 0
 2 1
200 14 3
 0 0
 1 1
 2 0
201 13 3
 0 0
 1 3
 2 0
202 10 3
 0 0
 1 3
 2 0
203 11 3
 0 3
 1 2
 2 0
204 5 3
 0 0
 1 1
 2 0
205 11 3
 0 2
 1 0
 2 0
206 1 3
 0 0
 1 0
 2 1
207 6 3
 0 0
 1 0
 2 2
208 17 3
 0 2
 1 0
 2 1
209 16 3
 0 1
 1 2
 2 2
210 11 3
 0 3
 1 2
 2 0
211 8 3
 0 1
 1 1
 2 3
212 10 3
 0 0
 1 1
 2 0
213 20 3
 0 1
 1 2
 2 0
214 20 3
 0 3
 1 2
 2 0
215 7 3
 0 0
 1 0
 2 1
216 17 3
 0 3
 1 3
 2 3
217 17 3
 0 3
 1 2
 2 0
218 15 3
 0 1
 1 0
 2 3
219 15 3
 0 0
 1 3
 2 3
220 2 3
 0 3
 1 0
 2 0
221 13 3
 0 1
 1 0
 2 1
222 14 3
 0 1
 1 1
 2 0
223 3 3
 0 0
 1 2
 2 1
224 14 3
 0 2
 1 2
 2 3
225 18 3
 0 2
 1 3
 2 1
226 8 3
 0 0
 1 1
 2 0
227 18 3
 0 2
 1 0
 2 2
228 5 3
 0 3
 1 0
 2 3
229 14 3
 0 1
 1 0
 2 0
230 7 3
 0 3
 1 3
 2 0
231 2 3
 0 1
 1 1
 2 1
232 5 3
 0 2
 1 3
 2 3
233 20 3
 0 0
 1 0
 2 1
234 17 3
 0 2
 1 3
 2 0
235 6 3
 0 0
 1 2
 2 2
236 13 3
 0 0
 1 2
 2 2
237 13 3
 0 3
 1 1
 2 3
238 5 3
 0 0
 1 0
 2 2
239 18 3
 0 2
 1 1
 2 1
240 15 3
 0 0
 1 3
 2 0
241 2 3
 0 3
 1 0
 2 1
242 7 3
 0 0
 1 3
 2 2
243 7 3
 0 0
 1 1
 2 1
244 4 3
 0 0
 1 0
 2 1
245 20 3
 0 0
 1 1
 2 2
246 13 3
 0 3
 1 2
 2 2
247 15 3
 0 3
 1 2
 2 0
248 12 3
 0 1
 1 1
 2 0
249 1 3
 0 3
 1 2
 2 1
250 11 3
 0 3
 1 0
 2 3
251 11 3
 0 2
 1 0
 2 0
252 16 3
 0 3
 1 0
 2 3
253 18 3
 0 3
 1 0
 2 0
254 17 3
 0 1
 1 0
 2 0
255 1 3
 0 3
 1 3
 2 1
256 17 3
 0 1
 1 0
 2 0
257 20 3
 0 0
 1 0
 2 3
258 18 3
 0 1
 1 2
 2 2
259 1 3
 0 3
 1 0
 2 0
260 6 3
 0 1
 1 1
 2 3
261 9 3
 0 0
 1 2
 2 2
262 15 3
 0 3
 1 3
 2 0
263 3 3
 0 1
 1 0
 2 0
264 13 3
 0 3
 1 3
 2 1
265 3 3
 0 2
 1 0
 2 1
266 17 3
 0 0
 1 3
 2 0
267 16 3
 0 1
 1 0
 2 3
268 19 3
 0 0
 1 2
 2 1
269 19 3
 0 3
 1 0
 2 0
270 10 3
 0 1
 1 2
 2 0
271 18 3
 0 3
 1 3
 2 0
272 17 3
 0 0
 1 1
 2 1
273 11 3
 0 0
 1 0
 2 2
274 1 3
 0 0
 1 0
 2 1
275 12 3
 0 2
 1 3
 2 2
276 3 3
 0 0
 1 1
 2 0
277 3 3
 0 2
 1 0
 2 0
278 13 3
 0 1
 1 2
 2 2
279 4 3
 0 1
 1 3
 2 2
280 4 3
 0 2
 1 3
 2 2
281 13 3
 0 2
 1 1
 2 0
282 18 3
 0 0
 1 0
 2 1
283 13 3
 0 2
 1 2
 2 1
284 14 3
 0 2
 1 1
 2 1
285 16 3
 0 1
 1 1
 2 2
286 11 3
 0 0
 1 2
 2 2
287 20 3
 0 2
 1 0
 2 0
288 16 3
 0 2
 1 0
 2 3
289 16 3
 0 0
 1 0
 2 2
290 13 3
 0 3
 1 3
 2 3
291 1 3
 0 0
 1 3
 2 2
292 3 3
 0 0
 1 0
 2 2
293 5 3
 0 0
 1 3
 2 2
294 13 3
 0 3
 1 2
 2 3
295 14 3
 0 2
 1 0
 2 0
296 20 3
 0 0
 1 1
 2 0
297 12 3
 0 3
 1 3
 2 0
298 13 3
 0 0
 1 2
 2 1
299 9 3
 0 3
 1 3
 2 0
300 8 3
 0 2
 1 3
 2 3
301 5 3
 0 1
 1 2
 2 1
302 4 3
 0 0
 1 0
 2 2
303 15 3
 0 0
 1 2
 2 2
304 15 3
 0 2
 1 3
 2 2
305 4 3
 0 0
 1 3
 2 1
306 18 3
 0 3
 1 2
 2 2
307 6 3
 0 3
 1 1
 2 0
308 7 3
 0 2
 1 3
 2 2
309 3 3
 0 3
 1 2
 2 1
310 9 3
 0 0
 1 3
 2 2
311 20 3
 0 1
 1 2
 2 0
312 10 3
 0 0
 1 3
 2 1
313 8 3
 0 1
 1 1
 2 2
314 20 3
 0 2
 1 2
 2 0
315 6 3
 0 2
 1 1
 2 2
316 20 3
 0 2
 1 0
 2 1
317 13 3
 0 0
 1 2
 2 2
318 14 3
 0 0
 1 1
 2 1
319 8 3
 0 2
 1 2
 2 2
320 19 3
 0 0
 1 0
 2 1
321 19 3
 0 3
 1 0
 2 1
322 15 3
 0 2
 1 3
 2 0
323 10 3
 0 0
 1 2
 2 1
324 15 3
 0 0
 1 1
 2 3
325 19 3
 0 0
 1 1
 2 0
326 6 3
 0 1
 1 0
 2 0
327 19 3
 0 2
 1 1
 2 3
328 10 3
 0 2
 1 0
 2 3
329 4 3
 0 2
 1 0
 2 0
330 5 3
 0 0
 1 1
 2 0
331 8 3
 0 0
 1 0
 2 3
332 9 3
 0 0
 1 1
 2 0
333 3 3
 0 3
 1 2
 2 2
334 11 3
 0 3
 1 2
 2 0
335 12 3
 0 0
 1 0
 2 2
336 7 3
 0 2
 1 0
 2 3
337 5 3
 0 2
 1 0
 2 0
338 2 3
 0 3
 1 0
 2 1
339 6 3
 0 1
 1 0
 2 3
340 5 3
 0 0
 1 2
 2 2
341 9 3
 0 3
 1 0
 2 2
342 10 3
 0 0
 1 0
 2 1
343 4 3
 0 2
 1 3
 2 3
344 15 3
 0 3
 1 1
 2 0
345 14 3
 0 0
 1 1
 2 3
346 4 3
 0 2
 1 0
 2 1
347 5 3
 0 3
 1 3
 2 2
348 7 3
 0 0
 1 2
 2 0
349 15 3
 0 0
 1 1
 2 1
350 19 3
 0 0
 1 2
 2 1
351 8 3
 0 1
 1 3
 2 0
352 20 3
 0 3
 1 3
 2 0
353 7 3
 0 3
 1 2
 2 1
354 8 3
 0 1
 1 3
 2 3
355 1 3
 0 0
 1 0
 2 3
356 14 3
 0 3
 1 2
 2 0
357 3 3
 0 1
 1 1
 2 1
358 13 3
 0 3
 1 0
 2 0
359 14 3
 0 0
 1 3
 2 1
360 9 3
 0 1
 1 1
 2 0
361 5 3
 0 2
 1 3
 2 0
362 3 3
 0 2
 1 0
 2 0
363 2 3
 0 2
 1 3
 2 0
364 10 3
 0 0
 1 0
 2 1
365 5 3
 0 0
 1 2
 2 3
366 9 3
 0 1
 1 0
 2 0
367 4 3
 0 0
 1 2
 2 1
368 9 3
 0 0
 1 1
 2 3
369 12 3
 0 3
 1 1
 2 1
370 19 3
 0 0
 1 3
 2 1
371 1 3
 0 2
 1 1
 2 1
372 18 3
 0 1
 1 0
 2 0
373 11 3
 0 3
 1 1
 2 1
374 17 3
 0 0
 1 1
 2 0
375 2 3
 0 0
 1 2
 2 0
376 10 3
 0 3
 1 2
 2 3
377 10 3
 0 0
 1 2
 2 2
378 7 3
 0 0
 1 1
 2 2
379 1 3
 0 2
 1 0
 2 0
380 1 3
 0 0
 1 3
 2 3
381 10 3
 0 3
 1 0
 2 1
382 5 3
 0 0
 1 1
 2 0
383 17 3
 0 2
 1 3
 2 1
384 17 3
 0 2
 1 3
 2 3
385 5 3
 0 2
 1 0
 2 0
386 13 3
 0 0
 1 0
 2 2
387 8 3
 0 1
 1 3
 2 1
388 6 3
 0 2
 1 3
 2 1
389 15 3
 0 2
 1 0
 2 3
390 10 3
 0 0
 1 0
 2 2
391 5 3
 0 1
 1 0
 2 1
392 10 3
 0 1
 1 2
 2 0
393 18 3
 0 0
 1 2
 2 1
394 4 3
 0 1
 1 2
 2 3
395 3 3
 0 2
 1 0
 2 1
396 7 3
 0 0
 1 1
 2 2
397 4 3
 0 2
 1 3
 2 3
398 13 3
 0 2
 1 0
 2 1
399 6 3
 0 2
 1 0
 2 3
400 20 3
 0 2
 1 3
 2 1
401 9 3
 0 2
 1 3
 2 3
402 1 3
 0 0
 1 0
 2 3
403 16 3
 0 3
 1 2
 2 1
404 11 3
 0 1
 1 0
 2 0
405 2 3
 0 0
 1 2
 2 0
406 8 3
 0 0
 1 3
 2 3
407 2 3
 0 0
 1 0
 2 2
408 12 3
 0 0
 1 0
 2 1
409 19 3
 0 3
 1 0
 2 0
410 1 3
 0 0
 1 3
 2 3
411 7 3
 0 0
 1 0
 2 1
412 10 3
 0 1
 1 1
 2 0
413 1 3
 0 1
 1 3
 2 1
414 11 3
 0 0
 1 1
 2 0
415 2 3
 0 3
 1 0
 2 1
416 17 3
 0 0
 1 0
 2 3
417 13 3
 0 2
 1 1
 2 0
418 14 3
 0 1
 1 0
 2 0
419 18 3
 0 1
 1 0
 2 0
420 19 3
 0 0
 1 3
 2 0
421 5 3
 0 1
 1 0
 2 0
422 13 3
 0 0
 1 0
 2 1
423 20 3
 0 3
 1 3
 2 2
424 5 3
 0 1
 1 2
 2 1
425 11 3
 0 2
 1 3
 2 2
426 4 3
 0 0
 1 2
 2 0
427 6 3
 0 0
 1 2
 2 2
428 4 3
 0 0
 1 0
 2 3
429 8 3
 0 1
 1 0
 2 1
430 11 3
 0 1
 1 1
 2 0
431 6 3
 0 0
 1 1
 2 3
432 16 3
 0 0
 1 3
 2 2
433 6 3
 0 2
 1 1
 2 3
434 18 3
 0 2
 1 1
 2 3
435 18 3
 0 0
 1 2
 2 1
436 10 3
 0 0
 1 0
 2 1
437 1 3
 0 3
 1 1
 2 1
438 10 3
 0 0
 1 3
 2 3
439 18 3
 0 2
 1 0
 2 2
440 2 3
 0 2
 1 2
 2 1
441 4 3
 0 2
 1 0
 2 3
442 8 3
 0 2
 1 0
 2 3
443 16 3
 0 1
 1 1
 2 3
444 2 3
 0 3
 1 0
 2 0
445 20 3
 0 2
 1 1
 2 0
446 7 3
 0 2
 1 3
 2 3
447 5 3
 0 0
 1 3
 2 0
448 3 3
 0 3
 1 2
 2 0
449 17 3
 0 1
 1 0
 2 0
450 17 3
 0 0
 1 1
 2 3
451 19 3
 0 0
 1 0
 2 1
452 4 3
 0 0
 1 1
 2 0
453 9 3
 0 2
 1 2
 2 2
454 13 3
 0 3
 1 0
 2 2
455 11 3
 0 0
 1 2
 2 0
456 12 3
 0 2
 1 2
 2 0
457 4 3
 0 0
 1 2
 2 0
458 15 3
 0 0
 1 3
 2 3
459 3 3
 0 1
 1 0
 2 2
460 17 3
 0 0
 1 0
 2 1
461 3 3
 0 3
 1 3
 2 0
462 1 3
 0 1
 1 0
 2 2
463 2 3
 0 0
 1 0
 2 2
464 0 3
 0 0
 1 0
 2 0

# PRECEDENCES
1045
0 1
0 31
0 61
0 91
0 121
0 151
0 181
0 211
0 241
0 271
0 301
0 331
0 361
0 391
0 421
0 451
1 2
1 31
2 3
2 32
3 4
3 33
4 5
4 34
5 6
5 35
5 36
6 7
6 36
6 37
7 8
7 37
7 38
8 9
8 38
8 39
9 10
9 39
10 11
10 40
11 12
11 41
11 42
12 13
12 42
13 14
13 43
14 15
14 44
14 45
15 16
15 45
16 17
16 46
17 18
17 47
17 48
18 19
18 48
19 20
19 49
19 50
20 21
20 50
21 22
21 51
22 23
22 52
22 53
23 24
23 53
24 25
24 54
24 55
25 26
25 55
26 27
26 56
27 28
27 57
27 58
28 29
28 58
28 59
29 30
29 59
30 60
30 464
31 32
31 61
32 33
32 62
33 34
33 63
34 35
34 64
35 36
35 65
36 37
36 66
37 38
37 67
38 39
38 68
39 40
39 69
40 41
40 70
41 42
41 71
42 43
42 72
43 44
43 73
44 45
44 74
45 46
45 75
46 47
46 76
46 77
47 48
47 77
47 78
48 49
48 78
49 50
49 79
50 51
50 80
51 52
51 81
52 53
52 82
52 83
53 54
53 83
53 84
54 55
54 84
54 85
55 56
55 85
55 86
56 57
56 86
57 58
57 87
58 59
58 88
58 89
59 60
59 89
59 90
60 90
60 464
61 62
61 91
62 63
62 92
63 64
63 93
63 94
64 65
64 94
65 66
65 95
66 67
66 96
67 68
67 97
67 98
68 69
68 98
69 70
69 99
70 71
70 100
71 72
71 101
72 73
72 102
73 74
73 103
74 75
74 104
75 76
75 105
75 106
76 77
76 106
77 78
77 107
78 79
78 108
79 80
79 109
80 81
80 110
81 82
81 111
82 83
82 112
83 84
83 113
84 85
84 114
84 115
85 86
85 115
85 116
86 87
86 116
87 88
87 117
87 118
88 89
88 118
89 90
89 119
90 120
90 464
91 92
91 121
92 93
92 122
92 123
93 94
93 123
94 95
94 124
94 125
95 96
95 125
96 97
96 126
96 127
97 98
97 127
98 99
98 128
99 100
99 129
99 130
100 101
100 130
101 102
101 131
101 132
102 103
102 132
103 104
103 133
103 134
104 105
104 134
105 106
105 135
105 136
106 107
106 136
107 108
107 137
108 109
108 138
109 110
109 139
110 111
110 140
111 112
111 141
111 142
112 113
112 142
112 143
113 114
113 143
113 144
114 115
114 144
115 116
115 145
116 117
116 146
117 118
117 147
118 119
118 148
119 120
119 149
120 150
120 464
121 122
121 151
122 123
122 152
123 124
123 153
123 154
124 125
124 154
124 155
125 126
125 155
125 156
126 127
126 156
126 157
127 128
127 157
128 129
128 158
129 130
129 159
129 160
130 131
130 160
131 132
131 161
132 133
132 162
132 163
133 134
133 163
134 135
134 164
135 136
135 165
135 166
136 137
136 166
137 138
137 167
138 139
138 168
138 169
139 140
139 169
139 170
140 141
140 170
141 142
141 171
142 143
142 172
143 144
143 173
144 145
144 174
145 146
145 175
145 176
146 147
146 176
147 148
147 177
148 149
148 178
148 179
149 150
149 179
150 180
150 464
151 152
151 181
152 153
152 182
153 154
153 183
153 184
154 155
154 184
155 156
155 185
156 157
156 186
157 158
157 187
158 159
158 188
159 160
159 189
160 161
160 190
161 162
161 191
162 163
162 192
163 164
163 193
163 194
164 165
164 194
165 166
165 195
166 167
166 196
167 168
167 197
168 169
168 198
169 170
169 199
170 171
170 200
171 172
171 201
171 202
172 173
172 202
173 174
173 203
174 175
174 204
175 176
175 205
176 177
176 206
177 178
177 207
177 208
178 179
178 208
179 180
179 209
180 210
180 464
181 182
181 211
181 212
182 183
182 212
183 184
183 213
183 214
184 185
184 214
185 186
185 215
186 187
186 216
187 188
187 217
187 218
188 189
188 218
189 190
189 219
189 220
190 191
190 220
190 221
191 192
191 221
192 193
192 222
193 194
193 223
194 195
194 224
195 196
195 225
195 226
196 197
196 226
196 227
197 198
197 227
198 199
198 228
198 229
199 200
199 229
200 201
200 230
201 202
201 231
202 203
202 232
203 204
203 233
204 205
204 234
205 206
205 235
206 207
206 236
206 237
207 208
207 237
207 238
208 209
208 238
209 210
209 239
210 240
210 464
211 212
211 241
212 213
212 242
213 214
213 243
214 215
214 244
215 216
215 245
216 217
216 246
217 218
217 247
218 219
218 248
218 249
219 220
219 249
219 250
220 221
220 250
220 251
221 222
221 251
221 252
222 223
222 252
222 253
223 224
223 253
224 225
224 254
225 226
225 255
225 256
226 227
226 256
226 257
227 228
227 257
228 229
228 258
229 230
229 259
230 231
230 260
231 232
231 261
231 262
232 233
232 262
232 263
233 234
233 263
233 264
234 235
234 264
234 265
235 236
235 265
235 266
236 237
236 266
236 267
237 238
237 267
238 239
238 268
238 269
239 240
239 269
240 270
240 464
241 242
241 271
242 243
242 272
243 244
243 273
243 274
244 245
244 274
245 246
245 275
246 247
246 276
247 248
247 277
248 249
248 278
249 250
249 279
250 251
250 280
250 281
251 252
251 281
251 282
252 253
252 282
253 254
253 283
254 255
254 284
255 256
255 285
256 257
256 286
256 287
257 258
257 287
258 259
258 288
258 289
259 260
259 289
259 290
260 261
260 290
261 262
261 291
262 263
262 292
263 264
263 293
263 294
264 265
264 294
265 266
265 295
266 267
266 296
267 268
267 297
267 298
268 269
268 298
269 270
269 299
270 300
270 464
271 272
271 301
272 273
272 302
273 274
273 303
274 275
274 304
275 276
275 305
276 277
276 306
277 278
277 307
278 279
278 308
279 280
279 309
279 310
280 281
280 310
280 311
281 282
281 311
282 283
282 312
282 313
283 284
283 313
283 314
284 285
284 314
284 315
285 286
285 315
285 316
286 287
286 316
287 288
287 317
288 289
288 318
288 319
289 290
289 319
289 320
290 291
290 320
291 292
291 321
292 293
292 322
293 294
293 323
294 295
294 324
295 296
295 325
296 297
296 326
297 298
297 327
298 299
298 328
299 300
299 329
300 330
300 464
301 302
301 331
302 303
302 332
303 304
303 333
304 305
304 334
305 306
305 335
305 336
306 307
306 336
306 337
307 308
307 337
308 309
308 338
309 310
309 339
310 311
310 340
310 341
311 312
311 341
311 342
312 313
312 342
313 314
313 343
314 315
314 344
315 316
315 345
316 317
316 346
317 318
317 347
317 348
318 319
318 348
318 349
319 320
319 349
320 321
320 350
321 322
321 351
321 352
322 323
322 352
322 353
323 324
323 353
324 325
324 354
325 326
325 355
326 327
326 356
327 328
327 357
328 329
328 358
329 330
329 359
329 360
330 360
330 464
331 332
331 361
331 362
332 333
332 362
333 334
333 363
334 335
334 364
335 336
335 365
336 337
336 366
336 367
337 338
337 367
338 339
338 368
339 340
339 369
340 341
340 370
340 371
341 342
341 371
342 343
342 372
343 344
343 373
344 345
344 374
345 346
345 375
346 347
346 376
347 348
347 377
347 378
348 349
348 378
349 350
349 379
350 351
350 380
351 352
351 381
352 353
352 382
353 354
353 383
354 355
354 384
355 356
355 385
356 357
356 386
357 358
357 387
358 359
358 388
359 360
359 389
360 390
360 464
361 362
361 391
362 363
362 392
362 393
363 364
363 393
364 365
364 394
365 366
365 395
366 367
366 396
367 368
367 397
367 398
368 369
368 398
369 370
369 399
370 371
370 400
371 372
371 401
372 373
372 402
372 403
373 374
373 403
374 375
374 404
375 376
375 405
375 406
376 377
376 406
376 407
377 378
377 407
378 379
378 408
379 380
379 409
379 410
380 381
380 410
381 382
381 411
382 383
382 412
383 384
383 413
383 414
384 385
384 414
385 386
385 415
386 387
386 416
387 388
387 417
388 389
388 418
388 419
389 390
389 419
390 420
390 464
391 392
391 421
392 393
392 422
392 423
393 394
393 423
394 395
394 424
395 396
395 425
396 397
396 426
397 398
397 427
398 399
398 428
399 400
399 429
399 430
400 401
400 430
401 402
401 431
402 403
402 432
403 404
403 433
404 405
404 434
405 406
405 435
405 436
406 407
406 436
406 437
407 408
407 437
408 409
408 438
409 410
409 439
410 411
410 440
410 441
411 412
411 441
412 413
412 442
413 414
413 443
414 415
414 444
415 416
415 445
416 417
416 446
417 418
417 447
417 448
418 419
418 448
419 420
419 449
420 450
420 464
421 422
421 451
421 452
422 423
422 452
423 424
423 453
423 454
424 425
424 454
425 426
425 455
426 427
426 456
427 428
427 457
428 429
428 458
429 430
429 459
430 431
430 460
431 432
431 461
432 433
432 462
432 463
433 434
433 463
434 435
435 436
436 437
437 438
438 439
439 440
440 441
441 442
442 443
443 444
444 445
445 446
446 447
447 448
448 449
449 450
450 464
451 452
451 464
452 453
452 464
453 454
453 464
454 455
454 464
455 456
455 464
456 457
456 464
457 458
457 464
458 459
458 464
459 460
459 464
460 461
460 464
461 462
461 464
462 463
462 464
463 464
