# Tier 7 (Very Large) - Instance 92
# Generated with config: N=416, K=3, topology=grid, calendar=random

# HEADER: <num_tasks> <num_types> <num_units>
418 3 24

# RESOURCE TYPES
# Format: <type_id> <num_units> <unit_id1> <unit_id2> ...
0 8 0 1 2 3 4 5 6 7
1 8 8 9 10 11 12 13 14 15
2 8 16 17 18 19 20 21 22 23

# RESOURCE UNITS (Calendars)
# Format: <unit_id> <num_steps> <t1> <v1> <t2> <v2> ...
0 21 0 100 91 0 97 100 192 0 214 100 347 0 358 100 527 0 538 100 833 0 837 100 1193 0 1204 100 1307 0 1313 100 1436 0 1454 100 1685 0 1703 100 2015 0 4053 0
1 21 0 100 346 0 375 100 662 0 691 100 927 0 955 100 1261 0 1281 100 1632 0 1636 100 1965 0 1980 100 2175 0 2184 100 2506 0 2530 100 2622 0 2645 100 2951 0 4053 0
2 21 0 0 14 100 307 0 316 100 391 0 394 100 679 0 709 100 879 0 886 100 983 0 998 100 1271 0 1290 100 1502 0 1519 100 1783 0 1810 100 2112 0 2134 100 4053 0
3 21 0 0 4 100 236 0 261 100 591 0 614 100 804 0 831 100 1001 0 1003 100 1203 0 1206 100 1397 0 1407 100 1716 0 1724 100 1963 0 1987 100 2120 0 2144 100 4053 0
4 21 0 0 16 100 120 0 123 100 346 0 352 100 483 0 488 100 836 0 857 100 931 0 934 100 1165 0 1191 100 1490 0 1511 100 1832 0 1851 100 2155 0 2159 100 4053 0
5 21 0 100 148 0 170 100 295 0 310 100 374 0 378 100 657 0 661 100 920 0 927 100 1085 0 1115 100 1417 0 1447 100 1695 0 1719 100 1985 0 1989 100 2082 0 4053 0
6 21 0 100 276 0 300 100 585 0 598 100 901 0 918 100 1187 0 1204 100 1524 0 1541 100 1773 0 1787 100 2004 0 2007 100 2204 0 2214 100 2577 0 2579 100 2750 0 4053 0
7 21 0 100 267 0 281 100 509 0 538 100 897 0 907 100 1072 0 1099 100 1382 0 1406 100 1667 0 1687 100 1988 0 1995 100 2198 0 2222 100 2377 0 2386 100 2698 0 4053 0
8 21 0 0 26 100 203 0 211 100 551 0 578 100 643 0 654 100 853 0 871 100 995 0 1011 100 1263 0 1292 100 1603 0 1630 100 1976 0 2003 100 2163 0 2172 100 4053 0
9 21 0 100 157 0 176 100 408 0 423 100 777 0 784 100 1007 0 1029 100 1309 0 1323 100 1618 0 1644 100 1816 0 1823 100 2151 0 2176 100 2383 0 2412 100 2643 0 4053 0
10 21 0 100 187 0 199 100 347 0 374 100 471 0 473 100 711 0 724 100 960 0 982 100 1121 0 1139 100 1404 0 1428 100 1774 0 1803 100 2050 0 2071 100 2266 0 4053 0
11 21 0 100 344 0 361 100 618 0 647 100 724 0 750 100 993 0 1014 100 1177 0 1190 100 1382 0 1405 100 1651 0 1669 100 1768 0 1775 100 1875 0 1897 100 1970 0 4053 0
12 21 0 100 150 0 154 100 377 0 401 100 728 0 732 100 879 0 908 100 1107 0 1124 100 1402 0 1430 100 1780 0 1789 100 2139 0 2147 100 2496 0 2517 100 2762 0 4053 0
13 21 0 100 211 0 237 100 561 0 570 100 817 0 830 100 1092 0 1119 100 1351 0 1363 100 1546 0 1556 100 1782 0 1795 100 2031 0 2047 100 2354 0 2370 100 2552 0 4053 0
14 21 0 100 214 0 219 100 400 0 418 100 586 0 597 100 752 0 762 100 938 0 967 100 1041 0 1050 100 1405 0 1422 100 1765 0 1780 100 1861 0 1884 100 2225 0 4053 0
15 21 0 100 229 0 250 100 605 0 629 100 788 0 815 100 1103 0 1119 100 1412 0 1421 100 1630 0 1645 100 1732 0 1743 100 2047 0 2055 100 2396 0 2422 100 2750 0 4053 0
16 21 0 100 199 0 224 100 571 0 582 100 912 0 927 100 1241 0 1243 100 1376 0 1396 100 1520 0 1539 100 1743 0 1758 100 1888 0 1916 100 2083 0 2090 100 2328 0 4053 0
17 21 0 0 6 100 138 0 151 100 346 0 352 100 453 0 470 100 713 0 738 100 1036 0 1053 100 1153 0 1172 100 1452 0 1455 100 1776 0 1786 100 1954 0 1976 100 4053 0
18 21 0 100 227 0 237 100 398 0 414 100 725 0 751 100 900 0 922 100 1096 0 1114 100 1408 0 1423 100 1585 0 1612 100 1843 0 1871 100 1982 0 2001 100 2119 0 4053 0
19 21 0 0 26 100 180 0 196 100 287 0 304 100 566 0 592 100 775 0 780 100 944 0 968 100 1078 0 1086 100 1194 0 1208 100 1551 0 1568 100 1746 0 1748 100 4053 0
20 21 0 0 24 100 218 0 245 100 464 0 481 100 549 0 579 100 783 0 797 100 950 0 968 100 1131 0 1161 100 1524 0 1553 100 1780 0 1792 100 1906 0 1913 100 4053 0
21 21 0 0 16 100 352 0 362 100 473 0 486 100 563 0 584 100 761 0 766 100 935 0 964 100 1116 0 1142 100 1306 0 1336 100 1408 0 1416 100 1633 0 1644 100 4053 0
22 21 0 0 23 100 173 0 197 100 417 0 442 100 725 0 738 100 831 0 849 100 949 0 956 100 1296 0 1309 100 1410 0 1421 100 1729 0 1746 100 2026 0 2044 100 4053 0
23 21 0 0 29 100 247 0 252 100 565 0 577 100 904 0 913 100 1008 0 1015 100 1186 0 1192 100 1313 0 1338 100 1463 0 1493 100 1732 0 1748 100 1972 0 1997 100 4053 0

# TASKS
# Format: <task_id> <size> <num_reqs>
# Then for each requirement: <type_id> <qty>
0 0 3
 0 0
 1 0
 2 0
1 16 3
 0 3
 1 0
 2 2
2 17 3
 0 1
 1 1
 2 0
3 14 3
 0 0
 1 1
 2 3
4 15 3
 0 2
 1 1
 2 2
5 10 3
 0 0
 1 0
 2 3
6 6 3
 0 0
 1 2
 2 3
7 2 3
 0 2
 1 2
 2 1
8 11 3
 0 0
 1 1
 2 2
9 1 3
 0 2
 1 2
 2 2
10 10 3
 0 1
 1 3
 2 0
11 16 3
 0 1
 1 2
 2 1
12 10 3
 0 1
 1 2
 2 1
13 19 3
 0 0
 1 3
 2 3
14 18 3
 0 1
 1 0
 2 0
15 7 3
 0 2
 1 2
 2 1
16 4 3
 0 2
 1 0
 2 0
17 20 3
 0 0
 1 1
 2 0
18 6 3
 0 1
 1 1
 2 0
19 2 3
 0 1
 1 0
 2 0
20 7 3
 0 0
 1 1
 2 0
21 2 3
 0 3
 1 0
 2 2
22 10 3
 0 3
 1 0
 2 1
23 4 3
 0 2
 1 2
 2 3
24 12 3
 0 3
 1 1
 2 1
25 18 3
 0 3
 1 2
 2 2
26 7 3
 0 3
 1 0
 2 0
27 19 3
 0 0
 1 1
 2 0
28 9 3
 0 3
 1 0
 2 0
29 2 3
 0 1
 1 3
 2 0
30 19 3
 0 1
 1 1
 2 0
31 8 3
 0 2
 1 0
 2 0
32 13 3
 0 0
 1 0
 2 3
33 16 3
 0 3
 1 1
 2 2
34 6 3
 0 0
 1 2
 2 2
35 14 3
 0 3
 1 0
 2 1
36 15 3
 0 0
 1 2
 2 1
37 17 3
 0 2
 1 1
 2 0
38 3 3
 0 0
 1 1
 2 3
39 7 3
 0 1
 1 0
 2 0
40 13 3
 0 1
 1 3
 2 0
41 8 3
 0 1
 1 1
 2 2
42 15 3
 0 0
 1 2
 2 1
43 2 3
 0 1
 1 3
 2 0
44 3 3
 0 3
 1 0
 2 1
45 6 3
 0 0
 1 1
 2 3
46 2 3
 0 2
 1 3
 2 0
47 1 3
 0 0
 1 3
 2 1
48 5 3
 0 2
 1 3
 2 0
49 7 3
 0 0
 1 0
 2 1
50 9 3
 0 2
 1 0
 2 0
51 19 3
 0 3
 1 3
 2 0
52 15 3
 0 1
 1 1
 2 0
53 13 3
 0 0
 1 1
 2 2
54 15 3
 0 1
 1 3
 2 2
55 5 3
 0 3
 1 3
 2 3
56 4 3
 0 1
 1 3
 2 2
57 20 3
 0 2
 1 2
 2 2
58 6 3
 0 2
 1 0
 2 2
59 3 3
 0 0
 1 3
 2 0
60 13 3
 0 1
 1 0
 2 0
61 15 3
 0 3
 1 0
 2 3
62 9 3
 0 0
 1 1
 2 1
63 20 3
 0 0
 1 0
 2 1
64 3 3
 0 0
 1 3
 2 0
65 5 3
 0 1
 1 3
 2 0
66 8 3
 0 3
 1 2
 2 1
67 7 3
 0 0
 1 1
 2 0
68 17 3
 0 0
 1 2
 2 0
69 19 3
 0 1
 1 0
 2 0
70 10 3
 0 3
 1 2
 2 1
71 12 3
 0 2
 1 0
 2 0
72 8 3
 0 1
 1 0
 2 2
73 10 3
 0 3
 1 0
 2 0
74 8 3
 0 0
 1 3
 2 2
75 13 3
 0 2
 1 1
 2 3
76 9 3
 0 3
 1 0
 2 0
77 17 3
 0 2
 1 1
 2 0
78 16 3
 0 0
 1 1
 2 0
79 1 3
 0 1
 1 2
 2 2
80 2 3
 0 0
 1 1
 2 0
81 8 3
 0 0
 1 1
 2 0
82 15 3
 0 2
 1 2
 2 1
83 12 3
 0 0
 1 0
 2 3
84 19 3
 0 3
 1 0
 2 0
85 14 3
 0 0
 1 3
 2 3
86 1 3
 0 0
 1 0
 2 2
87 5 3
 0 0
 1 1
 2 0
88 9 3
 0 2
 1 3
 2 1
89 6 3
 0 1
 1 0
 2 0
90 4 3
 0 3
 1 2
 2 0
91 2 3
 0 1
 1 1
 2 3
92 5 3
 0 0
 1 0
 2 1
93 11 3
 0 3
 1 1
 2 0
94 2 3
 0 0
 1 0
 2 1
95 19 3
 0 3
 1 0
 2 0
96 15 3
 0 1
 1 2
 2 3
97 15 3
 0 2
 1 1
 2 0
98 18 3
 0 2
 1 2
 2 2
99 2 3
 0 1
 1 0
 2 3
100 13 3
 0 0
 1 0
 2 3
101 5 3
 0 2
 1 1
 2 3
102 3 3
 0 0
 1 0
 2 1
103 18 3
 0 0
 1 1
 2 2
104 18 3
 0 2
 1 1
 2 1
105 15 3
 0 1
 1 0
 2 0
106 12 3
 0 3
 1 0
 2 1
107 14 3
 0 0
 1 1
 2 0
108 20 3
 0 2
 1 1
 2 0
109 11 3
 0 3
 1 2
 2 0
110 19 3
 0 0
 1 3
 2 1
111 6 3
 0 1
 1 0
 2 0
112 2 3
 0 3
 1 1
 2 0
113 19 3
 0 0
 1 2
 2 0
114 16 3
 0 0
 1 1
 2 1
115 6 3
 0 0
 1 3
 2 0
116 5 3
 0 1
 1 0
 2 0
117 13 3
 0 3
 1 0
 2 2
118 2 3
 0 3
 1 1
 2 3
119 14 3
 0 2
 1 1
 2 0
120 1 3
 0 0
 1 1
 2 2
121 19 3
 0 3
 1 1
 2 0
122 5 3
 0 3
 1 2
 2 2
123 20 3
 0 1
 1 3
 2 0
124 8 3
 0 2
 1 0
 2 0
125 16 3
 0 3
 1 1
 2 2
126 16 3
 0 1
 1 2
 2 1
127 12 3
 0 2
 1 0
 2 2
128 5 3
 0 0
 1 0
 2 3
129 1 3
 0 3
 1 3
 2 1
130 6 3
 0 3
 1 3
 2 0
131 1 3
 0 2
 1 2
 2 0
132 18 3
 0 1
 1 1
 2 3
133 11 3
 0 1
 1 2
 2 0
134 15 3
 0 0
 1 0
 2 2
135 1 3
 0 1
 1 3
 2 2
136 6 3
 0 3
 1 0
 2 0
137 11 3
 0 2
 1 1
 2 0
138 8 3
 0 2
 1 1
 2 0
139 1 3
 0 0
 1 1
 2 0
140 16 3
 0 0
 1 1
 2 1
141 16 3
 0 0
 1 2
 2 0
142 6 3
 0 1
 1 2
 2 0
143 18 3
 0 0
 1 1
 2 0
144 8 3
 0 0
 1 0
 2 1
145 18 3
 0 1
 1 0
 2 0
146 2 3
 0 3
 1 1
 2 2
147 3 3
 0 1
 1 3
 2 3
148 11 3
 0 0
 1 3
 2 3
149 6 3
 0 0
 1 3
 2 0
150 5 3
 0 2
 1 3
 2 3
151 7 3
 0 0
 1 0
 2 1
152 7 3
 0 1
 1 0
 2 0
153 14 3
 0 0
 1 1
 2 2
154 20 3
 0 0
 1 0
 2 1
155 3 3
 0 1
 1 2
 2 2
156 12 3
 0 1
 1 0
 2 0
157 2 3
 0 0
 1 1
 2 3
158 1 3
 0 1
 1 0
 2 0
159 14 3
 0 0
 1 2
 2 3
160 14 3
 0 0
 1 2
 2 3
161 10 3
 0 1
 1 0
 2 0
162 10 3
 0 2
 1 3
 2 2
163 14 3
 0 3
 1 0
 2 2
164 20 3
 0 0
 1 1
 2 0
165 13 3
 0 0
 1 2
 2 0
166 17 3
 0 3
 1 2
 2 2
167 19 3
 0 0
 1 0
 2 3
168 6 3
 0 0
 1 2
 2 0
169 5 3
 0 0
 1 0
 2 1
170 18 3
 0 1
 1 2
 2 0
171 4 3
 0 1
 1 0
 2 0
172 6 3
 0 3
 1 3
 2 2
173 15 3
 0 0
 1 0
 2 1
174 15 3
 0 3
 1 0
 2 2
175 6 3
 0 3
 1 1
 2 2
176 4 3
 0 2
 1 0
 2 1
177 4 3
 0 1
 1 2
 2 2
178 10 3
 0 2
 1 1
 2 3
179 1 3
 0 2
 1 0
 2 1
180 8 3
 0 0
 1 3
 2 1
181 19 3
 0 3
 1 2
 2 0
182 18 3
 0 2
 1 3
 2 1
183 2 3
 0 2
 1 0
 2 1
184 11 3
 0 0
 1 2
 2 1
185 3 3
 0 2
 1 0
 2 0
186 20 3
 0 0
 1 0
 2 2
187 7 3
 0 1
 1 3
 2 0
188 16 3
 0 1
 1 0
 2 2
189 12 3
 0 2
 1 0
 2 1
190 3 3
 0 3
 1 1
 2 0
191 13 3
 0 0
 1 0
 2 3
192 15 3
 0 1
 1 1
 2 0
193 17 3
 0 2
 1 2
 2 2
194 15 3
 0 3
 1 3
 2 0
195 8 3
 0 0
 1 0
 2 1
196 3 3
 0 0
 1 1
 2 0
197 14 3
 0 1
 1 1
 2 3
198 16 3
 0 1
 1 3
 2 3
199 11 3
 0 0
 1 0
 2 3
200 3 3
 0 0
 1 0
 2 1
201 4 3
 0 0
 1 3
 2 3
202 13 3
 0 1
 1 0
 2 0
203 15 3
 0 3
 1 0
 2 0
204 5 3
 0 1
 1 0
 2 2
205 1 3
 0 1
 1 0
 2 3
206 6 3
 0 3
 1 0
 2 2
207 6 3
 0 0
 1 0
 2 1
208 19 3
 0 1
 1 0
 2 0
209 12 3
 0 1
 1 1
 2 1
210 3 3
 0 0
 1 0
 2 1
211 17 3
 0 3
 1 1
 2 1
212 11 3
 0 1
 1 2
 2 0
213 8 3
 0 1
 1 1
 2 0
214 3 3
 0 0
 1 3
 2 0
215 9 3
 0 1
 1 1
 2 2
216 16 3
 0 0
 1 2
 2 0
217 6 3
 0 3
 1 1
 2 3
218 19 3
 0 3
 1 1
 2 0
219 3 3
 0 0
 1 1
 2 0
220 12 3
 0 0
 1 0
 2 1
221 11 3
 0 1
 1 1
 2 0
222 20 3
 0 1
 1 1
 2 0
223 3 3
 0 2
 1 3
 2 2
224 7 3
 0 0
 1 3
 2 3
225 9 3
 0 0
 1 1
 2 0
226 16 3
 0 2
 1 0
 2 1
227 9 3
 0 1
 1 2
 2 1
228 2 3
 0 0
 1 3
 2 2
229 1 3
 0 1
 1 0
 2 1
230 20 3
 0 1
 1 0
 2 2
231 11 3
 0 0
 1 3
 2 0
232 5 3
 0 1
 1 1
 2 1
233 10 3
 0 2
 1 0
 2 2
234 11 3
 0 3
 1 0
 2 3
235 9 3
 0 1
 1 0
 2 0
236 10 3
 0 1
 1 1
 2 3
237 14 3
 0 1
 1 2
 2 1
238 6 3
 0 1
 1 0
 2 1
239 9 3
 0 1
 1 3
 2 0
240 7 3
 0 1
 1 0
 2 2
241 19 3
 0 0
 1 1
 2 0
242 10 3
 0 3
 1 3
 2 0
243 15 3
 0 1
 1 1
 2 2
244 16 3
 0 0
 1 0
 2 2
245 17 3
 0 2
 1 3
 2 0
246 9 3
 0 3
 1 0
 2 0
247 16 3
 0 1
 1 0
 2 0
248 6 3
 0 0
 1 2
 2 2
249 6 3
 0 0
 1 2
 2 1
250 8 3
 0 2
 1 0
 2 2
251 12 3
 0 0
 1 3
 2 0
252 13 3
 0 1
 1 2
 2 0
253 17 3
 0 0
 1 3
 2 3
254 19 3
 0 0
 1 0
 2 1
255 11 3
 0 2
 1 0
 2 3
256 18 3
 0 3
 1 2
 2 0
257 8 3
 0 0
 1 0
 2 2
258 16 3
 0 0
 1 2
 2 0
259 4 3
 0 3
 1 1
 2 3
260 8 3
 0 2
 1 0
 2 2
261 19 3
 0 3
 1 0
 2 1
262 10 3
 0 0
 1 2
 2 0
263 16 3
 0 0
 1 1
 2 1
264 19 3
 0 1
 1 1
 2 2
265 1 3
 0 3
 1 0
 2 1
266 6 3
 0 3
 1 3
 2 2
267 19 3
 0 2
 1 0
 2 0
268 6 3
 0 1
 1 0
 2 0
269 8 3
 0 1
 1 0
 2 0
270 8 3
 0 0
 1 2
 2 0
271 17 3
 0 0
 1 2
 2 0
272 10 3
 0 0
 1 3
 2 0
273 6 3
 0 0
 1 0
 2 1
274 8 3
 0 0
 1 1
 2 0
275 2 3
 0 0
 1 1
 2 1
276 3 3
 0 3
 1 0
 2 0
277 4 3
 0 3
 1 0
 2 0
278 3 3
 0 2
 1 3
 2 0
279 7 3
 0 1
 1 3
 2 3
280 2 3
 0 2
 1 3
 2 0
281 9 3
 0 1
 1 1
 2 0
282 12 3
 0 0
 1 3
 2 0
283 14 3
 0 0
 1 0
 2 2
284 6 3
 0 2
 1 0
 2 1
285 20 3
 0 1
 1 1
 2 0
286 8 3
 0 2
 1 3
 2 1
287 7 3
 0 0
 1 2
 2 0
288 17 3
 0 1
 1 2
 2 0
289 3 3
 0 0
 1 1
 2 0
290 2 3
 0 0
 1 0
 2 2
291 14 3
 0 3
 1 3
 2 0
292 20 3
 0 2
 1 0
 2 1
293 12 3
 0 0
 1 3
 2 2
294 12 3
 0 1
 1 1
 2 0
295 12 3
 0 0
 1 3
 2 0
296 10 3
 0 0
 1 2
 2 3
297 16 3
 0 3
 1 3
 2 2
298 9 3
 0 3
 1 0
 2 0
299 5 3
 0 3
 1 0
 2 0
300 19 3
 0 0
 1 0
 2 1
301 9 3
 0 3
 1 3
 2 3
302 9 3
 0 2
 1 1
 2 0
303 1 3
 0 0
 1 3
 2 2
304 20 3
 0 1
 1 1
 2 2
305 2 3
 0 1
 1 3
 2 3
306 17 3
 0 3
 1 0
 2 2
307 13 3
 0 3
 1 2
 2 2
308 20 3
 0 1
 1 3
 2 1
309 2 3
 0 0
 1 0
 2 1
310 14 3
 0 3
 1 0
 2 1
311 20 3
 0 0
 1 3
 2 0
312 2 3
 0 1
 1 0
 2 0
313 6 3
 0 1
 1 2
 2 2
314 3 3
 0 3
 1 0
 2 0
315 1 3
 0 2
 1 1
 2 3
316 12 3
 0 0
 1 0
 2 2
317 12 3
 0 3
 1 3
 2 3
318 16 3
 0 2
 1 3
 2 1
319 17 3
 0 0
 1 2
 2 2
320 20 3
 0 0
 1 3
 2 0
321 17 3
 0 0
 1 0
 2 2
322 4 3
 0 3
 1 0
 2 0
323 10 3
 0 3
 1 0
 2 1
324 16 3
 0 3
 1 2
 2 1
325 16 3
 0 0
 1 1
 2 3
326 20 3
 0 3
 1 2
 2 0
327 18 3
 0 0
 1 0
 2 1
328 16 3
 0 2
 1 2
 2 0
329 11 3
 0 0
 1 0
 2 1
330 14 3
 0 1
 1 2
 2 0
331 8 3
 0 3
 1 2
 2 0
332 1 3
 0 0
 1 1
 2 3
333 12 3
 0 0
 1 0
 2 2
334 15 3
 0 1
 1 0
 2 0
335 9 3
 0 0
 1 3
 2 0
336 16 3
 0 0
 1 1
 2 0
337 6 3
 0 0
 1 1
 2 0
338 2 3
 0 1
 1 0
 2 0
339 3 3
 0 3
 1 1
 2 1
340 8 3
 0 1
 1 1
 2 3
341 3 3
 0 1
 1 0
 2 0
342 13 3
 0 0
 1 0
 2 1
343 20 3
 0 0
 1 1
 2 0
344 11 3
 0 0
 1 0
 2 1
345 5 3
 0 3
 1 0
 2 1
346 8 3
 0 0
 1 3
 2 2
347 19 3
 0 0
 1 1
 2 0
348 7 3
 0 1
 1 0
 2 0
349 12 3
 0 0
 1 3
 2 0
350 4 3
 0 3
 1 1
 2 0
351 5 3
 0 0
 1 3
 2 1
352 10 3
 0 1
 1 0
 2 0
353 19 3
 0 1
 1 3
 2 0
354 15 3
 0 2
 1 0
 2 0
355 1 3
 0 1
 1 1
 2 0
356 6 3
 0 0
 1 1
 2 1
357 15 3
 0 3
 1 1
 2 3
358 4 3
 0 0
 1 1
 2 0
359 9 3
 0 2
 1 2
 2 0
360 11 3
 0 1
 1 0
 2 0
361 13 3
 0 3
 1 0
 2 1
362 15 3
 0 0
 1 0
 2 1
363 13 3
 0 0
 1 2
 2 0
364 4 3
 0 0
 1 2
 2 0
365 18 3
 0 0
 1 3
 2 0
366 16 3
 0 0
 1 2
 2 1
367 1 3
 0 2
 1 2
 2 2
368 5 3
 0 0
 1 2
 2 0
369 17 3
 0 3
 1 0
 2 2
370 11 3
 0 0
 1 3
 2 0
371 5 3
 0 2
 1 1
 2 0
372 13 3
 0 2
 1 1
 2 2
373 9 3
 0 0
 1 3
 2 1
374 2 3
 0 2
 1 2
 2 2
375 15 3
 0 1
 1 1
 2 2
376 10 3
 0 3
 1 3
 2 2
377 3 3
 0 2
 1 0
 2 0
378 7 3
 0 1
 1 1
 2 1
379 18 3
 0 0
 1 0
 2 3
380 12 3
 0 0
 1 1
 2 0
381 13 3
 0 2
 1 2
 2 0
382 4 3
 0 0
 1 0
 2 2
383 4 3
 0 3
 1 0
 2 0
384 11 3
 0 3
 1 3
 2 3
385 4 3
 0 0
 1 1
 2 3
386 8 3
 0 3
 1 0
 2 3
387 11 3
 0 0
 1 0
 2 2
388 11 3
 0 0
 1 2
 2 0
389 18 3
 0 1
 1 3
 2 0
390 8 3
 0 1
 1 0
 2 0
391 9 3
 0 1
 1 0
 2 3
392 7 3
 0 2
 1 1
 2 0
393 17 3
 0 2
 1 0
 2 0
394 1 3
 0 3
 1 0
 2 1
395 8 3
 0 2
 1 1
 2 0
396 14 3
 0 1
 1 0
 2 0
397 17 3
 0 1
 1 3
 2 2
398 19 3
 0 0
 1 2
 2 0
399 16 3
 0 0
 1 0
 2 1
400 10 3
 0 0
 1 0
 2 1
401 10 3
 0 3
 1 0
 2 0
402 10 3
 0 0
 1 0
 2 1
403 8 3
 0 0
 1 2
 2 0
404 4 3
 0 2
 1 1
 2 1
405 1 3
 0 2
 1 1
 2 2
406 18 3
 0 0
 1 3
 2 2
407 10 3
 0 0
 1 2
 2 3
408 15 3
 0 0
 1 3
 2 1
409 6 3
 0 0
 1 3
 2 2
410 6 3
 0 0
 1 2
 2 1
411 17 3
 0 3
 1 0
 2 0
412 20 3
 0 0
 1 2
 2 0
413 12 3
 0 3
 1 0
 2 2
414 12 3
 0 3
 1 0
 2 3
415 5 3
 0 3
 1 1
 2 0
416 3 3
 0 3
 1 0
 2 0
417 0 3
 0 0
 1 0
 2 0

# PRECEDENCES
952
0 1
0 29
0 57
0 85
0 113
0 141
0 169
0 197
0 225
0 253
0 281
0 309
0 337
0 365
0 393
1 2
1 29
2 3
2 30
3 4
3 31
4 5
4 32
5 6
5 33
6 7
6 34
6 35
7 8
7 35
8 9
8 36
9 10
9 37
10 11
10 38
11 12
11 39
12 13
12 40
13 14
13 41
14 15
14 42
15 16
15 43
16 17
16 44
17 18
17 45
18 19
18 46
19 20
19 47
19 48
20 21
20 48
20 49
21 22
21 49
21 50
22 23
22 50
22 51
23 24
23 51
23 52
24 25
24 52
25 26
25 53
26 27
26 54
26 55
27 28
27 55
28 56
28 417
29 30
29 57
30 31
30 58
31 32
31 59
32 33
32 60
33 34
33 61
33 62
34 35
34 62
35 36
35 63
36 37
36 64
36 65
37 38
37 65
38 39
38 66
39 40
39 67
40 41
40 68
41 42
41 69
42 43
42 70
43 44
43 71
43 72
44 45
44 72
44 73
45 46
45 73
45 74
46 47
46 74
47 48
47 75
47 76
48 49
48 76
49 50
49 77
50 51
50 78
51 52
51 79
52 53
52 80
53 54
53 81
54 55
54 82
54 83
55 56
55 83
55 84
56 84
56 417
57 58
57 85
57 86
58 59
58 86
58 87
59 60
59 87
60 61
60 88
60 89
61 62
61 89
62 63
62 90
63 64
63 91
64 65
64 92
65 66
65 93
66 67
66 94
66 95
67 68
67 95
68 69
68 96
69 70
69 97
70 71
70 98
71 72
71 99
71 100
72 73
72 100
73 74
73 101
74 75
74 102
75 76
75 103
76 77
76 104
77 78
77 105
77 106
78 79
78 106
79 80
79 107
80 81
80 108
81 82
81 109
82 83
82 110
82 111
83 84
83 111
84 112
84 417
85 86
85 113
86 87
86 114
87 88
87 115
87 116
88 89
88 116
88 117
89 90
89 117
90 91
90 118
91 92
91 119
92 93
92 120
93 94
93 121
94 95
94 122
95 96
95 123
96 97
96 124
97 98
97 125
97 126
98 99
98 126
99 100
99 127
100 101
100 128
101 102
101 129
102 103
102 130
102 131
103 104
103 131
104 105
104 132
104 133
105 106
105 133
105 134
106 107
106 134
107 108
107 135
108 109
108 136
109 110
109 137
109 138
110 111
110 138
111 112
111 139
111 140
112 140
112 417
113 114
113 141
114 115
114 142
114 143
115 116
115 143
116 117
116 144
117 118
117 145
118 119
118 146
119 120
119 147
119 148
120 121
120 148
120 149
121 122
121 149
121 150
122 123
122 150
123 124
123 151
123 152
124 125
124 152
125 126
125 153
126 127
126 154
127 128
127 155
128 129
128 156
129 130
129 157
130 131
130 158
131 132
131 159
131 160
132 133
132 160
133 134
133 161
134 135
134 162
134 163
135 136
135 163
136 137
136 164
137 138
137 165
137 166
138 139
138 166
138 167
139 140
139 167
140 168
140 417
141 142
141 169
142 143
142 170
143 144
143 171
144 145
144 172
145 146
145 173
146 147
146 174
147 148
147 175
147 176
148 149
148 176
149 150
149 177
150 151
150 178
150 179
151 152
151 179
152 153
152 180
152 181
153 154
153 181
153 182
154 155
154 182
155 156
155 183
155 184
156 157
156 184
157 158
157 185
157 186
158 159
158 186
159 160
159 187
160 161
160 188
160 189
161 162
161 189
162 163
162 190
163 164
163 191
164 165
164 192
165 166
165 193
166 167
166 194
166 195
167 168
167 195
168 196
168 417
169 170
169 197
170 171
170 198
171 172
171 199
172 173
172 200
173 174
173 201
174 175
174 202
174 203
175 176
175 203
175 204
176 177
176 204
177 178
177 205
178 179
178 206
179 180
179 207
180 181
180 208
180 209
181 182
181 209
181 210
182 183
182 210
182 211
183 184
183 211
184 185
184 212
185 186
185 213
185 214
186 187
186 214
186 215
187 188
187 215
187 216
188 189
188 216
189 190
189 217
190 191
190 218
191 192
191 219
192 193
192 220
193 194
193 221
194 195
194 222
194 223
195 196
195 223
196 224
196 417
197 198
197 225
198 199
198 226
199 200
199 227
200 201
200 228
201 202
201 229
201 230
202 203
202 230
203 204
203 231
204 205
204 232
205 206
205 233
205 234
206 207
206 234
207 208
207 235
208 209
208 236
208 237
209 210
209 237
210 211
210 238
211 212
211 239
212 213
212 240
213 214
213 241
214 215
214 242
214 243
215 216
215 243
215 244
216 217
216 244
217 218
217 245
218 219
218 246
219 220
219 247
220 221
220 248
220 249
221 222
221 249
221 250
222 223
222 250
222 251
223 224
223 251
224 252
224 417
225 226
225 253
226 227
226 254
227 228
227 255
228 229
228 256
229 230
229 257
230 231
230 258
231 232
231 259
231 260
232 233
232 260
233 234
233 261
234 235
234 262
234 263
235 236
235 263
236 237
236 264
236 265
237 238
237 265
238 239
238 266
239 240
239 267
240 241
240 268
240 269
241 242
241 269
242 243
242 270
243 244
243 271
243 272
244 245
244 272
245 246
245 273
246 247
246 274
247 248
247 275
248 249
248 276
249 250
249 277
250 251
250 278
251 252
251 279
251 280
252 280
252 417
253 254
253 281
254 255
254 282
255 256
255 283
256 257
256 284
256 285
257 258
257 285
258 259
258 286
259 260
259 287
259 288
260 261
260 288
261 262
261 289
262 263
262 290
263 264
263 291
264 265
264 292
265 266
265 293
266 267
266 294
267 268
267 295
268 269
268 296
269 270
269 297
269 298
270 271
270 298
271 272
271 299
272 273
272 300
273 274
273 301
274 275
274 302
274 303
275 276
275 303
275 304
276 277
276 304
276 305
277 278
277 305
278 279
278 306
279 280
279 307
280 308
280 417
281 282
281 309
281 310
282 283
282 310
282 311
283 284
283 311
284 285
284 312
285 286
285 313
286 287
286 314
287 288
287 315
287 316
288 289
288 316
289 290
289 317
289 318
290 291
290 318
291 292
291 319
292 293
292 320
293 294
293 321
294 295
294 322
295 296
295 323
295 324
296 297
296 324
297 298
297 325
298 299
298 326
299 300
299 327
300 301
300 328
301 302
301 329
302 303
302 330
303 304
303 331
304 305
304 332
305 306
305 333
306 307
306 334
307 308
307 335
308 336
308 417
309 310
309 337
310 311
310 338
311 312
311 339
311 340
312 313
312 340
313 314
313 341
314 315
314 342
314 343
315 316
315 343
315 344
316 317
316 344
316 345
317 318
317 345
318 319
318 346
319 320
319 347
319 348
320 321
320 348
321 322
321 349
322 323
322 350
323 324
323 351
324 325
324 352
325 326
325 353
326 327
326 354
327 328
327 355
328 329
328 356
329 330
329 357
330 331
330 358
331 332
331 359
332 333
332 360
333 334
333 361
333 362
334 335
334 362
335 336
335 363
335 364
336 364
336 417
337 338
337 365
338 339
338 366
338 367
339 340
339 367
340 341
340 368
341 342
341 369
342 343
342 370
342 371
343 344
343 371
343 372
344 345
344 372
345 346
345 373
345 374
346 347
346 374
347 348
347 375
348 349
348 376
348 377
349 350
349 377
349 378
350 351
350 378
351 352
351 379
352 353
352 380
353 354
353 381
354 355
354 382
355 356
355 383
355 384
356 357
356 384
356 385
357 358
357 385
357 386
358 359
358 386
358 387
359 360
359 387
360 361
360 388
360 389
361 362
361 389
361 390
362 363
362 390
363 364
363 391
364 392
364 417
365 366
365 393
366 367
366 394
367 368
367 395
367 396
368 369
368 396
368 397
369 370
369 397
370 371
370 398
371 372
371 399
372 373
372 400
373 374
373 401
374 375
374 402
375 376
375 403
375 404
376 377
376 404
376 405
377 378
377 405
378 379
378 406
379 380
379 407
380 381
380 408
380 409
381 382
381 409
381 410
382 383
382 410
382 411
383 384
383 411
384 385
384 412
384 413
385 386
385 413
385 414
386 387
386 414
386 415
387 388
387 415
388 389
388 416
389 390
390 391
391 392
392 417
393 394
393 417
394 395
394 417
395 396
395 417
396 397
396 417
397 398
397 417
398 399
398 417
399 400
399 417
400 401
400 417
401 402
401 417
402 403
402 417
403 404
403 417
404 405
404 417
405 406
405 417
406 407
406 417
407 408
407 417
408 409
408 417
409 410
409 417
410 411
410 417
411 412
411 417
412 413
412 417
413 414
413 417
414 415
414 417
415 416
415 417
416 417
