# Tier 7 (Very Large) - Instance 74
# Generated with config: N=405, K=4, topology=random_dag, calendar=staggered

# HEADER: <num_tasks> <num_types> <num_units>
407 4 24

# RESOURCE TYPES
# Format: <type_id> <num_units> <unit_id1> <unit_id2> ...
0 6 0 1 2 3 4 5
1 5 6 7 8 9 10
2 5 11 12 13 14 15
3 8 16 17 18 19 20 21 22 23

# RESOURCE UNITS (Calendars)
# Format: <unit_id> <num_steps> <t1> <v1> <t2> <v2> ...
0 28 0 100 1 0 32 100 270 0 302 100 538 0 570 100 805 0 834 100 1072 0 1102 100 1340 0 1370 100 1606 0 1637 100 1875 0 1904 100 2140 0 2170 100 2410 0 2441 100 2680 0 2710 100 2950 0 2979 100 3216 0 3244 100 3756 0
1 28 0 100 11 0 53 100 280 0 320 100 546 0 588 100 816 0 858 100 1085 0 1126 100 1352 0 1392 100 1619 0 1661 100 1886 0 1927 100 2150 0 2191 100 2415 0 2455 100 2682 0 2724 100 2948 0 2991 100 3220 0 3261 100 3756 0
2 28 0 100 23 0 50 100 291 0 315 100 557 0 584 100 828 0 855 100 1094 0 1119 100 1360 0 1387 100 1627 0 1653 100 1896 0 1920 100 2163 0 2190 100 2434 0 2459 100 2703 0 2731 100 2971 0 2999 100 3240 0 3266 100 3756 0
3 28 0 100 35 0 84 100 303 0 351 100 568 0 618 100 839 0 887 100 1108 0 1155 100 1375 0 1424 100 1644 0 1692 100 1909 0 1956 100 2175 0 2223 100 2442 0 2488 100 2710 0 2757 100 2978 0 3027 100 3244 0 3291 100 3756 0
4 28 0 100 45 0 87 100 313 0 357 100 582 0 623 100 846 0 888 100 1112 0 1157 100 1381 0 1423 100 1647 0 1688 100 1912 0 1953 100 2179 0 2220 100 2442 0 2483 100 2707 0 2748 100 2974 0 3017 100 3245 0 3287 100 3756 0
5 28 0 100 56 0 89 100 323 0 353 100 589 0 620 100 854 0 885 100 1123 0 1155 100 1390 0 1423 100 1656 0 1688 100 1924 0 1956 100 2193 0 2225 100 2460 0 2490 100 2726 0 2756 100 2990 0 3023 100 3258 0 3290 100 3756 0
6 28 0 100 67 0 93 100 333 0 359 100 598 0 627 100 865 0 892 100 1133 0 1162 100 1403 0 1429 100 1671 0 1697 100 1936 0 1963 100 2203 0 2232 100 2472 0 2499 100 2738 0 2765 100 3004 0 3032 100 3273 0 3299 100 3756 0
7 28 0 100 77 0 119 100 341 0 383 100 604 0 647 100 871 0 913 100 1138 0 1181 100 1403 0 1447 100 1671 0 1713 100 1937 0 1978 100 2204 0 2246 100 2473 0 2518 100 2742 0 2784 100 3011 0 3055 100 3277 0 3319 100 3756 0
8 28 0 100 87 0 135 100 356 0 404 100 624 0 671 100 893 0 938 100 1160 0 1207 100 1427 0 1473 100 1695 0 1741 100 1962 0 2007 100 2231 0 2277 100 2499 0 2546 100 2766 0 2813 100 3037 0 3084 100 3304 0 3350 100 3756 0
9 28 0 100 102 0 146 100 367 0 413 100 636 0 679 100 905 0 949 100 1174 0 1216 100 1438 0 1480 100 1702 0 1747 100 1968 0 2013 100 2233 0 2275 100 2497 0 2540 100 2760 0 2806 100 3032 0 3075 100 3296 0 3341 100 3756 0
10 28 0 100 112 0 150 100 377 0 417 100 647 0 687 100 914 0 952 100 1180 0 1220 100 1448 0 1485 100 1712 0 1749 100 1976 0 2015 100 2244 0 2283 100 2511 0 2551 100 2780 0 2819 100 3048 0 3086 100 3315 0 3355 100 3756 0
11 28 0 100 122 0 166 100 389 0 435 100 658 0 704 100 928 0 973 100 1196 0 1240 100 1459 0 1506 100 1729 0 1776 100 1999 0 2044 100 2263 0 2308 100 2528 0 2573 100 2794 0 2837 100 3057 0 3102 100 3322 0 3368 100 3756 0
12 28 0 100 133 0 168 100 402 0 436 100 670 0 702 100 937 0 971 100 1202 0 1234 100 1466 0 1500 100 1736 0 1768 100 2002 0 2036 100 2273 0 2305 100 2540 0 2573 100 2805 0 2837 100 3068 0 3102 100 3336 0 3371 100 3756 0
13 28 0 100 146 0 170 100 414 0 438 100 679 0 702 100 945 0 968 100 1210 0 1233 100 1479 0 1501 100 1742 0 1767 100 2010 0 2034 100 2278 0 2302 100 2547 0 2571 100 2815 0 2840 100 3085 0 3107 100 3353 0 3376 100 3756 0
14 28 0 100 155 0 176 100 423 0 445 100 689 0 711 100 958 0 978 100 1227 0 1248 100 1495 0 1516 100 1763 0 1786 100 2034 0 2056 100 2299 0 2319 100 2566 0 2586 100 2832 0 2854 100 3098 0 3119 100 3367 0 3390 100 3756 0
15 28 0 100 169 0 213 100 439 0 482 100 705 0 750 100 976 0 1018 100 1243 0 1287 100 1513 0 1556 100 1780 0 1822 100 2044 0 2087 100 2310 0 2353 100 2574 0 2617 100 2839 0 2882 100 3104 0 3149 100 3372 0 3415 100 3756 0
16 28 0 100 177 0 218 100 442 0 484 100 710 0 753 100 982 0 1022 100 1246 0 1286 100 1511 0 1552 100 1777 0 1817 100 2041 0 2082 100 2306 0 2347 100 2575 0 2615 100 2843 0 2885 100 3113 0 3154 100 3378 0 3418 100 3756 0
17 28 0 100 190 0 221 100 455 0 487 100 723 0 757 100 991 0 1025 100 1257 0 1290 100 1525 0 1557 100 1789 0 1824 100 2060 0 2093 100 2326 0 2359 100 2594 0 2628 100 2861 0 2894 100 3129 0 3164 100 3395 0 3430 100 3756 0
18 28 0 100 202 0 232 100 472 0 499 100 740 0 768 100 1006 0 1035 100 1274 0 1302 100 1544 0 1573 100 1810 0 1838 100 2076 0 2104 100 2340 0 2370 100 2607 0 2634 100 2873 0 2900 100 3136 0 3164 100 3404 0 3434 100 3756 0
19 28 0 100 213 0 248 100 482 0 516 100 746 0 782 100 1017 0 1054 100 1288 0 1324 100 1558 0 1594 100 1826 0 1859 100 2093 0 2129 100 2358 0 2394 100 2628 0 2663 100 2897 0 2933 100 3168 0 3203 100 3433 0 3467 100 3756 0
20 28 0 100 221 0 253 100 484 0 518 100 751 0 784 100 1019 0 1055 100 1290 0 1326 100 1561 0 1594 100 1828 0 1863 100 2094 0 2128 100 2359 0 2394 100 2626 0 2661 100 2893 0 2928 100 3163 0 3196 100 3432 0 3466 100 3756 0
21 28 0 100 233 0 263 100 503 0 533 100 774 0 801 100 1041 0 1068 100 1306 0 1335 100 1574 0 1601 100 1839 0 1866 100 2106 0 2133 100 2372 0 2401 100 2640 0 2670 100 2910 0 2937 100 3178 0 3207 100 3449 0 3479 100 3756 0
22 28 0 100 247 0 294 100 516 0 561 100 780 0 825 100 1046 0 1094 100 1317 0 1365 100 1585 0 1630 100 1849 0 1896 100 2116 0 2163 100 2384 0 2430 100 2650 0 2697 100 2919 0 2967 100 3190 0 3236 100 3456 0 3501 100 3756 0
23 28 0 100 259 0 293 100 529 0 560 100 797 0 829 100 1061 0 1092 100 1325 0 1356 100 1588 0 1620 100 1856 0 1890 100 2125 0 2156 100 2389 0 2423 100 2657 0 2692 100 2927 0 2959 100 3191 0 3226 100 3460 0 3491 100 3756 0

# TASKS
# Format: <task_id> <size> <num_reqs>
# Then for each requirement: <type_id> <qty>
0 0 4
 0 0
 1 0
 2 0
 3 0
1 20 4
 0 2
 1 0
 2 0
 3 0
2 10 4
 0 1
 1 1
 2 2
 3 3
3 6 4
 0 1
 1 2
 2 2
 3 1
4 16 4
 0 1
 1 3
 2 0
 3 3
5 4 4
 0 0
 1 0
 2 2
 3 3
6 12 4
 0 3
 1 0
 2 0
 3 0
7 4 4
 0 3
 1 0
 2 1
 3 3
8 19 4
 0 3
 1 0
 2 0
 3 2
9 6 4
 0 2
 1 0
 2 0
 3 3
10 19 4
 0 0
 1 2
 2 3
 3 0
11 14 4
 0 3
 1 3
 2 1
 3 1
12 10 4
 0 2
 1 0
 2 3
 3 1
13 18 4
 0 1
 1 2
 2 3
 3 3
14 14 4
 0 3
 1 0
 2 0
 3 1
15 16 4
 0 3
 1 3
 2 1
 3 3
16 13 4
 0 3
 1 0
 2 2
 3 0
17 5 4
 0 3
 1 2
 2 2
 3 3
18 5 4
 0 0
 1 0
 2 0
 3 1
19 3 4
 0 3
 1 0
 2 0
 3 0
20 5 4
 0 2
 1 0
 2 0
 3 1
21 5 4
 0 0
 1 0
 2 3
 3 1
22 1 4
 0 0
 1 1
 2 1
 3 0
23 13 4
 0 1
 1 0
 2 3
 3 0
24 4 4
 0 0
 1 0
 2 1
 3 2
25 17 4
 0 0
 1 3
 2 0
 3 1
26 4 4
 0 1
 1 3
 2 0
 3 0
27 3 4
 0 1
 1 1
 2 2
 3 0
28 13 4
 0 0
 1 2
 2 0
 3 0
29 14 4
 0 0
 1 0
 2 1
 3 1
30 13 4
 0 2
 1 2
 2 3
 3 2
31 9 4
 0 0
 1 2
 2 3
 3 1
32 8 4
 0 0
 1 0
 2 0
 3 3
33 8 4
 0 3
 1 0
 2 1
 3 1
34 1 4
 0 2
 1 0
 2 0
 3 3
35 6 4
 0 2
 1 1
 2 3
 3 1
36 1 4
 0 2
 1 0
 2 3
 3 2
37 20 4
 0 2
 1 1
 2 0
 3 0
38 12 4
 0 2
 1 0
 2 2
 3 2
39 11 4
 0 1
 1 2
 2 0
 3 2
40 7 4
 0 2
 1 2
 2 1
 3 0
41 6 4
 0 0
 1 1
 2 0
 3 1
42 11 4
 0 0
 1 0
 2 0
 3 3
43 10 4
 0 3
 1 1
 2 1
 3 1
44 1 4
 0 3
 1 2
 2 0
 3 0
45 14 4
 0 2
 1 3
 2 0
 3 0
46 17 4
 0 2
 1 0
 2 3
 3 0
47 14 4
 0 3
 1 1
 2 0
 3 0
48 5 4
 0 0
 1 0
 2 0
 3 1
49 10 4
 0 0
 1 1
 2 2
 3 0
50 3 4
 0 1
 1 0
 2 3
 3 3
51 20 4
 0 1
 1 0
 2 0
 3 0
52 1 4
 0 2
 1 2
 2 1
 3 2
53 10 4
 0 0
 1 2
 2 3
 3 0
54 3 4
 0 3
 1 0
 2 0
 3 0
55 17 4
 0 3
 1 1
 2 0
 3 3
56 6 4
 0 0
 1 1
 2 0
 3 0
57 3 4
 0 0
 1 1
 2 2
 3 0
58 10 4
 0 3
 1 3
 2 3
 3 0
59 9 4
 0 0
 1 0
 2 2
 3 3
60 8 4
 0 3
 1 0
 2 0
 3 0
61 20 4
 0 3
 1 0
 2 1
 3 2
62 12 4
 0 1
 1 3
 2 0
 3 0
63 16 4
 0 3
 1 3
 2 2
 3 0
64 20 4
 0 3
 1 0
 2 3
 3 2
65 20 4
 0 0
 1 0
 2 0
 3 1
66 20 4
 0 2
 1 3
 2 3
 3 0
67 15 4
 0 0
 1 0
 2 3
 3 0
68 16 4
 0 0
 1 3
 2 2
 3 1
69 13 4
 0 0
 1 3
 2 0
 3 3
70 20 4
 0 0
 1 2
 2 3
 3 0
71 19 4
 0 1
 1 0
 2 0
 3 2
72 9 4
 0 0
 1 0
 2 0
 3 2
73 11 4
 0 0
 1 1
 2 2
 3 2
74 17 4
 0 2
 1 0
 2 3
 3 2
75 3 4
 0 0
 1 0
 2 0
 3 3
76 12 4
 0 1
 1 0
 2 3
 3 2
77 12 4
 0 2
 1 2
 2 0
 3 1
78 16 4
 0 3
 1 0
 2 3
 3 1
79 15 4
 0 3
 1 0
 2 0
 3 1
80 8 4
 0 2
 1 1
 2 0
 3 1
81 7 4
 0 3
 1 1
 2 0
 3 3
82 2 4
 0 0
 1 2
 2 1
 3 3
83 17 4
 0 1
 1 1
 2 0
 3 1
84 5 4
 0 3
 1 3
 2 2
 3 1
85 3 4
 0 3
 1 0
 2 0
 3 0
86 2 4
 0 0
 1 0
 2 1
 3 0
87 5 4
 0 1
 1 0
 2 0
 3 0
88 9 4
 0 0
 1 0
 2 0
 3 1
89 16 4
 0 0
 1 2
 2 3
 3 1
90 1 4
 0 0
 1 0
 2 0
 3 3
91 2 4
 0 1
 1 0
 2 2
 3 2
92 10 4
 0 1
 1 2
 2 3
 3 1
93 20 4
 0 0
 1 0
 2 1
 3 0
94 10 4
 0 0
 1 3
 2 0
 3 0
95 10 4
 0 0
 1 2
 2 3
 3 0
96 10 4
 0 3
 1 3
 2 1
 3 2
97 2 4
 0 0
 1 2
 2 1
 3 3
98 2 4
 0 3
 1 0
 2 0
 3 0
99 14 4
 0 0
 1 0
 2 1
 3 0
100 9 4
 0 3
 1 2
 2 2
 3 0
101 4 4
 0 2
 1 0
 2 2
 3 2
102 13 4
 0 0
 1 0
 2 2
 3 3
103 17 4
 0 2
 1 0
 2 3
 3 0
104 6 4
 0 0
 1 3
 2 0
 3 2
105 19 4
 0 2
 1 3
 2 0
 3 0
106 2 4
 0 3
 1 1
 2 0
 3 3
107 19 4
 0 2
 1 2
 2 3
 3 3
108 19 4
 0 0
 1 0
 2 3
 3 3
109 1 4
 0 1
 1 2
 2 0
 3 1
110 13 4
 0 3
 1 0
 2 3
 3 2
111 9 4
 0 1
 1 0
 2 3
 3 0
112 14 4
 0 3
 1 0
 2 1
 3 2
113 16 4
 0 0
 1 0
 2 1
 3 0
114 5 4
 0 3
 1 0
 2 0
 3 3
115 11 4
 0 1
 1 1
 2 0
 3 2
116 13 4
 0 1
 1 0
 2 0
 3 0
117 5 4
 0 2
 1 2
 2 1
 3 0
118 4 4
 0 3
 1 1
 2 3
 3 0
119 13 4
 0 0
 1 0
 2 0
 3 2
120 14 4
 0 3
 1 1
 2 0
 3 3
121 14 4
 0 0
 1 0
 2 0
 3 1
122 9 4
 0 2
 1 2
 2 0
 3 3
123 8 4
 0 3
 1 0
 2 1
 3 0
124 12 4
 0 0
 1 1
 2 3
 3 2
125 9 4
 0 1
 1 2
 2 3
 3 0
126 8 4
 0 3
 1 2
 2 3
 3 2
127 16 4
 0 1
 1 2
 2 0
 3 3
128 5 4
 0 1
 1 1
 2 1
 3 1
129 8 4
 0 0
 1 3
 2 0
 3 0
130 5 4
 0 2
 1 0
 2 2
 3 2
131 19 4
 0 3
 1 1
 2 2
 3 0
132 19 4
 0 0
 1 0
 2 1
 3 0
133 15 4
 0 1
 1 3
 2 3
 3 1
134 2 4
 0 2
 1 1
 2 0
 3 3
135 2 4
 0 1
 1 0
 2 2
 3 1
136 7 4
 0 2
 1 1
 2 0
 3 1
137 7 4
 0 0
 1 2
 2 2
 3 0
138 6 4
 0 1
 1 0
 2 1
 3 0
139 16 4
 0 3
 1 0
 2 0
 3 0
140 17 4
 0 0
 1 0
 2 0
 3 2
141 1 4
 0 2
 1 2
 2 0
 3 0
142 16 4
 0 0
 1 2
 2 1
 3 1
143 8 4
 0 3
 1 3
 2 0
 3 0
144 9 4
 0 1
 1 1
 2 2
 3 0
145 15 4
 0 3
 1 0
 2 1
 3 1
146 20 4
 0 2
 1 2
 2 3
 3 3
147 8 4
 0 1
 1 2
 2 2
 3 0
148 8 4
 0 3
 1 3
 2 0
 3 0
149 5 4
 0 0
 1 3
 2 0
 3 2
150 12 4
 0 1
 1 0
 2 2
 3 3
151 12 4
 0 0
 1 0
 2 3
 3 3
152 14 4
 0 0
 1 3
 2 0
 3 1
153 8 4
 0 3
 1 1
 2 0
 3 0
154 14 4
 0 3
 1 0
 2 2
 3 0
155 18 4
 0 0
 1 1
 2 3
 3 2
156 13 4
 0 2
 1 0
 2 0
 3 0
157 13 4
 0 0
 1 1
 2 2
 3 0
158 3 4
 0 3
 1 0
 2 0
 3 2
159 13 4
 0 1
 1 0
 2 0
 3 0
160 14 4
 0 0
 1 0
 2 3
 3 0
161 12 4
 0 1
 1 2
 2 3
 3 0
162 5 4
 0 0
 1 0
 2 0
 3 1
163 4 4
 0 0
 1 3
 2 3
 3 2
164 5 4
 0 0
 1 1
 2 2
 3 0
165 15 4
 0 1
 1 0
 2 0
 3 0
166 8 4
 0 0
 1 1
 2 3
 3 0
167 11 4
 0 0
 1 3
 2 0
 3 1
168 12 4
 0 0
 1 2
 2 0
 3 0
169 9 4
 0 0
 1 0
 2 1
 3 0
170 15 4
 0 1
 1 2
 2 3
 3 0
171 11 4
 0 3
 1 1
 2 3
 3 0
172 16 4
 0 0
 1 0
 2 3
 3 0
173 16 4
 0 1
 1 3
 2 2
 3 2
174 8 4
 0 0
 1 2
 2 0
 3 0
175 12 4
 0 1
 1 3
 2 3
 3 3
176 7 4
 0 0
 1 1
 2 2
 3 1
177 9 4
 0 1
 1 0
 2 0
 3 1
178 2 4
 0 3
 1 0
 2 3
 3 0
179 9 4
 0 3
 1 0
 2 3
 3 0
180 15 4
 0 1
 1 0
 2 0
 3 3
181 5 4
 0 0
 1 2
 2 1
 3 3
182 16 4
 0 3
 1 2
 2 1
 3 3
183 13 4
 0 3
 1 0
 2 0
 3 0
184 9 4
 0 1
 1 2
 2 2
 3 0
185 14 4
 0 0
 1 2
 2 2
 3 0
186 1 4
 0 0
 1 0
 2 0
 3 1
187 11 4
 0 1
 1 0
 2 0
 3 3
188 4 4
 0 0
 1 0
 2 1
 3 2
189 17 4
 0 0
 1 0
 2 1
 3 2
190 8 4
 0 0
 1 2
 2 0
 3 1
191 4 4
 0 0
 1 0
 2 2
 3 3
192 7 4
 0 1
 1 2
 2 3
 3 0
193 1 4
 0 3
 1 0
 2 0
 3 2
194 3 4
 0 0
 1 1
 2 3
 3 3
195 13 4
 0 1
 1 0
 2 0
 3 1
196 7 4
 0 3
 1 0
 2 0
 3 2
197 20 4
 0 3
 1 0
 2 0
 3 2
198 18 4
 0 1
 1 3
 2 0
 3 2
199 7 4
 0 0
 1 3
 2 3
 3 0
200 14 4
 0 3
 1 2
 2 0
 3 3
201 10 4
 0 1
 1 0
 2 1
 3 0
202 20 4
 0 2
 1 0
 2 0
 3 2
203 10 4
 0 0
 1 0
 2 0
 3 1
204 9 4
 0 0
 1 0
 2 3
 3 0
205 12 4
 0 1
 1 3
 2 1
 3 3
206 12 4
 0 0
 1 0
 2 3
 3 3
207 9 4
 0 0
 1 2
 2 0
 3 0
208 7 4
 0 0
 1 1
 2 0
 3 2
209 11 4
 0 1
 1 0
 2 0
 3 2
210 15 4
 0 3
 1 3
 2 2
 3 0
211 8 4
 0 0
 1 0
 2 1
 3 1
212 9 4
 0 3
 1 3
 2 0
 3 0
213 15 4
 0 0
 1 1
 2 0
 3 2
214 19 4
 0 3
 1 0
 2 2
 3 1
215 16 4
 0 2
 1 2
 2 0
 3 3
216 6 4
 0 2
 1 1
 2 0
 3 1
217 19 4
 0 0
 1 1
 2 0
 3 0
218 14 4
 0 1
 1 1
 2 0
 3 3
219 7 4
 0 1
 1 1
 2 0
 3 0
220 13 4
 0 2
 1 0
 2 2
 3 3
221 6 4
 0 2
 1 0
 2 0
 3 0
222 19 4
 0 0
 1 2
 2 1
 3 3
223 11 4
 0 0
 1 0
 2 2
 3 0
224 1 4
 0 1
 1 2
 2 0
 3 0
225 11 4
 0 0
 1 0
 2 0
 3 2
226 18 4
 0 0
 1 1
 2 0
 3 2
227 20 4
 0 2
 1 2
 2 0
 3 0
228 9 4
 0 1
 1 2
 2 1
 3 3
229 1 4
 0 0
 1 0
 2 0
 3 3
230 20 4
 0 0
 1 1
 2 0
 3 0
231 13 4
 0 0
 1 1
 2 0
 3 1
232 1 4
 0 1
 1 0
 2 2
 3 1
233 3 4
 0 0
 1 1
 2 2
 3 0
234 6 4
 0 2
 1 3
 2 1
 3 2
235 15 4
 0 3
 1 2
 2 1
 3 1
236 15 4
 0 3
 1 2
 2 0
 3 0
237 6 4
 0 0
 1 2
 2 0
 3 1
238 1 4
 0 2
 1 0
 2 3
 3 1
239 20 4
 0 0
 1 2
 2 0
 3 0
240 3 4
 0 3
 1 1
 2 0
 3 0
241 17 4
 0 3
 1 1
 2 0
 3 2
242 11 4
 0 3
 1 2
 2 2
 3 0
243 9 4
 0 3
 1 0
 2 0
 3 1
244 6 4
 0 1
 1 2
 2 2
 3 3
245 3 4
 0 1
 1 3
 2 3
 3 0
246 7 4
 0 0
 1 2
 2 0
 3 1
247 18 4
 0 2
 1 0
 2 1
 3 0
248 9 4
 0 3
 1 3
 2 1
 3 1
249 6 4
 0 0
 1 0
 2 0
 3 1
250 11 4
 0 0
 1 0
 2 2
 3 2
251 8 4
 0 0
 1 0
 2 1
 3 3
252 2 4
 0 0
 1 3
 2 1
 3 2
253 3 4
 0 1
 1 3
 2 0
 3 2
254 4 4
 0 0
 1 2
 2 0
 3 1
255 12 4
 0 0
 1 1
 2 2
 3 2
256 13 4
 0 1
 1 2
 2 1
 3 0
257 2 4
 0 2
 1 0
 2 0
 3 3
258 9 4
 0 0
 1 3
 2 1
 3 0
259 16 4
 0 3
 1 0
 2 0
 3 0
260 8 4
 0 2
 1 0
 2 0
 3 2
261 16 4
 0 0
 1 0
 2 0
 3 3
262 16 4
 0 3
 1 0
 2 1
 3 2
263 10 4
 0 2
 1 1
 2 2
 3 0
264 13 4
 0 2
 1 3
 2 1
 3 1
265 9 4
 0 2
 1 0
 2 2
 3 0
266 19 4
 0 3
 1 3
 2 3
 3 0
267 18 4
 0 1
 1 0
 2 2
 3 1
268 16 4
 0 2
 1 0
 2 1
 3 0
269 9 4
 0 1
 1 2
 2 0
 3 2
270 5 4
 0 0
 1 0
 2 0
 3 1
271 18 4
 0 1
 1 0
 2 1
 3 0
272 11 4
 0 1
 1 0
 2 3
 3 3
273 9 4
 0 1
 1 1
 2 3
 3 0
274 1 4
 0 2
 1 2
 2 3
 3 2
275 15 4
 0 1
 1 2
 2 0
 3 3
276 8 4
 0 3
 1 2
 2 2
 3 0
277 4 4
 0 1
 1 3
 2 1
 3 0
278 3 4
 0 0
 1 0
 2 0
 3 2
279 16 4
 0 0
 1 3
 2 1
 3 3
280 2 4
 0 0
 1 1
 2 0
 3 2
281 13 4
 0 0
 1 0
 2 3
 3 0
282 2 4
 0 1
 1 0
 2 2
 3 0
283 18 4
 0 2
 1 0
 2 0
 3 0
284 10 4
 0 1
 1 0
 2 3
 3 1
285 4 4
 0 0
 1 3
 2 0
 3 1
286 11 4
 0 2
 1 1
 2 0
 3 2
287 7 4
 0 3
 1 2
 2 0
 3 1
288 17 4
 0 2
 1 0
 2 1
 3 1
289 20 4
 0 2
 1 0
 2 2
 3 3
290 1 4
 0 0
 1 0
 2 3
 3 2
291 20 4
 0 3
 1 2
 2 3
 3 3
292 20 4
 0 0
 1 0
 2 3
 3 0
293 11 4
 0 0
 1 0
 2 0
 3 2
294 17 4
 0 3
 1 0
 2 3
 3 3
295 14 4
 0 2
 1 3
 2 2
 3 2
296 19 4
 0 3
 1 3
 2 0
 3 3
297 14 4
 0 2
 1 0
 2 2
 3 2
298 3 4
 0 1
 1 3
 2 1
 3 0
299 5 4
 0 2
 1 0
 2 1
 3 0
300 1 4
 0 2
 1 1
 2 0
 3 0
301 17 4
 0 3
 1 1
 2 3
 3 0
302 2 4
 0 0
 1 1
 2 2
 3 3
303 4 4
 0 0
 1 1
 2 0
 3 0
304 10 4
 0 1
 1 3
 2 0
 3 3
305 4 4
 0 0
 1 3
 2 3
 3 3
306 9 4
 0 2
 1 1
 2 3
 3 1
307 19 4
 0 2
 1 1
 2 2
 3 0
308 8 4
 0 0
 1 1
 2 3
 3 2
309 14 4
 0 0
 1 1
 2 2
 3 0
310 15 4
 0 0
 1 1
 2 2
 3 0
311 8 4
 0 3
 1 0
 2 0
 3 2
312 7 4
 0 2
 1 2
 2 3
 3 2
313 16 4
 0 0
 1 3
 2 0
 3 0
314 13 4
 0 1
 1 2
 2 1
 3 2
315 14 4
 0 0
 1 3
 2 1
 3 0
316 4 4
 0 0
 1 0
 2 0
 3 1
317 17 4
 0 2
 1 3
 2 0
 3 0
318 13 4
 0 0
 1 0
 2 3
 3 2
319 8 4
 0 2
 1 3
 2 2
 3 1
320 20 4
 0 0
 1 2
 2 0
 3 0
321 5 4
 0 0
 1 2
 2 0
 3 2
322 20 4
 0 0
 1 0
 2 0
 3 1
323 7 4
 0 2
 1 3
 2 0
 3 0
324 7 4
 0 0
 1 3
 2 2
 3 1
325 1 4
 0 2
 1 1
 2 3
 3 0
326 9 4
 0 3
 1 0
 2 3
 3 2
327 19 4
 0 2
 1 1
 2 0
 3 3
328 20 4
 0 0
 1 0
 2 3
 3 2
329 10 4
 0 0
 1 0
 2 3
 3 3
330 10 4
 0 3
 1 1
 2 0
 3 1
331 13 4
 0 1
 1 0
 2 0
 3 0
332 5 4
 0 1
 1 1
 2 0
 3 2
333 2 4
 0 0
 1 2
 2 3
 3 1
334 13 4
 0 2
 1 0
 2 0
 3 3
335 4 4
 0 1
 1 0
 2 0
 3 3
336 18 4
 0 0
 1 0
 2 1
 3 0
337 15 4
 0 0
 1 0
 2 2
 3 1
338 14 4
 0 3
 1 0
 2 0
 3 0
339 4 4
 0 1
 1 0
 2 0
 3 0
340 2 4
 0 1
 1 0
 2 0
 3 2
341 14 4
 0 3
 1 0
 2 3
 3 3
342 11 4
 0 0
 1 0
 2 0
 3 1
343 8 4
 0 1
 1 2
 2 0
 3 2
344 10 4
 0 0
 1 1
 2 1
 3 0
345 6 4
 0 0
 1 0
 2 1
 3 0
346 1 4
 0 2
 1 0
 2 3
 3 0
347 18 4
 0 3
 1 0
 2 1
 3 1
348 10 4
 0 0
 1 0
 2 0
 3 3
349 7 4
 0 1
 1 0
 2 0
 3 0
350 9 4
 0 1
 1 0
 2 0
 3 1
351 1 4
 0 1
 1 3
 2 1
 3 0
352 6 4
 0 0
 1 1
 2 1
 3 3
353 7 4
 0 0
 1 2
 2 0
 3 0
354 10 4
 0 1
 1 3
 2 2
 3 0
355 4 4
 0 1
 1 3
 2 0
 3 3
356 12 4
 0 3
 1 3
 2 3
 3 0
357 7 4
 0 0
 1 0
 2 3
 3 2
358 12 4
 0 0
 1 1
 2 2
 3 2
359 9 4
 0 0
 1 1
 2 0
 3 0
360 15 4
 0 1
 1 1
 2 0
 3 0
361 14 4
 0 0
 1 1
 2 0
 3 1
362 2 4
 0 3
 1 0
 2 3
 3 0
363 3 4
 0 3
 1 2
 2 0
 3 2
364 1 4
 0 2
 1 2
 2 2
 3 0
365 3 4
 0 0
 1 3
 2 0
 3 0
366 17 4
 0 0
 1 0
 2 1
 3 0
367 12 4
 0 2
 1 3
 2 0
 3 0
368 3 4
 0 1
 1 0
 2 1
 3 1
369 15 4
 0 1
 1 3
 2 0
 3 0
370 18 4
 0 2
 1 2
 2 1
 3 2
371 13 4
 0 2
 1 2
 2 2
 3 1
372 17 4
 0 0
 1 1
 2 0
 3 2
373 19 4
 0 1
 1 2
 2 3
 3 1
374 13 4
 0 2
 1 1
 2 1
 3 0
375 13 4
 0 0
 1 2
 2 1
 3 0
376 2 4
 0 0
 1 2
 2 1
 3 0
377 10 4
 0 3
 1 1
 2 0
 3 3
378 16 4
 0 2
 1 2
 2 2
 3 3
379 5 4
 0 0
 1 0
 2 0
 3 2
380 7 4
 0 0
 1 0
 2 0
 3 3
381 16 4
 0 1
 1 0
 2 3
 3 3
382 12 4
 0 0
 1 2
 2 2
 3 0
383 13 4
 0 1
 1 1
 2 1
 3 0
384 9 4
 0 3
 1 0
 2 1
 3 0
385 6 4
 0 0
 1 0
 2 0
 3 1
386 15 4
 0 2
 1 2
 2 0
 3 3
387 13 4
 0 0
 1 0
 2 1
 3 0
388 20 4
 0 2
 1 3
 2 0
 3 3
389 8 4
 0 1
 1 1
 2 2
 3 2
390 16 4
 0 0
 1 2
 2 3
 3 0
391 10 4
 0 0
 1 1
 2 0
 3 0
392 20 4
 0 1
 1 0
 2 0
 3 0
393 5 4
 0 0
 1 0
 2 3
 3 1
394 10 4
 0 3
 1 0
 2 3
 3 3
395 8 4
 0 2
 1 0
 2 2
 3 1
396 20 4
 0 0
 1 1
 2 0
 3 0
397 20 4
 0 1
 1 0
 2 0
 3 2
398 8 4
 0 1
 1 0
 2 0
 3 0
399 7 4
 0 0
 1 3
 2 0
 3 0
400 9 4
 0 0
 1 3
 2 2
 3 1
401 3 4
 0 0
 1 0
 2 2
 3 3
402 10 4
 0 2
 1 1
 2 2
 3 0
403 10 4
 0 0
 1 1
 2 2
 3 0
404 11 4
 0 0
 1 0
 2 2
 3 0
405 13 4
 0 3
 1 3
 2 0
 3 0
406 0 4
 0 0
 1 0
 2 0
 3 0

# PRECEDENCES
1340
0 2
0 3
0 4
0 5
0 6
0 9
0 14
0 17
0 19
0 22
0 23
0 25
0 26
0 28
0 29
0 30
0 32
0 33
0 36
0 37
0 38
0 39
0 40
0 42
0 43
0 44
0 45
0 48
0 49
0 50
0 53
0 54
0 55
0 57
0 58
0 62
0 65
0 66
0 69
0 73
0 74
0 76
0 79
0 81
0 82
0 86
0 87
0 89
0 94
0 96
0 102
0 103
0 105
0 106
0 107
0 110
0 111
0 114
0 115
0 116
0 118
0 120
0 124
0 125
0 126
0 127
0 131
0 133
0 135
0 138
0 139
0 140
0 142
0 146
0 148
0 149
0 151
0 152
0 155
0 157
0 159
0 161
0 163
0 164
0 165
0 166
0 168
0 169
0 170
0 175
0 177
0 182
0 184
0 191
0 195
0 196
0 197
0 200
0 203
0 208
0 210
0 211
0 213
0 224
0 227
0 229
0 230
0 231
0 238
0 239
0 240
0 241
0 243
0 244
0 246
0 254
0 256
0 258
0 259
0 260
0 264
0 267
0 268
0 272
0 273
0 275
0 279
0 283
0 285
0 289
0 290
0 294
0 295
0 299
0 301
0 302
0 308
0 310
0 311
0 314
0 315
0 322
0 327
0 328
0 331
0 332
0 333
0 335
0 336
0 340
0 343
0 345
0 346
0 349
0 350
0 351
0 352
0 353
0 354
0 356
0 358
0 359
0 361
0 363
0 364
0 368
0 371
0 374
0 375
0 376
0 379
0 381
0 384
0 385
0 387
0 390
0 392
0 394
0 395
0 396
0 397
0 398
0 403
0 404
1 88
1 223
1 360
2 332
3 142
3 187
3 317
4 71
4 237
4 293
4 334
5 92
5 130
6 393
7 218
8 91
8 97
8 187
9 337
10 8
10 226
10 405
11 98
11 207
11 357
12 35
12 91
12 141
12 265
12 306
13 27
13 97
13 220
13 282
13 339
14 181
14 200
15 307
15 380
15 382
16 47
16 75
16 253
17 73
17 143
17 213
17 276
17 388
18 7
18 12
18 181
19 297
20 90
21 27
21 97
21 119
21 306
21 307
22 112
22 167
22 382
22 383
23 58
23 76
23 280
23 290
23 309
24 7
24 59
24 72
24 274
24 382
25 236
26 322
27 406
28 78
28 236
28 329
28 349
28 369
29 104
30 51
30 72
30 159
30 304
30 393
31 276
31 306
31 307
32 269
32 284
32 324
32 357
33 65
33 201
33 389
34 136
34 237
34 369
34 380
34 386
35 27
35 187
35 284
35 307
35 369
36 11
36 112
36 216
37 13
37 92
37 167
37 174
37 202
38 41
38 77
38 142
38 178
38 375
39 174
39 306
40 70
41 380
41 401
42 107
42 286
43 214
43 342
43 402
44 119
44 130
44 220
44 343
45 108
45 112
45 136
45 231
45 402
46 141
46 212
46 232
46 321
46 382
47 188
47 287
48 201
48 231
48 242
48 276
49 48
49 142
49 201
49 215
49 225
50 140
50 350
51 27
51 136
51 187
51 247
51 306
52 67
52 97
52 276
53 47
54 101
54 360
55 183
55 216
55 231
56 223
56 233
56 293
56 339
56 347
57 196
57 239
58 75
58 382
59 31
59 137
59 179
59 194
59 348
60 167
61 8
61 51
62 154
62 158
62 190
62 317
63 119
63 167
63 262
63 360
64 158
64 160
64 180
64 391
65 95
65 181
65 186
65 341
66 158
66 223
66 402
67 27
67 187
68 61
69 291
70 51
70 60
70 104
70 232
70 402
71 83
71 113
71 178
72 186
72 214
72 266
72 369
73 63
73 145
73 215
73 329
74 143
74 228
74 281
75 97
75 167
75 344
76 65
76 82
76 106
76 215
77 383
78 68
78 72
78 252
78 265
78 348
79 14
79 67
79 136
80 330
81 126
81 236
82 45
82 68
82 180
83 128
83 214
83 276
83 303
84 63
84 324
84 365
84 380
84 393
85 162
85 247
85 305
85 341
86 108
86 287
87 20
87 88
87 162
87 205
87 292
88 136
88 306
89 193
89 225
89 274
90 95
90 248
90 262
90 369
91 406
92 91
93 51
93 172
93 223
93 276
93 309
94 68
95 27
96 15
96 122
96 313
96 336
96 405
97 406
98 52
98 67
98 201
98 360
98 382
99 143
99 319
100 136
101 265
101 293
102 218
102 249
103 84
103 100
103 266
103 350
104 8
104 136
104 251
104 338
105 190
105 270
105 320
105 326
106 15
106 231
107 234
107 244
107 370
108 172
108 233
108 261
108 282
109 186
109 194
109 326
109 370
109 402
110 222
110 248
111 72
111 150
111 204
111 233
112 75
112 95
112 97
112 100
112 119
113 91
113 317
114 248
114 337
115 91
115 248
116 156
116 172
116 286
117 60
117 145
117 232
118 8
118 160
118 338
119 406
120 25
120 351
120 371
120 378
121 263
121 360
122 193
123 401
124 77
124 194
125 119
125 276
125 350
125 402
126 14
126 63
126 117
127 304
128 61
128 402
129 104
129 221
129 362
130 52
130 251
130 293
130 344
131 13
131 70
131 206
131 245
131 377
132 309
133 88
133 132
133 147
133 192
133 284
134 119
134 187
134 242
134 276
134 360
135 305
135 319
136 406
137 8
137 252
137 265
137 389
138 117
138 244
138 394
139 202
139 208
139 250
140 90
140 193
141 98
141 172
141 185
141 360
142 248
142 262
143 389
144 52
144 67
144 248
144 265
144 282
145 100
145 251
145 263
145 330
145 383
146 337
146 343
146 369
146 389
147 67
147 150
147 277
148 248
148 365
149 73
149 88
149 304
150 56
151 194
151 222
152 67
152 98
153 18
153 117
153 261
153 318
154 218
154 236
154 278
155 92
155 283
155 342
155 377
156 35
156 100
156 123
156 206
156 296
157 363
158 8
158 97
158 119
159 226
160 11
161 123
161 282
162 245
162 291
162 298
162 303
162 320
163 121
163 189
163 287
164 48
164 118
164 170
164 284
164 313
165 128
165 129
165 130
165 245
165 263
166 140
166 191
167 406
168 91
168 153
169 99
169 145
169 194
169 231
169 307
170 183
170 206
170 265
170 323
171 235
171 269
171 298
172 136
173 284
173 388
173 400
174 34
174 61
174 93
175 26
176 47
176 85
176 194
176 217
176 402
177 66
177 195
177 209
178 144
179 51
179 119
179 187
179 284
180 90
181 11
181 61
182 355
183 15
183 21
183 180
183 251
183 309
184 93
184 265
185 237
185 380
185 401
186 1
186 250
186 262
186 330
187 406
188 255
188 339
188 342
188 366
189 64
189 97
190 51
190 143
191 270
191 320
192 373
193 8
193 201
193 251
194 207
194 262
195 366
196 82
196 181
196 221
196 377
197 26
197 92
197 113
197 169
197 245
198 46
198 347
199 341
200 344
200 353
201 51
201 67
201 97
201 284
202 83
202 252
203 10
203 247
203 274
204 117
204 303
205 70
205 134
205 262
205 313
206 95
206 255
207 15
207 187
207 237
207 320
208 21
208 206
208 278
208 377
208 378
209 90
209 128
209 329
209 347
209 399
210 200
211 20
211 241
211 306
211 382
211 405
212 219
212 378
213 132
213 400
214 100
214 104
214 134
214 306
215 1
215 75
215 98
215 261
215 263
216 13
217 56
218 344
219 63
219 77
219 220
219 250
219 306
220 119
220 167
220 248
220 262
220 344
221 108
222 347
223 263
224 360
225 35
225 158
225 202
225 372
226 51
226 134
226 248
226 365
227 79
227 193
228 109
228 323
229 183
230 250
231 56
231 334
231 353
231 377
232 8
232 187
232 201
232 237
233 27
233 51
233 91
233 112
234 257
234 399
235 174
235 225
235 319
236 41
236 77
236 319
236 365
236 370
237 97
238 108
238 158
238 262
238 280
238 316
239 241
239 266
239 272
239 320
239 365
240 57
240 72
240 196
240 320
241 104
242 119
243 282
243 380
244 70
244 136
244 173
245 68
245 91
245 154
246 129
246 377
247 406
248 406
249 78
249 223
249 402
250 201
251 91
251 119
251 136
251 187
251 306
252 219
252 262
253 206
253 357
254 61
254 198
254 228
254 313
255 158
256 220
257 1
257 199
257 242
257 281
257 316
258 61
259 10
259 248
259 383
259 393
260 242
261 31
261 134
262 406
263 167
263 247
263 262
263 276
263 306
264 144
264 338
265 60
265 95
265 132
265 158
265 251
266 21
266 122
266 215
266 248
266 271
267 143
267 178
267 221
267 367
267 378
268 11
268 171
268 176
268 180
269 67
269 97
269 187
269 271
269 344
270 88
270 129
270 137
271 187
271 201
271 262
272 60
272 128
273 35
273 241
274 67
274 221
274 319
275 145
276 406
277 204
277 296
277 317
277 326
278 51
278 232
278 261
278 369
278 383
279 80
279 104
279 280
280 97
280 99
280 205
281 78
281 109
281 172
281 199
281 362
282 136
282 218
282 313
283 114
284 91
285 107
286 1
286 128
286 172
286 382
287 223
287 250
287 339
288 147
288 154
289 38
289 68
289 220
289 261
289 280
290 44
290 121
290 263
290 266
291 84
291 97
291 261
291 296
291 360
292 173
292 369
293 67
293 247
293 338
293 360
293 382
294 369
294 373
295 62
295 266
296 63
296 158
296 209
296 319
297 216
298 136
298 274
298 339
299 253
300 119
300 130
300 338
301 217
301 232
302 329
303 98
303 271
303 319
303 369
304 1
304 204
304 212
304 325
305 104
305 245
305 326
306 406
307 406
308 317
309 8
309 21
309 31
309 119
309 247
310 41
310 288
310 383
311 9
311 34
311 40
312 154
312 218
312 380
313 201
313 251
313 369
314 98
314 353
315 119
315 214
316 134
317 141
317 226
318 83
318 104
318 122
318 128
319 61
319 247
319 344
320 330
321 160
322 67
322 338
322 380
323 21
323 132
323 183
323 330
323 366
324 122
324 128
325 21
325 88
325 158
325 278
325 293
326 104
326 263
326 365
327 248
327 325
328 20
328 21
328 180
329 232
329 287
330 242
331 6
331 47
331 78
331 266
331 326
332 194
333 275
333 312
334 179
335 16
335 98
336 209
337 119
337 183
337 226
338 167
338 248
338 344
339 88
339 201
340 109
340 209
340 263
340 329
340 352
341 60
341 104
341 365
341 369
342 21
343 21
343 31
343 100
343 185
344 406
345 83
345 274
346 1
347 91
347 97
347 187
347 262
347 276
348 143
349 82
349 144
349 241
350 29
350 140
350 357
351 41
351 91
351 114
351 115
351 209
352 15
352 362
352 365
353 60
353 167
353 220
353 248
354 104
354 234
355 10
355 80
355 121
355 137
355 276
356 60
356 280
357 61
357 75
357 104
357 179
358 292
358 352
358 367
359 45
359 132
359 153
359 167
359 342
360 119
360 167
360 248
360 307
361 276
362 112
362 313
363 15
363 181
363 334
364 6
364 283
364 368
365 119
365 248
366 63
366 214
366 223
366 282
367 20
367 123
367 378
368 31
369 119
369 136
369 187
369 248
369 344
370 97
370 262
370 383
371 145
372 35
372 108
373 144
373 292
373 370
374 139
374 283
374 298
375 179
375 319
376 74
376 113
376 118
376 337
376 387
377 247
377 248
377 330
378 21
378 63
378 218
378 233
379 257
379 305
380 97
381 66
381 132
381 236
381 242
381 284
382 187
383 27
383 248
384 72
384 100
384 260
385 24
385 222
385 312
385 391
386 303
387 131
387 179
387 281
388 136
389 136
389 220
389 338
390 36
391 63
391 68
391 167
391 185
392 59
392 173
392 263
392 287
392 403
393 134
393 187
393 237
393 278
393 287
394 15
395 29
395 108
396 63
396 204
396 367
397 1
398 50
398 186
398 290
399 123
399 261
399 284
399 313
399 380
400 307
400 377
401 220
401 383
402 100
402 112
402 223
402 242
403 78
403 204
403 214
403 303
404 41
404 121
404 129
404 260
404 326
405 21
405 193
405 220
405 300
405 337
