# Tier 7 (Very Large) - Instance 52
# Generated with config: N=300, K=4, topology=random_dag, calendar=random

# HEADER: <num_tasks> <num_types> <num_units>
302 4 26

# RESOURCE TYPES
# Format: <type_id> <num_units> <unit_id1> <unit_id2> ...
0 6 0 1 2 3 4 5
1 4 6 7 8 9
2 8 10 11 12 13 14 15 16 17
3 8 18 19 20 21 22 23 24 25

# RESOURCE UNITS (Calendars)
# Format: <unit_id> <num_steps> <t1> <v1> <t2> <v2> ...
0 29 0 100 28 0 34 100 167 0 175 100 319 0 330 100 431 0 437 100 589 0 601 100 703 0 715 100 857 0 864 100 1012 0 1014 100 1117 0 1124 100 1193 0 1199 100 1264 0 1276 100 1354 0 1362 100 1481 0 1492 100 1584 0 2560 0
1 29 0 100 157 0 161 100 285 0 287 100 328 0 337 100 485 0 491 100 579 0 590 100 681 0 693 100 759 0 767 100 799 0 806 100 844 0 849 100 958 0 971 100 1010 0 1019 100 1120 0 1133 100 1248 0 1253 100 1281 0 2560 0
2 29 0 0 13 100 160 0 163 100 217 0 224 100 338 0 340 100 447 0 456 100 538 0 550 100 679 0 684 100 847 0 850 100 898 0 906 100 1038 0 1040 100 1166 0 1172 100 1240 0 1247 100 1352 0 1357 100 1459 0 1470 100 2560 0
3 29 0 0 10 100 162 0 175 100 208 0 217 100 367 0 374 100 466 0 474 100 616 0 627 100 729 0 733 100 876 0 887 100 1040 0 1051 100 1094 0 1104 100 1226 0 1228 100 1302 0 1308 100 1451 0 1453 100 1532 0 1535 100 2560 0
4 29 0 100 70 0 79 100 223 0 225 100 293 0 303 100 396 0 408 100 492 0 497 100 642 0 647 100 701 0 709 100 807 0 810 100 930 0 938 100 1094 0 1099 100 1227 0 1231 100 1360 0 1365 100 1488 0 1490 100 1654 0 2560 0
5 29 0 0 4 100 151 0 158 100 246 0 256 100 348 0 352 100 382 0 390 100 468 0 476 100 513 0 516 100 657 0 664 100 805 0 815 100 848 0 859 100 955 0 960 100 1034 0 1037 100 1109 0 1118 100 1280 0 1286 100 2560 0
6 29 0 100 141 0 153 100 188 0 197 100 325 0 334 100 450 0 454 100 580 0 586 100 685 0 690 100 732 0 742 100 895 0 904 100 1024 0 1034 100 1122 0 1126 100 1227 0 1233 100 1329 0 1337 100 1436 0 1449 100 1610 0 2560 0
7 29 0 0 13 100 131 0 136 100 165 0 170 100 261 0 267 100 329 0 341 100 400 0 407 100 497 0 499 100 576 0 583 100 687 0 698 100 777 0 781 100 825 0 833 100 942 0 954 100 1085 0 1097 100 1248 0 1256 100 2560 0
8 29 0 100 90 0 101 100 170 0 182 100 332 0 343 100 462 0 471 100 590 0 597 100 721 0 723 100 871 0 875 100 963 0 970 100 1006 0 1018 100 1163 0 1173 100 1215 0 1223 100 1270 0 1279 100 1395 0 1401 100 1509 0 2560 0
9 29 0 0 2 100 141 0 146 100 269 0 279 100 355 0 357 100 400 0 402 100 455 0 459 100 515 0 526 100 683 0 687 100 764 0 768 100 872 0 880 100 1001 0 1011 100 1150 0 1157 100 1199 0 1201 100 1298 0 1300 100 2560 0
10 29 0 0 9 100 99 0 108 100 182 0 189 100 321 0 326 100 466 0 474 100 562 0 568 100 693 0 695 100 794 0 805 100 929 0 938 100 967 0 976 100 1054 0 1058 100 1123 0 1127 100 1262 0 1264 100 1323 0 1327 100 2560 0
11 29 0 100 34 0 38 100 181 0 187 100 253 0 266 100 362 0 373 100 485 0 496 100 567 0 580 100 711 0 714 100 844 0 852 100 951 0 957 100 1050 0 1062 100 1113 0 1119 100 1251 0 1263 100 1385 0 1389 100 1513 0 2560 0
12 29 0 100 73 0 78 100 130 0 133 100 233 0 246 100 343 0 356 100 475 0 479 100 559 0 569 100 614 0 620 100 748 0 758 100 906 0 911 100 962 0 974 100 1131 0 1134 100 1210 0 1216 100 1327 0 1331 100 1447 0 2560 0
13 29 0 0 10 100 67 0 70 100 125 0 137 100 241 0 244 100 331 0 335 100 488 0 490 100 650 0 657 100 781 0 793 100 855 0 857 100 985 0 987 100 1150 0 1161 100 1248 0 1250 100 1308 0 1311 100 1339 0 1352 100 2560 0
14 29 0 0 3 100 101 0 108 100 208 0 221 100 283 0 295 100 412 0 416 100 535 0 545 100 661 0 666 100 783 0 793 100 835 0 841 100 928 0 935 100 1090 0 1100 100 1261 0 1265 100 1318 0 1330 100 1477 0 1485 100 2560 0
15 29 0 0 9 100 99 0 101 100 194 0 203 100 360 0 371 100 451 0 460 100 556 0 569 100 652 0 664 100 742 0 747 100 886 0 894 100 982 0 993 100 1080 0 1084 100 1190 0 1200 100 1288 0 1291 100 1400 0 1407 100 2560 0
16 29 0 0 8 100 84 0 94 100 196 0 207 100 294 0 297 100 325 0 335 100 497 0 504 100 585 0 587 100 727 0 737 100 811 0 814 100 904 0 907 100 1061 0 1073 100 1236 0 1248 100 1384 0 1392 100 1438 0 1443 100 2560 0
17 29 0 0 11 100 58 0 60 100 146 0 153 100 291 0 298 100 388 0 400 100 473 0 476 100 510 0 518 100 556 0 566 100 616 0 625 100 710 0 715 100 761 0 767 100 885 0 892 100 922 0 925 100 1068 0 1081 100 2560 0
18 29 0 100 73 0 86 100 115 0 125 100 158 0 161 100 324 0 330 100 456 0 459 100 517 0 523 100 614 0 617 100 699 0 702 100 844 0 848 100 968 0 978 100 1024 0 1028 100 1143 0 1155 100 1253 0 1256 100 1418 0 2560 0
19 29 0 0 5 100 81 0 89 100 244 0 246 100 394 0 402 100 531 0 543 100 695 0 702 100 864 0 875 100 1020 0 1023 100 1091 0 1101 100 1222 0 1233 100 1268 0 1277 100 1330 0 1338 100 1465 0 1469 100 1536 0 1541 100 2560 0
20 29 0 0 4 100 63 0 75 100 164 0 167 100 246 0 248 100 278 0 280 100 352 0 363 100 419 0 426 100 547 0 552 100 696 0 704 100 810 0 812 100 849 0 856 100 981 0 990 100 1068 0 1071 100 1114 0 1116 100 2560 0
21 29 0 100 49 0 59 100 196 0 206 100 241 0 244 100 334 0 342 100 485 0 495 100 620 0 631 100 674 0 685 100 809 0 816 100 959 0 964 100 1045 0 1051 100 1208 0 1212 100 1341 0 1354 100 1495 0 1507 100 1542 0 2560 0
22 29 0 100 162 0 174 100 215 0 220 100 254 0 266 100 306 0 313 100 400 0 412 100 449 0 455 100 569 0 572 100 676 0 682 100 731 0 738 100 789 0 797 100 935 0 940 100 1035 0 1041 100 1182 0 1195 100 1332 0 2560 0
23 29 0 0 2 100 166 0 168 100 268 0 280 100 375 0 382 100 487 0 497 100 570 0 575 100 719 0 726 100 762 0 769 100 932 0 944 100 1091 0 1099 100 1186 0 1197 100 1296 0 1306 100 1452 0 1460 100 1541 0 1552 100 2560 0
24 29 0 0 5 100 149 0 152 100 254 0 257 100 375 0 381 100 454 0 463 100 623 0 628 100 681 0 685 100 744 0 748 100 833 0 835 100 992 0 1001 100 1131 0 1140 100 1286 0 1291 100 1328 0 1337 100 1371 0 1378 100 2560 0
25 29 0 0 11 100 147 0 152 100 216 0 229 100 352 0 356 100 465 0 477 100 637 0 641 100 716 0 719 100 849 0 858 100 892 0 903 100 987 0 995 100 1080 0 1090 100 1186 0 1194 100 1253 0 1258 100 1349 0 1359 100 2560 0

# TASKS
# Format: <task_id> <size> <num_reqs>
# Then for each requirement: <type_id> <qty>
0 0 4
 0 0
 1 0
 2 0
 3 0
1 14 4
 0 2
 1 2
 2 0
 3 1
2 15 4
 0 0
 1 1
 2 0
 3 3
3 11 4
 0 1
 1 2
 2 1
 3 0
4 14 4
 0 2
 1 2
 2 0
 3 1
5 6 4
 0 1
 1 0
 2 2
 3 1
6 18 4
 0 2
 1 3
 2 0
 3 1
7 3 4
 0 2
 1 2
 2 2
 3 0
8 13 4
 0 0
 1 3
 2 0
 3 3
9 4 4
 0 3
 1 0
 2 3
 3 1
10 18 4
 0 1
 1 0
 2 3
 3 1
11 10 4
 0 2
 1 0
 2 3
 3 0
12 8 4
 0 1
 1 2
 2 0
 3 1
13 6 4
 0 0
 1 0
 2 2
 3 1
14 2 4
 0 0
 1 1
 2 0
 3 1
15 10 4
 0 0
 1 0
 2 0
 3 2
16 14 4
 0 3
 1 1
 2 1
 3 0
17 20 4
 0 0
 1 2
 2 3
 3 2
18 9 4
 0 1
 1 0
 2 0
 3 0
19 16 4
 0 3
 1 0
 2 0
 3 0
20 19 4
 0 2
 1 1
 2 0
 3 1
21 9 4
 0 1
 1 2
 2 3
 3 2
22 4 4
 0 0
 1 1
 2 3
 3 1
23 6 4
 0 0
 1 1
 2 0
 3 0
24 19 4
 0 3
 1 3
 2 2
 3 0
25 14 4
 0 3
 1 0
 2 0
 3 3
26 13 4
 0 1
 1 0
 2 3
 3 1
27 19 4
 0 0
 1 0
 2 3
 3 2
28 16 4
 0 1
 1 2
 2 2
 3 0
29 8 4
 0 3
 1 2
 2 0
 3 3
30 16 4
 0 3
 1 2
 2 1
 3 1
31 3 4
 0 3
 1 0
 2 0
 3 0
32 4 4
 0 1
 1 0
 2 1
 3 1
33 4 4
 0 1
 1 2
 2 1
 3 0
34 11 4
 0 2
 1 2
 2 0
 3 1
35 20 4
 0 0
 1 2
 2 0
 3 3
36 8 4
 0 2
 1 0
 2 2
 3 1
37 5 4
 0 3
 1 2
 2 3
 3 1
38 13 4
 0 0
 1 2
 2 3
 3 2
39 12 4
 0 0
 1 1
 2 2
 3 0
40 19 4
 0 0
 1 1
 2 3
 3 0
41 9 4
 0 0
 1 2
 2 3
 3 0
42 4 4
 0 0
 1 0
 2 1
 3 3
43 18 4
 0 0
 1 3
 2 1
 3 0
44 4 4
 0 2
 1 0
 2 0
 3 0
45 5 4
 0 2
 1 2
 2 3
 3 0
46 19 4
 0 2
 1 1
 2 0
 3 0
47 3 4
 0 3
 1 0
 2 0
 3 0
48 6 4
 0 3
 1 0
 2 3
 3 0
49 17 4
 0 0
 1 0
 2 0
 3 3
50 1 4
 0 0
 1 1
 2 0
 3 3
51 1 4
 0 2
 1 1
 2 0
 3 0
52 3 4
 0 0
 1 1
 2 1
 3 1
53 2 4
 0 1
 1 1
 2 0
 3 3
54 4 4
 0 0
 1 0
 2 2
 3 0
55 6 4
 0 3
 1 1
 2 3
 3 0
56 13 4
 0 3
 1 0
 2 0
 3 0
57 15 4
 0 3
 1 0
 2 0
 3 2
58 19 4
 0 0
 1 2
 2 0
 3 2
59 8 4
 0 2
 1 0
 2 0
 3 2
60 6 4
 0 1
 1 3
 2 2
 3 3
61 9 4
 0 3
 1 3
 2 0
 3 3
62 12 4
 0 0
 1 2
 2 0
 3 0
63 6 4
 0 0
 1 3
 2 3
 3 3
64 9 4
 0 0
 1 1
 2 2
 3 3
65 7 4
 0 0
 1 0
 2 0
 3 2
66 2 4
 0 2
 1 0
 2 1
 3 1
67 7 4
 0 0
 1 3
 2 2
 3 3
68 3 4
 0 3
 1 1
 2 3
 3 3
69 19 4
 0 3
 1 0
 2 2
 3 1
70 4 4
 0 3
 1 1
 2 0
 3 1
71 1 4
 0 0
 1 1
 2 1
 3 0
72 1 4
 0 0
 1 0
 2 0
 3 3
73 17 4
 0 1
 1 3
 2 0
 3 3
74 1 4
 0 1
 1 0
 2 0
 3 1
75 10 4
 0 1
 1 1
 2 3
 3 0
76 8 4
 0 0
 1 0
 2 0
 3 1
77 18 4
 0 3
 1 2
 2 2
 3 0
78 1 4
 0 0
 1 1
 2 2
 3 2
79 16 4
 0 1
 1 1
 2 0
 3 2
80 3 4
 0 0
 1 0
 2 2
 3 0
81 1 4
 0 0
 1 3
 2 0
 3 2
82 19 4
 0 0
 1 0
 2 3
 3 0
83 9 4
 0 2
 1 0
 2 3
 3 0
84 17 4
 0 1
 1 2
 2 2
 3 3
85 8 4
 0 3
 1 1
 2 0
 3 2
86 11 4
 0 0
 1 2
 2 2
 3 1
87 9 4
 0 2
 1 3
 2 0
 3 1
88 6 4
 0 3
 1 1
 2 3
 3 2
89 18 4
 0 2
 1 0
 2 2
 3 0
90 2 4
 0 0
 1 1
 2 0
 3 0
91 15 4
 0 3
 1 1
 2 0
 3 0
92 1 4
 0 3
 1 2
 2 2
 3 3
93 15 4
 0 2
 1 0
 2 0
 3 0
94 13 4
 0 3
 1 1
 2 0
 3 0
95 10 4
 0 0
 1 2
 2 1
 3 1
96 20 4
 0 0
 1 0
 2 1
 3 0
97 18 4
 0 1
 1 2
 2 0
 3 0
98 11 4
 0 3
 1 3
 2 2
 3 0
99 12 4
 0 0
 1 1
 2 3
 3 1
100 13 4
 0 1
 1 2
 2 2
 3 1
101 13 4
 0 3
 1 3
 2 2
 3 3
102 10 4
 0 0
 1 0
 2 0
 3 3
103 8 4
 0 2
 1 0
 2 0
 3 3
104 13 4
 0 3
 1 1
 2 0
 3 0
105 11 4
 0 3
 1 3
 2 3
 3 0
106 9 4
 0 1
 1 0
 2 2
 3 3
107 11 4
 0 0
 1 0
 2 1
 3 0
108 1 4
 0 0
 1 2
 2 3
 3 1
109 16 4
 0 0
 1 0
 2 1
 3 0
110 10 4
 0 3
 1 2
 2 1
 3 2
111 6 4
 0 1
 1 2
 2 0
 3 0
112 19 4
 0 0
 1 2
 2 3
 3 3
113 15 4
 0 1
 1 3
 2 0
 3 0
114 1 4
 0 0
 1 2
 2 0
 3 3
115 5 4
 0 0
 1 1
 2 0
 3 0
116 17 4
 0 3
 1 2
 2 1
 3 1
117 14 4
 0 2
 1 2
 2 0
 3 0
118 13 4
 0 3
 1 3
 2 1
 3 1
119 8 4
 0 2
 1 1
 2 0
 3 0
120 4 4
 0 3
 1 3
 2 3
 3 0
121 8 4
 0 0
 1 1
 2 1
 3 0
122 5 4
 0 0
 1 2
 2 2
 3 3
123 18 4
 0 1
 1 2
 2 1
 3 3
124 17 4
 0 0
 1 2
 2 3
 3 0
125 17 4
 0 0
 1 3
 2 1
 3 3
126 20 4
 0 0
 1 1
 2 1
 3 1
127 7 4
 0 0
 1 3
 2 2
 3 0
128 9 4
 0 3
 1 0
 2 2
 3 3
129 20 4
 0 0
 1 1
 2 2
 3 2
130 18 4
 0 2
 1 0
 2 0
 3 3
131 16 4
 0 0
 1 3
 2 2
 3 0
132 17 4
 0 0
 1 3
 2 1
 3 2
133 19 4
 0 1
 1 3
 2 1
 3 1
134 4 4
 0 1
 1 2
 2 2
 3 1
135 14 4
 0 0
 1 3
 2 2
 3 0
136 3 4
 0 0
 1 3
 2 3
 3 3
137 8 4
 0 2
 1 3
 2 0
 3 3
138 20 4
 0 0
 1 3
 2 0
 3 3
139 19 4
 0 3
 1 2
 2 3
 3 0
140 11 4
 0 1
 1 3
 2 2
 3 2
141 14 4
 0 2
 1 0
 2 0
 3 2
142 6 4
 0 2
 1 2
 2 1
 3 1
143 10 4
 0 3
 1 2
 2 0
 3 0
144 1 4
 0 0
 1 1
 2 3
 3 0
145 4 4
 0 0
 1 0
 2 0
 3 3
146 15 4
 0 2
 1 0
 2 0
 3 0
147 2 4
 0 0
 1 1
 2 2
 3 1
148 18 4
 0 1
 1 0
 2 0
 3 0
149 9 4
 0 1
 1 3
 2 2
 3 0
150 20 4
 0 3
 1 0
 2 1
 3 0
151 6 4
 0 2
 1 3
 2 3
 3 0
152 8 4
 0 3
 1 2
 2 2
 3 0
153 17 4
 0 0
 1 3
 2 2
 3 3
154 13 4
 0 0
 1 0
 2 0
 3 2
155 6 4
 0 0
 1 0
 2 3
 3 1
156 6 4
 0 0
 1 2
 2 1
 3 0
157 14 4
 0 0
 1 2
 2 2
 3 2
158 19 4
 0 0
 1 2
 2 0
 3 0
159 8 4
 0 2
 1 1
 2 0
 3 3
160 8 4
 0 0
 1 3
 2 1
 3 0
161 15 4
 0 1
 1 0
 2 1
 3 0
162 7 4
 0 1
 1 1
 2 3
 3 1
163 1 4
 0 3
 1 0
 2 1
 3 2
164 18 4
 0 3
 1 3
 2 3
 3 3
165 8 4
 0 1
 1 3
 2 1
 3 3
166 20 4
 0 2
 1 0
 2 3
 3 2
167 3 4
 0 3
 1 1
 2 3
 3 0
168 4 4
 0 0
 1 3
 2 1
 3 3
169 15 4
 0 3
 1 1
 2 2
 3 2
170 19 4
 0 0
 1 3
 2 0
 3 2
171 11 4
 0 0
 1 3
 2 1
 3 3
172 17 4
 0 2
 1 0
 2 0
 3 2
173 2 4
 0 3
 1 2
 2 0
 3 0
174 3 4
 0 3
 1 0
 2 2
 3 3
175 12 4
 0 0
 1 3
 2 2
 3 0
176 5 4
 0 3
 1 2
 2 1
 3 1
177 16 4
 0 3
 1 3
 2 0
 3 0
178 20 4
 0 1
 1 0
 2 1
 3 2
179 18 4
 0 0
 1 2
 2 0
 3 0
180 9 4
 0 0
 1 0
 2 1
 3 0
181 12 4
 0 3
 1 0
 2 1
 3 1
182 10 4
 0 3
 1 0
 2 3
 3 1
183 19 4
 0 0
 1 1
 2 3
 3 1
184 1 4
 0 0
 1 0
 2 3
 3 3
185 9 4
 0 0
 1 1
 2 0
 3 0
186 13 4
 0 2
 1 2
 2 1
 3 1
187 20 4
 0 3
 1 0
 2 3
 3 0
188 12 4
 0 2
 1 3
 2 0
 3 2
189 15 4
 0 1
 1 2
 2 0
 3 3
190 17 4
 0 2
 1 2
 2 0
 3 0
191 7 4
 0 2
 1 0
 2 0
 3 0
192 11 4
 0 3
 1 2
 2 2
 3 2
193 3 4
 0 3
 1 2
 2 3
 3 3
194 12 4
 0 0
 1 2
 2 3
 3 3
195 17 4
 0 1
 1 2
 2 0
 3 0
196 1 4
 0 2
 1 3
 2 3
 3 2
197 6 4
 0 1
 1 1
 2 1
 3 2
198 9 4
 0 2
 1 0
 2 0
 3 1
199 9 4
 0 1
 1 2
 2 0
 3 3
200 16 4
 0 0
 1 3
 2 2
 3 0
201 19 4
 0 3
 1 3
 2 0
 3 0
202 18 4
 0 0
 1 1
 2 0
 3 0
203 11 4
 0 1
 1 3
 2 2
 3 1
204 9 4
 0 0
 1 0
 2 3
 3 2
205 19 4
 0 0
 1 0
 2 0
 3 2
206 6 4
 0 3
 1 0
 2 0
 3 0
207 1 4
 0 2
 1 0
 2 0
 3 0
208 1 4
 0 0
 1 2
 2 0
 3 3
209 19 4
 0 0
 1 2
 2 1
 3 3
210 5 4
 0 0
 1 2
 2 1
 3 1
211 16 4
 0 3
 1 2
 2 3
 3 1
212 12 4
 0 0
 1 3
 2 1
 3 1
213 9 4
 0 0
 1 1
 2 0
 3 3
214 13 4
 0 0
 1 0
 2 0
 3 2
215 20 4
 0 0
 1 1
 2 0
 3 1
216 15 4
 0 0
 1 3
 2 3
 3 0
217 19 4
 0 2
 1 0
 2 2
 3 1
218 17 4
 0 3
 1 1
 2 2
 3 2
219 2 4
 0 3
 1 1
 2 0
 3 0
220 11 4
 0 0
 1 3
 2 3
 3 3
221 6 4
 0 1
 1 3
 2 3
 3 3
222 2 4
 0 1
 1 0
 2 0
 3 0
223 16 4
 0 2
 1 0
 2 3
 3 3
224 2 4
 0 2
 1 0
 2 2
 3 0
225 10 4
 0 3
 1 0
 2 2
 3 0
226 12 4
 0 1
 1 1
 2 3
 3 0
227 17 4
 0 2
 1 2
 2 0
 3 1
228 11 4
 0 0
 1 0
 2 2
 3 0
229 1 4
 0 3
 1 2
 2 2
 3 1
230 3 4
 0 0
 1 2
 2 0
 3 3
231 9 4
 0 1
 1 0
 2 0
 3 0
232 18 4
 0 1
 1 0
 2 0
 3 2
233 7 4
 0 1
 1 0
 2 3
 3 1
234 16 4
 0 3
 1 3
 2 1
 3 3
235 14 4
 0 3
 1 2
 2 3
 3 1
236 7 4
 0 0
 1 0
 2 0
 3 1
237 13 4
 0 2
 1 3
 2 0
 3 0
238 3 4
 0 0
 1 1
 2 0
 3 0
239 5 4
 0 2
 1 1
 2 1
 3 1
240 4 4
 0 0
 1 0
 2 2
 3 0
241 6 4
 0 1
 1 0
 2 0
 3 2
242 4 4
 0 0
 1 1
 2 1
 3 1
243 6 4
 0 0
 1 0
 2 2
 3 3
244 19 4
 0 0
 1 3
 2 0
 3 3
245 7 4
 0 0
 1 0
 2 1
 3 1
246 16 4
 0 0
 1 1
 2 0
 3 0
247 15 4
 0 2
 1 1
 2 0
 3 0
248 15 4
 0 1
 1 1
 2 3
 3 0
249 18 4
 0 0
 1 0
 2 0
 3 3
250 9 4
 0 1
 1 3
 2 0
 3 0
251 17 4
 0 1
 1 1
 2 2
 3 0
252 6 4
 0 2
 1 0
 2 0
 3 2
253 13 4
 0 1
 1 2
 2 3
 3 0
254 11 4
 0 1
 1 0
 2 0
 3 0
255 8 4
 0 2
 1 3
 2 3
 3 2
256 8 4
 0 1
 1 0
 2 0
 3 0
257 8 4
 0 2
 1 1
 2 0
 3 0
258 4 4
 0 1
 1 2
 2 1
 3 0
259 5 4
 0 1
 1 0
 2 0
 3 3
260 20 4
 0 2
 1 3
 2 1
 3 1
261 11 4
 0 0
 1 0
 2 0
 3 3
262 6 4
 0 2
 1 1
 2 3
 3 0
263 1 4
 0 0
 1 0
 2 2
 3 0
264 7 4
 0 0
 1 0
 2 1
 3 1
265 13 4
 0 1
 1 2
 2 0
 3 1
266 14 4
 0 3
 1 0
 2 1
 3 2
267 11 4
 0 1
 1 2
 2 0
 3 0
268 13 4
 0 0
 1 3
 2 0
 3 0
269 3 4
 0 1
 1 0
 2 0
 3 1
270 19 4
 0 2
 1 0
 2 2
 3 0
271 16 4
 0 0
 1 2
 2 0
 3 1
272 19 4
 0 0
 1 3
 2 1
 3 3
273 18 4
 0 3
 1 2
 2 3
 3 3
274 17 4
 0 0
 1 1
 2 3
 3 0
275 14 4
 0 0
 1 2
 2 3
 3 2
276 4 4
 0 3
 1 2
 2 0
 3 2
277 19 4
 0 3
 1 1
 2 0
 3 0
278 3 4
 0 2
 1 0
 2 1
 3 2
279 5 4
 0 2
 1 0
 2 1
 3 2
280 4 4
 0 0
 1 0
 2 0
 3 2
281 15 4
 0 0
 1 1
 2 0
 3 3
282 18 4
 0 1
 1 3
 2 0
 3 2
283 3 4
 0 0
 1 2
 2 2
 3 0
284 10 4
 0 0
 1 1
 2 0
 3 2
285 10 4
 0 2
 1 2
 2 0
 3 0
286 1 4
 0 1
 1 2
 2 0
 3 0
287 9 4
 0 0
 1 2
 2 3
 3 3
288 13 4
 0 3
 1 0
 2 0
 3 0
289 2 4
 0 2
 1 2
 2 3
 3 0
290 12 4
 0 1
 1 0
 2 0
 3 0
291 8 4
 0 3
 1 3
 2 0
 3 1
292 12 4
 0 0
 1 0
 2 3
 3 2
293 19 4
 0 1
 1 2
 2 1
 3 0
294 20 4
 0 0
 1 0
 2 1
 3 0
295 5 4
 0 2
 1 1
 2 2
 3 1
296 10 4
 0 0
 1 3
 2 0
 3 0
297 2 4
 0 2
 1 2
 2 3
 3 1
298 12 4
 0 0
 1 1
 2 1
 3 0
299 20 4
 0 2
 1 0
 2 0
 3 0
300 10 4
 0 0
 1 0
 2 1
 3 0
301 0 4
 0 0
 1 0
 2 0
 3 0

# PRECEDENCES
968
0 3
0 7
0 8
0 9
0 10
0 12
0 13
0 18
0 20
0 21
0 29
0 30
0 31
0 32
0 33
0 34
0 37
0 38
0 40
0 41
0 43
0 44
0 45
0 47
0 50
0 52
0 54
0 64
0 66
0 67
0 68
0 70
0 71
0 77
0 82
0 85
0 89
0 90
0 93
0 94
0 95
0 96
0 100
0 101
0 103
0 107
0 110
0 113
0 115
0 116
0 117
0 122
0 130
0 132
0 133
0 134
0 135
0 139
0 143
0 145
0 149
0 151
0 152
0 156
0 158
0 159
0 160
0 163
0 168
0 172
0 173
0 180
0 182
0 186
0 187
0 189
0 191
0 192
0 197
0 199
0 204
0 205
0 206
0 207
0 210
0 213
0 215
0 217
0 218
0 219
0 220
0 222
0 223
0 227
0 229
0 231
0 234
0 235
0 236
0 237
0 240
0 242
0 245
0 252
0 257
0 258
0 261
0 265
0 268
0 274
0 276
0 277
0 278
0 280
0 283
0 288
0 290
0 296
0 297
0 298
0 299
1 62
1 150
1 170
1 253
1 294
2 301
3 24
3 213
4 2
4 200
5 59
5 108
5 170
5 270
6 74
6 91
6 129
6 166
7 90
7 102
7 170
8 129
8 180
8 193
9 83
9 153
9 300
10 254
11 102
12 106
12 123
12 292
13 234
13 245
14 301
15 166
15 171
15 226
15 294
16 5
16 46
16 109
16 262
17 102
17 166
17 260
18 128
18 248
18 260
19 57
19 108
19 244
20 112
21 65
21 99
21 164
21 233
21 300
22 118
22 129
22 194
22 251
23 39
23 295
24 254
24 270
25 59
25 106
25 121
25 131
26 80
26 120
26 174
26 253
27 83
28 5
28 15
28 112
28 179
28 291
29 48
29 135
29 154
29 230
29 291
30 112
30 285
31 81
31 238
31 241
31 252
31 284
32 262
33 46
33 58
33 79
33 137
34 225
34 244
35 81
35 167
35 169
36 97
36 142
37 251
38 60
38 128
38 170
39 301
40 25
40 202
41 166
42 60
42 78
42 112
43 54
43 138
43 294
44 166
44 189
44 210
44 231
44 257
45 32
45 150
45 243
45 254
46 6
46 78
47 61
47 121
47 217
48 108
48 284
49 108
49 150
49 253
50 42
50 300
51 91
52 251
52 256
52 267
52 271
52 287
53 48
53 73
53 104
53 118
53 255
54 137
55 256
55 260
56 106
56 184
56 272
57 301
58 35
58 267
59 301
60 83
60 166
60 238
60 289
61 91
62 301
63 144
63 251
64 18
64 46
64 50
64 174
64 241
65 42
65 138
65 196
65 293
66 294
67 79
67 109
68 143
68 195
68 216
68 243
69 121
69 150
69 162
69 287
69 295
70 142
70 152
70 228
70 284
71 67
71 77
72 2
72 185
72 225
73 170
73 270
74 59
74 260
75 91
75 270
75 284
76 2
76 83
76 106
76 118
76 150
77 61
77 79
77 170
77 228
77 279
78 162
78 170
79 14
79 59
79 243
79 260
79 263
80 35
80 59
80 61
80 140
80 200
81 74
81 171
81 295
81 300
82 98
82 114
82 156
82 177
82 272
83 301
84 42
84 165
84 253
84 263
84 284
85 105
86 14
86 62
86 102
86 108
87 98
88 284
89 150
89 195
89 210
89 213
89 252
90 2
90 78
90 98
90 198
90 251
91 59
91 86
91 248
92 14
92 106
92 289
93 189
94 7
94 41
94 109
94 213
95 52
95 155
95 249
96 38
96 184
96 293
96 295
97 287
98 301
99 200
99 228
99 243
100 36
100 114
100 127
100 212
101 148
101 183
101 249
102 301
103 9
103 75
103 256
104 46
104 49
104 118
104 184
104 293
105 61
105 112
105 181
105 196
106 214
107 24
108 301
109 112
109 244
110 280
111 260
112 2
112 166
112 200
112 294
113 15
113 23
113 190
113 208
113 291
114 11
114 109
114 175
115 84
115 176
115 230
116 75
117 193
118 48
118 73
118 228
118 295
119 176
120 167
120 270
121 17
121 39
121 57
121 98
121 129
122 170
122 193
122 195
122 284
123 59
123 209
123 273
124 128
125 56
125 247
125 269
126 83
126 106
127 55
127 97
127 188
127 254
127 292
128 108
128 146
128 221
128 273
129 98
129 260
129 295
130 59
130 62
130 88
130 166
130 267
131 2
132 17
132 38
132 188
132 294
133 102
133 128
133 251
134 48
134 291
135 56
135 128
136 24
136 272
137 226
137 238
138 19
138 214
138 293
139 103
140 221
141 75
141 78
141 106
141 170
142 2
143 13
143 97
143 98
143 175
144 87
144 91
144 118
144 263
145 20
145 22
145 53
145 150
146 2
146 60
146 102
146 238
146 295
147 144
148 118
148 157
148 289
149 51
149 86
149 97
149 134
149 300
150 98
151 53
151 124
151 232
151 282
152 41
153 56
153 111
153 212
154 55
154 61
154 129
154 164
154 214
155 56
155 129
155 147
156 260
157 91
157 104
157 244
157 254
157 271
158 194
159 272
160 88
160 166
160 200
160 211
161 69
161 248
162 131
162 270
163 120
164 244
165 73
165 97
165 169
165 282
166 301
167 294
168 1
168 28
168 79
168 88
168 119
169 108
169 131
169 170
169 177
170 301
171 98
171 108
172 24
172 97
172 161
172 225
173 48
173 56
173 252
174 39
174 97
174 114
174 289
175 59
175 76
175 99
175 254
175 266
176 216
177 294
178 92
178 121
178 171
179 56
179 79
179 83
180 9
180 170
181 14
181 87
182 83
182 140
182 195
182 224
182 226
183 11
183 46
183 102
183 146
184 137
184 221
184 253
184 287
184 295
185 62
185 108
185 112
185 178
185 251
186 6
186 76
186 126
186 221
187 54
187 158
188 63
188 73
188 244
189 250
190 51
190 99
190 239
191 43
191 46
191 128
191 228
192 92
192 154
193 196
194 81
194 87
195 15
195 78
195 138
195 150
195 201
196 55
196 78
196 131
196 153
197 80
197 96
197 162
197 281
198 61
198 79
198 150
198 243
198 289
199 118
199 203
199 234
200 301
201 14
201 273
201 293
202 16
202 98
203 87
204 28
204 52
204 63
204 265
205 55
205 97
206 63
206 103
206 279
207 16
207 42
207 61
207 121
207 180
208 87
208 141
208 200
208 221
208 289
209 104
209 128
209 136
209 170
210 243
211 79
211 87
211 150
211 250
212 83
212 226
212 248
212 253
212 295
213 97
213 295
214 62
214 228
215 6
215 104
215 266
215 272
216 57
216 59
216 200
216 221
216 243
217 1
217 90
217 209
218 57
218 162
218 259
218 264
219 1
219 88
220 193
220 289
221 131
221 260
222 81
222 121
222 170
222 181
222 241
223 88
223 271
224 57
224 75
224 126
224 203
224 230
225 76
225 104
225 141
225 179
225 251
226 98
227 34
227 175
227 176
227 292
228 301
229 269
229 295
230 78
230 131
230 165
230 169
230 246
231 112
231 146
232 4
232 123
233 25
233 74
233 193
233 271
234 2
234 99
234 137
235 46
235 225
235 295
236 72
236 104
236 166
236 193
236 262
237 147
237 188
238 301
239 129
239 256
239 293
240 48
240 81
240 174
240 244
241 57
241 86
241 171
242 39
242 194
243 86
243 102
243 108
243 228
243 300
244 98
244 238
244 295
244 300
245 2
245 77
245 228
245 280
246 15
246 79
246 98
246 221
246 293
247 17
247 221
247 244
247 251
248 301
249 121
249 221
249 271
250 146
250 289
251 266
252 271
253 59
253 62
253 289
254 97
255 79
255 281
256 83
256 266
256 300
257 10
257 49
257 146
257 161
257 273
258 117
258 250
258 271
259 28
259 154
259 155
259 275
259 300
260 301
261 103
261 291
262 271
263 86
263 170
263 171
263 300
264 22
264 51
264 154
264 211
265 98
265 106
265 293
265 300
266 102
267 28
267 137
267 200
267 214
268 17
268 62
268 83
268 86
269 79
269 124
269 146
270 228
270 295
271 74
271 241
272 14
272 81
272 86
272 279
273 59
273 102
273 226
273 260
273 295
274 125
274 174
275 28
275 102
276 31
276 91
276 268
277 26
277 83
277 275
277 286
277 293
278 201
279 243
280 128
281 17
281 184
281 198
282 62
282 295
283 51
283 79
283 293
283 294
284 39
284 102
284 170
284 228
284 294
285 27
286 238
287 2
287 59
287 129
287 284
288 181
289 301
290 208
290 278
291 86
291 98
291 108
291 170
291 248
292 76
292 250
293 228
294 301
295 301
296 210
297 29
297 152
297 251
298 59
298 177
298 184
298 200
298 259
299 77
299 221
300 301
