# Tier 7 (Very Large) - Instance 41
# Generated with config: N=458, K=5, topology=random_dag, calendar=random

# HEADER: <num_tasks> <num_types> <num_units>
460 5 27

# RESOURCE TYPES
# Format: <type_id> <num_units> <unit_id1> <unit_id2> ...
0 5 0 1 2 3 4
1 4 5 6 7 8
2 5 9 10 11 12 13
3 5 14 15 16 17 18
4 8 19 20 21 22 23 24 25 26

# RESOURCE UNITS (Calendars)
# Format: <unit_id> <num_steps> <t1> <v1> <t2> <v2> ...
0 26 0 100 160 0 180 100 308 0 329 100 535 0 561 100 627 0 629 100 905 0 916 100 1073 0 1082 100 1151 0 1162 100 1269 0 1271 100 1469 0 1477 100 1607 0 1627 100 1834 0 1850 100 2048 0 2059 100 4422 0
1 26 0 100 76 0 87 100 213 0 225 100 299 0 303 100 608 0 623 100 751 0 775 100 943 0 969 100 1106 0 1123 100 1315 0 1327 100 1533 0 1538 100 1793 0 1808 100 1968 0 1980 100 2071 0 2087 100 4422 0
2 26 0 0 24 100 269 0 290 100 388 0 407 100 698 0 713 100 790 0 796 100 920 0 945 100 1262 0 1286 100 1566 0 1568 100 1658 0 1661 100 1860 0 1862 100 2171 0 2182 100 2242 0 2254 100 2564 0 4422 0
3 26 0 100 71 0 95 100 251 0 271 100 361 0 383 100 530 0 546 100 605 0 622 100 912 0 930 100 996 0 1018 100 1327 0 1342 100 1408 0 1434 100 1749 0 1756 100 1814 0 1823 100 1985 0 1991 100 4422 0
4 26 0 0 10 100 163 0 167 100 397 0 421 100 620 0 629 100 733 0 755 100 809 0 819 100 1092 0 1103 100 1264 0 1272 100 1498 0 1507 100 1714 0 1738 100 2028 0 2043 100 2155 0 2164 100 2416 0 4422 0
5 26 0 0 14 100 260 0 284 100 505 0 523 100 579 0 582 100 706 0 728 100 970 0 974 100 1037 0 1052 100 1242 0 1247 100 1388 0 1411 100 1539 0 1541 100 1657 0 1665 100 1738 0 1752 100 1908 0 4422 0
6 26 0 100 313 0 338 100 549 0 562 100 653 0 674 100 785 0 790 100 864 0 883 100 1193 0 1219 100 1445 0 1452 100 1556 0 1575 100 1686 0 1695 100 1948 0 1956 100 2047 0 2073 100 2258 0 2279 100 4422 0
7 26 0 100 155 0 159 100 316 0 333 100 643 0 656 100 804 0 815 100 1081 0 1097 100 1379 0 1387 100 1650 0 1662 100 1787 0 1793 100 2062 0 2079 100 2228 0 2247 100 2358 0 2375 100 2481 0 2489 100 4422 0
8 26 0 100 109 0 135 100 314 0 335 100 572 0 592 100 695 0 702 100 780 0 803 100 952 0 957 100 1196 0 1207 100 1401 0 1418 100 1659 0 1661 100 1902 0 1916 100 2083 0 2104 100 2249 0 2269 100 4422 0
9 26 0 0 21 100 193 0 211 100 285 0 289 100 497 0 503 100 732 0 743 100 952 0 954 100 1180 0 1187 100 1431 0 1452 100 1737 0 1745 100 1824 0 1839 100 2082 0 2089 100 2302 0 2306 100 2490 0 4422 0
10 26 0 100 61 0 76 100 146 0 151 100 459 0 465 100 779 0 793 100 969 0 990 100 1117 0 1121 100 1276 0 1286 100 1452 0 1458 100 1571 0 1585 100 1741 0 1748 100 1846 0 1858 100 1952 0 1977 100 4422 0
11 26 0 100 167 0 181 100 424 0 439 100 509 0 513 100 632 0 648 100 879 0 901 100 1034 0 1052 100 1180 0 1204 100 1493 0 1501 100 1619 0 1630 100 1691 0 1703 100 1759 0 1762 100 1870 0 1883 100 4422 0
12 26 0 0 22 100 88 0 100 100 238 0 257 100 395 0 419 100 640 0 660 100 754 0 775 100 963 0 973 100 1034 0 1057 100 1183 0 1200 100 1437 0 1462 100 1613 0 1620 100 1701 0 1725 100 1852 0 4422 0
13 26 0 100 111 0 133 100 330 0 338 100 396 0 422 100 570 0 577 100 884 0 910 100 992 0 1015 100 1328 0 1353 100 1634 0 1645 100 1814 0 1816 100 1989 0 1993 100 2274 0 2277 100 2440 0 2452 100 4422 0
14 26 0 100 200 0 225 100 534 0 540 100 624 0 634 100 840 0 863 100 953 0 979 100 1294 0 1298 100 1608 0 1628 100 1881 0 1896 100 2024 0 2045 100 2261 0 2280 100 2528 0 2539 100 2718 0 2727 100 4422 0
15 26 0 100 114 0 130 100 295 0 304 100 404 0 410 100 561 0 573 100 703 0 720 100 806 0 811 100 1030 0 1033 100 1327 0 1343 100 1657 0 1672 100 1942 0 1965 100 2046 0 2052 100 2281 0 2304 100 4422 0
16 26 0 0 15 100 206 0 227 100 508 0 523 100 658 0 671 100 841 0 855 100 1123 0 1145 100 1386 0 1400 100 1648 0 1655 100 1869 0 1894 100 2192 0 2203 100 2279 0 2290 100 2380 0 2386 100 2596 0 4422 0
17 26 0 100 292 0 314 100 499 0 505 100 679 0 691 100 775 0 779 100 923 0 936 100 1051 0 1076 100 1241 0 1251 100 1549 0 1566 100 1674 0 1683 100 1833 0 1855 100 1934 0 1942 100 2107 0 2124 100 4422 0
18 26 0 100 87 0 94 100 342 0 357 100 493 0 513 100 604 0 620 100 864 0 877 100 1065 0 1077 100 1343 0 1353 100 1639 0 1660 100 1908 0 1926 100 2170 0 2172 100 2417 0 2441 100 2692 0 2712 100 4422 0
19 26 0 100 311 0 337 100 532 0 551 100 806 0 814 100 1108 0 1113 100 1296 0 1322 100 1434 0 1455 100 1770 0 1782 100 1920 0 1942 100 2189 0 2215 100 2515 0 2523 100 2664 0 2676 100 2885 0 2893 100 4422 0
20 26 0 0 21 100 225 0 249 100 558 0 566 100 633 0 646 100 919 0 932 100 1084 0 1107 100 1395 0 1409 100 1664 0 1684 100 1965 0 1985 100 2269 0 2293 100 2437 0 2447 100 2557 0 2560 100 2778 0 4422 0
21 26 0 0 24 100 337 0 360 100 436 0 459 100 533 0 541 100 786 0 799 100 990 0 1004 100 1217 0 1224 100 1492 0 1496 100 1696 0 1717 100 1856 0 1874 100 1956 0 1963 100 2210 0 2221 100 2530 0 4422 0
22 26 0 100 165 0 183 100 429 0 449 100 650 0 657 100 963 0 976 100 1266 0 1276 100 1438 0 1462 100 1700 0 1711 100 2020 0 2023 100 2323 0 2329 100 2416 0 2439 100 2501 0 2504 100 2786 0 2801 100 4422 0
23 26 0 100 182 0 193 100 429 0 443 100 528 0 534 100 674 0 700 100 999 0 1012 100 1071 0 1079 100 1373 0 1376 100 1689 0 1712 100 1997 0 2006 100 2118 0 2130 100 2285 0 2287 100 2362 0 2369 100 4422 0
24 26 0 100 232 0 247 100 353 0 375 100 472 0 488 100 615 0 641 100 793 0 810 100 917 0 937 100 1113 0 1128 100 1425 0 1437 100 1582 0 1586 100 1884 0 1898 100 2139 0 2142 100 2410 0 2434 100 4422 0
25 26 0 0 11 100 194 0 198 100 394 0 415 100 721 0 736 100 994 0 1005 100 1253 0 1267 100 1484 0 1500 100 1583 0 1604 100 1761 0 1769 100 1866 0 1885 100 2192 0 2202 100 2344 0 2362 100 2600 0 4422 0
26 26 0 100 134 0 157 100 239 0 262 100 411 0 424 100 697 0 704 100 896 0 907 100 1173 0 1193 100 1494 0 1505 100 1750 0 1757 100 1910 0 1921 100 2130 0 2152 100 2389 0 2401 100 2663 0 2685 100 4422 0

# TASKS
# Format: <task_id> <size> <num_reqs>
# Then for each requirement: <type_id> <qty>
0 0 5
 0 0
 1 0
 2 0
 3 0
 4 0
1 11 5
 0 1
 1 0
 2 0
 3 0
 4 0
2 10 5
 0 3
 1 1
 2 0
 3 2
 4 0
3 18 5
 0 3
 1 1
 2 0
 3 3
 4 0
4 18 5
 0 3
 1 1
 2 2
 3 1
 4 3
5 10 5
 0 0
 1 3
 2 2
 3 1
 4 1
6 6 5
 0 0
 1 0
 2 1
 3 0
 4 3
7 18 5
 0 3
 1 3
 2 0
 3 1
 4 1
8 7 5
 0 0
 1 2
 2 0
 3 0
 4 3
9 5 5
 0 0
 1 0
 2 3
 3 0
 4 2
10 2 5
 0 2
 1 3
 2 2
 3 2
 4 1
11 13 5
 0 3
 1 3
 2 0
 3 0
 4 0
12 2 5
 0 3
 1 0
 2 2
 3 0
 4 3
13 17 5
 0 0
 1 1
 2 3
 3 2
 4 1
14 8 5
 0 2
 1 0
 2 2
 3 0
 4 2
15 3 5
 0 0
 1 0
 2 1
 3 2
 4 1
16 6 5
 0 3
 1 2
 2 1
 3 2
 4 0
17 3 5
 0 1
 1 0
 2 1
 3 3
 4 3
18 18 5
 0 2
 1 2
 2 3
 3 0
 4 1
19 5 5
 0 1
 1 2
 2 2
 3 2
 4 1
20 12 5
 0 0
 1 3
 2 0
 3 2
 4 1
21 17 5
 0 1
 1 1
 2 0
 3 0
 4 2
22 20 5
 0 1
 1 2
 2 3
 3 3
 4 1
23 6 5
 0 3
 1 1
 2 2
 3 0
 4 2
24 17 5
 0 2
 1 0
 2 0
 3 0
 4 0
25 20 5
 0 2
 1 1
 2 0
 3 3
 4 2
26 11 5
 0 0
 1 2
 2 2
 3 1
 4 3
27 19 5
 0 3
 1 0
 2 1
 3 0
 4 2
28 7 5
 0 0
 1 2
 2 1
 3 3
 4 0
29 20 5
 0 0
 1 3
 2 2
 3 3
 4 0
30 8 5
 0 0
 1 0
 2 1
 3 2
 4 0
31 3 5
 0 2
 1 2
 2 0
 3 1
 4 3
32 5 5
 0 1
 1 0
 2 0
 3 0
 4 0
33 10 5
 0 3
 1 0
 2 1
 3 1
 4 1
34 16 5
 0 0
 1 1
 2 2
 3 1
 4 3
35 8 5
 0 1
 1 0
 2 0
 3 0
 4 3
36 16 5
 0 0
 1 0
 2 2
 3 2
 4 0
37 12 5
 0 2
 1 1
 2 3
 3 2
 4 1
38 5 5
 0 3
 1 0
 2 1
 3 0
 4 1
39 1 5
 0 0
 1 3
 2 2
 3 2
 4 0
40 7 5
 0 0
 1 1
 2 1
 3 3
 4 0
41 19 5
 0 3
 1 0
 2 1
 3 0
 4 1
42 15 5
 0 1
 1 0
 2 0
 3 0
 4 3
43 6 5
 0 3
 1 2
 2 1
 3 3
 4 0
44 18 5
 0 0
 1 0
 2 1
 3 0
 4 3
45 2 5
 0 0
 1 3
 2 3
 3 2
 4 3
46 20 5
 0 1
 1 2
 2 2
 3 0
 4 3
47 2 5
 0 3
 1 1
 2 1
 3 3
 4 0
48 10 5
 0 0
 1 3
 2 0
 3 2
 4 0
49 10 5
 0 2
 1 1
 2 2
 3 0
 4 1
50 18 5
 0 2
 1 2
 2 2
 3 2
 4 1
51 6 5
 0 2
 1 3
 2 0
 3 3
 4 0
52 4 5
 0 1
 1 3
 2 0
 3 2
 4 3
53 6 5
 0 0
 1 1
 2 0
 3 0
 4 1
54 20 5
 0 0
 1 3
 2 0
 3 0
 4 1
55 2 5
 0 2
 1 2
 2 2
 3 0
 4 1
56 16 5
 0 2
 1 0
 2 1
 3 0
 4 3
57 14 5
 0 3
 1 2
 2 0
 3 0
 4 1
58 9 5
 0 0
 1 2
 2 0
 3 2
 4 1
59 18 5
 0 2
 1 3
 2 3
 3 0
 4 3
60 16 5
 0 3
 1 3
 2 3
 3 2
 4 2
61 16 5
 0 2
 1 3
 2 0
 3 0
 4 3
62 17 5
 0 2
 1 2
 2 3
 3 0
 4 0
63 19 5
 0 3
 1 2
 2 1
 3 1
 4 0
64 20 5
 0 3
 1 0
 2 0
 3 0
 4 2
65 7 5
 0 0
 1 0
 2 3
 3 0
 4 1
66 11 5
 0 1
 1 1
 2 3
 3 0
 4 0
67 1 5
 0 0
 1 1
 2 2
 3 1
 4 0
68 11 5
 0 0
 1 2
 2 2
 3 3
 4 1
69 12 5
 0 0
 1 0
 2 1
 3 0
 4 0
70 9 5
 0 1
 1 0
 2 3
 3 1
 4 0
71 19 5
 0 2
 1 3
 2 0
 3 3
 4 2
72 8 5
 0 3
 1 0
 2 1
 3 0
 4 2
73 2 5
 0 2
 1 0
 2 0
 3 1
 4 2
74 10 5
 0 3
 1 2
 2 0
 3 3
 4 1
75 7 5
 0 1
 1 3
 2 3
 3 2
 4 3
76 1 5
 0 0
 1 1
 2 0
 3 0
 4 0
77 11 5
 0 3
 1 2
 2 2
 3 2
 4 3
78 2 5
 0 3
 1 0
 2 0
 3 0
 4 0
79 13 5
 0 0
 1 0
 2 0
 3 2
 4 1
80 17 5
 0 0
 1 0
 2 0
 3 3
 4 3
81 18 5
 0 2
 1 0
 2 1
 3 2
 4 0
82 14 5
 0 3
 1 1
 2 1
 3 1
 4 0
83 6 5
 0 0
 1 0
 2 3
 3 0
 4 0
84 20 5
 0 2
 1 1
 2 0
 3 0
 4 0
85 4 5
 0 1
 1 2
 2 1
 3 2
 4 1
86 8 5
 0 0
 1 2
 2 2
 3 2
 4 1
87 2 5
 0 0
 1 2
 2 2
 3 3
 4 3
88 11 5
 0 3
 1 0
 2 0
 3 0
 4 1
89 19 5
 0 1
 1 0
 2 3
 3 1
 4 0
90 9 5
 0 0
 1 1
 2 2
 3 0
 4 0
91 11 5
 0 0
 1 0
 2 2
 3 0
 4 3
92 15 5
 0 0
 1 3
 2 3
 3 1
 4 1
93 12 5
 0 1
 1 0
 2 0
 3 2
 4 0
94 10 5
 0 2
 1 3
 2 1
 3 0
 4 0
95 15 5
 0 2
 1 1
 2 1
 3 0
 4 2
96 3 5
 0 3
 1 2
 2 2
 3 3
 4 1
97 2 5
 0 2
 1 3
 2 3
 3 1
 4 2
98 1 5
 0 2
 1 0
 2 3
 3 2
 4 3
99 15 5
 0 3
 1 0
 2 3
 3 0
 4 0
100 13 5
 0 3
 1 3
 2 3
 3 1
 4 3
101 6 5
 0 0
 1 2
 2 2
 3 1
 4 0
102 20 5
 0 0
 1 0
 2 2
 3 0
 4 2
103 10 5
 0 0
 1 1
 2 0
 3 0
 4 0
104 10 5
 0 2
 1 3
 2 2
 3 0
 4 2
105 15 5
 0 0
 1 3
 2 0
 3 3
 4 0
106 15 5
 0 1
 1 0
 2 0
 3 2
 4 0
107 7 5
 0 0
 1 1
 2 1
 3 1
 4 1
108 16 5
 0 0
 1 0
 2 0
 3 1
 4 0
109 18 5
 0 3
 1 1
 2 3
 3 2
 4 0
110 3 5
 0 0
 1 0
 2 3
 3 2
 4 0
111 3 5
 0 3
 1 2
 2 0
 3 2
 4 0
112 10 5
 0 1
 1 3
 2 3
 3 3
 4 0
113 2 5
 0 2
 1 0
 2 1
 3 3
 4 0
114 17 5
 0 0
 1 1
 2 0
 3 0
 4 1
115 2 5
 0 1
 1 0
 2 3
 3 3
 4 1
116 16 5
 0 3
 1 1
 2 1
 3 2
 4 0
117 4 5
 0 2
 1 0
 2 2
 3 3
 4 0
118 13 5
 0 0
 1 2
 2 3
 3 0
 4 1
119 16 5
 0 2
 1 3
 2 0
 3 3
 4 0
120 3 5
 0 0
 1 0
 2 0
 3 2
 4 3
121 13 5
 0 0
 1 0
 2 0
 3 1
 4 0
122 17 5
 0 0
 1 0
 2 0
 3 1
 4 2
123 14 5
 0 0
 1 1
 2 3
 3 3
 4 1
124 4 5
 0 2
 1 0
 2 2
 3 1
 4 2
125 11 5
 0 1
 1 1
 2 0
 3 0
 4 0
126 11 5
 0 0
 1 0
 2 0
 3 2
 4 1
127 20 5
 0 2
 1 1
 2 3
 3 0
 4 0
128 9 5
 0 3
 1 0
 2 3
 3 2
 4 1
129 16 5
 0 0
 1 2
 2 3
 3 0
 4 0
130 15 5
 0 1
 1 2
 2 0
 3 2
 4 3
131 20 5
 0 0
 1 1
 2 0
 3 3
 4 0
132 6 5
 0 1
 1 1
 2 3
 3 2
 4 0
133 20 5
 0 0
 1 3
 2 1
 3 1
 4 0
134 9 5
 0 2
 1 3
 2 3
 3 2
 4 2
135 10 5
 0 3
 1 3
 2 0
 3 3
 4 1
136 13 5
 0 2
 1 0
 2 2
 3 0
 4 0
137 4 5
 0 0
 1 0
 2 2
 3 0
 4 0
138 3 5
 0 0
 1 3
 2 1
 3 0
 4 3
139 17 5
 0 3
 1 1
 2 2
 3 1
 4 1
140 12 5
 0 0
 1 3
 2 0
 3 0
 4 0
141 11 5
 0 2
 1 2
 2 2
 3 1
 4 2
142 18 5
 0 0
 1 0
 2 2
 3 3
 4 0
143 14 5
 0 3
 1 0
 2 3
 3 0
 4 3
144 7 5
 0 0
 1 0
 2 1
 3 0
 4 0
145 9 5
 0 1
 1 0
 2 0
 3 0
 4 0
146 6 5
 0 0
 1 0
 2 0
 3 0
 4 2
147 8 5
 0 0
 1 1
 2 1
 3 2
 4 0
148 3 5
 0 0
 1 1
 2 0
 3 0
 4 3
149 3 5
 0 3
 1 3
 2 3
 3 0
 4 1
150 2 5
 0 0
 1 0
 2 3
 3 3
 4 2
151 13 5
 0 2
 1 0
 2 0
 3 1
 4 3
152 20 5
 0 0
 1 1
 2 0
 3 2
 4 2
153 8 5
 0 1
 1 3
 2 0
 3 2
 4 0
154 15 5
 0 3
 1 0
 2 1
 3 1
 4 1
155 3 5
 0 0
 1 3
 2 0
 3 0
 4 3
156 17 5
 0 2
 1 0
 2 1
 3 0
 4 1
157 17 5
 0 2
 1 3
 2 1
 3 0
 4 2
158 14 5
 0 0
 1 0
 2 3
 3 0
 4 3
159 5 5
 0 2
 1 2
 2 0
 3 1
 4 0
160 12 5
 0 0
 1 0
 2 1
 3 2
 4 1
161 19 5
 0 0
 1 2
 2 2
 3 3
 4 3
162 14 5
 0 3
 1 0
 2 0
 3 0
 4 1
163 3 5
 0 0
 1 3
 2 0
 3 0
 4 2
164 13 5
 0 3
 1 3
 2 2
 3 2
 4 3
165 11 5
 0 1
 1 0
 2 1
 3 0
 4 3
166 15 5
 0 0
 1 1
 2 0
 3 3
 4 1
167 13 5
 0 1
 1 2
 2 0
 3 0
 4 2
168 7 5
 0 1
 1 2
 2 0
 3 2
 4 0
169 6 5
 0 2
 1 0
 2 0
 3 3
 4 2
170 16 5
 0 0
 1 2
 2 3
 3 3
 4 1
171 12 5
 0 3
 1 0
 2 3
 3 1
 4 0
172 10 5
 0 0
 1 0
 2 2
 3 3
 4 2
173 16 5
 0 0
 1 3
 2 3
 3 2
 4 3
174 11 5
 0 0
 1 3
 2 1
 3 0
 4 2
175 13 5
 0 2
 1 0
 2 1
 3 2
 4 1
176 17 5
 0 2
 1 0
 2 0
 3 2
 4 3
177 11 5
 0 0
 1 2
 2 3
 3 1
 4 0
178 5 5
 0 0
 1 0
 2 0
 3 0
 4 2
179 5 5
 0 0
 1 2
 2 0
 3 2
 4 0
180 5 5
 0 2
 1 3
 2 3
 3 0
 4 3
181 13 5
 0 1
 1 2
 2 2
 3 0
 4 1
182 20 5
 0 0
 1 1
 2 0
 3 2
 4 1
183 5 5
 0 0
 1 0
 2 2
 3 1
 4 2
184 17 5
 0 0
 1 2
 2 0
 3 2
 4 2
185 14 5
 0 2
 1 0
 2 0
 3 2
 4 1
186 15 5
 0 2
 1 0
 2 1
 3 3
 4 3
187 10 5
 0 0
 1 3
 2 0
 3 0
 4 0
188 17 5
 0 3
 1 3
 2 2
 3 2
 4 3
189 2 5
 0 1
 1 3
 2 2
 3 0
 4 0
190 11 5
 0 1
 1 0
 2 2
 3 0
 4 1
191 8 5
 0 3
 1 2
 2 2
 3 3
 4 2
192 6 5
 0 0
 1 3
 2 0
 3 0
 4 1
193 9 5
 0 1
 1 3
 2 1
 3 0
 4 2
194 19 5
 0 3
 1 3
 2 3
 3 0
 4 2
195 20 5
 0 3
 1 3
 2 2
 3 1
 4 0
196 4 5
 0 0
 1 3
 2 2
 3 1
 4 0
197 3 5
 0 1
 1 0
 2 3
 3 2
 4 1
198 8 5
 0 1
 1 0
 2 0
 3 1
 4 2
199 12 5
 0 1
 1 2
 2 0
 3 0
 4 0
200 12 5
 0 0
 1 3
 2 0
 3 2
 4 2
201 11 5
 0 3
 1 3
 2 1
 3 1
 4 1
202 12 5
 0 2
 1 0
 2 2
 3 3
 4 1
203 2 5
 0 2
 1 0
 2 0
 3 2
 4 0
204 9 5
 0 2
 1 0
 2 2
 3 1
 4 0
205 14 5
 0 1
 1 1
 2 0
 3 1
 4 1
206 14 5
 0 3
 1 0
 2 3
 3 2
 4 2
207 10 5
 0 3
 1 2
 2 0
 3 3
 4 0
208 19 5
 0 0
 1 0
 2 0
 3 0
 4 1
209 20 5
 0 1
 1 0
 2 1
 3 1
 4 0
210 4 5
 0 0
 1 0
 2 0
 3 3
 4 0
211 15 5
 0 1
 1 0
 2 3
 3 2
 4 0
212 14 5
 0 0
 1 0
 2 3
 3 1
 4 0
213 13 5
 0 3
 1 2
 2 2
 3 1
 4 0
214 16 5
 0 0
 1 0
 2 0
 3 0
 4 1
215 13 5
 0 3
 1 0
 2 0
 3 0
 4 0
216 8 5
 0 1
 1 3
 2 0
 3 2
 4 1
217 8 5
 0 2
 1 0
 2 1
 3 0
 4 2
218 4 5
 0 3
 1 1
 2 2
 3 1
 4 1
219 12 5
 0 0
 1 3
 2 3
 3 2
 4 3
220 8 5
 0 3
 1 0
 2 1
 3 0
 4 0
221 17 5
 0 0
 1 2
 2 2
 3 3
 4 3
222 7 5
 0 1
 1 2
 2 0
 3 1
 4 1
223 10 5
 0 1
 1 0
 2 2
 3 3
 4 3
224 4 5
 0 2
 1 3
 2 3
 3 3
 4 1
225 9 5
 0 1
 1 0
 2 0
 3 3
 4 1
226 3 5
 0 1
 1 2
 2 1
 3 0
 4 0
227 10 5
 0 3
 1 0
 2 2
 3 0
 4 1
228 8 5
 0 3
 1 3
 2 0
 3 3
 4 0
229 7 5
 0 0
 1 2
 2 1
 3 0
 4 2
230 17 5
 0 3
 1 0
 2 2
 3 2
 4 0
231 16 5
 0 2
 1 0
 2 1
 3 3
 4 0
232 19 5
 0 0
 1 1
 2 3
 3 2
 4 3
233 2 5
 0 3
 1 2
 2 0
 3 3
 4 0
234 13 5
 0 0
 1 2
 2 3
 3 0
 4 1
235 5 5
 0 0
 1 3
 2 0
 3 3
 4 1
236 13 5
 0 0
 1 0
 2 0
 3 2
 4 2
237 4 5
 0 2
 1 0
 2 1
 3 3
 4 2
238 7 5
 0 0
 1 2
 2 1
 3 1
 4 2
239 13 5
 0 3
 1 2
 2 0
 3 0
 4 0
240 13 5
 0 3
 1 0
 2 3
 3 0
 4 2
241 6 5
 0 2
 1 0
 2 0
 3 2
 4 1
242 5 5
 0 3
 1 2
 2 1
 3 1
 4 0
243 12 5
 0 2
 1 2
 2 3
 3 0
 4 0
244 17 5
 0 3
 1 0
 2 1
 3 3
 4 0
245 20 5
 0 3
 1 0
 2 0
 3 1
 4 0
246 1 5
 0 0
 1 3
 2 0
 3 0
 4 1
247 18 5
 0 2
 1 2
 2 3
 3 2
 4 2
248 2 5
 0 0
 1 2
 2 3
 3 0
 4 0
249 20 5
 0 1
 1 3
 2 1
 3 0
 4 0
250 12 5
 0 2
 1 2
 2 1
 3 1
 4 0
251 2 5
 0 0
 1 0
 2 1
 3 0
 4 3
252 5 5
 0 0
 1 3
 2 2
 3 0
 4 2
253 6 5
 0 0
 1 0
 2 3
 3 0
 4 1
254 17 5
 0 0
 1 2
 2 1
 3 0
 4 1
255 5 5
 0 0
 1 3
 2 0
 3 0
 4 3
256 9 5
 0 2
 1 0
 2 1
 3 3
 4 1
257 6 5
 0 0
 1 0
 2 1
 3 3
 4 3
258 11 5
 0 3
 1 2
 2 1
 3 0
 4 2
259 6 5
 0 2
 1 1
 2 1
 3 3
 4 1
260 19 5
 0 2
 1 0
 2 2
 3 2
 4 0
261 11 5
 0 0
 1 2
 2 0
 3 3
 4 0
262 5 5
 0 2
 1 0
 2 0
 3 2
 4 0
263 6 5
 0 0
 1 0
 2 1
 3 0
 4 0
264 12 5
 0 2
 1 0
 2 3
 3 2
 4 3
265 18 5
 0 0
 1 3
 2 3
 3 2
 4 3
266 15 5
 0 1
 1 0
 2 0
 3 0
 4 0
267 12 5
 0 0
 1 0
 2 0
 3 0
 4 1
268 4 5
 0 3
 1 0
 2 3
 3 0
 4 1
269 9 5
 0 3
 1 2
 2 0
 3 3
 4 3
270 16 5
 0 1
 1 2
 2 0
 3 0
 4 2
271 4 5
 0 2
 1 1
 2 0
 3 1
 4 2
272 9 5
 0 3
 1 1
 2 0
 3 3
 4 3
273 20 5
 0 0
 1 2
 2 0
 3 0
 4 2
274 3 5
 0 0
 1 2
 2 1
 3 2
 4 1
275 6 5
 0 2
 1 3
 2 0
 3 0
 4 0
276 19 5
 0 1
 1 3
 2 3
 3 1
 4 1
277 10 5
 0 0
 1 0
 2 3
 3 1
 4 1
278 7 5
 0 3
 1 2
 2 1
 3 0
 4 3
279 2 5
 0 2
 1 1
 2 3
 3 1
 4 3
280 20 5
 0 1
 1 0
 2 0
 3 1
 4 3
281 12 5
 0 0
 1 2
 2 2
 3 1
 4 1
282 3 5
 0 3
 1 0
 2 0
 3 0
 4 2
283 18 5
 0 0
 1 3
 2 2
 3 2
 4 0
284 19 5
 0 0
 1 1
 2 3
 3 2
 4 0
285 3 5
 0 2
 1 0
 2 0
 3 1
 4 0
286 4 5
 0 0
 1 0
 2 1
 3 0
 4 2
287 10 5
 0 3
 1 0
 2 1
 3 1
 4 0
288 3 5
 0 2
 1 1
 2 0
 3 2
 4 0
289 11 5
 0 3
 1 2
 2 0
 3 0
 4 3
290 17 5
 0 3
 1 2
 2 2
 3 1
 4 0
291 7 5
 0 1
 1 1
 2 0
 3 2
 4 2
292 19 5
 0 0
 1 0
 2 1
 3 2
 4 3
293 11 5
 0 1
 1 2
 2 1
 3 2
 4 0
294 3 5
 0 2
 1 3
 2 3
 3 0
 4 1
295 16 5
 0 1
 1 0
 2 3
 3 0
 4 1
296 6 5
 0 0
 1 3
 2 0
 3 1
 4 2
297 14 5
 0 2
 1 0
 2 0
 3 2
 4 0
298 17 5
 0 1
 1 1
 2 3
 3 3
 4 0
299 10 5
 0 1
 1 2
 2 1
 3 1
 4 0
300 4 5
 0 0
 1 3
 2 2
 3 3
 4 2
301 16 5
 0 2
 1 0
 2 2
 3 0
 4 3
302 15 5
 0 3
 1 2
 2 0
 3 2
 4 0
303 12 5
 0 0
 1 0
 2 2
 3 1
 4 1
304 2 5
 0 3
 1 3
 2 2
 3 1
 4 2
305 18 5
 0 0
 1 3
 2 0
 3 2
 4 2
306 5 5
 0 2
 1 0
 2 0
 3 0
 4 2
307 8 5
 0 2
 1 1
 2 0
 3 0
 4 0
308 3 5
 0 3
 1 1
 2 0
 3 3
 4 0
309 14 5
 0 1
 1 3
 2 0
 3 2
 4 1
310 12 5
 0 0
 1 1
 2 2
 3 0
 4 1
311 11 5
 0 2
 1 3
 2 3
 3 1
 4 0
312 7 5
 0 0
 1 2
 2 1
 3 0
 4 0
313 14 5
 0 2
 1 2
 2 3
 3 3
 4 2
314 5 5
 0 0
 1 0
 2 2
 3 1
 4 1
315 12 5
 0 0
 1 0
 2 1
 3 0
 4 2
316 13 5
 0 2
 1 3
 2 0
 3 1
 4 0
317 14 5
 0 3
 1 2
 2 1
 3 0
 4 3
318 9 5
 0 0
 1 0
 2 0
 3 2
 4 3
319 17 5
 0 1
 1 3
 2 0
 3 2
 4 1
320 17 5
 0 2
 1 2
 2 0
 3 0
 4 2
321 8 5
 0 0
 1 0
 2 1
 3 0
 4 0
322 20 5
 0 0
 1 0
 2 1
 3 3
 4 3
323 9 5
 0 0
 1 0
 2 1
 3 0
 4 0
324 9 5
 0 1
 1 2
 2 2
 3 0
 4 0
325 18 5
 0 0
 1 3
 2 1
 3 1
 4 2
326 13 5
 0 3
 1 0
 2 0
 3 0
 4 0
327 15 5
 0 2
 1 0
 2 2
 3 0
 4 2
328 7 5
 0 3
 1 2
 2 1
 3 2
 4 2
329 12 5
 0 0
 1 0
 2 0
 3 1
 4 1
330 18 5
 0 1
 1 3
 2 0
 3 3
 4 2
331 19 5
 0 1
 1 0
 2 0
 3 2
 4 2
332 15 5
 0 2
 1 0
 2 3
 3 1
 4 0
333 3 5
 0 0
 1 2
 2 3
 3 0
 4 3
334 16 5
 0 3
 1 0
 2 3
 3 0
 4 0
335 4 5
 0 3
 1 0
 2 0
 3 2
 4 0
336 7 5
 0 2
 1 1
 2 1
 3 2
 4 1
337 9 5
 0 2
 1 0
 2 3
 3 3
 4 1
338 15 5
 0 0
 1 3
 2 2
 3 2
 4 0
339 6 5
 0 3
 1 3
 2 0
 3 0
 4 3
340 10 5
 0 3
 1 2
 2 0
 3 0
 4 2
341 4 5
 0 0
 1 2
 2 0
 3 3
 4 1
342 12 5
 0 1
 1 0
 2 0
 3 1
 4 3
343 19 5
 0 0
 1 3
 2 2
 3 1
 4 3
344 7 5
 0 0
 1 2
 2 3
 3 0
 4 3
345 10 5
 0 3
 1 1
 2 2
 3 3
 4 2
346 10 5
 0 0
 1 3
 2 1
 3 0
 4 0
347 2 5
 0 3
 1 0
 2 3
 3 1
 4 3
348 11 5
 0 2
 1 3
 2 1
 3 0
 4 0
349 7 5
 0 1
 1 0
 2 0
 3 2
 4 0
350 19 5
 0 1
 1 1
 2 2
 3 0
 4 2
351 5 5
 0 0
 1 0
 2 1
 3 3
 4 1
352 3 5
 0 0
 1 0
 2 2
 3 0
 4 3
353 19 5
 0 0
 1 0
 2 1
 3 2
 4 1
354 7 5
 0 2
 1 0
 2 1
 3 3
 4 0
355 11 5
 0 0
 1 3
 2 0
 3 0
 4 0
356 18 5
 0 0
 1 2
 2 2
 3 0
 4 3
357 20 5
 0 0
 1 3
 2 0
 3 0
 4 3
358 11 5
 0 3
 1 1
 2 3
 3 0
 4 0
359 9 5
 0 2
 1 0
 2 0
 3 0
 4 0
360 16 5
 0 0
 1 2
 2 0
 3 1
 4 0
361 10 5
 0 0
 1 0
 2 0
 3 3
 4 0
362 17 5
 0 3
 1 0
 2 1
 3 0
 4 2
363 10 5
 0 0
 1 0
 2 3
 3 0
 4 1
364 7 5
 0 1
 1 1
 2 0
 3 0
 4 3
365 10 5
 0 0
 1 0
 2 2
 3 0
 4 3
366 8 5
 0 1
 1 2
 2 3
 3 0
 4 0
367 16 5
 0 1
 1 2
 2 0
 3 3
 4 3
368 18 5
 0 0
 1 0
 2 0
 3 0
 4 2
369 7 5
 0 0
 1 0
 2 3
 3 3
 4 0
370 9 5
 0 3
 1 2
 2 0
 3 3
 4 0
371 20 5
 0 0
 1 0
 2 2
 3 0
 4 3
372 9 5
 0 3
 1 0
 2 3
 3 2
 4 2
373 2 5
 0 3
 1 1
 2 0
 3 3
 4 1
374 9 5
 0 3
 1 2
 2 1
 3 3
 4 1
375 10 5
 0 2
 1 0
 2 0
 3 0
 4 2
376 4 5
 0 0
 1 0
 2 0
 3 0
 4 3
377 18 5
 0 2
 1 1
 2 0
 3 0
 4 1
378 13 5
 0 1
 1 1
 2 0
 3 1
 4 0
379 4 5
 0 1
 1 3
 2 0
 3 1
 4 3
380 15 5
 0 0
 1 3
 2 1
 3 3
 4 2
381 14 5
 0 1
 1 1
 2 1
 3 0
 4 3
382 4 5
 0 1
 1 0
 2 0
 3 0
 4 1
383 6 5
 0 3
 1 2
 2 0
 3 3
 4 3
384 19 5
 0 0
 1 1
 2 3
 3 2
 4 2
385 20 5
 0 2
 1 2
 2 2
 3 3
 4 1
386 1 5
 0 3
 1 3
 2 0
 3 2
 4 0
387 7 5
 0 0
 1 2
 2 0
 3 1
 4 3
388 12 5
 0 1
 1 3
 2 3
 3 0
 4 3
389 14 5
 0 0
 1 0
 2 0
 3 3
 4 0
390 18 5
 0 0
 1 1
 2 0
 3 2
 4 1
391 12 5
 0 0
 1 1
 2 1
 3 2
 4 0
392 11 5
 0 0
 1 3
 2 2
 3 0
 4 0
393 11 5
 0 1
 1 3
 2 0
 3 0
 4 0
394 19 5
 0 2
 1 1
 2 1
 3 3
 4 2
395 6 5
 0 0
 1 1
 2 3
 3 1
 4 0
396 1 5
 0 0
 1 1
 2 0
 3 1
 4 0
397 15 5
 0 1
 1 1
 2 3
 3 2
 4 0
398 12 5
 0 0
 1 1
 2 2
 3 1
 4 2
399 18 5
 0 3
 1 0
 2 1
 3 0
 4 0
400 14 5
 0 0
 1 3
 2 0
 3 0
 4 3
401 20 5
 0 0
 1 0
 2 2
 3 0
 4 0
402 8 5
 0 1
 1 1
 2 2
 3 2
 4 0
403 10 5
 0 0
 1 0
 2 1
 3 3
 4 2
404 6 5
 0 3
 1 3
 2 3
 3 2
 4 1
405 15 5
 0 3
 1 0
 2 0
 3 3
 4 2
406 16 5
 0 1
 1 2
 2 1
 3 2
 4 0
407 1 5
 0 0
 1 1
 2 2
 3 2
 4 0
408 17 5
 0 0
 1 1
 2 1
 3 0
 4 0
409 9 5
 0 0
 1 0
 2 2
 3 3
 4 1
410 11 5
 0 1
 1 2
 2 0
 3 1
 4 0
411 7 5
 0 2
 1 2
 2 0
 3 3
 4 1
412 13 5
 0 0
 1 0
 2 1
 3 0
 4 2
413 7 5
 0 3
 1 0
 2 3
 3 0
 4 0
414 19 5
 0 2
 1 3
 2 2
 3 3
 4 0
415 4 5
 0 0
 1 0
 2 1
 3 2
 4 3
416 11 5
 0 0
 1 0
 2 1
 3 2
 4 0
417 10 5
 0 3
 1 0
 2 3
 3 1
 4 3
418 11 5
 0 1
 1 3
 2 0
 3 1
 4 1
419 17 5
 0 2
 1 0
 2 0
 3 2
 4 0
420 19 5
 0 0
 1 0
 2 1
 3 0
 4 3
421 16 5
 0 3
 1 3
 2 2
 3 2
 4 0
422 12 5
 0 1
 1 3
 2 1
 3 1
 4 0
423 7 5
 0 1
 1 0
 2 2
 3 2
 4 2
424 12 5
 0 1
 1 0
 2 0
 3 3
 4 0
425 2 5
 0 0
 1 1
 2 1
 3 0
 4 3
426 11 5
 0 1
 1 0
 2 2
 3 3
 4 1
427 4 5
 0 2
 1 3
 2 0
 3 0
 4 0
428 6 5
 0 3
 1 0
 2 1
 3 0
 4 1
429 19 5
 0 1
 1 2
 2 1
 3 2
 4 3
430 18 5
 0 0
 1 0
 2 2
 3 3
 4 2
431 4 5
 0 2
 1 2
 2 3
 3 0
 4 1
432 6 5
 0 2
 1 0
 2 1
 3 3
 4 0
433 10 5
 0 2
 1 0
 2 0
 3 3
 4 0
434 10 5
 0 1
 1 0
 2 0
 3 2
 4 3
435 6 5
 0 3
 1 1
 2 0
 3 0
 4 1
436 20 5
 0 0
 1 2
 2 0
 3 0
 4 0
437 3 5
 0 1
 1 0
 2 3
 3 1
 4 0
438 13 5
 0 3
 1 0
 2 3
 3 1
 4 3
439 1 5
 0 1
 1 1
 2 3
 3 0
 4 0
440 4 5
 0 0
 1 0
 2 1
 3 2
 4 0
441 17 5
 0 2
 1 2
 2 3
 3 2
 4 3
442 10 5
 0 0
 1 2
 2 3
 3 2
 4 2
443 6 5
 0 1
 1 1
 2 2
 3 0
 4 1
444 20 5
 0 0
 1 0
 2 0
 3 1
 4 2
445 13 5
 0 0
 1 2
 2 0
 3 3
 4 0
446 11 5
 0 3
 1 3
 2 1
 3 0
 4 0
447 2 5
 0 3
 1 3
 2 0
 3 3
 4 0
448 2 5
 0 2
 1 0
 2 0
 3 3
 4 3
449 9 5
 0 3
 1 2
 2 0
 3 0
 4 0
450 2 5
 0 3
 1 1
 2 3
 3 3
 4 0
451 19 5
 0 1
 1 1
 2 3
 3 1
 4 0
452 13 5
 0 2
 1 1
 2 0
 3 0
 4 0
453 2 5
 0 0
 1 2
 2 0
 3 0
 4 3
454 16 5
 0 1
 1 2
 2 2
 3 3
 4 1
455 18 5
 0 1
 1 3
 2 1
 3 3
 4 1
456 6 5
 0 0
 1 0
 2 0
 3 1
 4 2
457 8 5
 0 1
 1 2
 2 3
 3 1
 4 3
458 9 5
 0 0
 1 0
 2 2
 3 1
 4 1
459 0 5
 0 0
 1 0
 2 0
 3 0
 4 0

# PRECEDENCES
1964
0 4
0 6
0 8
0 15
0 16
0 17
0 20
0 22
0 24
0 27
0 29
0 30
0 35
0 40
0 43
0 44
0 51
0 58
0 62
0 67
0 69
0 70
0 74
0 75
0 79
0 83
0 86
0 94
0 95
0 98
0 99
0 123
0 129
0 131
0 132
0 139
0 144
0 145
0 146
0 147
0 150
0 155
0 161
0 166
0 167
0 178
0 180
0 183
0 196
0 205
0 208
0 212
0 214
0 219
0 220
0 221
0 225
0 230
0 233
0 241
0 250
0 254
0 262
0 265
0 267
0 269
0 271
0 272
0 274
0 277
0 281
0 283
0 288
0 292
0 301
0 310
0 311
0 318
0 319
0 321
0 324
0 325
0 327
0 330
0 331
0 332
0 335
0 337
0 343
0 345
0 352
0 356
0 359
0 360
0 363
0 364
0 369
0 370
0 375
0 380
0 383
0 392
0 393
0 402
0 406
0 409
0 410
0 414
0 419
0 424
0 425
0 426
0 429
0 433
0 434
0 446
0 448
0 450
0 451
0 454
0 456
1 11
1 316
1 439
2 38
2 112
2 336
2 374
2 381
3 32
3 109
3 257
4 56
4 146
4 222
4 244
4 423
5 47
5 175
5 353
6 158
6 184
6 440
7 12
7 108
7 351
7 397
7 441
8 34
8 49
8 84
8 91
8 181
8 269
9 113
9 213
9 385
9 394
10 54
10 87
10 110
10 191
10 235
10 447
11 171
11 399
11 401
12 149
12 186
12 215
13 64
13 181
14 84
14 89
14 176
14 403
14 432
15 33
15 67
15 279
15 428
15 444
16 5
16 175
16 339
16 370
17 149
17 158
17 175
17 312
17 336
17 385
18 302
18 387
19 152
19 184
19 280
19 417
20 142
20 393
21 55
21 156
21 264
21 270
21 439
22 28
22 162
22 270
22 353
22 376
22 417
23 82
23 365
24 78
24 158
24 178
24 431
25 459
26 11
26 206
26 436
27 101
27 401
28 459
29 25
29 105
29 294
29 370
29 405
29 411
30 25
30 117
30 165
30 211
30 346
30 442
31 37
31 78
31 186
31 372
31 381
31 435
32 2
32 77
32 112
32 307
33 14
33 28
33 38
33 66
33 84
33 112
34 2
34 124
34 157
34 158
34 341
35 199
35 441
36 459
37 18
37 111
37 423
37 432
38 459
39 14
39 84
39 322
39 408
40 13
40 63
40 122
40 174
40 228
40 420
41 19
41 259
42 5
42 157
42 159
42 349
43 29
43 377
44 5
44 175
44 224
44 264
44 275
44 385
45 87
45 111
45 226
46 118
46 218
46 244
46 367
47 323
47 384
48 25
48 398
49 31
49 189
49 297
49 449
50 54
50 152
50 168
50 381
51 37
51 82
51 115
51 210
51 402
51 450
52 38
52 158
52 226
52 302
52 361
53 23
53 121
53 142
53 211
53 299
54 5
54 249
54 284
54 348
54 427
55 282
55 432
56 55
56 91
56 116
56 300
56 371
57 159
57 163
57 172
58 48
58 195
58 247
58 306
58 421
59 91
59 152
59 203
59 234
60 97
60 296
60 298
60 333
60 341
60 441
61 45
61 72
61 165
61 197
61 263
61 365
62 168
62 191
62 203
62 306
62 382
63 80
63 104
63 175
63 245
63 398
64 152
64 203
64 226
64 280
64 403
64 416
65 170
65 176
65 199
65 326
65 441
65 457
66 28
66 89
66 112
66 226
66 401
66 437
67 47
67 339
67 365
67 381
67 386
67 388
68 165
68 357
68 387
68 396
68 401
69 31
69 92
69 253
69 384
70 156
70 367
70 439
70 442
71 64
71 447
72 54
72 149
73 2
73 91
73 243
73 374
74 64
74 100
74 399
75 68
75 87
75 186
75 187
75 338
75 442
76 97
76 222
76 258
76 259
76 293
76 302
77 18
77 55
77 100
77 365
78 133
78 307
79 217
79 263
79 378
80 101
80 117
80 353
80 377
80 379
81 137
81 160
81 270
81 275
82 25
82 28
82 117
82 170
82 186
82 249
83 28
83 207
83 211
83 260
83 374
83 411
84 216
84 217
84 336
84 374
85 152
85 175
85 217
85 309
85 381
86 19
86 39
86 124
86 163
86 185
86 400
87 38
87 175
87 186
87 217
88 73
88 87
88 336
88 388
89 28
89 110
90 240
90 349
90 405
91 2
91 432
92 238
92 239
92 276
92 305
92 376
93 65
93 87
93 197
93 270
93 294
93 431
94 110
94 113
94 238
94 295
94 412
95 206
95 354
95 403
95 404
95 455
96 302
96 432
97 108
97 112
97 133
97 186
97 361
97 443
98 9
98 84
98 295
98 357
99 71
99 80
99 160
99 279
99 438
100 66
100 175
100 282
100 381
100 403
100 422
101 47
101 116
101 186
101 374
101 401
101 427
102 84
102 165
102 170
102 216
102 398
102 438
103 82
103 235
103 257
103 387
103 437
104 413
104 440
105 38
105 193
105 385
106 234
106 264
107 66
107 307
107 367
107 377
108 96
108 110
108 112
108 384
109 19
109 38
109 175
109 203
109 291
110 459
111 117
111 374
111 408
112 459
113 102
113 190
113 199
113 280
113 374
113 404
114 110
114 199
114 235
114 243
114 350
115 45
115 73
115 175
115 185
115 258
116 459
117 459
118 68
118 120
118 264
118 338
118 403
118 411
119 45
119 90
119 153
119 289
119 303
119 447
120 297
120 441
121 26
121 116
121 279
121 315
121 421
122 25
122 255
122 294
122 339
122 386
123 30
123 165
123 355
123 381
123 432
123 442
124 176
124 284
124 398
124 442
125 54
125 73
125 177
125 367
125 407
125 440
126 143
126 251
126 259
126 278
126 336
127 23
127 28
127 104
127 135
127 444
128 213
128 293
128 346
128 373
128 423
129 113
129 172
129 175
129 198
130 133
130 193
130 376
130 389
130 404
131 306
131 418
132 191
132 260
133 64
133 111
133 203
133 293
134 25
134 36
134 177
134 300
135 116
135 232
135 296
136 5
136 110
136 361
137 18
137 394
137 400
137 417
138 52
138 168
138 447
139 50
139 56
139 240
139 386
140 54
140 223
140 411
141 191
141 309
141 344
141 357
142 181
142 234
142 243
143 187
143 213
143 224
143 344
144 114
144 142
144 168
144 382
144 385
145 199
145 397
146 23
146 138
146 217
146 233
146 326
146 442
147 136
147 391
147 398
148 38
148 39
148 82
148 291
148 293
148 400
149 293
149 298
149 447
150 104
150 105
150 127
150 407
151 61
151 209
151 342
152 36
152 203
152 217
152 353
152 416
153 186
153 260
153 403
153 443
154 117
154 175
154 217
154 234
154 260
154 374
155 88
155 165
155 257
155 413
156 71
156 340
156 417
157 459
158 47
158 293
158 309
158 336
158 353
158 378
159 48
159 162
159 211
159 249
159 263
159 357
160 38
160 48
160 59
160 217
160 297
160 371
161 65
161 89
161 257
161 416
161 422
161 430
162 2
162 217
162 374
162 403
162 416
163 39
163 193
163 211
164 120
164 263
164 313
164 355
164 443
165 112
165 175
165 176
166 46
166 141
166 308
167 124
167 322
167 349
168 157
168 248
168 323
168 444
169 278
169 440
170 176
170 216
170 336
170 374
171 84
171 90
171 138
171 259
171 395
172 258
172 313
172 440
173 38
173 260
173 353
173 390
174 142
174 143
174 266
174 329
174 376
175 302
175 353
175 374
176 459
177 57
177 159
177 257
177 423
178 176
178 196
178 389
178 414
178 447
179 59
179 119
179 197
179 416
180 85
180 128
180 130
180 243
180 411
180 441
181 116
181 165
181 257
182 127
182 130
182 244
182 273
182 326
182 423
183 68
183 76
183 88
183 320
183 412
184 157
184 170
184 353
184 403
184 432
185 18
185 85
185 234
185 235
185 362
186 117
186 371
187 18
187 322
187 400
188 14
188 216
189 191
189 194
189 338
189 350
190 25
190 48
190 152
190 268
190 302
191 152
191 280
191 378
191 444
192 80
192 102
192 244
192 259
192 361
192 437
193 38
193 47
193 203
193 280
193 443
194 309
194 401
195 105
195 200
196 152
196 249
196 371
196 376
196 441
197 56
197 68
197 104
197 280
197 306
198 64
198 112
198 259
198 302
198 401
199 55
199 168
199 234
199 430
200 125
200 203
201 304
201 323
202 5
202 57
202 263
203 459
204 261
204 348
204 389
204 423
205 5
205 249
205 381
205 417
206 38
206 68
206 368
206 374
207 25
207 42
207 169
207 347
208 2
208 279
208 391
209 102
209 137
209 367
209 417
210 10
210 135
210 176
210 215
210 229
210 243
211 64
211 191
211 243
211 293
211 309
211 438
212 245
212 363
213 66
213 307
213 355
213 400
213 447
214 119
214 201
214 338
215 66
215 103
215 371
215 401
216 459
217 459
218 47
218 355
218 432
218 442
219 10
219 84
219 102
219 111
219 413
220 2
220 3
220 349
220 438
220 458
221 84
221 103
221 237
222 185
222 350
223 148
223 285
223 348
224 48
224 159
224 362
224 416
224 440
225 3
225 72
225 158
225 172
225 185
225 444
226 384
226 403
226 408
227 10
227 49
227 302
227 355
227 387
227 401
228 9
228 88
228 252
228 438
229 32
229 355
229 389
229 417
229 447
230 60
230 106
230 108
230 296
231 211
231 307
231 362
231 371
232 217
232 405
233 2
233 27
233 187
233 193
233 295
233 306
234 25
234 112
234 117
234 384
234 416
234 432
235 112
235 293
235 438
236 32
236 39
236 100
236 160
236 296
237 133
237 371
238 28
238 294
239 85
239 152
239 238
239 306
239 342
240 39
240 89
240 148
240 234
240 285
240 398
241 59
241 73
241 244
241 429
242 87
242 286
242 358
243 38
243 47
243 112
243 249
244 100
244 226
244 275
244 282
244 403
244 408
245 57
245 386
246 103
246 148
246 177
246 201
246 249
246 439
247 142
247 236
247 387
248 217
248 302
248 309
248 322
248 378
249 2
249 323
249 417
249 427
249 438
250 23
250 178
250 257
250 337
250 436
250 441
251 39
251 422
252 32
252 137
252 218
252 223
252 263
252 339
253 188
253 334
253 408
254 41
254 102
254 134
254 177
254 276
254 391
255 36
255 293
255 417
255 437
256 113
256 176
256 291
256 349
256 353
256 396
257 459
258 103
258 186
258 306
258 438
259 84
259 280
259 401
259 417
260 84
260 117
260 309
260 374
260 381
260 438
261 126
261 270
261 387
261 421
261 458
262 133
262 304
262 395
262 449
263 168
263 251
263 280
263 294
263 333
263 377
264 260
264 353
264 371
265 151
265 182
265 305
265 366
266 107
266 115
266 338
267 9
267 82
267 165
267 347
267 385
267 443
268 54
268 89
268 257
268 297
268 437
268 438
269 10
269 196
269 384
269 458
270 23
270 140
270 395
270 411
270 427
271 255
271 273
271 367
271 368
271 411
271 418
272 47
272 84
272 257
272 309
273 73
273 111
273 240
273 249
273 403
273 441
274 52
274 338
275 84
275 260
275 339
275 371
276 153
276 286
276 297
276 411
276 442
276 445
277 65
277 77
277 117
278 148
278 175
278 280
278 336
278 384
278 438
279 117
279 140
279 427
280 25
280 116
280 117
280 216
280 384
280 416
281 155
281 238
281 386
282 203
282 416
283 54
283 56
283 85
283 110
283 344
284 96
284 112
284 176
284 234
284 422
284 427
285 117
285 260
285 297
285 417
286 48
286 102
286 278
287 25
287 38
287 64
287 87
287 442
288 181
288 198
288 205
288 436
289 47
289 252
289 300
289 408
289 449
290 14
290 84
290 216
290 264
291 28
291 84
291 170
291 203
291 257
291 259
292 77
292 153
292 188
292 242
292 249
292 335
293 38
293 116
293 257
293 336
293 353
293 381
294 101
294 297
295 91
295 397
295 435
295 440
295 457
296 23
296 85
296 107
296 181
297 38
297 260
297 336
297 422
298 217
298 322
298 323
298 371
298 381
298 427
299 89
299 96
299 245
299 297
299 328
299 355
300 91
300 259
300 367
300 413
300 423
301 73
301 263
302 116
302 432
303 112
303 438
304 181
304 217
304 298
304 387
305 143
305 455
306 374
306 422
307 54
307 203
307 216
307 297
307 336
307 417
308 149
308 432
309 36
309 38
309 112
309 157
309 217
310 123
310 180
310 282
310 373
311 2
311 256
311 361
312 33
312 38
312 64
312 176
312 416
312 437
313 10
313 34
314 48
314 153
314 198
314 231
314 404
315 215
315 297
315 350
315 421
316 23
316 88
316 101
316 164
316 168
317 111
317 181
317 378
318 223
318 239
318 251
318 294
318 320
318 442
319 163
319 213
319 278
319 347
319 382
320 157
320 211
320 256
321 42
321 90
321 153
321 255
321 450
322 186
322 234
322 336
322 381
322 422
323 117
323 176
323 203
323 217
323 374
324 89
324 202
324 264
324 374
324 382
325 3
325 91
325 347
326 18
326 235
326 243
326 323
326 339
326 387
327 86
327 117
327 160
327 194
327 218
327 367
328 25
328 96
328 172
328 329
329 88
329 263
329 306
329 334
329 362
329 368
330 7
330 192
330 287
330 294
331 21
331 33
331 108
331 118
331 179
331 403
332 284
332 294
332 304
332 377
332 385
333 18
333 66
333 275
333 336
333 422
333 427
334 66
334 367
335 136
335 407
335 453
336 459
337 116
337 190
337 211
337 408
337 455
338 294
338 457
339 157
339 384
340 55
340 279
340 290
340 297
340 438
341 110
341 249
342 28
342 101
342 105
343 6
343 170
343 346
343 393
344 82
344 187
344 263
344 280
344 317
345 112
345 279
346 175
346 176
347 88
347 176
347 184
348 25
348 184
348 437
349 413
349 441
350 101
350 170
350 191
351 149
351 235
351 432
352 23
352 135
352 238
352 296
353 459
354 66
354 111
354 126
354 286
354 389
355 54
355 112
355 154
355 187
355 290
355 437
356 25
356 136
356 302
356 323
357 2
357 64
357 158
357 260
357 416
358 237
358 399
358 449
359 162
359 203
359 346
359 396
360 43
360 60
360 209
360 413
361 302
361 339
361 416
361 417
361 443
362 2
362 96
363 19
363 185
363 190
363 304
363 430
364 229
364 264
364 387
365 5
365 18
365 96
365 186
366 42
366 102
366 299
366 447
366 452
366 457
367 181
367 243
367 362
367 437
368 186
368 399
369 6
369 96
369 205
369 416
369 437
370 2
370 14
370 353
370 401
371 157
371 257
372 140
372 284
372 350
373 114
373 240
373 348
373 351
374 459
375 233
375 333
375 424
376 41
376 59
376 295
376 334
376 362
376 408
377 111
377 191
377 306
378 25
378 417
379 68
379 293
380 52
380 129
380 227
380 240
380 400
380 443
381 459
382 33
382 50
382 54
382 257
382 263
382 264
383 3
383 55
383 192
383 282
383 357
383 359
384 459
385 175
385 291
385 353
385 443
386 59
386 136
386 197
386 285
387 2
387 112
387 217
387 323
387 353
387 438
388 110
388 170
388 186
388 297
389 73
389 181
389 251
390 103
390 417
390 432
390 438
391 87
391 112
391 258
391 357
392 186
392 240
392 415
393 56
393 97
393 275
393 440
394 5
394 84
394 298
394 339
394 430
395 14
395 226
395 291
395 408
395 413
396 353
396 422
397 211
397 342
397 350
397 353
397 371
397 400
398 176
398 408
398 422
398 427
399 170
399 307
399 362
399 400
400 25
400 28
400 36
400 217
400 302
400 371
401 116
401 157
401 293
401 374
401 384
401 408
402 72
402 174
402 282
402 382
402 421
403 112
403 117
403 157
403 353
403 416
404 2
404 19
404 290
404 341
404 377
405 193
405 216
406 108
406 263
406 349
407 38
407 76
408 36
408 38
408 116
409 56
409 171
409 239
410 48
410 57
410 257
410 435
411 19
411 39
411 287
411 361
412 162
412 209
412 404
413 85
413 117
413 293
413 408
413 438
414 28
414 123
414 260
414 313
415 42
415 81
415 227
415 246
415 317
416 459
417 157
417 203
418 185
418 224
418 293
418 317
419 53
419 204
419 256
419 347
420 136
420 158
420 247
420 334
420 418
421 56
421 85
421 162
421 224
421 348
421 353
422 112
422 117
422 293
422 336
423 82
423 260
423 417
423 422
424 118
424 354
425 187
425 280
426 148
426 327
426 425
427 38
427 112
427 203
427 217
428 1
428 50
428 110
428 206
428 210
428 326
429 77
429 174
429 306
429 438
430 117
430 401
431 56
431 102
431 198
431 201
431 377
432 459
433 114
433 427
434 73
434 135
434 192
434 374
434 441
435 152
435 282
435 396
435 411
436 278
436 333
436 440
437 25
437 309
438 157
438 336
438 353
438 374
439 168
439 242
439 378
440 47
440 191
440 243
440 249
440 260
440 362
441 5
441 19
441 112
441 457
442 14
442 186
442 249
442 297
442 422
443 89
443 162
443 186
443 234
443 378
443 381
444 323
444 353
444 374
445 105
445 203
445 215
445 232
445 379
446 61
446 128
446 173
446 187
446 438
447 5
447 152
447 280
447 357
447 377
448 170
448 218
448 281
448 403
448 412
449 23
449 34
449 388
449 457
450 217
450 237
450 278
450 405
450 423
451 96
451 314
452 34
452 66
453 33
453 50
453 97
453 104
453 216
453 224
454 93
454 175
454 313
454 362
454 405
454 428
455 23
455 64
455 80
455 390
455 453
455 457
456 47
456 125
456 201
456 258
457 234
457 339
457 371
457 384
457 401
457 427
458 244
458 290
458 348
