# Tier 7 (Very Large) - Instance 71
# Generated with config: N=301, K=3, topology=grid, calendar=staggered

# HEADER: <num_tasks> <num_types> <num_units>
303 3 20

# RESOURCE TYPES
# Format: <type_id> <num_units> <unit_id1> <unit_id2> ...
0 7 0 1 2 3 4 5 6
1 8 7 8 9 10 11 12 13 14
2 5 15 16 17 18 19

# RESOURCE UNITS (Calendars)
# Format: <unit_id> <num_steps> <t1> <v1> <t2> <v2> ...
0 22 0 100 1 0 21 100 240 0 260 100 476 0 497 100 714 0 735 100 952 0 972 100 1186 0 1205 100 1424 0 1443 100 1660 0 1680 100 1897 0 1916 100 2130 0 2152 100 2618 0
1 22 0 100 12 0 51 100 246 0 288 100 483 0 524 100 718 0 757 100 953 0 992 100 1187 0 1228 100 1426 0 1466 100 1666 0 1704 100 1903 0 1943 100 2142 0 2181 100 2618 0
2 22 0 100 25 0 60 100 264 0 296 100 501 0 533 100 735 0 769 100 974 0 1005 100 1207 0 1241 100 1446 0 1478 100 1683 0 1718 100 1921 0 1953 100 2158 0 2190 100 2618 0
3 22 0 100 35 0 77 100 272 0 312 100 509 0 552 100 745 0 786 100 983 0 1022 100 1219 0 1259 100 1457 0 1497 100 1694 0 1735 100 1929 0 1968 100 2162 0 2202 100 2618 0
4 22 0 100 48 0 77 100 282 0 314 100 523 0 552 100 759 0 788 100 992 0 1022 100 1226 0 1257 100 1463 0 1493 100 1700 0 1728 100 1933 0 1964 100 2168 0 2199 100 2618 0
5 22 0 100 59 0 96 100 297 0 332 100 530 0 568 100 766 0 801 100 1000 0 1037 100 1235 0 1270 100 1474 0 1509 100 1707 0 1742 100 1945 0 1980 100 2179 0 2217 100 2618 0
6 22 0 100 72 0 115 100 311 0 352 100 551 0 593 100 792 0 834 100 1032 0 1073 100 1266 0 1306 100 1503 0 1542 100 1738 0 1778 100 1975 0 2015 100 2211 0 2253 100 2618 0
7 22 0 100 81 0 106 100 316 0 342 100 556 0 579 100 791 0 815 100 1027 0 1054 100 1264 0 1287 100 1501 0 1524 100 1734 0 1758 100 1971 0 1994 100 2203 0 2228 100 2618 0
8 22 0 100 95 0 130 100 331 0 367 100 565 0 601 100 804 0 840 100 1039 0 1076 100 1279 0 1315 100 1518 0 1555 100 1753 0 1788 100 1991 0 2026 100 2226 0 2260 100 2618 0
9 22 0 100 108 0 134 100 348 0 374 100 586 0 611 100 822 0 847 100 1058 0 1081 100 1295 0 1320 100 1529 0 1556 100 1767 0 1792 100 2002 0 2029 100 2242 0 2266 100 2618 0
10 22 0 100 119 0 139 100 356 0 375 100 591 0 612 100 829 0 848 100 1063 0 1081 100 1297 0 1315 100 1530 0 1549 100 1765 0 1785 100 2005 0 2026 100 2245 0 2263 100 2618 0
11 22 0 100 129 0 169 100 367 0 409 100 604 0 646 100 841 0 880 100 1075 0 1114 100 1311 0 1352 100 1549 0 1589 100 1785 0 1827 100 2026 0 2067 100 2263 0 2304 100 2618 0
12 22 0 100 143 0 183 100 381 0 421 100 619 0 659 100 854 0 892 100 1086 0 1124 100 1318 0 1360 100 1556 0 1597 100 1795 0 1836 100 2033 0 2073 100 2268 0 2308 100 2618 0
13 22 0 100 155 0 180 100 390 0 417 100 628 0 654 100 867 0 894 100 1107 0 1134 100 1348 0 1372 100 1585 0 1611 100 1824 0 1848 100 2061 0 2087 100 2300 0 2325 100 2618 0
14 22 0 100 168 0 195 100 408 0 435 100 647 0 673 100 884 0 907 100 1116 0 1142 100 1353 0 1377 100 1589 0 1612 100 1823 0 1846 100 2057 0 2081 100 2295 0 2320 100 2618 0
15 22 0 100 176 0 212 100 413 0 447 100 649 0 685 100 885 0 919 100 1118 0 1154 100 1353 0 1390 100 1591 0 1625 100 1829 0 1866 100 2066 0 2103 100 2303 0 2339 100 2618 0
16 22 0 100 192 0 210 100 429 0 447 100 663 0 682 100 898 0 917 100 1137 0 1156 100 1371 0 1389 100 1604 0 1623 100 1840 0 1860 100 2076 0 2095 100 2311 0 2330 100 2618 0
17 22 0 100 204 0 239 100 442 0 477 100 679 0 714 100 915 0 951 100 1149 0 1183 100 1382 0 1417 100 1616 0 1652 100 1856 0 1893 100 2096 0 2133 100 2335 0 2370 100 2618 0
18 22 0 100 215 0 249 100 452 0 486 100 691 0 726 100 930 0 964 100 1168 0 1201 100 1405 0 1439 100 1643 0 1677 100 1882 0 1915 100 2117 0 2150 100 2352 0 2385 100 2618 0
19 22 0 100 227 0 247 100 462 0 485 100 702 0 722 100 936 0 959 100 1173 0 1194 100 1409 0 1429 100 1642 0 1664 100 1882 0 1903 100 2116 0 2139 100 2356 0 2377 100 2618 0

# TASKS
# Format: <task_id> <size> <num_reqs>
# Then for each requirement: <type_id> <qty>
0 0 3
 0 0
 1 0
 2 0
1 20 3
 0 1
 1 0
 2 3
2 2 3
 0 2
 1 0
 2 0
3 1 3
 0 3
 1 1
 2 0
4 7 3
 0 1
 1 1
 2 1
5 3 3
 0 0
 1 2
 2 0
6 10 3
 0 3
 1 3
 2 1
7 8 3
 0 3
 1 1
 2 1
8 8 3
 0 2
 1 1
 2 1
9 2 3
 0 0
 1 2
 2 1
10 1 3
 0 3
 1 1
 2 2
11 17 3
 0 0
 1 3
 2 0
12 8 3
 0 3
 1 3
 2 0
13 8 3
 0 1
 1 3
 2 3
14 10 3
 0 0
 1 1
 2 0
15 18 3
 0 0
 1 0
 2 2
16 16 3
 0 0
 1 2
 2 2
17 5 3
 0 2
 1 2
 2 0
18 10 3
 0 3
 1 0
 2 3
19 13 3
 0 3
 1 1
 2 0
20 8 3
 0 0
 1 0
 2 2
21 4 3
 0 0
 1 0
 2 1
22 2 3
 0 2
 1 0
 2 0
23 7 3
 0 1
 1 1
 2 1
24 14 3
 0 2
 1 2
 2 1
25 12 3
 0 1
 1 1
 2 0
26 1 3
 0 1
 1 0
 2 0
27 14 3
 0 0
 1 2
 2 1
28 14 3
 0 2
 1 2
 2 2
29 19 3
 0 2
 1 0
 2 0
30 18 3
 0 0
 1 0
 2 1
31 9 3
 0 2
 1 0
 2 0
32 2 3
 0 0
 1 3
 2 3
33 10 3
 0 0
 1 2
 2 3
34 2 3
 0 2
 1 1
 2 3
35 19 3
 0 1
 1 1
 2 3
36 8 3
 0 0
 1 3
 2 0
37 12 3
 0 3
 1 3
 2 2
38 9 3
 0 3
 1 0
 2 3
39 12 3
 0 2
 1 2
 2 1
40 12 3
 0 0
 1 1
 2 2
41 9 3
 0 3
 1 0
 2 3
42 12 3
 0 1
 1 0
 2 0
43 16 3
 0 0
 1 2
 2 0
44 13 3
 0 2
 1 0
 2 3
45 7 3
 0 0
 1 1
 2 3
46 17 3
 0 3
 1 1
 2 0
47 2 3
 0 3
 1 2
 2 0
48 5 3
 0 3
 1 0
 2 0
49 20 3
 0 3
 1 0
 2 2
50 14 3
 0 3
 1 0
 2 0
51 9 3
 0 3
 1 3
 2 2
52 17 3
 0 0
 1 0
 2 2
53 13 3
 0 0
 1 0
 2 3
54 16 3
 0 3
 1 3
 2 3
55 17 3
 0 1
 1 3
 2 0
56 19 3
 0 1
 1 0
 2 0
57 8 3
 0 2
 1 2
 2 0
58 3 3
 0 3
 1 0
 2 0
59 13 3
 0 3
 1 1
 2 3
60 11 3
 0 0
 1 3
 2 2
61 5 3
 0 3
 1 0
 2 0
62 6 3
 0 0
 1 1
 2 2
63 2 3
 0 1
 1 2
 2 1
64 10 3
 0 2
 1 0
 2 1
65 4 3
 0 3
 1 3
 2 0
66 18 3
 0 3
 1 1
 2 0
67 1 3
 0 0
 1 2
 2 0
68 10 3
 0 3
 1 3
 2 1
69 4 3
 0 0
 1 2
 2 2
70 7 3
 0 0
 1 0
 2 3
71 10 3
 0 2
 1 3
 2 0
72 12 3
 0 0
 1 2
 2 0
73 18 3
 0 0
 1 2
 2 0
74 9 3
 0 3
 1 0
 2 1
75 2 3
 0 2
 1 3
 2 0
76 19 3
 0 0
 1 3
 2 1
77 8 3
 0 2
 1 0
 2 2
78 18 3
 0 1
 1 0
 2 0
79 7 3
 0 0
 1 3
 2 2
80 2 3
 0 1
 1 0
 2 1
81 7 3
 0 0
 1 1
 2 0
82 6 3
 0 1
 1 0
 2 2
83 17 3
 0 0
 1 3
 2 3
84 4 3
 0 3
 1 3
 2 0
85 7 3
 0 0
 1 1
 2 0
86 10 3
 0 2
 1 2
 2 2
87 10 3
 0 1
 1 0
 2 3
88 13 3
 0 1
 1 0
 2 2
89 16 3
 0 1
 1 1
 2 0
90 10 3
 0 1
 1 2
 2 0
91 9 3
 0 0
 1 1
 2 0
92 14 3
 0 0
 1 1
 2 3
93 8 3
 0 2
 1 0
 2 0
94 1 3
 0 2
 1 3
 2 1
95 7 3
 0 1
 1 2
 2 3
96 17 3
 0 1
 1 2
 2 0
97 19 3
 0 1
 1 1
 2 2
98 13 3
 0 0
 1 2
 2 2
99 7 3
 0 1
 1 2
 2 3
100 11 3
 0 0
 1 3
 2 1
101 11 3
 0 0
 1 1
 2 3
102 10 3
 0 1
 1 1
 2 0
103 19 3
 0 2
 1 0
 2 2
104 14 3
 0 3
 1 3
 2 0
105 16 3
 0 0
 1 3
 2 1
106 3 3
 0 0
 1 2
 2 2
107 12 3
 0 0
 1 1
 2 0
108 4 3
 0 3
 1 0
 2 3
109 9 3
 0 1
 1 0
 2 1
110 3 3
 0 0
 1 0
 2 1
111 2 3
 0 1
 1 3
 2 0
112 18 3
 0 1
 1 3
 2 0
113 20 3
 0 0
 1 0
 2 1
114 7 3
 0 0
 1 0
 2 2
115 6 3
 0 0
 1 1
 2 0
116 3 3
 0 1
 1 0
 2 2
117 17 3
 0 3
 1 1
 2 1
118 17 3
 0 1
 1 1
 2 0
119 20 3
 0 0
 1 3
 2 0
120 5 3
 0 2
 1 0
 2 3
121 8 3
 0 0
 1 0
 2 1
122 17 3
 0 0
 1 3
 2 1
123 3 3
 0 1
 1 0
 2 2
124 13 3
 0 1
 1 0
 2 0
125 3 3
 0 0
 1 3
 2 0
126 11 3
 0 0
 1 0
 2 1
127 15 3
 0 3
 1 1
 2 0
128 14 3
 0 0
 1 2
 2 0
129 7 3
 0 3
 1 1
 2 3
130 2 3
 0 3
 1 0
 2 2
131 18 3
 0 1
 1 0
 2 1
132 17 3
 0 1
 1 3
 2 0
133 3 3
 0 0
 1 1
 2 0
134 19 3
 0 3
 1 0
 2 0
135 12 3
 0 2
 1 1
 2 0
136 6 3
 0 0
 1 0
 2 1
137 3 3
 0 3
 1 2
 2 2
138 18 3
 0 0
 1 3
 2 0
139 17 3
 0 1
 1 3
 2 2
140 14 3
 0 0
 1 2
 2 0
141 2 3
 0 2
 1 0
 2 3
142 13 3
 0 2
 1 0
 2 0
143 11 3
 0 3
 1 0
 2 2
144 2 3
 0 0
 1 2
 2 0
145 20 3
 0 1
 1 0
 2 2
146 8 3
 0 0
 1 0
 2 2
147 7 3
 0 2
 1 3
 2 0
148 19 3
 0 2
 1 2
 2 3
149 9 3
 0 2
 1 0
 2 1
150 17 3
 0 1
 1 0
 2 1
151 20 3
 0 1
 1 3
 2 1
152 16 3
 0 1
 1 0
 2 3
153 8 3
 0 1
 1 0
 2 2
154 18 3
 0 0
 1 0
 2 1
155 17 3
 0 3
 1 0
 2 2
156 5 3
 0 3
 1 3
 2 1
157 20 3
 0 0
 1 3
 2 2
158 14 3
 0 0
 1 0
 2 2
159 20 3
 0 3
 1 0
 2 1
160 17 3
 0 0
 1 3
 2 3
161 8 3
 0 3
 1 2
 2 1
162 3 3
 0 0
 1 0
 2 1
163 6 3
 0 0
 1 3
 2 3
164 20 3
 0 2
 1 0
 2 0
165 17 3
 0 2
 1 1
 2 2
166 9 3
 0 2
 1 1
 2 0
167 15 3
 0 1
 1 3
 2 1
168 8 3
 0 0
 1 3
 2 1
169 6 3
 0 0
 1 0
 2 1
170 10 3
 0 0
 1 0
 2 3
171 13 3
 0 0
 1 0
 2 1
172 8 3
 0 1
 1 0
 2 0
173 14 3
 0 2
 1 0
 2 3
174 17 3
 0 0
 1 2
 2 0
175 19 3
 0 2
 1 3
 2 0
176 15 3
 0 2
 1 0
 2 0
177 4 3
 0 0
 1 0
 2 1
178 7 3
 0 2
 1 1
 2 0
179 6 3
 0 0
 1 3
 2 3
180 10 3
 0 3
 1 0
 2 1
181 13 3
 0 0
 1 3
 2 1
182 5 3
 0 3
 1 0
 2 3
183 13 3
 0 0
 1 3
 2 3
184 17 3
 0 0
 1 0
 2 1
185 9 3
 0 0
 1 1
 2 1
186 16 3
 0 1
 1 2
 2 1
187 14 3
 0 0
 1 0
 2 3
188 11 3
 0 0
 1 2
 2 0
189 11 3
 0 3
 1 2
 2 2
190 5 3
 0 2
 1 0
 2 0
191 14 3
 0 0
 1 0
 2 2
192 6 3
 0 2
 1 0
 2 0
193 14 3
 0 3
 1 0
 2 1
194 7 3
 0 3
 1 0
 2 0
195 17 3
 0 2
 1 3
 2 2
196 15 3
 0 0
 1 2
 2 1
197 12 3
 0 3
 1 0
 2 1
198 18 3
 0 1
 1 0
 2 0
199 3 3
 0 0
 1 1
 2 0
200 1 3
 0 1
 1 2
 2 0
201 5 3
 0 1
 1 0
 2 0
202 20 3
 0 2
 1 0
 2 0
203 3 3
 0 0
 1 2
 2 0
204 16 3
 0 3
 1 0
 2 0
205 10 3
 0 0
 1 2
 2 2
206 6 3
 0 1
 1 1
 2 0
207 3 3
 0 0
 1 0
 2 1
208 1 3
 0 2
 1 2
 2 1
209 14 3
 0 0
 1 3
 2 0
210 16 3
 0 0
 1 2
 2 2
211 5 3
 0 0
 1 3
 2 2
212 1 3
 0 3
 1 0
 2 3
213 2 3
 0 1
 1 3
 2 1
214 11 3
 0 1
 1 3
 2 3
215 12 3
 0 0
 1 2
 2 2
216 3 3
 0 0
 1 2
 2 2
217 4 3
 0 0
 1 1
 2 2
218 7 3
 0 1
 1 0
 2 1
219 20 3
 0 3
 1 3
 2 3
220 10 3
 0 0
 1 3
 2 1
221 9 3
 0 2
 1 1
 2 0
222 2 3
 0 0
 1 1
 2 2
223 4 3
 0 3
 1 2
 2 2
224 15 3
 0 0
 1 3
 2 0
225 10 3
 0 2
 1 1
 2 0
226 5 3
 0 2
 1 3
 2 1
227 1 3
 0 1
 1 0
 2 1
228 6 3
 0 2
 1 3
 2 3
229 11 3
 0 0
 1 2
 2 1
230 9 3
 0 2
 1 1
 2 0
231 6 3
 0 0
 1 3
 2 3
232 7 3
 0 3
 1 2
 2 0
233 5 3
 0 1
 1 0
 2 2
234 2 3
 0 3
 1 1
 2 0
235 6 3
 0 2
 1 0
 2 0
236 6 3
 0 0
 1 2
 2 0
237 9 3
 0 1
 1 3
 2 3
238 4 3
 0 2
 1 2
 2 0
239 15 3
 0 0
 1 2
 2 0
240 16 3
 0 3
 1 0
 2 1
241 7 3
 0 2
 1 0
 2 2
242 20 3
 0 2
 1 3
 2 2
243 17 3
 0 3
 1 0
 2 0
244 10 3
 0 1
 1 2
 2 1
245 13 3
 0 2
 1 0
 2 0
246 8 3
 0 0
 1 0
 2 1
247 12 3
 0 2
 1 0
 2 0
248 8 3
 0 0
 1 1
 2 2
249 20 3
 0 2
 1 0
 2 1
250 18 3
 0 1
 1 0
 2 3
251 17 3
 0 0
 1 1
 2 0
252 1 3
 0 0
 1 0
 2 1
253 8 3
 0 1
 1 0
 2 0
254 8 3
 0 0
 1 3
 2 3
255 15 3
 0 0
 1 1
 2 1
256 13 3
 0 0
 1 1
 2 0
257 18 3
 0 1
 1 3
 2 2
258 13 3
 0 1
 1 3
 2 2
259 8 3
 0 1
 1 2
 2 0
260 1 3
 0 2
 1 0
 2 0
261 5 3
 0 0
 1 1
 2 0
262 16 3
 0 3
 1 2
 2 3
263 9 3
 0 1
 1 0
 2 2
264 16 3
 0 0
 1 3
 2 0
265 3 3
 0 3
 1 0
 2 3
266 7 3
 0 3
 1 3
 2 1
267 20 3
 0 1
 1 0
 2 1
268 17 3
 0 1
 1 2
 2 3
269 14 3
 0 2
 1 0
 2 0
270 9 3
 0 2
 1 1
 2 2
271 13 3
 0 0
 1 3
 2 2
272 10 3
 0 2
 1 1
 2 0
273 19 3
 0 1
 1 3
 2 0
274 15 3
 0 3
 1 0
 2 1
275 7 3
 0 1
 1 0
 2 0
276 16 3
 0 0
 1 0
 2 3
277 5 3
 0 3
 1 0
 2 3
278 3 3
 0 0
 1 2
 2 0
279 4 3
 0 1
 1 1
 2 0
280 10 3
 0 1
 1 0
 2 0
281 2 3
 0 0
 1 2
 2 2
282 1 3
 0 1
 1 2
 2 2
283 9 3
 0 3
 1 1
 2 0
284 16 3
 0 0
 1 1
 2 0
285 16 3
 0 0
 1 2
 2 3
286 5 3
 0 3
 1 0
 2 1
287 11 3
 0 3
 1 0
 2 3
288 5 3
 0 2
 1 1
 2 0
289 7 3
 0 1
 1 0
 2 0
290 4 3
 0 0
 1 3
 2 3
291 16 3
 0 2
 1 1
 2 0
292 13 3
 0 3
 1 1
 2 1
293 2 3
 0 3
 1 0
 2 3
294 7 3
 0 3
 1 1
 2 2
295 13 3
 0 0
 1 0
 2 3
296 8 3
 0 0
 1 3
 2 0
297 11 3
 0 1
 1 0
 2 3
298 10 3
 0 0
 1 1
 2 0
299 5 3
 0 1
 1 0
 2 0
300 13 3
 0 3
 1 0
 2 0
301 13 3
 0 0
 1 1
 2 1
302 0 3
 0 0
 1 0
 2 0

# PRECEDENCES
688
0 1
0 25
0 49
0 73
0 97
0 121
0 145
0 169
0 193
0 217
0 241
0 265
0 289
1 2
1 25
2 3
2 26
3 4
3 27
4 5
4 28
5 6
5 29
6 7
6 30
7 8
7 31
7 32
8 9
8 32
9 10
9 33
10 11
10 34
11 12
11 35
12 13
12 36
13 14
13 37
14 15
14 38
14 39
15 16
15 39
16 17
16 40
16 41
17 18
17 41
18 19
18 42
19 20
19 43
20 21
20 44
21 22
21 45
21 46
22 23
22 46
23 24
23 47
23 48
24 48
24 302
25 26
25 49
26 27
26 50
26 51
27 28
27 51
28 29
28 52
29 30
29 53
30 31
30 54
30 55
31 32
31 55
32 33
32 56
32 57
33 34
33 57
34 35
34 58
34 59
35 36
35 59
35 60
36 37
36 60
37 38
37 61
38 39
38 62
38 63
39 40
39 63
40 41
40 64
41 42
41 65
42 43
42 66
43 44
43 67
44 45
44 68
45 46
45 69
45 70
46 47
46 70
46 71
47 48
47 71
48 72
48 302
49 50
49 73
49 74
50 51
50 74
51 52
51 75
51 76
52 53
52 76
52 77
53 54
53 77
54 55
54 78
55 56
55 79
56 57
56 80
57 58
57 81
58 59
58 82
59 60
59 83
59 84
60 61
60 84
61 62
61 85
61 86
62 63
62 86
62 87
63 64
63 87
63 88
64 65
64 88
65 66
65 89
65 90
66 67
66 90
66 91
67 68
67 91
67 92
68 69
68 92
69 70
69 93
70 71
70 94
71 72
71 95
71 96
72 96
72 302
73 74
73 97
73 98
74 75
74 98
75 76
75 99
75 100
76 77
76 100
77 78
77 101
78 79
78 102
79 80
79 103
80 81
80 104
81 82
81 105
82 83
82 106
83 84
83 107
83 108
84 85
84 108
84 109
85 86
85 109
86 87
86 110
86 111
87 88
87 111
88 89
88 112
89 90
89 113
90 91
90 114
91 92
91 115
92 93
92 116
93 94
93 117
93 118
94 95
94 118
95 96
95 119
96 120
96 302
97 98
97 121
97 122
98 99
98 122
99 100
99 123
99 124
100 101
100 124
101 102
101 125
101 126
102 103
102 126
102 127
103 104
103 127
103 128
104 105
104 128
105 106
105 129
106 107
106 130
106 131
107 108
107 131
107 132
108 109
108 132
109 110
109 133
109 134
110 111
110 134
111 112
111 135
112 113
112 136
113 114
113 137
113 138
114 115
114 138
114 139
115 116
115 139
116 117
116 140
117 118
117 141
118 119
118 142
119 120
119 143
120 144
120 302
121 122
121 145
122 123
122 146
123 124
123 147
123 148
124 125
124 148
125 126
125 149
126 127
126 150
126 151
127 128
127 151
128 129
128 152
128 153
129 130
129 153
129 154
130 131
130 154
131 132
131 155
132 133
132 156
133 134
133 157
134 135
134 158
134 159
135 136
135 159
135 160
136 137
136 160
137 138
137 161
137 162
138 139
138 162
138 163
139 140
139 163
140 141
140 164
141 142
141 165
142 143
142 166
143 144
143 167
143 168
144 168
144 302
145 146
145 169
145 170
146 147
146 170
147 148
147 171
148 149
148 172
149 150
149 173
150 151
150 174
151 152
151 175
151 176
152 153
152 176
153 154
153 177
153 178
154 155
154 178
155 156
155 179
155 180
156 157
156 180
156 181
157 158
157 181
157 182
158 159
158 182
159 160
159 183
159 184
160 161
160 184
161 162
161 185
162 163
162 186
163 164
163 187
164 165
164 188
164 189
165 166
165 189
165 190
166 167
166 190
167 168
167 191
167 192
168 192
168 302
169 170
169 193
170 171
170 194
171 172
171 195
172 173
172 196
173 174
173 197
174 175
174 198
175 176
175 199
175 200
176 177
176 200
177 178
177 201
178 179
178 202
179 180
179 203
180 181
180 204
180 205
181 182
181 205
182 183
182 206
183 184
183 207
184 185
184 208
185 186
185 209
186 187
186 210
186 211
187 188
187 211
188 189
188 212
189 190
189 213
189 214
190 191
190 214
191 192
191 215
192 216
192 302
193 194
193 217
193 218
194 195
194 218
195 196
195 219
196 197
196 220
196 221
197 198
197 221
198 199
198 222
198 223
199 200
199 223
200 201
200 224
201 202
201 225
201 226
202 203
202 226
203 204
203 227
204 205
204 228
204 229
205 206
205 229
206 207
206 230
207 208
207 231
207 232
208 209
208 232
208 233
209 210
209 233
210 211
210 234
211 212
211 235
212 213
212 236
213 214
213 237
214 215
214 238
214 239
215 216
215 239
216 240
216 302
217 218
217 241
217 242
218 219
218 242
219 220
219 243
219 244
220 221
220 244
221 222
221 245
222 223
222 246
222 247
223 224
223 247
224 225
224 248
225 226
225 249
226 227
226 250
227 228
227 251
228 229
228 252
228 253
229 230
229 253
230 231
230 254
230 255
231 232
231 255
232 233
232 256
233 234
233 257
234 235
234 258
235 236
235 259
236 237
236 260
237 238
237 261
238 239
238 262
238 263
239 240
239 263
240 264
240 302
241 242
241 265
241 266
242 243
242 266
243 244
243 267
244 245
244 268
244 269
245 246
245 269
245 270
246 247
246 270
247 248
247 271
247 272
248 249
248 272
249 250
249 273
249 274
250 251
250 274
251 252
251 275
252 253
252 276
252 277
253 254
253 277
254 255
254 278
255 256
255 279
256 257
256 280
257 258
257 281
258 259
258 282
259 260
259 283
260 261
260 284
261 262
261 285
262 263
262 286
262 287
263 264
263 287
264 288
264 302
265 266
265 289
266 267
266 290
267 268
267 291
268 269
268 292
269 270
269 293
269 294
270 271
270 294
271 272
271 295
272 273
272 296
273 274
273 297
274 275
274 298
275 276
275 299
276 277
276 300
277 278
277 301
278 279
279 280
280 281
281 282
282 283
283 284
284 285
285 286
286 287
287 288
288 302
289 290
289 302
290 291
290 302
291 292
291 302
292 293
292 302
293 294
293 302
294 295
294 302
295 296
295 302
296 297
296 302
297 298
297 302
298 299
298 302
299 300
299 302
300 301
300 302
301 302
