# Tier 7 (Very Large) - Instance 84
# Generated with config: N=469, K=3, topology=grid, calendar=staggered

# HEADER: <num_tasks> <num_types> <num_units>
471 3 21

# RESOURCE TYPES
# Format: <type_id> <num_units> <unit_id1> <unit_id2> ...
0 7 0 1 2 3 4 5 6
1 7 7 8 9 10 11 12 13
2 7 14 15 16 17 18 19 20

# RESOURCE UNITS (Calendars)
# Format: <unit_id> <num_steps> <t1> <v1> <t2> <v2> ...
0 26 0 100 1 0 34 100 339 0 373 100 677 0 708 100 1015 0 1048 100 1351 0 1383 100 1685 0 1716 100 2022 0 2053 100 2357 0 2391 100 2695 0 2727 100 3034 0 3065 100 3368 0 3402 100 3706 0 3740 100 4397 0
1 26 0 100 16 0 59 100 354 0 397 100 691 0 734 100 1028 0 1072 100 1368 0 1410 100 1702 0 1742 100 2034 0 2077 100 2372 0 2414 100 2711 0 2755 100 3048 0 3089 100 3382 0 3424 100 3719 0 3760 100 4397 0
2 26 0 100 30 0 89 100 367 0 425 100 707 0 765 100 1046 0 1102 100 1382 0 1438 100 1719 0 1775 100 2054 0 2113 100 2391 0 2448 100 2728 0 2785 100 3068 0 3127 100 3409 0 3465 100 3746 0 3802 100 4397 0
3 26 0 100 49 0 109 100 388 0 446 100 725 0 785 100 1065 0 1124 100 1404 0 1464 100 1743 0 1801 100 2080 0 2139 100 2415 0 2472 100 2749 0 2809 100 3085 0 3143 100 3424 0 3482 100 3762 0 3820 100 4397 0
4 26 0 100 63 0 115 100 401 0 454 100 741 0 795 100 1077 0 1130 100 1417 0 1471 100 1757 0 1810 100 2095 0 2150 100 2433 0 2488 100 2770 0 2821 100 3107 0 3160 100 3442 0 3495 100 3777 0 3830 100 4397 0
5 26 0 100 82 0 130 100 418 0 467 100 754 0 803 100 1091 0 1140 100 1428 0 1477 100 1766 0 1814 100 2106 0 2154 100 2443 0 2490 100 2779 0 2827 100 3116 0 3165 100 3452 0 3501 100 3790 0 3839 100 4397 0
6 26 0 100 95 0 151 100 433 0 489 100 767 0 822 100 1105 0 1161 100 1442 0 1500 100 1781 0 1840 100 2119 0 2178 100 2456 0 2515 100 2794 0 2849 100 3130 0 3188 100 3465 0 3522 100 3802 0 3859 100 4397 0
7 26 0 100 113 0 165 100 447 0 500 100 781 0 834 100 1117 0 1173 100 1454 0 1507 100 1791 0 1846 100 2129 0 2181 100 2465 0 2518 100 2803 0 2857 100 3143 0 3195 100 3476 0 3530 100 3811 0 3866 100 4397 0
8 26 0 100 128 0 156 100 467 0 493 100 804 0 831 100 1141 0 1166 100 1475 0 1500 100 1808 0 1836 100 2147 0 2173 100 2483 0 2512 100 2822 0 2850 100 3160 0 3188 100 3498 0 3523 100 3831 0 3858 100 4397 0
9 26 0 100 144 0 196 100 485 0 538 100 825 0 876 100 1161 0 1211 100 1499 0 1549 100 1835 0 1885 100 2172 0 2225 100 2513 0 2565 100 2854 0 2904 100 3187 0 3239 100 3528 0 3579 100 3866 0 3916 100 4397 0
10 26 0 100 160 0 194 100 500 0 532 100 835 0 870 100 1173 0 1206 100 1513 0 1546 100 1851 0 1883 100 2189 0 2223 100 2526 0 2559 100 2861 0 2896 100 3201 0 3234 100 3541 0 3573 100 3878 0 3911 100 4397 0
11 26 0 100 175 0 218 100 511 0 555 100 850 0 892 100 1183 0 1225 100 1519 0 1563 100 1859 0 1904 100 2198 0 2240 100 2534 0 2578 100 2873 0 2916 100 3207 0 3250 100 3544 0 3586 100 3882 0 3927 100 4397 0
12 26 0 100 194 0 229 100 533 0 568 100 869 0 906 100 1205 0 1239 100 1541 0 1575 100 1876 0 1912 100 2216 0 2251 100 2553 0 2587 100 2886 0 2920 100 3221 0 3259 100 3561 0 3597 100 3899 0 3933 100 4397 0
13 26 0 100 208 0 242 100 544 0 577 100 880 0 914 100 1217 0 1248 100 1552 0 1587 100 1894 0 1926 100 2232 0 2265 100 2570 0 2602 100 2908 0 2941 100 3248 0 3282 100 3587 0 3618 100 3920 0 3954 100 4397 0
14 26 0 100 225 0 280 100 562 0 617 100 900 0 954 100 1236 0 1293 100 1576 0 1630 100 1911 0 1966 100 2248 0 2305 100 2585 0 2640 100 2923 0 2978 100 3258 0 3312 100 3597 0 3653 100 3933 0 3988 100 4397 0
15 26 0 100 240 0 288 100 577 0 621 100 914 0 958 100 1248 0 1295 100 1586 0 1631 100 1924 0 1970 100 2261 0 2309 100 2599 0 2645 100 2934 0 2981 100 3274 0 3321 100 3612 0 3657 100 3948 0 3994 100 4397 0
16 26 0 100 256 0 310 100 593 0 649 100 930 0 985 100 1266 0 1320 100 1603 0 1658 100 1940 0 1994 100 2279 0 2334 100 2617 0 2671 100 2957 0 3011 100 3293 0 3347 100 3632 0 3686 100 3969 0 4024 100 4397 0
17 26 0 100 273 0 331 100 611 0 670 100 947 0 1006 100 1284 0 1343 100 1619 0 1679 100 1959 0 2017 100 2294 0 2354 100 2632 0 2689 100 2965 0 3024 100 3303 0 3361 100 3642 0 3700 100 3977 0 4037 100 4397 0
18 26 0 100 289 0 316 100 627 0 655 100 965 0 993 100 1306 0 1333 100 1641 0 1668 100 1977 0 2005 100 2317 0 2346 100 2657 0 2682 100 2990 0 3018 100 3327 0 3352 100 3662 0 3689 100 3998 0 4025 100 4397 0
19 26 0 100 306 0 363 100 645 0 701 100 982 0 1038 100 1317 0 1375 100 1655 0 1713 100 1996 0 2053 100 2333 0 2392 100 2676 0 2731 100 3014 0 3069 100 3351 0 3408 100 3687 0 3744 100 4024 0 4080 100 4397 0
20 26 0 100 320 0 360 100 660 0 701 100 1000 0 1041 100 1340 0 1381 100 1678 0 1719 100 2014 0 2052 100 2350 0 2389 100 2686 0 2725 100 3022 0 3061 100 3361 0 3400 100 3700 0 3739 100 4035 0 4075 100 4397 0

# TASKS
# Format: <task_id> <size> <num_reqs>
# Then for each requirement: <type_id> <qty>
0 0 3
 0 0
 1 0
 2 0
1 20 3
 0 2
 1 1
 2 3
2 18 3
 0 0
 1 3
 2 0
3 4 3
 0 1
 1 1
 2 3
4 10 3
 0 0
 1 3
 2 0
5 15 3
 0 1
 1 1
 2 0
6 4 3
 0 3
 1 2
 2 3
7 14 3
 0 0
 1 3
 2 1
8 9 3
 0 3
 1 3
 2 0
9 18 3
 0 0
 1 1
 2 2
10 5 3
 0 2
 1 0
 2 1
11 18 3
 0 2
 1 0
 2 2
12 15 3
 0 0
 1 2
 2 2
13 15 3
 0 0
 1 0
 2 1
14 15 3
 0 1
 1 0
 2 3
15 4 3
 0 0
 1 1
 2 0
16 11 3
 0 2
 1 1
 2 3
17 7 3
 0 1
 1 3
 2 2
18 19 3
 0 0
 1 2
 2 0
19 16 3
 0 2
 1 0
 2 3
20 12 3
 0 3
 1 1
 2 2
21 15 3
 0 2
 1 0
 2 1
22 9 3
 0 3
 1 2
 2 1
23 16 3
 0 2
 1 2
 2 0
24 16 3
 0 0
 1 2
 2 0
25 6 3
 0 2
 1 2
 2 2
26 11 3
 0 0
 1 0
 2 1
27 3 3
 0 3
 1 3
 2 0
28 20 3
 0 0
 1 3
 2 0
29 7 3
 0 0
 1 3
 2 3
30 12 3
 0 1
 1 0
 2 1
31 4 3
 0 3
 1 1
 2 1
32 7 3
 0 1
 1 1
 2 1
33 6 3
 0 0
 1 1
 2 0
34 15 3
 0 0
 1 0
 2 1
35 10 3
 0 3
 1 2
 2 3
36 5 3
 0 1
 1 1
 2 1
37 2 3
 0 0
 1 3
 2 1
38 2 3
 0 2
 1 1
 2 3
39 3 3
 0 2
 1 0
 2 0
40 20 3
 0 3
 1 1
 2 2
41 1 3
 0 1
 1 0
 2 0
42 7 3
 0 1
 1 2
 2 0
43 3 3
 0 0
 1 3
 2 0
44 2 3
 0 0
 1 0
 2 1
45 2 3
 0 0
 1 0
 2 1
46 2 3
 0 1
 1 0
 2 0
47 7 3
 0 2
 1 0
 2 3
48 7 3
 0 3
 1 2
 2 0
49 13 3
 0 0
 1 3
 2 0
50 13 3
 0 3
 1 3
 2 1
51 15 3
 0 0
 1 3
 2 0
52 5 3
 0 1
 1 3
 2 0
53 18 3
 0 0
 1 1
 2 1
54 10 3
 0 0
 1 1
 2 1
55 9 3
 0 0
 1 0
 2 1
56 8 3
 0 1
 1 3
 2 0
57 2 3
 0 1
 1 0
 2 3
58 10 3
 0 2
 1 0
 2 2
59 3 3
 0 0
 1 1
 2 0
60 3 3
 0 0
 1 2
 2 1
61 6 3
 0 1
 1 2
 2 0
62 6 3
 0 3
 1 3
 2 1
63 9 3
 0 0
 1 1
 2 0
64 11 3
 0 1
 1 0
 2 1
65 19 3
 0 3
 1 0
 2 2
66 18 3
 0 0
 1 1
 2 0
67 13 3
 0 0
 1 3
 2 3
68 1 3
 0 3
 1 0
 2 2
69 9 3
 0 3
 1 0
 2 1
70 19 3
 0 0
 1 2
 2 0
71 10 3
 0 2
 1 2
 2 1
72 10 3
 0 2
 1 2
 2 3
73 19 3
 0 0
 1 3
 2 0
74 15 3
 0 3
 1 0
 2 2
75 17 3
 0 2
 1 1
 2 0
76 5 3
 0 0
 1 2
 2 2
77 8 3
 0 1
 1 2
 2 2
78 14 3
 0 1
 1 2
 2 3
79 5 3
 0 3
 1 3
 2 3
80 7 3
 0 3
 1 2
 2 2
81 11 3
 0 2
 1 0
 2 1
82 19 3
 0 2
 1 3
 2 3
83 14 3
 0 0
 1 2
 2 2
84 4 3
 0 0
 1 1
 2 0
85 19 3
 0 0
 1 1
 2 0
86 10 3
 0 1
 1 1
 2 2
87 12 3
 0 1
 1 1
 2 1
88 10 3
 0 0
 1 1
 2 1
89 8 3
 0 0
 1 1
 2 0
90 10 3
 0 0
 1 2
 2 2
91 8 3
 0 0
 1 1
 2 3
92 13 3
 0 3
 1 0
 2 3
93 1 3
 0 2
 1 0
 2 0
94 17 3
 0 2
 1 3
 2 2
95 2 3
 0 1
 1 2
 2 3
96 10 3
 0 1
 1 3
 2 3
97 4 3
 0 0
 1 1
 2 0
98 19 3
 0 2
 1 0
 2 1
99 17 3
 0 1
 1 1
 2 3
100 5 3
 0 0
 1 0
 2 1
101 7 3
 0 2
 1 3
 2 0
102 13 3
 0 3
 1 1
 2 1
103 8 3
 0 0
 1 3
 2 1
104 17 3
 0 1
 1 3
 2 3
105 12 3
 0 2
 1 0
 2 0
106 11 3
 0 2
 1 0
 2 0
107 8 3
 0 0
 1 3
 2 0
108 7 3
 0 3
 1 3
 2 2
109 3 3
 0 1
 1 3
 2 1
110 5 3
 0 1
 1 3
 2 0
111 16 3
 0 3
 1 0
 2 3
112 8 3
 0 0
 1 1
 2 2
113 14 3
 0 3
 1 3
 2 1
114 15 3
 0 1
 1 3
 2 1
115 20 3
 0 0
 1 2
 2 3
116 5 3
 0 2
 1 2
 2 0
117 14 3
 0 2
 1 0
 2 0
118 12 3
 0 0
 1 0
 2 1
119 6 3
 0 0
 1 2
 2 0
120 4 3
 0 1
 1 1
 2 3
121 19 3
 0 0
 1 3
 2 0
122 7 3
 0 0
 1 3
 2 0
123 9 3
 0 0
 1 1
 2 0
124 10 3
 0 2
 1 2
 2 2
125 2 3
 0 1
 1 0
 2 0
126 8 3
 0 2
 1 3
 2 0
127 7 3
 0 1
 1 1
 2 0
128 18 3
 0 3
 1 0
 2 1
129 8 3
 0 1
 1 0
 2 2
130 3 3
 0 0
 1 1
 2 0
131 20 3
 0 2
 1 1
 2 1
132 13 3
 0 1
 1 2
 2 0
133 7 3
 0 1
 1 3
 2 0
134 18 3
 0 3
 1 2
 2 0
135 8 3
 0 0
 1 1
 2 0
136 12 3
 0 0
 1 3
 2 3
137 7 3
 0 1
 1 1
 2 3
138 15 3
 0 0
 1 1
 2 2
139 19 3
 0 0
 1 1
 2 0
140 19 3
 0 0
 1 3
 2 3
141 6 3
 0 0
 1 2
 2 2
142 3 3
 0 2
 1 0
 2 0
143 3 3
 0 0
 1 1
 2 2
144 12 3
 0 0
 1 2
 2 0
145 2 3
 0 3
 1 3
 2 0
146 2 3
 0 3
 1 1
 2 1
147 6 3
 0 0
 1 3
 2 0
148 5 3
 0 0
 1 3
 2 0
149 5 3
 0 2
 1 3
 2 0
150 2 3
 0 0
 1 1
 2 1
151 1 3
 0 0
 1 0
 2 1
152 5 3
 0 0
 1 0
 2 3
153 18 3
 0 0
 1 1
 2 1
154 14 3
 0 3
 1 0
 2 0
155 12 3
 0 0
 1 2
 2 1
156 1 3
 0 0
 1 1
 2 0
157 4 3
 0 0
 1 3
 2 3
158 11 3
 0 0
 1 1
 2 0
159 1 3
 0 0
 1 2
 2 3
160 13 3
 0 0
 1 0
 2 1
161 1 3
 0 2
 1 1
 2 0
162 3 3
 0 0
 1 1
 2 0
163 15 3
 0 1
 1 3
 2 1
164 2 3
 0 0
 1 1
 2 0
165 3 3
 0 3
 1 0
 2 0
166 20 3
 0 2
 1 0
 2 3
167 7 3
 0 1
 1 0
 2 0
168 5 3
 0 2
 1 3
 2 0
169 3 3
 0 3
 1 2
 2 0
170 5 3
 0 3
 1 2
 2 0
171 15 3
 0 3
 1 0
 2 0
172 18 3
 0 3
 1 1
 2 2
173 6 3
 0 3
 1 0
 2 0
174 16 3
 0 1
 1 0
 2 3
175 4 3
 0 1
 1 0
 2 3
176 19 3
 0 2
 1 3
 2 3
177 20 3
 0 3
 1 3
 2 0
178 17 3
 0 0
 1 2
 2 1
179 16 3
 0 3
 1 0
 2 0
180 5 3
 0 0
 1 0
 2 1
181 7 3
 0 0
 1 3
 2 2
182 4 3
 0 1
 1 0
 2 3
183 1 3
 0 2
 1 3
 2 2
184 9 3
 0 0
 1 3
 2 0
185 10 3
 0 0
 1 0
 2 3
186 9 3
 0 0
 1 1
 2 1
187 11 3
 0 0
 1 3
 2 1
188 20 3
 0 0
 1 3
 2 1
189 17 3
 0 3
 1 0
 2 0
190 16 3
 0 1
 1 0
 2 0
191 19 3
 0 1
 1 0
 2 0
192 8 3
 0 2
 1 3
 2 2
193 12 3
 0 0
 1 2
 2 0
194 18 3
 0 1
 1 3
 2 2
195 17 3
 0 1
 1 3
 2 0
196 4 3
 0 0
 1 1
 2 0
197 9 3
 0 0
 1 2
 2 1
198 16 3
 0 2
 1 3
 2 2
199 16 3
 0 1
 1 0
 2 3
200 16 3
 0 2
 1 0
 2 1
201 7 3
 0 3
 1 0
 2 2
202 20 3
 0 3
 1 0
 2 1
203 4 3
 0 3
 1 0
 2 2
204 1 3
 0 1
 1 0
 2 0
205 6 3
 0 3
 1 1
 2 0
206 18 3
 0 3
 1 0
 2 3
207 2 3
 0 2
 1 1
 2 3
208 19 3
 0 1
 1 2
 2 2
209 15 3
 0 0
 1 0
 2 2
210 15 3
 0 2
 1 0
 2 2
211 4 3
 0 0
 1 0
 2 1
212 20 3
 0 0
 1 3
 2 2
213 2 3
 0 0
 1 0
 2 2
214 5 3
 0 2
 1 3
 2 3
215 7 3
 0 1
 1 0
 2 0
216 10 3
 0 3
 1 3
 2 0
217 14 3
 0 0
 1 0
 2 1
218 19 3
 0 1
 1 3
 2 0
219 5 3
 0 0
 1 0
 2 3
220 5 3
 0 3
 1 2
 2 0
221 16 3
 0 0
 1 0
 2 2
222 15 3
 0 3
 1 0
 2 1
223 10 3
 0 3
 1 2
 2 2
224 3 3
 0 1
 1 0
 2 3
225 3 3
 0 0
 1 3
 2 3
226 20 3
 0 2
 1 0
 2 1
227 4 3
 0 0
 1 0
 2 3
228 1 3
 0 0
 1 3
 2 0
229 12 3
 0 2
 1 0
 2 0
230 17 3
 0 3
 1 0
 2 1
231 12 3
 0 2
 1 0
 2 0
232 14 3
 0 0
 1 0
 2 1
233 14 3
 0 3
 1 3
 2 0
234 15 3
 0 1
 1 0
 2 0
235 1 3
 0 2
 1 3
 2 3
236 17 3
 0 1
 1 2
 2 0
237 20 3
 0 1
 1 0
 2 0
238 19 3
 0 3
 1 1
 2 3
239 4 3
 0 1
 1 2
 2 3
240 4 3
 0 1
 1 1
 2 3
241 5 3
 0 1
 1 3
 2 0
242 6 3
 0 1
 1 0
 2 0
243 16 3
 0 3
 1 1
 2 0
244 19 3
 0 0
 1 0
 2 1
245 3 3
 0 2
 1 2
 2 3
246 17 3
 0 0
 1 1
 2 0
247 7 3
 0 0
 1 1
 2 1
248 17 3
 0 2
 1 3
 2 1
249 5 3
 0 3
 1 1
 2 3
250 19 3
 0 3
 1 0
 2 0
251 17 3
 0 0
 1 3
 2 1
252 17 3
 0 0
 1 3
 2 1
253 9 3
 0 0
 1 1
 2 2
254 3 3
 0 3
 1 3
 2 2
255 7 3
 0 1
 1 2
 2 1
256 13 3
 0 1
 1 0
 2 0
257 11 3
 0 2
 1 1
 2 0
258 11 3
 0 0
 1 1
 2 2
259 8 3
 0 2
 1 0
 2 0
260 15 3
 0 1
 1 1
 2 2
261 13 3
 0 3
 1 0
 2 0
262 8 3
 0 0
 1 3
 2 0
263 8 3
 0 0
 1 0
 2 1
264 16 3
 0 1
 1 0
 2 0
265 1 3
 0 1
 1 1
 2 1
266 5 3
 0 0
 1 1
 2 0
267 2 3
 0 0
 1 3
 2 3
268 15 3
 0 3
 1 3
 2 0
269 19 3
 0 0
 1 3
 2 0
270 12 3
 0 0
 1 2
 2 0
271 5 3
 0 1
 1 1
 2 0
272 13 3
 0 0
 1 3
 2 3
273 15 3
 0 0
 1 2
 2 0
274 2 3
 0 2
 1 1
 2 0
275 2 3
 0 3
 1 3
 2 3
276 15 3
 0 3
 1 3
 2 2
277 18 3
 0 1
 1 1
 2 0
278 4 3
 0 0
 1 3
 2 3
279 20 3
 0 2
 1 1
 2 0
280 15 3
 0 0
 1 2
 2 3
281 10 3
 0 0
 1 0
 2 3
282 7 3
 0 0
 1 0
 2 3
283 2 3
 0 1
 1 2
 2 0
284 14 3
 0 1
 1 3
 2 0
285 13 3
 0 1
 1 0
 2 1
286 13 3
 0 0
 1 0
 2 2
287 14 3
 0 3
 1 2
 2 1
288 7 3
 0 3
 1 0
 2 2
289 3 3
 0 0
 1 1
 2 1
290 8 3
 0 0
 1 0
 2 1
291 16 3
 0 0
 1 0
 2 1
292 8 3
 0 0
 1 1
 2 0
293 16 3
 0 2
 1 1
 2 0
294 18 3
 0 2
 1 3
 2 2
295 17 3
 0 0
 1 3
 2 3
296 11 3
 0 2
 1 3
 2 0
297 17 3
 0 0
 1 3
 2 2
298 14 3
 0 3
 1 0
 2 3
299 15 3
 0 3
 1 0
 2 0
300 16 3
 0 0
 1 0
 2 2
301 16 3
 0 2
 1 0
 2 0
302 3 3
 0 0
 1 0
 2 1
303 4 3
 0 2
 1 0
 2 0
304 2 3
 0 0
 1 2
 2 2
305 20 3
 0 0
 1 1
 2 0
306 17 3
 0 0
 1 0
 2 3
307 8 3
 0 3
 1 0
 2 3
308 12 3
 0 0
 1 0
 2 1
309 1 3
 0 0
 1 0
 2 1
310 9 3
 0 1
 1 0
 2 0
311 16 3
 0 1
 1 0
 2 0
312 1 3
 0 1
 1 0
 2 2
313 4 3
 0 0
 1 0
 2 1
314 18 3
 0 0
 1 3
 2 0
315 15 3
 0 2
 1 0
 2 0
316 18 3
 0 0
 1 1
 2 1
317 15 3
 0 1
 1 0
 2 0
318 1 3
 0 2
 1 1
 2 2
319 20 3
 0 3
 1 0
 2 1
320 7 3
 0 1
 1 2
 2 0
321 11 3
 0 1
 1 0
 2 1
322 15 3
 0 2
 1 3
 2 3
323 7 3
 0 1
 1 1
 2 0
324 16 3
 0 0
 1 0
 2 2
325 18 3
 0 3
 1 2
 2 1
326 11 3
 0 0
 1 0
 2 2
327 2 3
 0 0
 1 2
 2 1
328 13 3
 0 1
 1 3
 2 0
329 1 3
 0 1
 1 0
 2 0
330 14 3
 0 0
 1 3
 2 3
331 3 3
 0 0
 1 3
 2 3
332 13 3
 0 0
 1 2
 2 0
333 3 3
 0 0
 1 2
 2 0
334 19 3
 0 2
 1 2
 2 2
335 3 3
 0 1
 1 3
 2 3
336 20 3
 0 2
 1 0
 2 3
337 3 3
 0 0
 1 0
 2 1
338 3 3
 0 0
 1 2
 2 0
339 5 3
 0 2
 1 3
 2 2
340 20 3
 0 2
 1 0
 2 3
341 7 3
 0 2
 1 0
 2 0
342 7 3
 0 2
 1 2
 2 0
343 17 3
 0 0
 1 1
 2 0
344 13 3
 0 0
 1 3
 2 0
345 17 3
 0 1
 1 0
 2 1
346 5 3
 0 0
 1 3
 2 2
347 8 3
 0 3
 1 1
 2 3
348 4 3
 0 0
 1 3
 2 0
349 19 3
 0 1
 1 1
 2 0
350 13 3
 0 1
 1 0
 2 0
351 8 3
 0 3
 1 2
 2 2
352 9 3
 0 1
 1 0
 2 0
353 9 3
 0 3
 1 0
 2 0
354 20 3
 0 2
 1 0
 2 0
355 20 3
 0 2
 1 0
 2 0
356 14 3
 0 0
 1 0
 2 2
357 14 3
 0 2
 1 2
 2 0
358 17 3
 0 2
 1 1
 2 0
359 18 3
 0 1
 1 1
 2 2
360 6 3
 0 1
 1 3
 2 3
361 2 3
 0 3
 1 0
 2 3
362 8 3
 0 0
 1 0
 2 1
363 12 3
 0 1
 1 0
 2 3
364 12 3
 0 1
 1 0
 2 0
365 5 3
 0 1
 1 2
 2 0
366 10 3
 0 2
 1 1
 2 3
367 13 3
 0 2
 1 3
 2 2
368 9 3
 0 0
 1 1
 2 3
369 11 3
 0 3
 1 0
 2 0
370 5 3
 0 0
 1 0
 2 2
371 7 3
 0 3
 1 1
 2 0
372 3 3
 0 3
 1 0
 2 0
373 13 3
 0 2
 1 0
 2 2
374 17 3
 0 1
 1 0
 2 0
375 12 3
 0 1
 1 1
 2 1
376 4 3
 0 0
 1 3
 2 2
377 10 3
 0 0
 1 1
 2 1
378 10 3
 0 0
 1 3
 2 2
379 20 3
 0 2
 1 0
 2 0
380 19 3
 0 2
 1 3
 2 3
381 11 3
 0 0
 1 0
 2 2
382 11 3
 0 0
 1 3
 2 0
383 2 3
 0 1
 1 0
 2 2
384 8 3
 0 0
 1 0
 2 2
385 8 3
 0 0
 1 3
 2 1
386 18 3
 0 0
 1 3
 2 3
387 3 3
 0 3
 1 1
 2 0
388 20 3
 0 2
 1 0
 2 1
389 9 3
 0 1
 1 0
 2 0
390 16 3
 0 1
 1 3
 2 1
391 10 3
 0 0
 1 1
 2 2
392 6 3
 0 1
 1 0
 2 3
393 5 3
 0 1
 1 1
 2 2
394 1 3
 0 3
 1 0
 2 0
395 4 3
 0 1
 1 0
 2 1
396 4 3
 0 1
 1 0
 2 0
397 11 3
 0 3
 1 0
 2 0
398 15 3
 0 1
 1 2
 2 2
399 8 3
 0 3
 1 2
 2 1
400 15 3
 0 0
 1 1
 2 1
401 12 3
 0 2
 1 3
 2 2
402 6 3
 0 2
 1 1
 2 0
403 16 3
 0 1
 1 0
 2 0
404 10 3
 0 1
 1 3
 2 1
405 6 3
 0 2
 1 1
 2 0
406 9 3
 0 0
 1 3
 2 0
407 4 3
 0 0
 1 3
 2 3
408 20 3
 0 1
 1 1
 2 0
409 2 3
 0 0
 1 1
 2 3
410 6 3
 0 1
 1 0
 2 1
411 17 3
 0 1
 1 0
 2 1
412 2 3
 0 2
 1 0
 2 1
413 4 3
 0 0
 1 0
 2 1
414 3 3
 0 1
 1 0
 2 1
415 17 3
 0 0
 1 3
 2 3
416 15 3
 0 0
 1 1
 2 0
417 4 3
 0 0
 1 2
 2 0
418 18 3
 0 0
 1 1
 2 0
419 3 3
 0 0
 1 0
 2 1
420 16 3
 0 0
 1 1
 2 3
421 6 3
 0 2
 1 0
 2 0
422 7 3
 0 0
 1 1
 2 3
423 13 3
 0 1
 1 3
 2 0
424 17 3
 0 0
 1 3
 2 0
425 19 3
 0 1
 1 0
 2 0
426 11 3
 0 0
 1 1
 2 2
427 3 3
 0 3
 1 3
 2 3
428 12 3
 0 0
 1 1
 2 0
429 19 3
 0 0
 1 1
 2 3
430 14 3
 0 3
 1 2
 2 1
431 14 3
 0 0
 1 3
 2 2
432 12 3
 0 2
 1 3
 2 1
433 17 3
 0 0
 1 2
 2 0
434 18 3
 0 1
 1 3
 2 3
435 19 3
 0 3
 1 2
 2 0
436 13 3
 0 2
 1 2
 2 2
437 12 3
 0 1
 1 2
 2 2
438 8 3
 0 3
 1 0
 2 0
439 20 3
 0 3
 1 1
 2 1
440 13 3
 0 0
 1 1
 2 0
441 9 3
 0 3
 1 0
 2 1
442 15 3
 0 1
 1 1
 2 3
443 1 3
 0 0
 1 2
 2 3
444 3 3
 0 0
 1 0
 2 2
445 3 3
 0 2
 1 2
 2 0
446 5 3
 0 3
 1 0
 2 2
447 10 3
 0 1
 1 0
 2 0
448 3 3
 0 1
 1 1
 2 1
449 20 3
 0 2
 1 2
 2 3
450 13 3
 0 0
 1 1
 2 0
451 10 3
 0 1
 1 1
 2 2
452 4 3
 0 0
 1 2
 2 0
453 15 3
 0 0
 1 2
 2 2
454 10 3
 0 2
 1 0
 2 0
455 3 3
 0 2
 1 0
 2 0
456 5 3
 0 0
 1 2
 2 0
457 15 3
 0 2
 1 0
 2 0
458 20 3
 0 2
 1 3
 2 0
459 18 3
 0 0
 1 2
 2 0
460 15 3
 0 0
 1 1
 2 2
461 2 3
 0 2
 1 2
 2 2
462 7 3
 0 2
 1 3
 2 2
463 19 3
 0 2
 1 0
 2 2
464 3 3
 0 2
 1 1
 2 3
465 16 3
 0 0
 1 0
 2 3
466 8 3
 0 1
 1 3
 2 0
467 15 3
 0 0
 1 3
 2 0
468 4 3
 0 3
 1 3
 2 3
469 16 3
 0 3
 1 0
 2 0
470 0 3
 0 0
 1 0
 2 0

# PRECEDENCES
1057
0 1
0 31
0 61
0 91
0 121
0 151
0 181
0 211
0 241
0 271
0 301
0 331
0 361
0 391
0 421
0 451
1 2
1 31
1 32
2 3
2 32
2 33
3 4
3 33
4 5
4 34
5 6
5 35
5 36
6 7
6 36
7 8
7 37
8 9
8 38
8 39
9 10
9 39
10 11
10 40
11 12
11 41
12 13
12 42
13 14
13 43
14 15
14 44
15 16
15 45
16 17
16 46
17 18
17 47
18 19
18 48
19 20
19 49
20 21
20 50
21 22
21 51
22 23
22 52
23 24
23 53
24 25
24 54
25 26
25 55
26 27
26 56
27 28
27 57
28 29
28 58
29 30
29 59
30 60
30 470
31 32
31 61
32 33
32 62
33 34
33 63
34 35
34 64
34 65
35 36
35 65
36 37
36 66
36 67
37 38
37 67
38 39
38 68
39 40
39 69
40 41
40 70
40 71
41 42
41 71
41 72
42 43
42 72
42 73
43 44
43 73
44 45
44 74
44 75
45 46
45 75
45 76
46 47
46 76
47 48
47 77
47 78
48 49
48 78
49 50
49 79
50 51
50 80
50 81
51 52
51 81
52 53
52 82
52 83
53 54
53 83
54 55
54 84
55 56
55 85
56 57
56 86
56 87
57 58
57 87
58 59
58 88
59 60
59 89
59 90
60 90
60 470
61 62
61 91
62 63
62 92
63 64
63 93
63 94
64 65
64 94
65 66
65 95
66 67
66 96
66 97
67 68
67 97
67 98
68 69
68 98
68 99
69 70
69 99
70 71
70 100
71 72
71 101
72 73
72 102
73 74
73 103
73 104
74 75
74 104
75 76
75 105
76 77
76 106
77 78
77 107
78 79
78 108
78 109
79 80
79 109
79 110
80 81
80 110
81 82
81 111
82 83
82 112
83 84
83 113
83 114
84 85
84 114
84 115
85 86
85 115
86 87
86 116
87 88
87 117
88 89
88 118
88 119
89 90
89 119
89 120
90 120
90 470
91 92
91 121
92 93
92 122
93 94
93 123
94 95
94 124
95 96
95 125
96 97
96 126
97 98
97 127
98 99
98 128
99 100
99 129
100 101
100 130
100 131
101 102
101 131
102 103
102 132
102 133
103 104
103 133
103 134
104 105
104 134
105 106
105 135
106 107
106 136
106 137
107 108
107 137
108 109
108 138
109 110
109 139
110 111
110 140
111 112
111 141
112 113
112 142
112 143
113 114
113 143
114 115
114 144
114 145
115 116
115 145
115 146
116 117
116 146
117 118
117 147
118 119
118 148
118 149
119 120
119 149
120 150
120 470
121 122
121 151
122 123
122 152
123 124
123 153
124 125
124 154
124 155
125 126
125 155
126 127
126 156
127 128
127 157
128 129
128 158
128 159
129 130
129 159
130 131
130 160
131 132
131 161
132 133
132 162
132 163
133 134
133 163
134 135
134 164
135 136
135 165
136 137
136 166
136 167
137 138
137 167
137 168
138 139
138 168
139 140
139 169
140 141
140 170
141 142
141 171
141 172
142 143
142 172
143 144
143 173
143 174
144 145
144 174
144 175
145 146
145 175
145 176
146 147
146 176
147 148
147 177
148 149
148 178
148 179
149 150
149 179
150 180
150 470
151 152
151 181
152 153
152 182
152 183
153 154
153 183
153 184
154 155
154 184
155 156
155 185
155 186
156 157
156 186
156 187
157 158
157 187
158 159
158 188
159 160
159 189
160 161
160 190
160 191
161 162
161 191
162 163
162 192
163 164
163 193
164 165
164 194
165 166
165 195
166 167
166 196
167 168
167 197
167 198
168 169
168 198
168 199
169 170
169 199
170 171
170 200
171 172
171 201
171 202
172 173
172 202
172 203
173 174
173 203
174 175
174 204
174 205
175 176
175 205
176 177
176 206
177 178
177 207
177 208
178 179
178 208
179 180
179 209
179 210
180 210
180 470
181 182
181 211
182 183
182 212
183 184
183 213
183 214
184 185
184 214
184 215
185 186
185 215
186 187
186 216
187 188
187 217
188 189
188 218
189 190
189 219
190 191
190 220
191 192
191 221
192 193
192 222
193 194
193 223
194 195
194 224
194 225
195 196
195 225
196 197
196 226
197 198
197 227
197 228
198 199
198 228
199 200
199 229
200 201
200 230
200 231
201 202
201 231
202 203
202 232
203 204
203 233
204 205
204 234
205 206
205 235
206 207
206 236
207 208
207 237
208 209
208 238
209 210
209 239
210 240
210 470
211 212
211 241
211 242
212 213
212 242
213 214
213 243
214 215
214 244
215 216
215 245
216 217
216 246
217 218
217 247
218 219
218 248
219 220
219 249
220 221
220 250
220 251
221 222
221 251
221 252
222 223
222 252
223 224
223 253
224 225
224 254
224 255
225 226
225 255
226 227
226 256
227 228
227 257
227 258
228 229
228 258
229 230
229 259
230 231
230 260
230 261
231 232
231 261
232 233
232 262
233 234
233 263
234 235
234 264
235 236
235 265
236 237
236 266
237 238
237 267
238 239
238 268
239 240
239 269
240 270
240 470
241 242
241 271
242 243
242 272
243 244
243 273
244 245
244 274
245 246
245 275
246 247
246 276
247 248
247 277
248 249
248 278
249 250
249 279
250 251
250 280
250 281
251 252
251 281
252 253
252 282
252 283
253 254
253 283
253 284
254 255
254 284
254 285
255 256
255 285
255 286
256 257
256 286
257 258
257 287
258 259
258 288
259 260
259 289
260 261
260 290
261 262
261 291
261 292
262 263
262 292
263 264
263 293
264 265
264 294
265 266
265 295
265 296
266 267
266 296
267 268
267 297
268 269
268 298
269 270
269 299
270 300
270 470
271 272
271 301
272 273
272 302
273 274
273 303
274 275
274 304
274 305
275 276
275 305
276 277
276 306
276 307
277 278
277 307
277 308
278 279
278 308
279 280
279 309
280 281
280 310
281 282
281 311
282 283
282 312
282 313
283 284
283 313
284 285
284 314
285 286
285 315
286 287
286 316
286 317
287 288
287 317
288 289
288 318
289 290
289 319
290 291
290 320
291 292
291 321
291 322
292 293
292 322
293 294
293 323
293 324
294 295
294 324
295 296
295 325
296 297
296 326
297 298
297 327
298 299
298 328
299 300
299 329
300 330
300 470
301 302
301 331
302 303
302 332
303 304
303 333
303 334
304 305
304 334
305 306
305 335
306 307
306 336
306 337
307 308
307 337
308 309
308 338
309 310
309 339
309 340
310 311
310 340
311 312
311 341
312 313
312 342
313 314
313 343
314 315
314 344
315 316
315 345
316 317
316 346
316 347
317 318
317 347
318 319
318 348
319 320
319 349
319 350
320 321
320 350
320 351
321 322
321 351
322 323
322 352
323 324
323 353
324 325
324 354
324 355
325 326
325 355
326 327
326 356
327 328
327 357
328 329
328 358
328 359
329 330
329 359
330 360
330 470
331 332
331 361
332 333
332 362
333 334
333 363
334 335
334 364
335 336
335 365
335 366
336 337
336 366
337 338
337 367
338 339
338 368
338 369
339 340
339 369
340 341
340 370
340 371
341 342
341 371
342 343
342 372
343 344
343 373
344 345
344 374
345 346
345 375
346 347
346 376
346 377
347 348
347 377
348 349
348 378
348 379
349 350
349 379
349 380
350 351
350 380
350 381
351 352
351 381
352 353
352 382
353 354
353 383
354 355
354 384
355 356
355 385
355 386
356 357
356 386
356 387
357 358
357 387
358 359
358 388
359 360
359 389
360 390
360 470
361 362
361 391
361 392
362 363
362 392
362 393
363 364
363 393
364 365
364 394
365 366
365 395
366 367
366 396
367 368
367 397
368 369
368 398
369 370
369 399
369 400
370 371
370 400
371 372
371 401
372 373
372 402
372 403
373 374
373 403
374 375
374 404
375 376
375 405
376 377
376 406
377 378
377 407
378 379
378 408
379 380
379 409
380 381
380 410
380 411
381 382
381 411
382 383
382 412
383 384
383 413
383 414
384 385
384 414
384 415
385 386
385 415
385 416
386 387
386 416
387 388
387 417
387 418
388 389
388 418
389 390
389 419
389 420
390 420
390 470
391 392
391 421
392 393
392 422
393 394
393 423
394 395
394 424
395 396
395 425
395 426
396 397
396 426
397 398
397 427
398 399
398 428
399 400
399 429
399 430
400 401
400 430
401 402
401 431
402 403
402 432
403 404
403 433
404 405
404 434
405 406
405 435
406 407
406 436
407 408
407 437
408 409
408 438
409 410
409 439
410 411
410 440
411 412
411 441
412 413
412 442
413 414
413 443
414 415
414 444
415 416
415 445
416 417
416 446
417 418
417 447
418 419
418 448
419 420
419 449
420 450
420 470
421 422
421 451
422 423
422 452
423 424
423 453
424 425
424 454
425 426
425 455
425 456
426 427
426 456
427 428
427 457
428 429
428 458
429 430
429 459
429 460
430 431
430 460
431 432
431 461
432 433
432 462
432 463
433 434
433 463
434 435
434 464
435 436
435 465
435 466
436 437
436 466
437 438
437 467
438 439
438 468
439 440
439 469
440 441
441 442
442 443
443 444
444 445
445 446
446 447
447 448
448 449
449 450
450 470
451 452
451 470
452 453
452 470
453 454
453 470
454 455
454 470
455 456
455 470
456 457
456 470
457 458
457 470
458 459
458 470
459 460
459 470
460 461
460 470
461 462
461 470
462 463
462 470
463 464
463 470
464 465
464 470
465 466
465 470
466 467
466 470
467 468
467 470
468 469
468 470
469 470
