# Tier 7 (Very Large) - Instance 61
# Generated with config: N=488, K=5, topology=grid, calendar=random

# HEADER: <num_tasks> <num_types> <num_units>
490 5 27

# RESOURCE TYPES
# Format: <type_id> <num_units> <unit_id1> <unit_id2> ...
0 4 0 1 2 3
1 5 4 5 6 7 8
2 8 9 10 11 12 13 14 15 16
3 5 17 18 19 20 21
4 5 22 23 24 25 26

# RESOURCE UNITS (Calendars)
# Format: <unit_id> <num_steps> <t1> <v1> <t2> <v2> ...
0 26 0 100 278 0 292 100 516 0 536 100 820 0 845 100 1142 0 1161 100 1502 0 1526 100 1652 0 1663 100 1909 0 1934 100 2015 0 2017 100 2092 0 2116 100 2301 0 2315 100 2410 0 2429 100 2669 0 2680 100 4749 0
1 26 0 0 17 100 316 0 328 100 585 0 604 100 765 0 791 100 978 0 981 100 1304 0 1311 100 1417 0 1424 100 1682 0 1693 100 1774 0 1776 100 1916 0 1923 100 2199 0 2205 100 2335 0 2341 100 2502 0 4749 0
2 26 0 100 148 0 164 100 361 0 369 100 598 0 620 100 686 0 701 100 981 0 1000 100 1285 0 1287 100 1354 0 1361 100 1635 0 1642 100 1802 0 1819 100 2109 0 2121 100 2414 0 2439 100 2608 0 2616 100 4749 0
3 26 0 100 271 0 282 100 391 0 395 100 611 0 634 100 798 0 816 100 1021 0 1041 100 1253 0 1259 100 1437 0 1449 100 1525 0 1539 100 1797 0 1823 100 2076 0 2082 100 2251 0 2279 100 2575 0 2588 100 4749 0
4 26 0 100 217 0 232 100 426 0 453 100 674 0 679 100 820 0 824 100 962 0 979 100 1242 0 1256 100 1415 0 1432 100 1545 0 1557 100 1660 0 1681 100 1844 0 1867 100 1924 0 1929 100 2199 0 2220 100 4749 0
5 26 0 100 186 0 212 100 309 0 334 100 592 0 620 100 917 0 944 100 1053 0 1063 100 1299 0 1317 100 1437 0 1453 100 1577 0 1601 100 1796 0 1798 100 1972 0 1993 100 2077 0 2104 100 2393 0 2419 100 4749 0
6 26 0 100 87 0 106 100 416 0 422 100 524 0 536 100 864 0 880 100 1150 0 1164 100 1442 0 1466 100 1562 0 1584 100 1881 0 1909 100 2250 0 2268 100 2547 0 2574 100 2904 0 2911 100 2986 0 3005 100 4749 0
7 26 0 0 22 100 326 0 354 100 542 0 555 100 620 0 629 100 792 0 813 100 1096 0 1111 100 1190 0 1218 100 1524 0 1541 100 1862 0 1865 100 2168 0 2174 100 2248 0 2273 100 2363 0 2371 100 2575 0 4749 0
8 26 0 0 26 100 346 0 357 100 622 0 630 100 853 0 868 100 1205 0 1226 100 1410 0 1427 100 1551 0 1573 100 1822 0 1838 100 2170 0 2184 100 2341 0 2362 100 2624 0 2634 100 2702 0 2728 100 2785 0 4749 0
9 26 0 0 11 100 141 0 152 100 244 0 248 100 459 0 475 100 692 0 714 100 913 0 927 100 1037 0 1039 100 1266 0 1279 100 1399 0 1415 100 1580 0 1582 100 1838 0 1861 100 2048 0 2060 100 2317 0 4749 0
10 26 0 100 279 0 283 100 429 0 451 100 697 0 719 100 894 0 907 100 1048 0 1067 100 1186 0 1194 100 1380 0 1387 100 1512 0 1526 100 1771 0 1797 100 2128 0 2142 100 2377 0 2380 100 2649 0 2673 100 4749 0
11 26 0 100 127 0 154 100 348 0 375 100 453 0 457 100 789 0 814 100 1107 0 1133 100 1472 0 1491 100 1718 0 1741 100 1853 0 1867 100 1994 0 2011 100 2240 0 2258 100 2581 0 2584 100 2858 0 2877 100 4749 0
12 26 0 0 12 100 128 0 156 100 275 0 301 100 570 0 574 100 838 0 856 100 1016 0 1034 100 1289 0 1307 100 1455 0 1460 100 1765 0 1782 100 1861 0 1872 100 2033 0 2057 100 2190 0 2193 100 2342 0 4749 0
13 26 0 0 3 100 258 0 276 100 576 0 603 100 798 0 816 100 1047 0 1072 100 1331 0 1338 100 1438 0 1443 100 1558 0 1583 100 1714 0 1728 100 2069 0 2095 100 2170 0 2183 100 2404 0 2432 100 2666 0 4749 0
14 26 0 0 26 100 185 0 198 100 378 0 402 100 658 0 672 100 908 0 912 100 1153 0 1165 100 1455 0 1458 100 1664 0 1682 100 1999 0 2008 100 2323 0 2343 100 2451 0 2470 100 2742 0 2752 100 3053 0 4749 0
15 26 0 100 113 0 118 100 237 0 246 100 419 0 447 100 775 0 800 100 909 0 916 100 1161 0 1173 100 1330 0 1347 100 1628 0 1649 100 1752 0 1762 100 1897 0 1903 100 2077 0 2082 100 2401 0 2418 100 4749 0
16 26 0 0 15 100 160 0 187 100 335 0 354 100 431 0 453 100 698 0 716 100 899 0 914 100 1165 0 1188 100 1404 0 1431 100 1707 0 1709 100 1839 0 1862 100 2069 0 2078 100 2174 0 2197 100 2521 0 4749 0
17 26 0 100 195 0 204 100 417 0 442 100 586 0 605 100 767 0 789 100 920 0 947 100 1176 0 1203 100 1475 0 1499 100 1687 0 1715 100 1918 0 1938 100 2240 0 2259 100 2375 0 2402 100 2711 0 2722 100 4749 0
18 26 0 0 3 100 219 0 242 100 327 0 345 100 522 0 530 100 705 0 715 100 1022 0 1027 100 1143 0 1146 100 1351 0 1377 100 1585 0 1597 100 1901 0 1929 100 2035 0 2058 100 2326 0 2346 100 2505 0 4749 0
19 26 0 100 180 0 202 100 286 0 304 100 551 0 571 100 901 0 924 100 1022 0 1029 100 1220 0 1239 100 1533 0 1548 100 1642 0 1659 100 1724 0 1742 100 1826 0 1831 100 2003 0 2006 100 2183 0 2210 100 4749 0
20 26 0 0 8 100 122 0 137 100 315 0 343 100 463 0 466 100 582 0 586 100 825 0 838 100 985 0 994 100 1082 0 1099 100 1371 0 1386 100 1518 0 1537 100 1813 0 1829 100 2013 0 2017 100 2088 0 4749 0
21 26 0 0 18 100 202 0 223 100 493 0 508 100 830 0 836 100 1087 0 1115 100 1206 0 1233 100 1463 0 1479 100 1773 0 1793 100 2100 0 2105 100 2386 0 2391 100 2455 0 2461 100 2773 0 2793 100 3129 0 4749 0
22 26 0 0 20 100 186 0 207 100 329 0 332 100 649 0 661 100 839 0 847 100 1093 0 1120 100 1348 0 1350 100 1598 0 1620 100 1699 0 1701 100 1969 0 1986 100 2155 0 2157 100 2339 0 2341 100 2554 0 4749 0
23 26 0 100 138 0 153 100 458 0 477 100 700 0 717 100 863 0 874 100 951 0 955 100 1114 0 1119 100 1313 0 1329 100 1441 0 1446 100 1731 0 1739 100 1843 0 1850 100 2120 0 2137 100 2212 0 2236 100 4749 0
24 26 0 0 28 100 150 0 172 100 387 0 407 100 544 0 549 100 691 0 706 100 934 0 955 100 1147 0 1154 100 1357 0 1378 100 1643 0 1661 100 1729 0 1757 100 1981 0 1985 100 2232 0 2257 100 2486 0 4749 0
25 26 0 0 13 100 176 0 196 100 379 0 390 100 707 0 710 100 845 0 848 100 928 0 943 100 1240 0 1255 100 1378 0 1394 100 1591 0 1605 100 1783 0 1800 100 1862 0 1873 100 2025 0 2043 100 2341 0 4749 0
26 26 0 100 174 0 191 100 258 0 271 100 566 0 577 100 804 0 831 100 1140 0 1153 100 1386 0 1404 100 1686 0 1711 100 1899 0 1909 100 2086 0 2088 100 2152 0 2154 100 2229 0 2245 100 2504 0 2508 100 4749 0

# TASKS
# Format: <task_id> <size> <num_reqs>
# Then for each requirement: <type_id> <qty>
0 0 5
 0 0
 1 0
 2 0
 3 0
 4 0
1 20 5
 0 2
 1 0
 2 2
 3 0
 4 0
2 6 5
 0 0
 1 0
 2 0
 3 1
 4 2
3 17 5
 0 2
 1 1
 2 2
 3 0
 4 3
4 10 5
 0 0
 1 3
 2 2
 3 0
 4 3
5 1 5
 0 0
 1 0
 2 1
 3 1
 4 2
6 2 5
 0 0
 1 3
 2 1
 3 3
 4 0
7 1 5
 0 0
 1 3
 2 0
 3 3
 4 2
8 5 5
 0 0
 1 0
 2 1
 3 0
 4 0
9 20 5
 0 1
 1 2
 2 3
 3 0
 4 2
10 4 5
 0 0
 1 0
 2 0
 3 3
 4 0
11 2 5
 0 2
 1 2
 2 0
 3 2
 4 2
12 11 5
 0 2
 1 0
 2 3
 3 0
 4 0
13 14 5
 0 3
 1 2
 2 3
 3 2
 4 1
14 7 5
 0 3
 1 3
 2 3
 3 3
 4 0
15 6 5
 0 0
 1 0
 2 0
 3 0
 4 1
16 10 5
 0 0
 1 1
 2 2
 3 1
 4 0
17 9 5
 0 1
 1 2
 2 2
 3 1
 4 1
18 12 5
 0 0
 1 1
 2 0
 3 3
 4 1
19 14 5
 0 1
 1 0
 2 2
 3 0
 4 3
20 6 5
 0 3
 1 1
 2 0
 3 0
 4 0
21 5 5
 0 1
 1 1
 2 0
 3 1
 4 0
22 12 5
 0 2
 1 0
 2 0
 3 0
 4 3
23 2 5
 0 2
 1 2
 2 2
 3 1
 4 2
24 5 5
 0 3
 1 2
 2 2
 3 3
 4 0
25 17 5
 0 1
 1 1
 2 3
 3 3
 4 1
26 17 5
 0 3
 1 0
 2 0
 3 0
 4 1
27 5 5
 0 3
 1 0
 2 0
 3 3
 4 0
28 6 5
 0 0
 1 0
 2 3
 3 1
 4 2
29 3 5
 0 1
 1 2
 2 2
 3 1
 4 0
30 2 5
 0 0
 1 0
 2 0
 3 3
 4 0
31 13 5
 0 3
 1 3
 2 0
 3 2
 4 3
32 1 5
 0 3
 1 3
 2 2
 3 0
 4 0
33 18 5
 0 2
 1 3
 2 2
 3 1
 4 3
34 6 5
 0 0
 1 3
 2 3
 3 0
 4 0
35 1 5
 0 0
 1 2
 2 3
 3 0
 4 1
36 2 5
 0 1
 1 2
 2 1
 3 1
 4 0
37 19 5
 0 0
 1 0
 2 1
 3 0
 4 0
38 17 5
 0 0
 1 2
 2 0
 3 2
 4 2
39 9 5
 0 0
 1 0
 2 3
 3 0
 4 2
40 20 5
 0 1
 1 3
 2 2
 3 0
 4 2
41 11 5
 0 2
 1 1
 2 0
 3 0
 4 2
42 2 5
 0 3
 1 2
 2 0
 3 2
 4 1
43 1 5
 0 3
 1 0
 2 2
 3 0
 4 0
44 11 5
 0 2
 1 2
 2 2
 3 3
 4 0
45 12 5
 0 2
 1 3
 2 1
 3 0
 4 0
46 8 5
 0 0
 1 0
 2 2
 3 0
 4 0
47 3 5
 0 1
 1 0
 2 3
 3 3
 4 3
48 10 5
 0 0
 1 0
 2 0
 3 2
 4 0
49 1 5
 0 1
 1 3
 2 0
 3 0
 4 0
50 8 5
 0 2
 1 1
 2 2
 3 0
 4 2
51 16 5
 0 0
 1 0
 2 0
 3 0
 4 1
52 16 5
 0 0
 1 2
 2 3
 3 0
 4 3
53 6 5
 0 3
 1 0
 2 0
 3 3
 4 2
54 16 5
 0 2
 1 3
 2 1
 3 0
 4 1
55 15 5
 0 2
 1 3
 2 0
 3 3
 4 3
56 11 5
 0 2
 1 2
 2 3
 3 0
 4 2
57 19 5
 0 3
 1 0
 2 0
 3 0
 4 2
58 10 5
 0 3
 1 3
 2 3
 3 3
 4 3
59 10 5
 0 0
 1 0
 2 1
 3 0
 4 0
60 12 5
 0 0
 1 1
 2 2
 3 0
 4 0
61 14 5
 0 1
 1 2
 2 0
 3 2
 4 1
62 15 5
 0 3
 1 0
 2 0
 3 3
 4 0
63 13 5
 0 0
 1 1
 2 1
 3 2
 4 1
64 12 5
 0 0
 1 1
 2 2
 3 0
 4 2
65 9 5
 0 0
 1 0
 2 1
 3 0
 4 1
66 10 5
 0 0
 1 2
 2 0
 3 0
 4 0
67 9 5
 0 0
 1 0
 2 3
 3 3
 4 3
68 8 5
 0 3
 1 1
 2 2
 3 2
 4 2
69 5 5
 0 0
 1 0
 2 1
 3 3
 4 1
70 11 5
 0 2
 1 3
 2 2
 3 1
 4 3
71 7 5
 0 3
 1 3
 2 0
 3 1
 4 0
72 12 5
 0 1
 1 0
 2 2
 3 0
 4 2
73 1 5
 0 0
 1 0
 2 0
 3 2
 4 2
74 18 5
 0 0
 1 3
 2 2
 3 0
 4 1
75 12 5
 0 1
 1 1
 2 2
 3 3
 4 0
76 18 5
 0 2
 1 0
 2 0
 3 1
 4 3
77 18 5
 0 0
 1 3
 2 0
 3 3
 4 2
78 13 5
 0 3
 1 0
 2 1
 3 0
 4 3
79 17 5
 0 0
 1 0
 2 2
 3 0
 4 0
80 16 5
 0 1
 1 3
 2 0
 3 0
 4 3
81 13 5
 0 1
 1 0
 2 0
 3 0
 4 0
82 8 5
 0 3
 1 0
 2 0
 3 3
 4 0
83 9 5
 0 0
 1 1
 2 0
 3 0
 4 0
84 2 5
 0 2
 1 0
 2 0
 3 2
 4 0
85 11 5
 0 0
 1 0
 2 2
 3 1
 4 3
86 16 5
 0 2
 1 3
 2 0
 3 1
 4 0
87 15 5
 0 1
 1 0
 2 0
 3 2
 4 0
88 4 5
 0 0
 1 3
 2 3
 3 1
 4 3
89 13 5
 0 0
 1 2
 2 2
 3 2
 4 3
90 1 5
 0 1
 1 0
 2 1
 3 3
 4 1
91 9 5
 0 2
 1 1
 2 1
 3 1
 4 2
92 4 5
 0 0
 1 1
 2 3
 3 0
 4 3
93 13 5
 0 0
 1 1
 2 1
 3 3
 4 2
94 20 5
 0 2
 1 0
 2 3
 3 1
 4 1
95 15 5
 0 2
 1 1
 2 3
 3 1
 4 0
96 14 5
 0 2
 1 2
 2 2
 3 1
 4 2
97 3 5
 0 3
 1 1
 2 0
 3 3
 4 1
98 19 5
 0 1
 1 3
 2 3
 3 2
 4 1
99 11 5
 0 3
 1 3
 2 3
 3 0
 4 0
100 15 5
 0 0
 1 0
 2 2
 3 3
 4 0
101 3 5
 0 1
 1 0
 2 0
 3 0
 4 3
102 3 5
 0 0
 1 0
 2 2
 3 0
 4 1
103 4 5
 0 1
 1 2
 2 1
 3 0
 4 1
104 5 5
 0 2
 1 2
 2 0
 3 0
 4 2
105 3 5
 0 1
 1 2
 2 3
 3 2
 4 0
106 12 5
 0 3
 1 0
 2 2
 3 0
 4 0
107 9 5
 0 0
 1 1
 2 2
 3 1
 4 2
108 5 5
 0 0
 1 0
 2 0
 3 0
 4 2
109 12 5
 0 0
 1 0
 2 1
 3 0
 4 2
110 15 5
 0 0
 1 2
 2 3
 3 0
 4 0
111 12 5
 0 2
 1 0
 2 0
 3 0
 4 2
112 15 5
 0 0
 1 1
 2 0
 3 0
 4 0
113 9 5
 0 0
 1 3
 2 0
 3 0
 4 0
114 4 5
 0 0
 1 0
 2 0
 3 3
 4 3
115 5 5
 0 1
 1 0
 2 1
 3 0
 4 0
116 4 5
 0 1
 1 3
 2 0
 3 1
 4 0
117 16 5
 0 0
 1 3
 2 1
 3 0
 4 2
118 6 5
 0 0
 1 0
 2 3
 3 3
 4 3
119 8 5
 0 0
 1 0
 2 1
 3 0
 4 2
120 3 5
 0 0
 1 3
 2 0
 3 0
 4 0
121 4 5
 0 0
 1 3
 2 0
 3 2
 4 1
122 20 5
 0 2
 1 3
 2 0
 3 0
 4 2
123 9 5
 0 3
 1 0
 2 0
 3 1
 4 1
124 1 5
 0 1
 1 1
 2 1
 3 0
 4 3
125 19 5
 0 3
 1 0
 2 0
 3 1
 4 1
126 12 5
 0 3
 1 2
 2 0
 3 0
 4 1
127 4 5
 0 2
 1 2
 2 1
 3 0
 4 0
128 12 5
 0 1
 1 0
 2 0
 3 3
 4 3
129 20 5
 0 1
 1 0
 2 0
 3 2
 4 3
130 11 5
 0 0
 1 0
 2 3
 3 0
 4 1
131 14 5
 0 2
 1 2
 2 2
 3 2
 4 1
132 5 5
 0 3
 1 2
 2 1
 3 0
 4 0
133 19 5
 0 1
 1 0
 2 0
 3 0
 4 0
134 15 5
 0 0
 1 0
 2 2
 3 0
 4 0
135 1 5
 0 0
 1 1
 2 0
 3 1
 4 3
136 3 5
 0 1
 1 0
 2 3
 3 1
 4 0
137 16 5
 0 1
 1 0
 2 2
 3 1
 4 3
138 8 5
 0 0
 1 0
 2 2
 3 0
 4 2
139 15 5
 0 2
 1 0
 2 2
 3 0
 4 0
140 17 5
 0 2
 1 0
 2 1
 3 0
 4 3
141 12 5
 0 3
 1 0
 2 3
 3 1
 4 2
142 7 5
 0 0
 1 2
 2 0
 3 0
 4 3
143 11 5
 0 2
 1 3
 2 1
 3 2
 4 1
144 19 5
 0 0
 1 0
 2 1
 3 3
 4 2
145 19 5
 0 0
 1 0
 2 2
 3 2
 4 2
146 5 5
 0 0
 1 1
 2 3
 3 0
 4 2
147 2 5
 0 0
 1 3
 2 0
 3 3
 4 2
148 8 5
 0 0
 1 2
 2 0
 3 3
 4 0
149 11 5
 0 0
 1 0
 2 1
 3 3
 4 0
150 3 5
 0 0
 1 3
 2 0
 3 1
 4 2
151 6 5
 0 0
 1 3
 2 1
 3 1
 4 2
152 10 5
 0 1
 1 3
 2 0
 3 3
 4 2
153 18 5
 0 2
 1 0
 2 0
 3 0
 4 0
154 12 5
 0 0
 1 0
 2 0
 3 2
 4 0
155 5 5
 0 3
 1 0
 2 0
 3 0
 4 1
156 1 5
 0 2
 1 3
 2 1
 3 0
 4 0
157 12 5
 0 0
 1 1
 2 0
 3 0
 4 2
158 14 5
 0 3
 1 1
 2 3
 3 1
 4 0
159 10 5
 0 0
 1 0
 2 1
 3 3
 4 3
160 14 5
 0 2
 1 1
 2 3
 3 0
 4 0
161 19 5
 0 3
 1 0
 2 1
 3 1
 4 0
162 2 5
 0 2
 1 0
 2 2
 3 0
 4 2
163 19 5
 0 3
 1 0
 2 1
 3 3
 4 0
164 9 5
 0 3
 1 3
 2 1
 3 3
 4 0
165 7 5
 0 0
 1 0
 2 1
 3 3
 4 3
166 14 5
 0 2
 1 2
 2 3
 3 1
 4 3
167 15 5
 0 3
 1 3
 2 0
 3 0
 4 2
168 14 5
 0 0
 1 0
 2 2
 3 1
 4 2
169 14 5
 0 3
 1 0
 2 0
 3 0
 4 1
170 16 5
 0 0
 1 2
 2 0
 3 0
 4 2
171 7 5
 0 3
 1 0
 2 1
 3 2
 4 0
172 5 5
 0 1
 1 2
 2 1
 3 0
 4 2
173 16 5
 0 1
 1 3
 2 0
 3 3
 4 0
174 20 5
 0 0
 1 2
 2 0
 3 0
 4 0
175 8 5
 0 0
 1 1
 2 1
 3 0
 4 1
176 1 5
 0 0
 1 1
 2 2
 3 0
 4 2
177 13 5
 0 1
 1 0
 2 3
 3 3
 4 0
178 15 5
 0 0
 1 1
 2 0
 3 0
 4 0
179 7 5
 0 0
 1 2
 2 3
 3 1
 4 2
180 13 5
 0 1
 1 0
 2 2
 3 0
 4 1
181 2 5
 0 0
 1 1
 2 0
 3 0
 4 1
182 18 5
 0 0
 1 1
 2 1
 3 3
 4 2
183 9 5
 0 3
 1 3
 2 1
 3 0
 4 0
184 2 5
 0 0
 1 2
 2 1
 3 3
 4 3
185 3 5
 0 1
 1 0
 2 2
 3 0
 4 0
186 4 5
 0 1
 1 0
 2 0
 3 0
 4 1
187 5 5
 0 1
 1 3
 2 1
 3 0
 4 0
188 2 5
 0 0
 1 3
 2 1
 3 2
 4 3
189 5 5
 0 0
 1 0
 2 3
 3 3
 4 0
190 14 5
 0 0
 1 0
 2 0
 3 0
 4 1
191 9 5
 0 2
 1 2
 2 2
 3 2
 4 1
192 3 5
 0 0
 1 0
 2 1
 3 0
 4 3
193 7 5
 0 0
 1 2
 2 2
 3 0
 4 2
194 4 5
 0 1
 1 2
 2 3
 3 3
 4 2
195 5 5
 0 0
 1 0
 2 2
 3 2
 4 0
196 16 5
 0 0
 1 3
 2 3
 3 0
 4 2
197 19 5
 0 1
 1 0
 2 0
 3 2
 4 0
198 4 5
 0 0
 1 2
 2 1
 3 3
 4 3
199 3 5
 0 2
 1 1
 2 0
 3 1
 4 0
200 17 5
 0 1
 1 3
 2 2
 3 3
 4 0
201 5 5
 0 3
 1 0
 2 0
 3 0
 4 0
202 13 5
 0 1
 1 2
 2 3
 3 1
 4 1
203 1 5
 0 0
 1 3
 2 1
 3 0
 4 3
204 6 5
 0 2
 1 1
 2 0
 3 1
 4 0
205 12 5
 0 0
 1 0
 2 3
 3 0
 4 2
206 16 5
 0 0
 1 1
 2 0
 3 3
 4 0
207 16 5
 0 0
 1 2
 2 3
 3 1
 4 1
208 14 5
 0 3
 1 0
 2 3
 3 2
 4 0
209 11 5
 0 3
 1 1
 2 1
 3 2
 4 0
210 16 5
 0 3
 1 3
 2 1
 3 2
 4 0
211 18 5
 0 3
 1 0
 2 1
 3 3
 4 1
212 2 5
 0 0
 1 1
 2 0
 3 0
 4 3
213 19 5
 0 3
 1 1
 2 2
 3 1
 4 0
214 9 5
 0 0
 1 0
 2 0
 3 1
 4 0
215 2 5
 0 2
 1 0
 2 2
 3 3
 4 2
216 9 5
 0 1
 1 3
 2 3
 3 1
 4 0
217 17 5
 0 2
 1 0
 2 0
 3 1
 4 2
218 3 5
 0 0
 1 1
 2 2
 3 0
 4 3
219 11 5
 0 0
 1 2
 2 2
 3 3
 4 3
220 2 5
 0 1
 1 2
 2 1
 3 1
 4 0
221 14 5
 0 0
 1 2
 2 2
 3 1
 4 2
222 4 5
 0 0
 1 0
 2 0
 3 2
 4 2
223 5 5
 0 0
 1 1
 2 3
 3 2
 4 2
224 12 5
 0 0
 1 2
 2 0
 3 2
 4 0
225 12 5
 0 3
 1 1
 2 1
 3 1
 4 3
226 13 5
 0 0
 1 2
 2 2
 3 1
 4 0
227 6 5
 0 0
 1 0
 2 0
 3 2
 4 0
228 7 5
 0 0
 1 0
 2 1
 3 2
 4 3
229 8 5
 0 0
 1 3
 2 1
 3 0
 4 1
230 13 5
 0 0
 1 3
 2 0
 3 1
 4 1
231 17 5
 0 3
 1 0
 2 1
 3 1
 4 3
232 12 5
 0 1
 1 1
 2 0
 3 3
 4 1
233 1 5
 0 0
 1 1
 2 0
 3 2
 4 3
234 6 5
 0 1
 1 0
 2 1
 3 2
 4 3
235 12 5
 0 0
 1 0
 2 2
 3 2
 4 2
236 13 5
 0 2
 1 0
 2 0
 3 1
 4 0
237 1 5
 0 2
 1 3
 2 1
 3 1
 4 0
238 10 5
 0 3
 1 2
 2 0
 3 3
 4 0
239 8 5
 0 1
 1 2
 2 1
 3 3
 4 1
240 1 5
 0 3
 1 0
 2 2
 3 1
 4 2
241 18 5
 0 1
 1 1
 2 0
 3 1
 4 1
242 6 5
 0 0
 1 1
 2 3
 3 2
 4 1
243 6 5
 0 1
 1 0
 2 0
 3 0
 4 0
244 6 5
 0 2
 1 0
 2 0
 3 3
 4 3
245 7 5
 0 2
 1 1
 2 2
 3 1
 4 1
246 3 5
 0 1
 1 1
 2 2
 3 1
 4 1
247 4 5
 0 0
 1 3
 2 1
 3 3
 4 3
248 5 5
 0 1
 1 0
 2 0
 3 3
 4 0
249 13 5
 0 3
 1 3
 2 0
 3 0
 4 0
250 13 5
 0 2
 1 1
 2 1
 3 2
 4 3
251 15 5
 0 2
 1 0
 2 2
 3 3
 4 0
252 6 5
 0 1
 1 0
 2 1
 3 3
 4 2
253 16 5
 0 1
 1 2
 2 0
 3 0
 4 2
254 15 5
 0 3
 1 3
 2 0
 3 0
 4 3
255 1 5
 0 1
 1 1
 2 0
 3 1
 4 1
256 5 5
 0 2
 1 0
 2 0
 3 0
 4 2
257 4 5
 0 1
 1 0
 2 0
 3 0
 4 0
258 18 5
 0 2
 1 0
 2 1
 3 0
 4 0
259 6 5
 0 0
 1 1
 2 2
 3 2
 4 3
260 8 5
 0 0
 1 0
 2 3
 3 0
 4 3
261 16 5
 0 2
 1 2
 2 1
 3 3
 4 1
262 8 5
 0 2
 1 3
 2 1
 3 0
 4 3
263 20 5
 0 2
 1 1
 2 1
 3 0
 4 0
264 18 5
 0 1
 1 3
 2 0
 3 0
 4 0
265 7 5
 0 3
 1 0
 2 2
 3 1
 4 2
266 1 5
 0 0
 1 3
 2 1
 3 3
 4 0
267 14 5
 0 2
 1 1
 2 0
 3 0
 4 3
268 1 5
 0 2
 1 3
 2 0
 3 0
 4 2
269 13 5
 0 1
 1 0
 2 0
 3 0
 4 0
270 20 5
 0 1
 1 0
 2 3
 3 2
 4 1
271 19 5
 0 1
 1 3
 2 3
 3 1
 4 1
272 18 5
 0 3
 1 0
 2 2
 3 1
 4 3
273 2 5
 0 2
 1 0
 2 0
 3 1
 4 1
274 1 5
 0 1
 1 1
 2 0
 3 0
 4 0
275 9 5
 0 0
 1 3
 2 1
 3 0
 4 1
276 15 5
 0 2
 1 0
 2 0
 3 3
 4 2
277 5 5
 0 1
 1 3
 2 0
 3 1
 4 1
278 13 5
 0 3
 1 0
 2 2
 3 1
 4 0
279 13 5
 0 2
 1 2
 2 0
 3 1
 4 1
280 6 5
 0 0
 1 0
 2 3
 3 3
 4 3
281 4 5
 0 3
 1 3
 2 3
 3 3
 4 0
282 16 5
 0 3
 1 0
 2 0
 3 0
 4 1
283 12 5
 0 0
 1 2
 2 1
 3 0
 4 3
284 16 5
 0 0
 1 3
 2 1
 3 3
 4 2
285 14 5
 0 0
 1 3
 2 2
 3 0
 4 0
286 11 5
 0 2
 1 0
 2 0
 3 0
 4 1
287 9 5
 0 0
 1 0
 2 1
 3 2
 4 1
288 5 5
 0 1
 1 2
 2 3
 3 2
 4 0
289 4 5
 0 0
 1 3
 2 3
 3 0
 4 2
290 1 5
 0 1
 1 2
 2 2
 3 2
 4 0
291 6 5
 0 0
 1 1
 2 1
 3 3
 4 3
292 17 5
 0 1
 1 2
 2 3
 3 0
 4 1
293 1 5
 0 0
 1 3
 2 1
 3 0
 4 2
294 10 5
 0 0
 1 3
 2 0
 3 3
 4 2
295 2 5
 0 0
 1 1
 2 0
 3 1
 4 0
296 16 5
 0 0
 1 3
 2 1
 3 2
 4 0
297 15 5
 0 3
 1 0
 2 0
 3 0
 4 0
298 20 5
 0 0
 1 1
 2 2
 3 2
 4 1
299 10 5
 0 0
 1 2
 2 1
 3 1
 4 0
300 17 5
 0 1
 1 3
 2 2
 3 1
 4 1
301 10 5
 0 0
 1 0
 2 1
 3 2
 4 3
302 19 5
 0 3
 1 3
 2 0
 3 1
 4 2
303 16 5
 0 0
 1 2
 2 1
 3 0
 4 2
304 4 5
 0 0
 1 2
 2 1
 3 0
 4 0
305 10 5
 0 0
 1 3
 2 3
 3 1
 4 3
306 13 5
 0 3
 1 2
 2 3
 3 0
 4 3
307 19 5
 0 0
 1 3
 2 2
 3 0
 4 1
308 4 5
 0 1
 1 0
 2 0
 3 0
 4 3
309 16 5
 0 0
 1 2
 2 0
 3 1
 4 0
310 2 5
 0 1
 1 3
 2 2
 3 3
 4 0
311 2 5
 0 0
 1 0
 2 0
 3 3
 4 2
312 20 5
 0 0
 1 0
 2 3
 3 3
 4 2
313 4 5
 0 1
 1 1
 2 0
 3 2
 4 1
314 11 5
 0 0
 1 0
 2 2
 3 0
 4 2
315 7 5
 0 0
 1 2
 2 3
 3 0
 4 2
316 13 5
 0 0
 1 3
 2 0
 3 2
 4 3
317 18 5
 0 0
 1 0
 2 0
 3 3
 4 0
318 18 5
 0 0
 1 0
 2 1
 3 0
 4 1
319 10 5
 0 0
 1 1
 2 0
 3 1
 4 1
320 11 5
 0 2
 1 3
 2 3
 3 3
 4 2
321 5 5
 0 3
 1 3
 2 0
 3 0
 4 0
322 8 5
 0 2
 1 3
 2 0
 3 0
 4 3
323 2 5
 0 0
 1 0
 2 3
 3 3
 4 1
324 12 5
 0 1
 1 3
 2 0
 3 0
 4 0
325 19 5
 0 2
 1 1
 2 3
 3 2
 4 3
326 6 5
 0 2
 1 0
 2 1
 3 3
 4 3
327 8 5
 0 0
 1 2
 2 1
 3 1
 4 2
328 8 5
 0 0
 1 0
 2 1
 3 0
 4 0
329 16 5
 0 0
 1 2
 2 1
 3 0
 4 1
330 7 5
 0 0
 1 2
 2 3
 3 3
 4 0
331 17 5
 0 0
 1 2
 2 0
 3 0
 4 2
332 17 5
 0 0
 1 0
 2 2
 3 0
 4 3
333 14 5
 0 1
 1 1
 2 0
 3 3
 4 0
334 10 5
 0 3
 1 2
 2 1
 3 1
 4 1
335 7 5
 0 2
 1 2
 2 0
 3 2
 4 3
336 20 5
 0 1
 1 1
 2 0
 3 0
 4 3
337 3 5
 0 0
 1 3
 2 1
 3 1
 4 0
338 16 5
 0 3
 1 3
 2 2
 3 3
 4 3
339 12 5
 0 2
 1 0
 2 3
 3 0
 4 3
340 19 5
 0 3
 1 0
 2 0
 3 3
 4 0
341 13 5
 0 2
 1 2
 2 2
 3 3
 4 0
342 14 5
 0 0
 1 3
 2 1
 3 3
 4 0
343 8 5
 0 1
 1 1
 2 2
 3 1
 4 1
344 12 5
 0 1
 1 2
 2 2
 3 0
 4 0
345 7 5
 0 0
 1 3
 2 3
 3 3
 4 1
346 15 5
 0 3
 1 3
 2 3
 3 2
 4 0
347 20 5
 0 0
 1 2
 2 2
 3 0
 4 2
348 8 5
 0 0
 1 1
 2 3
 3 2
 4 0
349 14 5
 0 3
 1 1
 2 2
 3 3
 4 1
350 9 5
 0 1
 1 0
 2 3
 3 3
 4 0
351 8 5
 0 0
 1 0
 2 2
 3 3
 4 1
352 18 5
 0 0
 1 0
 2 3
 3 0
 4 0
353 18 5
 0 1
 1 2
 2 0
 3 1
 4 2
354 16 5
 0 1
 1 1
 2 2
 3 2
 4 1
355 2 5
 0 1
 1 1
 2 3
 3 3
 4 2
356 12 5
 0 3
 1 0
 2 0
 3 2
 4 1
357 8 5
 0 1
 1 1
 2 2
 3 1
 4 1
358 18 5
 0 0
 1 0
 2 0
 3 0
 4 3
359 10 5
 0 0
 1 3
 2 0
 3 2
 4 3
360 9 5
 0 3
 1 0
 2 2
 3 0
 4 0
361 14 5
 0 0
 1 3
 2 0
 3 0
 4 1
362 18 5
 0 1
 1 0
 2 0
 3 3
 4 0
363 1 5
 0 1
 1 2
 2 0
 3 1
 4 1
364 2 5
 0 0
 1 2
 2 0
 3 3
 4 0
365 12 5
 0 2
 1 3
 2 1
 3 2
 4 0
366 14 5
 0 2
 1 3
 2 0
 3 1
 4 2
367 15 5
 0 3
 1 0
 2 2
 3 1
 4 0
368 19 5
 0 1
 1 1
 2 1
 3 0
 4 2
369 3 5
 0 0
 1 0
 2 0
 3 2
 4 2
370 18 5
 0 2
 1 0
 2 3
 3 3
 4 3
371 17 5
 0 0
 1 1
 2 0
 3 2
 4 3
372 6 5
 0 1
 1 0
 2 0
 3 0
 4 0
373 7 5
 0 0
 1 3
 2 2
 3 2
 4 2
374 13 5
 0 3
 1 2
 2 3
 3 0
 4 3
375 10 5
 0 1
 1 3
 2 3
 3 2
 4 1
376 18 5
 0 0
 1 2
 2 1
 3 3
 4 0
377 13 5
 0 0
 1 3
 2 2
 3 0
 4 1
378 1 5
 0 3
 1 1
 2 2
 3 0
 4 2
379 2 5
 0 0
 1 2
 2 3
 3 3
 4 0
380 7 5
 0 0
 1 1
 2 3
 3 0
 4 0
381 13 5
 0 1
 1 1
 2 0
 3 0
 4 0
382 18 5
 0 0
 1 0
 2 3
 3 3
 4 0
383 5 5
 0 2
 1 0
 2 0
 3 3
 4 1
384 16 5
 0 2
 1 0
 2 0
 3 2
 4 0
385 17 5
 0 2
 1 0
 2 2
 3 0
 4 0
386 13 5
 0 2
 1 0
 2 1
 3 1
 4 3
387 17 5
 0 3
 1 2
 2 0
 3 1
 4 1
388 20 5
 0 1
 1 0
 2 0
 3 0
 4 2
389 14 5
 0 0
 1 0
 2 1
 3 1
 4 2
390 19 5
 0 2
 1 3
 2 0
 3 3
 4 2
391 6 5
 0 0
 1 0
 2 3
 3 0
 4 3
392 17 5
 0 3
 1 1
 2 0
 3 2
 4 2
393 8 5
 0 0
 1 2
 2 0
 3 0
 4 0
394 14 5
 0 0
 1 2
 2 0
 3 3
 4 0
395 5 5
 0 0
 1 3
 2 2
 3 0
 4 1
396 16 5
 0 2
 1 1
 2 3
 3 0
 4 0
397 8 5
 0 2
 1 1
 2 0
 3 0
 4 3
398 7 5
 0 0
 1 1
 2 3
 3 2
 4 0
399 3 5
 0 0
 1 1
 2 3
 3 2
 4 2
400 4 5
 0 1
 1 2
 2 0
 3 1
 4 3
401 18 5
 0 0
 1 1
 2 0
 3 3
 4 0
402 6 5
 0 0
 1 2
 2 2
 3 1
 4 0
403 14 5
 0 1
 1 3
 2 0
 3 3
 4 1
404 4 5
 0 2
 1 2
 2 0
 3 0
 4 0
405 4 5
 0 0
 1 3
 2 2
 3 2
 4 0
406 2 5
 0 3
 1 0
 2 1
 3 0
 4 0
407 18 5
 0 2
 1 3
 2 1
 3 0
 4 2
408 18 5
 0 0
 1 0
 2 0
 3 2
 4 0
409 8 5
 0 2
 1 1
 2 3
 3 2
 4 3
410 13 5
 0 2
 1 0
 2 0
 3 0
 4 3
411 12 5
 0 0
 1 0
 2 0
 3 0
 4 3
412 10 5
 0 2
 1 0
 2 0
 3 0
 4 1
413 4 5
 0 0
 1 0
 2 1
 3 1
 4 1
414 16 5
 0 1
 1 1
 2 0
 3 0
 4 0
415 5 5
 0 1
 1 3
 2 1
 3 0
 4 3
416 16 5
 0 3
 1 3
 2 2
 3 0
 4 0
417 6 5
 0 0
 1 2
 2 0
 3 3
 4 0
418 13 5
 0 2
 1 0
 2 1
 3 0
 4 0
419 8 5
 0 0
 1 3
 2 0
 3 3
 4 0
420 4 5
 0 0
 1 1
 2 3
 3 0
 4 0
421 13 5
 0 3
 1 1
 2 1
 3 1
 4 3
422 8 5
 0 2
 1 0
 2 0
 3 0
 4 0
423 10 5
 0 0
 1 0
 2 2
 3 1
 4 0
424 1 5
 0 0
 1 1
 2 3
 3 3
 4 0
425 18 5
 0 3
 1 2
 2 1
 3 0
 4 3
426 18 5
 0 0
 1 3
 2 0
 3 0
 4 0
427 5 5
 0 0
 1 0
 2 0
 3 3
 4 2
428 10 5
 0 3
 1 1
 2 3
 3 2
 4 0
429 12 5
 0 3
 1 3
 2 3
 3 1
 4 0
430 5 5
 0 0
 1 3
 2 1
 3 0
 4 2
431 2 5
 0 1
 1 0
 2 0
 3 0
 4 3
432 19 5
 0 0
 1 3
 2 0
 3 2
 4 3
433 8 5
 0 0
 1 0
 2 0
 3 3
 4 3
434 13 5
 0 2
 1 2
 2 0
 3 0
 4 0
435 3 5
 0 1
 1 2
 2 3
 3 1
 4 1
436 15 5
 0 1
 1 0
 2 2
 3 0
 4 3
437 13 5
 0 3
 1 1
 2 0
 3 0
 4 3
438 8 5
 0 2
 1 3
 2 0
 3 0
 4 0
439 18 5
 0 2
 1 3
 2 1
 3 0
 4 0
440 4 5
 0 1
 1 0
 2 0
 3 3
 4 3
441 19 5
 0 2
 1 0
 2 3
 3 0
 4 2
442 1 5
 0 1
 1 0
 2 3
 3 1
 4 0
443 5 5
 0 0
 1 3
 2 0
 3 3
 4 2
444 15 5
 0 0
 1 3
 2 2
 3 0
 4 0
445 1 5
 0 2
 1 2
 2 3
 3 2
 4 2
446 11 5
 0 0
 1 0
 2 3
 3 2
 4 1
447 1 5
 0 0
 1 3
 2 3
 3 0
 4 0
448 9 5
 0 2
 1 3
 2 1
 3 1
 4 0
449 10 5
 0 2
 1 3
 2 1
 3 1
 4 2
450 13 5
 0 3
 1 0
 2 1
 3 1
 4 0
451 10 5
 0 3
 1 3
 2 1
 3 2
 4 3
452 16 5
 0 0
 1 0
 2 2
 3 1
 4 0
453 18 5
 0 0
 1 0
 2 0
 3 3
 4 1
454 9 5
 0 0
 1 0
 2 0
 3 0
 4 2
455 15 5
 0 2
 1 2
 2 1
 3 3
 4 3
456 11 5
 0 0
 1 0
 2 0
 3 3
 4 1
457 10 5
 0 3
 1 0
 2 0
 3 3
 4 0
458 19 5
 0 0
 1 0
 2 2
 3 0
 4 0
459 19 5
 0 0
 1 0
 2 0
 3 1
 4 0
460 2 5
 0 0
 1 0
 2 2
 3 0
 4 0
461 20 5
 0 0
 1 0
 2 0
 3 2
 4 2
462 1 5
 0 0
 1 0
 2 3
 3 1
 4 0
463 9 5
 0 1
 1 0
 2 2
 3 2
 4 0
464 11 5
 0 0
 1 3
 2 3
 3 0
 4 3
465 14 5
 0 1
 1 1
 2 3
 3 1
 4 1
466 9 5
 0 0
 1 3
 2 2
 3 0
 4 0
467 11 5
 0 0
 1 0
 2 1
 3 2
 4 0
468 17 5
 0 2
 1 0
 2 0
 3 3
 4 1
469 17 5
 0 0
 1 0
 2 2
 3 3
 4 1
470 14 5
 0 0
 1 1
 2 0
 3 2
 4 2
471 20 5
 0 3
 1 2
 2 0
 3 3
 4 2
472 5 5
 0 3
 1 0
 2 0
 3 2
 4 0
473 9 5
 0 0
 1 2
 2 2
 3 2
 4 2
474 17 5
 0 1
 1 0
 2 1
 3 1
 4 0
475 6 5
 0 2
 1 0
 2 1
 3 3
 4 1
476 1 5
 0 0
 1 1
 2 1
 3 1
 4 2
477 6 5
 0 2
 1 2
 2 2
 3 2
 4 1
478 2 5
 0 0
 1 2
 2 3
 3 0
 4 3
479 18 5
 0 2
 1 0
 2 3
 3 1
 4 3
480 6 5
 0 3
 1 2
 2 0
 3 2
 4 0
481 2 5
 0 3
 1 1
 2 0
 3 0
 4 1
482 20 5
 0 3
 1 0
 2 0
 3 3
 4 3
483 19 5
 0 2
 1 0
 2 1
 3 3
 4 0
484 3 5
 0 1
 1 3
 2 3
 3 0
 4 0
485 12 5
 0 2
 1 1
 2 1
 3 3
 4 1
486 10 5
 0 2
 1 1
 2 0
 3 0
 4 2
487 16 5
 0 0
 1 3
 2 3
 3 2
 4 1
488 16 5
 0 0
 1 0
 2 1
 3 0
 4 3
489 0 5
 0 0
 1 0
 2 0
 3 0
 4 0

# PRECEDENCES
1105
0 1
0 32
0 63
0 94
0 125
0 156
0 187
0 218
0 249
0 280
0 311
0 342
0 373
0 404
0 435
0 466
1 2
1 32
1 33
2 3
2 33
3 4
3 34
3 35
4 5
4 35
5 6
5 36
5 37
6 7
6 37
7 8
7 38
8 9
8 39
9 10
9 40
10 11
10 41
11 12
11 42
12 13
12 43
13 14
13 44
14 15
14 45
15 16
15 46
16 17
16 47
17 18
17 48
17 49
18 19
18 49
18 50
19 20
19 50
20 21
20 51
20 52
21 22
21 52
22 23
22 53
23 24
23 54
24 25
24 55
25 26
25 56
26 27
26 57
27 28
27 58
28 29
28 59
29 30
29 60
30 31
30 61
31 62
31 489
32 33
32 63
33 34
33 64
34 35
34 65
35 36
35 66
35 67
36 37
36 67
36 68
37 38
37 68
38 39
38 69
39 40
39 70
40 41
40 71
41 42
41 72
41 73
42 43
42 73
43 44
43 74
43 75
44 45
44 75
44 76
45 46
45 76
45 77
46 47
46 77
47 48
47 78
48 49
48 79
49 50
49 80
50 51
50 81
51 52
51 82
51 83
52 53
52 83
53 54
53 84
53 85
54 55
54 85
55 56
55 86
55 87
56 57
56 87
56 88
57 58
57 88
58 59
58 89
59 60
59 90
60 61
60 91
61 62
61 92
61 93
62 93
62 489
63 64
63 94
64 65
64 95
65 66
65 96
66 67
66 97
67 68
67 98
67 99
68 69
68 99
69 70
69 100
70 71
70 101
71 72
71 102
72 73
72 103
73 74
73 104
74 75
74 105
75 76
75 106
76 77
76 107
77 78
77 108
78 79
78 109
79 80
79 110
80 81
80 111
81 82
81 112
81 113
82 83
82 113
83 84
83 114
84 85
84 115
85 86
85 116
85 117
86 87
86 117
87 88
87 118
88 89
88 119
89 90
89 120
90 91
90 121
91 92
91 122
92 93
92 123
93 124
93 489
94 95
94 125
94 126
95 96
95 126
96 97
96 127
97 98
97 128
98 99
98 129
99 100
99 130
100 101
100 131
101 102
101 132
102 103
102 133
103 104
103 134
104 105
104 135
105 106
105 136
105 137
106 107
106 137
107 108
107 138
108 109
108 139
109 110
109 140
109 141
110 111
110 141
111 112
111 142
112 113
112 143
113 114
113 144
114 115
114 145
114 146
115 116
115 146
116 117
116 147
116 148
117 118
117 148
117 149
118 119
118 149
118 150
119 120
119 150
120 121
120 151
120 152
121 122
121 152
122 123
122 153
123 124
123 154
124 155
124 489
125 126
125 156
126 127
126 157
127 128
127 158
128 129
128 159
128 160
129 130
129 160
130 131
130 161
131 132
131 162
131 163
132 133
132 163
133 134
133 164
134 135
134 165
134 166
135 136
135 166
136 137
136 167
136 168
137 138
137 168
138 139
138 169
139 140
139 170
140 141
140 171
141 142
141 172
142 143
142 173
142 174
143 144
143 174
144 145
144 175
145 146
145 176
146 147
146 177
147 148
147 178
148 149
148 179
149 150
149 180
150 151
150 181
150 182
151 152
151 182
152 153
152 183
152 184
153 154
153 184
154 155
154 185
155 186
155 489
156 157
156 187
157 158
157 188
158 159
158 189
159 160
159 190
159 191
160 161
160 191
161 162
161 192
162 163
162 193
163 164
163 194
164 165
164 195
164 196
165 166
165 196
165 197
166 167
166 197
167 168
167 198
168 169
168 199
169 170
169 200
170 171
170 201
171 172
171 202
172 173
172 203
173 174
173 204
174 175
174 205
174 206
175 176
175 206
175 207
176 177
176 207
177 178
177 208
178 179
178 209
178 210
179 180
179 210
180 181
180 211
181 182
181 212
182 183
182 213
183 184
183 214
183 215
184 185
184 215
185 186
185 216
185 217
186 217
186 489
187 188
187 218
188 189
188 219
189 190
189 220
190 191
190 221
191 192
191 222
192 193
192 223
193 194
193 224
194 195
194 225
195 196
195 226
195 227
196 197
196 227
196 228
197 198
197 228
198 199
198 229
198 230
199 200
199 230
200 201
200 231
201 202
201 232
202 203
202 233
203 204
203 234
204 205
204 235
204 236
205 206
205 236
205 237
206 207
206 237
207 208
207 238
208 209
208 239
209 210
209 240
210 211
210 241
211 212
211 242
212 213
212 243
213 214
213 244
213 245
214 215
214 245
215 216
215 246
215 247
216 217
216 247
216 248
217 248
217 489
218 219
218 249
219 220
219 250
220 221
220 251
221 222
221 252
222 223
222 253
222 254
223 224
223 254
224 225
224 255
224 256
225 226
225 256
226 227
226 257
226 258
227 228
227 258
228 229
228 259
229 230
229 260
230 231
230 261
231 232
231 262
231 263
232 233
232 263
233 234
233 264
234 235
234 265
234 266
235 236
235 266
236 237
236 267
236 268
237 238
237 268
238 239
238 269
238 270
239 240
239 270
240 241
240 271
240 272
241 242
241 272
242 243
242 273
243 244
243 274
244 245
244 275
245 246
245 276
246 247
246 277
246 278
247 248
247 278
247 279
248 279
248 489
249 250
249 280
250 251
250 281
251 252
251 282
251 283
252 253
252 283
253 254
253 284
254 255
254 285
254 286
255 256
255 286
255 287
256 257
256 287
256 288
257 258
257 288
258 259
258 289
258 290
259 260
259 290
260 261
260 291
261 262
261 292
261 293
262 263
262 293
263 264
263 294
264 265
264 295
264 296
265 266
265 296
266 267
266 297
267 268
267 298
268 269
268 299
269 270
269 300
269 301
270 271
270 301
271 272
271 302
271 303
272 273
272 303
273 274
273 304
273 305
274 275
274 305
274 306
275 276
275 306
275 307
276 277
276 307
276 308
277 278
277 308
278 279
278 309
279 310
279 489
280 281
280 311
281 282
281 312
281 313
282 283
282 313
283 284
283 314
284 285
284 315
285 286
285 316
286 287
286 317
287 288
287 318
288 289
288 319
289 290
289 320
290 291
290 321
291 292
291 322
292 293
292 323
293 294
293 324
294 295
294 325
295 296
295 326
296 297
296 327
297 298
297 328
298 299
298 329
298 330
299 300
299 330
300 301
300 331
301 302
301 332
301 333
302 303
302 333
302 334
303 304
303 334
304 305
304 335
305 306
305 336
305 337
306 307
306 337
306 338
307 308
307 338
308 309
308 339
309 310
309 340
310 341
310 489
311 312
311 342
312 313
312 343
312 344
313 314
313 344
314 315
314 345
315 316
315 346
316 317
316 347
316 348
317 318
317 348
318 319
318 349
318 350
319 320
319 350
319 351
320 321
320 351
320 352
321 322
321 352
321 353
322 323
322 353
323 324
323 354
324 325
324 355
324 356
325 326
325 356
325 357
326 327
326 357
327 328
327 358
327 359
328 329
328 359
328 360
329 330
329 360
330 331
330 361
331 332
331 362
332 333
332 363
333 334
333 364
334 335
334 365
335 336
335 366
336 337
336 367
337 338
337 368
338 339
338 369
339 340
339 370
340 341
340 371
340 372
341 372
341 489
342 343
342 373
343 344
343 374
344 345
344 375
345 346
345 376
346 347
346 377
347 348
347 378
348 349
348 379
348 380
349 350
349 380
350 351
350 381
350 382
351 352
351 382
352 353
352 383
353 354
353 384
354 355
354 385
355 356
355 386
356 357
356 387
356 388
357 358
357 388
358 359
358 389
359 360
359 390
360 361
360 391
361 362
361 392
361 393
362 363
362 393
362 394
363 364
363 394
363 395
364 365
364 395
365 366
365 396
366 367
366 397
366 398
367 368
367 398
368 369
368 399
369 370
369 400
370 371
370 401
371 372
371 402
371 403
372 403
372 489
373 374
373 404
374 375
374 405
375 376
375 406
376 377
376 407
377 378
377 408
377 409
378 379
378 409
378 410
379 380
379 410
380 381
380 411
381 382
381 412
381 413
382 383
382 413
383 384
383 414
384 385
384 415
384 416
385 386
385 416
386 387
386 417
387 388
387 418
388 389
388 419
389 390
389 420
390 391
390 421
391 392
391 422
392 393
392 423
393 394
393 424
394 395
394 425
394 426
395 396
395 426
395 427
396 397
396 427
396 428
397 398
397 428
397 429
398 399
398 429
399 400
399 430
399 431
400 401
400 431
400 432
401 402
401 432
401 433
402 403
402 433
403 434
403 489
404 405
404 435
405 406
405 436
406 407
406 437
407 408
407 438
408 409
408 439
409 410
409 440
409 441
410 411
410 441
411 412
411 442
412 413
412 443
413 414
413 444
414 415
414 445
414 446
415 416
415 446
415 447
416 417
416 447
416 448
417 418
417 448
418 419
418 449
419 420
419 450
419 451
420 421
420 451
421 422
421 452
422 423
422 453
422 454
423 424
423 454
424 425
424 455
425 426
425 456
426 427
426 457
426 458
427 428
427 458
428 429
428 459
429 430
429 460
430 431
430 461
430 462
431 432
431 462
432 433
432 463
433 434
433 464
434 465
434 489
435 436
435 466
436 437
436 467
437 438
437 468
438 439
438 469
439 440
439 470
440 441
440 471
441 442
441 472
442 443
442 473
443 444
443 474
443 475
444 445
444 475
445 446
445 476
446 447
446 477
447 448
447 478
448 449
448 479
448 480
449 450
449 480
450 451
450 481
451 452
451 482
451 483
452 453
452 483
453 454
453 484
454 455
454 485
455 456
455 486
456 457
456 487
456 488
457 458
457 488
458 459
459 460
460 461
461 462
462 463
463 464
464 465
465 489
466 467
466 489
467 468
467 489
468 469
468 489
469 470
469 489
470 471
470 489
471 472
471 489
472 473
472 489
473 474
473 489
474 475
474 489
475 476
475 489
476 477
476 489
477 478
477 489
478 479
478 489
479 480
479 489
480 481
480 489
481 482
481 489
482 483
482 489
483 484
483 489
484 485
484 489
485 486
485 489
486 487
486 489
487 488
487 489
488 489
