# Tier 7 (Very Large) - Instance 60
# Generated with config: N=309, K=5, topology=grid, calendar=random

# HEADER: <num_tasks> <num_types> <num_units>
311 5 23

# RESOURCE TYPES
# Format: <type_id> <num_units> <unit_id1> <unit_id2> ...
0 4 0 1 2 3
1 4 4 5 6 7
2 5 8 9 10 11 12
3 5 13 14 15 16 17
4 5 18 19 20 21 22

# RESOURCE UNITS (Calendars)
# Format: <unit_id> <num_steps> <t1> <v1> <t2> <v2> ...
0 23 0 0 7 100 250 0 261 100 474 0 494 100 582 0 585 100 633 0 651 100 719 0 722 100 867 0 873 100 977 0 986 100 1077 0 1092 100 1228 0 1235 100 1309 0 1311 100 3072 0
1 23 0 0 15 100 228 0 232 100 358 0 368 100 452 0 465 100 531 0 548 100 729 0 734 100 919 0 939 100 1053 0 1070 100 1218 0 1226 100 1356 0 1363 100 1500 0 1509 100 3072 0
2 23 0 0 20 100 198 0 208 100 295 0 298 100 512 0 521 100 588 0 608 100 708 0 722 100 775 0 784 100 895 0 903 100 1044 0 1054 100 1115 0 1126 100 1182 0 1201 100 3072 0
3 23 0 100 142 0 150 100 311 0 315 100 545 0 554 100 679 0 690 100 902 0 908 100 986 0 999 100 1214 0 1222 100 1340 0 1343 100 1439 0 1459 100 1663 0 1671 100 1736 0 3072 0
4 23 0 100 221 0 223 100 265 0 282 100 425 0 429 100 504 0 516 100 575 0 593 100 804 0 823 100 876 0 881 100 1122 0 1140 100 1334 0 1353 100 1422 0 1440 100 1533 0 3072 0
5 23 0 0 16 100 200 0 214 100 291 0 302 100 408 0 417 100 661 0 669 100 867 0 869 100 1085 0 1105 100 1282 0 1302 100 1372 0 1380 100 1461 0 1463 100 1513 0 1527 100 3072 0
6 23 0 0 11 100 186 0 192 100 292 0 298 100 399 0 417 100 631 0 651 100 776 0 791 100 995 0 1014 100 1157 0 1170 100 1350 0 1363 100 1414 0 1432 100 1501 0 1520 100 3072 0
7 23 0 100 96 0 101 100 231 0 234 100 399 0 418 100 648 0 665 100 757 0 761 100 862 0 872 100 1069 0 1081 100 1225 0 1241 100 1377 0 1389 100 1598 0 1616 100 1676 0 3072 0
8 23 0 100 196 0 212 100 344 0 357 100 537 0 554 100 790 0 799 100 861 0 864 100 963 0 969 100 1179 0 1186 100 1268 0 1285 100 1388 0 1398 100 1510 0 1526 100 1625 0 3072 0
9 23 0 0 20 100 119 0 138 100 335 0 348 100 563 0 583 100 705 0 718 100 859 0 871 100 1023 0 1026 100 1230 0 1235 100 1339 0 1347 100 1415 0 1432 100 1476 0 1488 100 3072 0
10 23 0 0 12 100 224 0 239 100 428 0 439 100 614 0 619 100 703 0 719 100 803 0 810 100 862 0 874 100 950 0 970 100 1049 0 1067 100 1204 0 1208 100 1381 0 1384 100 3072 0
11 23 0 0 5 100 246 0 255 100 377 0 393 100 616 0 618 100 662 0 665 100 746 0 762 100 884 0 903 100 1111 0 1123 100 1181 0 1185 100 1400 0 1406 100 1513 0 1532 100 3072 0
12 23 0 0 12 100 183 0 202 100 405 0 408 100 631 0 649 100 766 0 770 100 941 0 943 100 1041 0 1057 100 1154 0 1167 100 1232 0 1238 100 1427 0 1440 100 1680 0 1697 100 3072 0
13 23 0 0 6 100 174 0 178 100 282 0 295 100 406 0 409 100 510 0 523 100 705 0 719 100 888 0 907 100 951 0 961 100 1082 0 1092 100 1224 0 1243 100 1405 0 1424 100 3072 0
14 23 0 100 48 0 68 100 198 0 204 100 318 0 330 100 522 0 531 100 601 0 607 100 677 0 683 100 761 0 776 100 974 0 977 100 1150 0 1166 100 1365 0 1383 100 1548 0 3072 0
15 23 0 0 9 100 84 0 87 100 231 0 245 100 384 0 399 100 502 0 505 100 728 0 731 100 799 0 813 100 1061 0 1069 100 1184 0 1186 100 1322 0 1336 100 1493 0 1507 100 3072 0
16 23 0 0 3 100 231 0 234 100 276 0 293 100 503 0 511 100 639 0 644 100 889 0 909 100 1052 0 1056 100 1150 0 1153 100 1283 0 1288 100 1415 0 1434 100 1567 0 1586 100 3072 0
17 23 0 100 200 0 219 100 321 0 333 100 380 0 384 100 593 0 610 100 724 0 734 100 824 0 826 100 974 0 992 100 1124 0 1134 100 1236 0 1245 100 1437 0 1446 100 1675 0 3072 0
18 23 0 0 4 100 107 0 120 100 311 0 325 100 391 0 395 100 600 0 608 100 766 0 776 100 950 0 966 100 1148 0 1167 100 1336 0 1349 100 1446 0 1466 100 1508 0 1521 100 3072 0
19 23 0 100 96 0 111 100 296 0 313 100 468 0 484 100 704 0 711 100 951 0 965 100 1043 0 1060 100 1277 0 1291 100 1471 0 1473 100 1540 0 1542 100 1622 0 1627 100 1708 0 3072 0
20 23 0 0 17 100 180 0 182 100 292 0 302 100 394 0 414 100 545 0 554 100 732 0 744 100 929 0 933 100 1010 0 1030 100 1138 0 1155 100 1294 0 1300 100 1433 0 1449 100 3072 0
21 23 0 100 183 0 194 100 235 0 239 100 487 0 504 100 603 0 620 100 819 0 836 100 907 0 919 100 970 0 977 100 1109 0 1119 100 1353 0 1361 100 1535 0 1539 100 1738 0 3072 0
22 23 0 100 248 0 252 100 331 0 341 100 536 0 542 100 746 0 762 100 836 0 845 100 1027 0 1038 100 1215 0 1220 100 1401 0 1412 100 1464 0 1476 100 1685 0 1691 100 1924 0 3072 0

# TASKS
# Format: <task_id> <size> <num_reqs>
# Then for each requirement: <type_id> <qty>
0 0 5
 0 0
 1 0
 2 0
 3 0
 4 0
1 18 5
 0 3
 1 3
 2 0
 3 2
 4 0
2 17 5
 0 3
 1 0
 2 0
 3 0
 4 0
3 6 5
 0 3
 1 1
 2 1
 3 1
 4 3
4 11 5
 0 3
 1 1
 2 0
 3 3
 4 0
5 15 5
 0 0
 1 2
 2 2
 3 0
 4 0
6 17 5
 0 3
 1 3
 2 3
 3 0
 4 2
7 8 5
 0 2
 1 2
 2 1
 3 2
 4 1
8 13 5
 0 0
 1 1
 2 2
 3 0
 4 3
9 5 5
 0 3
 1 2
 2 0
 3 0
 4 3
10 8 5
 0 2
 1 2
 2 0
 3 0
 4 0
11 12 5
 0 2
 1 2
 2 2
 3 0
 4 3
12 9 5
 0 2
 1 3
 2 0
 3 0
 4 2
13 8 5
 0 0
 1 0
 2 1
 3 0
 4 0
14 10 5
 0 0
 1 0
 2 3
 3 0
 4 1
15 3 5
 0 0
 1 0
 2 1
 3 2
 4 3
16 8 5
 0 2
 1 2
 2 0
 3 1
 4 1
17 6 5
 0 0
 1 0
 2 2
 3 0
 4 0
18 9 5
 0 0
 1 0
 2 2
 3 3
 4 2
19 17 5
 0 3
 1 1
 2 0
 3 1
 4 3
20 5 5
 0 0
 1 0
 2 3
 3 0
 4 0
21 4 5
 0 0
 1 3
 2 2
 3 0
 4 2
22 8 5
 0 0
 1 3
 2 0
 3 0
 4 2
23 16 5
 0 3
 1 1
 2 0
 3 2
 4 2
24 16 5
 0 2
 1 1
 2 2
 3 0
 4 2
25 6 5
 0 3
 1 3
 2 1
 3 3
 4 3
26 16 5
 0 0
 1 2
 2 3
 3 2
 4 3
27 9 5
 0 2
 1 1
 2 0
 3 1
 4 2
28 17 5
 0 2
 1 0
 2 0
 3 0
 4 0
29 3 5
 0 2
 1 0
 2 3
 3 0
 4 0
30 13 5
 0 0
 1 1
 2 3
 3 1
 4 0
31 6 5
 0 0
 1 3
 2 2
 3 2
 4 0
32 19 5
 0 2
 1 1
 2 3
 3 0
 4 0
33 8 5
 0 0
 1 1
 2 1
 3 2
 4 1
34 7 5
 0 0
 1 2
 2 1
 3 3
 4 3
35 11 5
 0 1
 1 0
 2 0
 3 2
 4 0
36 20 5
 0 0
 1 3
 2 3
 3 3
 4 1
37 12 5
 0 0
 1 2
 2 2
 3 2
 4 0
38 10 5
 0 1
 1 2
 2 0
 3 3
 4 0
39 11 5
 0 1
 1 1
 2 2
 3 2
 4 1
40 18 5
 0 1
 1 3
 2 2
 3 3
 4 1
41 9 5
 0 1
 1 1
 2 0
 3 3
 4 0
42 19 5
 0 0
 1 3
 2 0
 3 3
 4 2
43 10 5
 0 0
 1 0
 2 0
 3 2
 4 3
44 1 5
 0 2
 1 3
 2 3
 3 3
 4 1
45 13 5
 0 1
 1 3
 2 2
 3 1
 4 2
46 12 5
 0 0
 1 1
 2 0
 3 3
 4 2
47 4 5
 0 2
 1 0
 2 0
 3 0
 4 0
48 9 5
 0 0
 1 1
 2 2
 3 2
 4 0
49 4 5
 0 0
 1 1
 2 0
 3 3
 4 0
50 19 5
 0 0
 1 1
 2 0
 3 2
 4 3
51 6 5
 0 2
 1 0
 2 3
 3 1
 4 0
52 7 5
 0 1
 1 2
 2 3
 3 3
 4 0
53 2 5
 0 3
 1 2
 2 1
 3 3
 4 1
54 4 5
 0 1
 1 1
 2 0
 3 0
 4 0
55 6 5
 0 1
 1 3
 2 2
 3 0
 4 0
56 11 5
 0 0
 1 0
 2 2
 3 2
 4 2
57 18 5
 0 0
 1 1
 2 2
 3 0
 4 3
58 7 5
 0 3
 1 0
 2 0
 3 3
 4 0
59 15 5
 0 1
 1 2
 2 2
 3 1
 4 0
60 12 5
 0 1
 1 0
 2 0
 3 0
 4 0
61 9 5
 0 3
 1 1
 2 0
 3 0
 4 3
62 5 5
 0 1
 1 1
 2 1
 3 2
 4 3
63 8 5
 0 2
 1 0
 2 0
 3 2
 4 1
64 17 5
 0 0
 1 0
 2 1
 3 0
 4 0
65 15 5
 0 2
 1 1
 2 1
 3 0
 4 3
66 4 5
 0 2
 1 1
 2 0
 3 2
 4 3
67 14 5
 0 0
 1 0
 2 2
 3 0
 4 1
68 3 5
 0 0
 1 3
 2 0
 3 2
 4 3
69 4 5
 0 0
 1 0
 2 1
 3 2
 4 2
70 7 5
 0 3
 1 1
 2 2
 3 0
 4 1
71 10 5
 0 3
 1 1
 2 2
 3 1
 4 3
72 15 5
 0 2
 1 2
 2 0
 3 1
 4 0
73 16 5
 0 1
 1 0
 2 1
 3 1
 4 3
74 6 5
 0 1
 1 1
 2 0
 3 1
 4 1
75 7 5
 0 1
 1 0
 2 0
 3 0
 4 3
76 13 5
 0 3
 1 0
 2 3
 3 3
 4 1
77 19 5
 0 1
 1 3
 2 3
 3 0
 4 2
78 16 5
 0 0
 1 2
 2 3
 3 0
 4 0
79 20 5
 0 2
 1 0
 2 2
 3 2
 4 3
80 13 5
 0 0
 1 3
 2 1
 3 1
 4 3
81 8 5
 0 0
 1 0
 2 1
 3 0
 4 0
82 12 5
 0 1
 1 3
 2 2
 3 1
 4 2
83 13 5
 0 2
 1 1
 2 0
 3 2
 4 0
84 2 5
 0 3
 1 2
 2 2
 3 0
 4 1
85 13 5
 0 1
 1 0
 2 3
 3 3
 4 0
86 3 5
 0 0
 1 1
 2 0
 3 3
 4 3
87 8 5
 0 3
 1 0
 2 1
 3 2
 4 3
88 11 5
 0 2
 1 0
 2 2
 3 3
 4 1
89 8 5
 0 0
 1 2
 2 0
 3 0
 4 0
90 20 5
 0 1
 1 2
 2 0
 3 1
 4 1
91 15 5
 0 2
 1 3
 2 2
 3 0
 4 0
92 15 5
 0 1
 1 1
 2 1
 3 2
 4 1
93 12 5
 0 1
 1 0
 2 3
 3 2
 4 0
94 19 5
 0 0
 1 2
 2 1
 3 2
 4 0
95 9 5
 0 3
 1 3
 2 2
 3 2
 4 2
96 1 5
 0 2
 1 0
 2 3
 3 1
 4 3
97 2 5
 0 0
 1 0
 2 0
 3 0
 4 2
98 14 5
 0 3
 1 3
 2 0
 3 0
 4 1
99 2 5
 0 3
 1 2
 2 3
 3 0
 4 3
100 17 5
 0 1
 1 1
 2 3
 3 2
 4 3
101 8 5
 0 1
 1 0
 2 2
 3 0
 4 2
102 20 5
 0 1
 1 2
 2 0
 3 0
 4 0
103 10 5
 0 0
 1 0
 2 1
 3 2
 4 3
104 18 5
 0 2
 1 1
 2 2
 3 3
 4 1
105 3 5
 0 1
 1 0
 2 2
 3 0
 4 1
106 7 5
 0 1
 1 3
 2 3
 3 0
 4 0
107 19 5
 0 1
 1 1
 2 0
 3 3
 4 3
108 15 5
 0 0
 1 0
 2 2
 3 0
 4 1
109 8 5
 0 3
 1 2
 2 2
 3 3
 4 2
110 3 5
 0 3
 1 1
 2 2
 3 2
 4 0
111 7 5
 0 0
 1 1
 2 2
 3 3
 4 2
112 17 5
 0 3
 1 3
 2 3
 3 1
 4 1
113 15 5
 0 2
 1 1
 2 0
 3 0
 4 0
114 12 5
 0 0
 1 2
 2 3
 3 1
 4 3
115 19 5
 0 3
 1 0
 2 3
 3 0
 4 0
116 4 5
 0 0
 1 0
 2 2
 3 3
 4 2
117 12 5
 0 0
 1 0
 2 0
 3 3
 4 0
118 16 5
 0 3
 1 2
 2 0
 3 0
 4 0
119 20 5
 0 3
 1 2
 2 1
 3 1
 4 2
120 15 5
 0 3
 1 0
 2 2
 3 2
 4 2
121 2 5
 0 2
 1 1
 2 3
 3 2
 4 0
122 6 5
 0 2
 1 1
 2 3
 3 2
 4 1
123 4 5
 0 1
 1 2
 2 0
 3 1
 4 0
124 9 5
 0 2
 1 0
 2 0
 3 0
 4 0
125 9 5
 0 2
 1 2
 2 3
 3 0
 4 3
126 11 5
 0 0
 1 2
 2 0
 3 1
 4 0
127 2 5
 0 3
 1 0
 2 1
 3 0
 4 1
128 6 5
 0 1
 1 3
 2 0
 3 0
 4 0
129 12 5
 0 3
 1 0
 2 0
 3 1
 4 3
130 19 5
 0 0
 1 0
 2 0
 3 1
 4 2
131 20 5
 0 2
 1 0
 2 3
 3 1
 4 2
132 1 5
 0 3
 1 3
 2 3
 3 0
 4 2
133 12 5
 0 3
 1 3
 2 0
 3 2
 4 0
134 16 5
 0 2
 1 0
 2 1
 3 0
 4 2
135 15 5
 0 2
 1 1
 2 0
 3 3
 4 2
136 15 5
 0 3
 1 1
 2 1
 3 1
 4 2
137 9 5
 0 0
 1 0
 2 1
 3 2
 4 0
138 17 5
 0 0
 1 3
 2 1
 3 0
 4 3
139 4 5
 0 2
 1 1
 2 3
 3 3
 4 3
140 20 5
 0 3
 1 0
 2 0
 3 1
 4 3
141 9 5
 0 1
 1 1
 2 1
 3 1
 4 0
142 9 5
 0 2
 1 0
 2 0
 3 0
 4 3
143 4 5
 0 2
 1 0
 2 0
 3 2
 4 0
144 10 5
 0 0
 1 0
 2 1
 3 3
 4 2
145 20 5
 0 0
 1 0
 2 0
 3 0
 4 2
146 9 5
 0 0
 1 3
 2 1
 3 3
 4 3
147 10 5
 0 0
 1 0
 2 3
 3 0
 4 1
148 14 5
 0 0
 1 2
 2 0
 3 3
 4 1
149 2 5
 0 3
 1 0
 2 0
 3 2
 4 2
150 8 5
 0 3
 1 1
 2 1
 3 0
 4 0
151 6 5
 0 0
 1 0
 2 2
 3 3
 4 0
152 7 5
 0 0
 1 3
 2 0
 3 0
 4 1
153 1 5
 0 0
 1 1
 2 0
 3 1
 4 0
154 10 5
 0 1
 1 2
 2 2
 3 2
 4 1
155 16 5
 0 0
 1 3
 2 2
 3 3
 4 0
156 11 5
 0 0
 1 1
 2 0
 3 0
 4 2
157 7 5
 0 3
 1 3
 2 0
 3 1
 4 0
158 13 5
 0 3
 1 1
 2 2
 3 0
 4 2
159 5 5
 0 3
 1 0
 2 0
 3 2
 4 0
160 7 5
 0 1
 1 2
 2 0
 3 1
 4 2
161 18 5
 0 3
 1 0
 2 3
 3 2
 4 1
162 13 5
 0 3
 1 0
 2 2
 3 0
 4 3
163 11 5
 0 0
 1 0
 2 3
 3 0
 4 2
164 13 5
 0 1
 1 0
 2 2
 3 0
 4 2
165 9 5
 0 0
 1 0
 2 2
 3 2
 4 0
166 18 5
 0 0
 1 1
 2 1
 3 0
 4 0
167 10 5
 0 1
 1 0
 2 1
 3 3
 4 2
168 14 5
 0 0
 1 1
 2 0
 3 0
 4 0
169 17 5
 0 0
 1 2
 2 0
 3 2
 4 0
170 8 5
 0 3
 1 2
 2 0
 3 1
 4 2
171 10 5
 0 1
 1 3
 2 1
 3 0
 4 1
172 16 5
 0 2
 1 3
 2 0
 3 0
 4 1
173 5 5
 0 1
 1 1
 2 2
 3 3
 4 0
174 6 5
 0 3
 1 3
 2 0
 3 2
 4 0
175 6 5
 0 3
 1 2
 2 0
 3 3
 4 0
176 12 5
 0 0
 1 0
 2 1
 3 0
 4 2
177 10 5
 0 3
 1 1
 2 0
 3 0
 4 1
178 1 5
 0 1
 1 3
 2 2
 3 0
 4 1
179 20 5
 0 2
 1 0
 2 3
 3 1
 4 1
180 9 5
 0 1
 1 0
 2 0
 3 0
 4 0
181 3 5
 0 0
 1 2
 2 3
 3 3
 4 0
182 11 5
 0 2
 1 0
 2 0
 3 0
 4 1
183 9 5
 0 3
 1 0
 2 2
 3 1
 4 0
184 20 5
 0 2
 1 0
 2 0
 3 0
 4 2
185 3 5
 0 1
 1 0
 2 3
 3 1
 4 2
186 17 5
 0 0
 1 0
 2 0
 3 3
 4 0
187 1 5
 0 1
 1 0
 2 3
 3 0
 4 0
188 18 5
 0 0
 1 0
 2 1
 3 0
 4 2
189 8 5
 0 0
 1 0
 2 2
 3 2
 4 1
190 4 5
 0 3
 1 0
 2 1
 3 0
 4 0
191 12 5
 0 2
 1 1
 2 0
 3 2
 4 0
192 1 5
 0 2
 1 1
 2 2
 3 0
 4 1
193 5 5
 0 3
 1 0
 2 2
 3 0
 4 0
194 14 5
 0 2
 1 3
 2 0
 3 0
 4 0
195 20 5
 0 0
 1 1
 2 0
 3 2
 4 0
196 2 5
 0 0
 1 0
 2 0
 3 1
 4 0
197 6 5
 0 3
 1 2
 2 3
 3 0
 4 3
198 15 5
 0 0
 1 2
 2 1
 3 0
 4 3
199 14 5
 0 2
 1 0
 2 0
 3 1
 4 1
200 7 5
 0 0
 1 2
 2 0
 3 0
 4 0
201 8 5
 0 2
 1 0
 2 0
 3 2
 4 0
202 6 5
 0 3
 1 2
 2 0
 3 3
 4 3
203 16 5
 0 1
 1 3
 2 3
 3 1
 4 0
204 13 5
 0 1
 1 3
 2 0
 3 2
 4 1
205 1 5
 0 1
 1 1
 2 0
 3 3
 4 0
206 7 5
 0 0
 1 3
 2 0
 3 2
 4 3
207 15 5
 0 1
 1 3
 2 0
 3 0
 4 3
208 19 5
 0 3
 1 1
 2 1
 3 1
 4 3
209 15 5
 0 1
 1 0
 2 0
 3 2
 4 2
210 20 5
 0 1
 1 2
 2 3
 3 1
 4 0
211 15 5
 0 3
 1 0
 2 0
 3 3
 4 2
212 14 5
 0 2
 1 0
 2 2
 3 3
 4 3
213 2 5
 0 2
 1 1
 2 0
 3 2
 4 3
214 5 5
 0 3
 1 0
 2 3
 3 3
 4 0
215 19 5
 0 0
 1 0
 2 2
 3 0
 4 2
216 9 5
 0 2
 1 2
 2 2
 3 0
 4 0
217 11 5
 0 0
 1 0
 2 3
 3 1
 4 3
218 4 5
 0 1
 1 0
 2 0
 3 0
 4 0
219 15 5
 0 1
 1 2
 2 0
 3 0
 4 2
220 5 5
 0 0
 1 0
 2 3
 3 1
 4 0
221 19 5
 0 3
 1 3
 2 3
 3 3
 4 0
222 20 5
 0 3
 1 3
 2 2
 3 2
 4 1
223 9 5
 0 0
 1 1
 2 3
 3 2
 4 2
224 4 5
 0 0
 1 2
 2 2
 3 0
 4 3
225 17 5
 0 0
 1 1
 2 2
 3 0
 4 2
226 2 5
 0 0
 1 0
 2 2
 3 2
 4 0
227 3 5
 0 3
 1 1
 2 1
 3 0
 4 1
228 18 5
 0 3
 1 2
 2 1
 3 3
 4 2
229 2 5
 0 2
 1 0
 2 2
 3 1
 4 1
230 9 5
 0 2
 1 0
 2 0
 3 0
 4 0
231 12 5
 0 1
 1 0
 2 2
 3 0
 4 0
232 16 5
 0 3
 1 0
 2 1
 3 0
 4 3
233 2 5
 0 0
 1 1
 2 0
 3 0
 4 0
234 19 5
 0 1
 1 1
 2 3
 3 0
 4 0
235 16 5
 0 1
 1 0
 2 0
 3 2
 4 1
236 17 5
 0 1
 1 2
 2 0
 3 0
 4 0
237 4 5
 0 2
 1 0
 2 1
 3 3
 4 1
238 12 5
 0 3
 1 2
 2 1
 3 3
 4 3
239 4 5
 0 0
 1 0
 2 3
 3 1
 4 0
240 5 5
 0 1
 1 1
 2 0
 3 2
 4 1
241 7 5
 0 3
 1 0
 2 0
 3 3
 4 2
242 7 5
 0 2
 1 2
 2 0
 3 2
 4 1
243 9 5
 0 0
 1 0
 2 3
 3 0
 4 0
244 2 5
 0 0
 1 0
 2 3
 3 0
 4 0
245 6 5
 0 1
 1 0
 2 3
 3 0
 4 2
246 6 5
 0 3
 1 0
 2 0
 3 0
 4 0
247 5 5
 0 0
 1 0
 2 3
 3 2
 4 0
248 16 5
 0 0
 1 1
 2 0
 3 0
 4 2
249 6 5
 0 3
 1 2
 2 0
 3 0
 4 0
250 17 5
 0 0
 1 3
 2 3
 3 2
 4 2
251 9 5
 0 0
 1 3
 2 1
 3 0
 4 0
252 12 5
 0 1
 1 0
 2 0
 3 0
 4 0
253 5 5
 0 1
 1 0
 2 2
 3 3
 4 1
254 6 5
 0 1
 1 1
 2 3
 3 2
 4 0
255 1 5
 0 3
 1 0
 2 2
 3 1
 4 1
256 6 5
 0 0
 1 1
 2 1
 3 0
 4 1
257 5 5
 0 3
 1 1
 2 1
 3 1
 4 0
258 18 5
 0 0
 1 0
 2 0
 3 0
 4 2
259 18 5
 0 2
 1 3
 2 1
 3 0
 4 1
260 15 5
 0 1
 1 0
 2 0
 3 3
 4 0
261 4 5
 0 3
 1 0
 2 3
 3 3
 4 0
262 16 5
 0 0
 1 1
 2 2
 3 2
 4 2
263 2 5
 0 0
 1 0
 2 0
 3 2
 4 0
264 11 5
 0 1
 1 2
 2 2
 3 1
 4 2
265 3 5
 0 2
 1 2
 2 0
 3 0
 4 2
266 10 5
 0 1
 1 1
 2 3
 3 0
 4 3
267 15 5
 0 1
 1 3
 2 0
 3 3
 4 1
268 3 5
 0 0
 1 3
 2 3
 3 1
 4 0
269 18 5
 0 2
 1 0
 2 0
 3 3
 4 0
270 14 5
 0 2
 1 1
 2 0
 3 3
 4 0
271 12 5
 0 0
 1 2
 2 0
 3 0
 4 0
272 10 5
 0 0
 1 2
 2 3
 3 3
 4 1
273 19 5
 0 0
 1 1
 2 0
 3 0
 4 0
274 20 5
 0 1
 1 0
 2 0
 3 3
 4 2
275 11 5
 0 0
 1 2
 2 3
 3 2
 4 2
276 4 5
 0 2
 1 0
 2 0
 3 1
 4 3
277 17 5
 0 3
 1 2
 2 3
 3 2
 4 0
278 6 5
 0 3
 1 3
 2 2
 3 1
 4 1
279 20 5
 0 2
 1 0
 2 0
 3 0
 4 3
280 11 5
 0 0
 1 2
 2 1
 3 2
 4 2
281 5 5
 0 0
 1 3
 2 0
 3 2
 4 1
282 19 5
 0 0
 1 1
 2 0
 3 0
 4 0
283 9 5
 0 3
 1 0
 2 0
 3 0
 4 0
284 15 5
 0 1
 1 0
 2 0
 3 1
 4 2
285 6 5
 0 0
 1 0
 2 0
 3 1
 4 1
286 14 5
 0 0
 1 0
 2 1
 3 0
 4 0
287 7 5
 0 2
 1 0
 2 0
 3 0
 4 3
288 12 5
 0 1
 1 1
 2 2
 3 0
 4 3
289 1 5
 0 3
 1 0
 2 1
 3 1
 4 0
290 18 5
 0 1
 1 0
 2 2
 3 2
 4 0
291 16 5
 0 2
 1 0
 2 2
 3 2
 4 3
292 18 5
 0 0
 1 0
 2 0
 3 3
 4 2
293 11 5
 0 0
 1 1
 2 0
 3 0
 4 0
294 16 5
 0 0
 1 2
 2 2
 3 0
 4 2
295 8 5
 0 0
 1 0
 2 1
 3 3
 4 0
296 15 5
 0 0
 1 2
 2 0
 3 0
 4 0
297 19 5
 0 0
 1 0
 2 0
 3 1
 4 0
298 9 5
 0 0
 1 2
 2 2
 3 1
 4 3
299 20 5
 0 3
 1 1
 2 3
 3 2
 4 3
300 19 5
 0 2
 1 1
 2 2
 3 0
 4 1
301 5 5
 0 2
 1 3
 2 1
 3 1
 4 3
302 11 5
 0 2
 1 1
 2 3
 3 0
 4 0
303 3 5
 0 0
 1 1
 2 0
 3 0
 4 3
304 20 5
 0 0
 1 0
 2 3
 3 0
 4 3
305 10 5
 0 3
 1 2
 2 0
 3 0
 4 3
306 13 5
 0 2
 1 3
 2 2
 3 1
 4 1
307 1 5
 0 1
 1 3
 2 3
 3 0
 4 0
308 15 5
 0 0
 1 3
 2 0
 3 2
 4 0
309 5 5
 0 1
 1 2
 2 2
 3 2
 4 0
310 0 5
 0 0
 1 0
 2 0
 3 0
 4 0

# PRECEDENCES
711
0 1
0 25
0 49
0 73
0 97
0 121
0 145
0 169
0 193
0 217
0 241
0 265
0 289
1 2
1 25
1 26
2 3
2 26
3 4
3 27
4 5
4 28
5 6
5 29
6 7
6 30
7 8
7 31
7 32
8 9
8 32
9 10
9 33
10 11
10 34
10 35
11 12
11 35
12 13
12 36
12 37
13 14
13 37
14 15
14 38
14 39
15 16
15 39
16 17
16 40
16 41
17 18
17 41
18 19
18 42
19 20
19 43
20 21
20 44
21 22
21 45
22 23
22 46
23 24
23 47
23 48
24 48
24 310
25 26
25 49
25 50
26 27
26 50
26 51
27 28
27 51
28 29
28 52
29 30
29 53
30 31
30 54
31 32
31 55
32 33
32 56
33 34
33 57
34 35
34 58
34 59
35 36
35 59
35 60
36 37
36 60
36 61
37 38
37 61
38 39
38 62
39 40
39 63
40 41
40 64
41 42
41 65
42 43
42 66
43 44
43 67
44 45
44 68
44 69
45 46
45 69
46 47
46 70
47 48
47 71
48 72
48 310
49 50
49 73
50 51
50 74
51 52
51 75
51 76
52 53
52 76
53 54
53 77
54 55
54 78
55 56
55 79
56 57
56 80
57 58
57 81
58 59
58 82
59 60
59 83
60 61
60 84
60 85
61 62
61 85
61 86
62 63
62 86
62 87
63 64
63 87
64 65
64 88
65 66
65 89
66 67
66 90
67 68
67 91
67 92
68 69
68 92
69 70
69 93
70 71
70 94
71 72
71 95
71 96
72 96
72 310
73 74
73 97
74 75
74 98
75 76
75 99
75 100
76 77
76 100
77 78
77 101
78 79
78 102
79 80
79 103
80 81
80 104
81 82
81 105
82 83
82 106
83 84
83 107
84 85
84 108
84 109
85 86
85 109
86 87
86 110
87 88
87 111
88 89
88 112
89 90
89 113
90 91
90 114
90 115
91 92
91 115
92 93
92 116
93 94
93 117
94 95
94 118
94 119
95 96
95 119
95 120
96 120
96 310
97 98
97 121
97 122
98 99
98 122
99 100
99 123
99 124
100 101
100 124
101 102
101 125
101 126
102 103
102 126
102 127
103 104
103 127
104 105
104 128
104 129
105 106
105 129
106 107
106 130
107 108
107 131
108 109
108 132
109 110
109 133
110 111
110 134
111 112
111 135
112 113
112 136
112 137
113 114
113 137
113 138
114 115
114 138
115 116
115 139
115 140
116 117
116 140
117 118
117 141
118 119
118 142
118 143
119 120
119 143
120 144
120 310
121 122
121 145
122 123
122 146
123 124
123 147
124 125
124 148
124 149
125 126
125 149
125 150
126 127
126 150
127 128
127 151
128 129
128 152
128 153
129 130
129 153
129 154
130 131
130 154
131 132
131 155
132 133
132 156
132 157
133 134
133 157
134 135
134 158
135 136
135 159
135 160
136 137
136 160
136 161
137 138
137 161
137 162
138 139
138 162
139 140
139 163
139 164
140 141
140 164
141 142
141 165
142 143
142 166
143 144
143 167
144 168
144 310
145 146
145 169
146 147
146 170
146 171
147 148
147 171
148 149
148 172
149 150
149 173
150 151
150 174
151 152
151 175
152 153
152 176
153 154
153 177
154 155
154 178
154 179
155 156
155 179
156 157
156 180
157 158
157 181
158 159
158 182
158 183
159 160
159 183
160 161
160 184
161 162
161 185
161 186
162 163
162 186
163 164
163 187
164 165
164 188
164 189
165 166
165 189
166 167
166 190
167 168
167 191
168 192
168 310
169 170
169 193
169 194
170 171
170 194
170 195
171 172
171 195
172 173
172 196
173 174
173 197
173 198
174 175
174 198
175 176
175 199
176 177
176 200
177 178
177 201
178 179
178 202
179 180
179 203
179 204
180 181
180 204
180 205
181 182
181 205
181 206
182 183
182 206
183 184
183 207
183 208
184 185
184 208
185 186
185 209
185 210
186 187
186 210
186 211
187 188
187 211
188 189
188 212
188 213
189 190
189 213
190 191
190 214
191 192
191 215
192 216
192 310
193 194
193 217
194 195
194 218
195 196
195 219
196 197
196 220
197 198
197 221
198 199
198 222
198 223
199 200
199 223
200 201
200 224
201 202
201 225
202 203
202 226
203 204
203 227
204 205
204 228
204 229
205 206
205 229
205 230
206 207
206 230
207 208
207 231
208 209
208 232
209 210
209 233
209 234
210 211
210 234
211 212
211 235
212 213
212 236
212 237
213 214
213 237
213 238
214 215
214 238
215 216
215 239
215 240
216 240
216 310
217 218
217 241
218 219
218 242
218 243
219 220
219 243
220 221
220 244
220 245
221 222
221 245
222 223
222 246
223 224
223 247
223 248
224 225
224 248
225 226
225 249
225 250
226 227
226 250
227 228
227 251
228 229
228 252
229 230
229 253
229 254
230 231
230 254
230 255
231 232
231 255
232 233
232 256
233 234
233 257
234 235
234 258
235 236
235 259
235 260
236 237
236 260
237 238
237 261
238 239
238 262
239 240
239 263
240 264
240 310
241 242
241 265
242 243
242 266
243 244
243 267
244 245
244 268
244 269
245 246
245 269
246 247
246 270
246 271
247 248
247 271
248 249
248 272
249 250
249 273
249 274
250 251
250 274
251 252
251 275
252 253
252 276
253 254
253 277
253 278
254 255
254 278
255 256
255 279
256 257
256 280
257 258
257 281
258 259
258 282
259 260
259 283
260 261
260 284
261 262
261 285
262 263
262 286
263 264
263 287
264 288
264 310
265 266
265 289
265 290
266 267
266 290
266 291
267 268
267 291
268 269
268 292
268 293
269 270
269 293
270 271
270 294
271 272
271 295
271 296
272 273
272 296
273 274
273 297
274 275
274 298
275 276
275 299
275 300
276 277
276 300
276 301
277 278
277 301
278 279
278 302
279 280
279 303
279 304
280 281
280 304
281 282
281 305
281 306
282 283
282 306
282 307
283 284
283 307
284 285
284 308
285 286
285 309
286 287
287 288
288 310
289 290
289 310
290 291
290 310
291 292
291 310
292 293
292 310
293 294
293 310
294 295
294 310
295 296
295 310
296 297
296 310
297 298
297 310
298 299
298 310
299 300
299 310
300 301
300 310
301 302
301 310
302 303
302 310
303 304
303 310
304 305
304 310
305 306
305 310
306 307
306 310
307 308
307 310
308 309
308 310
309 310
