# Tier 7 (Very Large) - Instance 73
# Generated with config: N=493, K=5, topology=random_dag, calendar=random

# HEADER: <num_tasks> <num_types> <num_units>
495 5 23

# RESOURCE TYPES
# Format: <type_id> <num_units> <unit_id1> <unit_id2> ...
0 7 0 1 2 3 4 5 6
1 4 7 8 9 10
2 4 11 12 13 14
3 4 15 16 17 18
4 4 19 20 21 22

# RESOURCE UNITS (Calendars)
# Format: <unit_id> <num_steps> <t1> <v1> <t2> <v2> ...
0 29 0 0 12 100 197 0 200 100 442 0 448 100 713 0 719 100 954 0 973 100 1058 0 1061 100 1214 0 1222 100 1378 0 1387 100 1561 0 1583 100 1708 0 1725 100 1914 0 1937 100 2010 0 2023 100 2252 0 2259 100 2480 0 2485 100 4370 0
1 29 0 100 139 0 154 100 376 0 391 100 463 0 477 100 618 0 629 100 726 0 732 100 974 0 987 100 1178 0 1182 100 1256 0 1260 100 1355 0 1372 100 1556 0 1569 100 1677 0 1696 100 1746 0 1766 100 1821 0 1833 100 1941 0 4370 0
2 29 0 100 231 0 242 100 426 0 440 100 645 0 655 100 863 0 868 100 1080 0 1089 100 1161 0 1180 100 1268 0 1279 100 1505 0 1523 100 1718 0 1730 100 1852 0 1859 100 2111 0 2134 100 2388 0 2403 100 2650 0 2664 100 2920 0 4370 0
3 29 0 0 5 100 271 0 292 100 486 0 497 100 643 0 653 100 738 0 758 100 849 0 863 100 986 0 991 100 1261 0 1265 100 1407 0 1419 100 1669 0 1684 100 1741 0 1763 100 1910 0 1920 100 2070 0 2072 100 2197 0 2208 100 4370 0
4 29 0 100 204 0 217 100 476 0 499 100 594 0 612 100 697 0 709 100 763 0 766 100 831 0 852 100 925 0 933 100 1099 0 1113 100 1324 0 1341 100 1433 0 1439 100 1555 0 1575 100 1707 0 1721 100 1829 0 1842 100 1983 0 4370 0
5 29 0 100 80 0 84 100 137 0 150 100 318 0 323 100 458 0 466 100 533 0 548 100 704 0 720 100 974 0 997 100 1043 0 1051 100 1143 0 1164 100 1440 0 1448 100 1579 0 1601 100 1658 0 1672 100 1879 0 1901 100 2118 0 4370 0
6 29 0 100 146 0 156 100 372 0 390 100 517 0 540 100 730 0 739 100 940 0 942 100 1100 0 1107 100 1313 0 1315 100 1585 0 1595 100 1759 0 1775 100 2034 0 2050 100 2302 0 2317 100 2536 0 2548 100 2759 0 2761 100 2986 0 4370 0
7 29 0 100 189 0 205 100 400 0 420 100 552 0 554 100 801 0 824 100 981 0 990 100 1167 0 1189 100 1386 0 1392 100 1535 0 1550 100 1614 0 1631 100 1835 0 1850 100 2102 0 2106 100 2258 0 2261 100 2310 0 2323 100 2381 0 4370 0
8 29 0 0 13 100 238 0 243 100 509 0 513 100 793 0 813 100 1010 0 1030 100 1115 0 1122 100 1342 0 1355 100 1482 0 1501 100 1650 0 1672 100 1796 0 1804 100 2072 0 2089 100 2184 0 2191 100 2329 0 2351 100 2515 0 2518 100 4370 0
9 29 0 0 18 100 253 0 269 100 377 0 379 100 596 0 607 100 740 0 753 100 998 0 1008 100 1186 0 1193 100 1440 0 1454 100 1685 0 1689 100 1940 0 1956 100 2050 0 2056 100 2104 0 2119 100 2197 0 2213 100 2353 0 2364 100 4370 0
10 29 0 100 208 0 218 100 416 0 431 100 517 0 536 100 650 0 663 100 768 0 771 100 900 0 921 100 998 0 1009 100 1066 0 1077 100 1156 0 1165 100 1267 0 1284 100 1332 0 1355 100 1612 0 1621 100 1765 0 1786 100 1856 0 4370 0
11 29 0 100 124 0 130 100 348 0 355 100 502 0 519 100 769 0 787 100 919 0 938 100 1082 0 1087 100 1199 0 1202 100 1254 0 1270 100 1383 0 1394 100 1609 0 1621 100 1681 0 1686 100 1884 0 1903 100 2017 0 2040 100 2192 0 4370 0
12 29 0 100 228 0 250 100 330 0 339 100 441 0 457 100 730 0 741 100 846 0 850 100 1119 0 1136 100 1304 0 1318 100 1443 0 1450 100 1721 0 1732 100 1980 0 1992 100 2167 0 2174 100 2387 0 2405 100 2622 0 2637 100 2914 0 4370 0
13 29 0 0 19 100 133 0 145 100 196 0 207 100 436 0 439 100 687 0 708 100 954 0 975 100 1124 0 1141 100 1199 0 1214 100 1307 0 1321 100 1468 0 1478 100 1662 0 1674 100 1825 0 1839 100 1885 0 1887 100 2118 0 2121 100 4370 0
14 29 0 100 204 0 207 100 305 0 317 100 452 0 474 100 718 0 721 100 858 0 867 100 1063 0 1075 100 1126 0 1141 100 1273 0 1288 100 1394 0 1410 100 1559 0 1582 100 1814 0 1818 100 2049 0 2051 100 2300 0 2313 100 2571 0 4370 0
15 29 0 0 2 100 51 0 57 100 221 0 226 100 488 0 499 100 602 0 617 100 739 0 755 100 804 0 811 100 999 0 1005 100 1057 0 1078 100 1185 0 1206 100 1271 0 1286 100 1498 0 1508 100 1782 0 1798 100 1989 0 1997 100 4370 0
16 29 0 100 204 0 213 100 294 0 300 100 522 0 525 100 784 0 805 100 1079 0 1097 100 1207 0 1220 100 1419 0 1428 100 1500 0 1520 100 1580 0 1596 100 1708 0 1713 100 1874 0 1895 100 2073 0 2096 100 2236 0 2257 100 2411 0 4370 0
17 29 0 100 134 0 139 100 418 0 436 100 499 0 505 100 594 0 597 100 852 0 868 100 1065 0 1067 100 1172 0 1181 100 1461 0 1472 100 1742 0 1751 100 1959 0 1969 100 2131 0 2150 100 2357 0 2372 100 2622 0 2629 100 2773 0 4370 0
18 29 0 0 7 100 158 0 174 100 414 0 436 100 567 0 569 100 833 0 849 100 1112 0 1132 100 1312 0 1334 100 1504 0 1520 100 1794 0 1799 100 2046 0 2051 100 2143 0 2166 100 2285 0 2302 100 2387 0 2408 100 2621 0 2644 100 4370 0
19 29 0 100 172 0 184 100 381 0 385 100 568 0 587 100 751 0 756 100 997 0 1012 100 1140 0 1146 100 1285 0 1301 100 1454 0 1477 100 1753 0 1764 100 1966 0 1982 100 2067 0 2089 100 2229 0 2249 100 2430 0 2447 100 2580 0 4370 0
20 29 0 100 275 0 294 100 560 0 570 100 738 0 749 100 936 0 959 100 1030 0 1033 100 1100 0 1118 100 1246 0 1255 100 1373 0 1383 100 1444 0 1454 100 1549 0 1558 100 1739 0 1745 100 1793 0 1803 100 2072 0 2087 100 2201 0 4370 0
21 29 0 100 242 0 258 100 370 0 386 100 549 0 564 100 763 0 779 100 847 0 864 100 1000 0 1017 100 1073 0 1090 100 1331 0 1353 100 1570 0 1584 100 1663 0 1680 100 1744 0 1758 100 1891 0 1899 100 1988 0 2009 100 2110 0 4370 0
22 29 0 100 99 0 119 100 182 0 204 100 451 0 460 100 535 0 539 100 687 0 708 100 886 0 898 100 1163 0 1167 100 1268 0 1284 100 1557 0 1569 100 1742 0 1750 100 1921 0 1935 100 2151 0 2169 100 2220 0 2224 100 2330 0 4370 0

# TASKS
# Format: <task_id> <size> <num_reqs>
# Then for each requirement: <type_id> <qty>
0 0 5
 0 0
 1 0
 2 0
 3 0
 4 0
1 8 5
 0 0
 1 0
 2 2
 3 0
 4 0
2 2 5
 0 0
 1 0
 2 1
 3 0
 4 2
3 10 5
 0 0
 1 0
 2 1
 3 1
 4 0
4 9 5
 0 0
 1 3
 2 0
 3 1
 4 3
5 1 5
 0 1
 1 0
 2 0
 3 0
 4 0
6 20 5
 0 3
 1 2
 2 1
 3 0
 4 1
7 7 5
 0 1
 1 2
 2 1
 3 0
 4 0
8 9 5
 0 0
 1 2
 2 0
 3 1
 4 2
9 12 5
 0 3
 1 1
 2 0
 3 0
 4 2
10 9 5
 0 0
 1 2
 2 0
 3 2
 4 2
11 15 5
 0 3
 1 0
 2 2
 3 3
 4 2
12 10 5
 0 0
 1 1
 2 1
 3 3
 4 0
13 18 5
 0 0
 1 0
 2 1
 3 0
 4 2
14 18 5
 0 3
 1 3
 2 3
 3 0
 4 0
15 1 5
 0 3
 1 0
 2 3
 3 0
 4 0
16 3 5
 0 0
 1 2
 2 1
 3 1
 4 0
17 1 5
 0 3
 1 2
 2 0
 3 3
 4 1
18 13 5
 0 0
 1 3
 2 0
 3 3
 4 1
19 2 5
 0 0
 1 2
 2 1
 3 0
 4 0
20 1 5
 0 1
 1 0
 2 0
 3 0
 4 0
21 7 5
 0 1
 1 2
 2 1
 3 3
 4 0
22 9 5
 0 0
 1 3
 2 2
 3 2
 4 0
23 2 5
 0 0
 1 1
 2 2
 3 3
 4 0
24 14 5
 0 0
 1 2
 2 0
 3 2
 4 0
25 16 5
 0 0
 1 3
 2 1
 3 3
 4 0
26 4 5
 0 1
 1 1
 2 3
 3 2
 4 1
27 10 5
 0 0
 1 0
 2 0
 3 3
 4 0
28 3 5
 0 1
 1 3
 2 1
 3 0
 4 1
29 10 5
 0 3
 1 0
 2 1
 3 1
 4 3
30 18 5
 0 0
 1 0
 2 2
 3 0
 4 2
31 12 5
 0 0
 1 1
 2 1
 3 0
 4 1
32 20 5
 0 0
 1 0
 2 0
 3 0
 4 2
33 4 5
 0 3
 1 1
 2 1
 3 0
 4 0
34 12 5
 0 0
 1 2
 2 1
 3 2
 4 2
35 8 5
 0 0
 1 1
 2 0
 3 2
 4 0
36 7 5
 0 3
 1 3
 2 0
 3 0
 4 2
37 7 5
 0 0
 1 2
 2 3
 3 0
 4 2
38 19 5
 0 1
 1 3
 2 0
 3 0
 4 0
39 10 5
 0 2
 1 2
 2 2
 3 3
 4 0
40 15 5
 0 1
 1 3
 2 0
 3 1
 4 2
41 2 5
 0 2
 1 0
 2 3
 3 1
 4 0
42 2 5
 0 3
 1 0
 2 2
 3 3
 4 2
43 1 5
 0 1
 1 0
 2 0
 3 3
 4 0
44 4 5
 0 1
 1 1
 2 3
 3 0
 4 2
45 8 5
 0 2
 1 2
 2 1
 3 1
 4 3
46 2 5
 0 3
 1 3
 2 0
 3 1
 4 0
47 4 5
 0 3
 1 3
 2 0
 3 0
 4 1
48 6 5
 0 3
 1 3
 2 0
 3 0
 4 2
49 3 5
 0 3
 1 3
 2 1
 3 1
 4 2
50 13 5
 0 3
 1 3
 2 2
 3 1
 4 2
51 4 5
 0 3
 1 3
 2 1
 3 2
 4 3
52 7 5
 0 3
 1 0
 2 0
 3 3
 4 1
53 10 5
 0 3
 1 0
 2 2
 3 1
 4 1
54 3 5
 0 0
 1 0
 2 0
 3 0
 4 1
55 14 5
 0 2
 1 0
 2 0
 3 2
 4 0
56 15 5
 0 0
 1 3
 2 2
 3 0
 4 2
57 15 5
 0 0
 1 0
 2 1
 3 3
 4 2
58 10 5
 0 0
 1 3
 2 2
 3 2
 4 3
59 14 5
 0 1
 1 0
 2 3
 3 0
 4 3
60 12 5
 0 0
 1 0
 2 0
 3 3
 4 0
61 18 5
 0 2
 1 0
 2 2
 3 0
 4 1
62 15 5
 0 0
 1 0
 2 0
 3 1
 4 2
63 11 5
 0 0
 1 3
 2 0
 3 0
 4 2
64 13 5
 0 3
 1 0
 2 3
 3 2
 4 0
65 3 5
 0 2
 1 1
 2 1
 3 1
 4 3
66 8 5
 0 3
 1 0
 2 2
 3 0
 4 0
67 16 5
 0 0
 1 3
 2 1
 3 1
 4 2
68 6 5
 0 1
 1 0
 2 2
 3 1
 4 0
69 7 5
 0 1
 1 0
 2 0
 3 3
 4 1
70 2 5
 0 0
 1 0
 2 0
 3 0
 4 1
71 16 5
 0 1
 1 2
 2 3
 3 1
 4 0
72 11 5
 0 3
 1 0
 2 3
 3 3
 4 2
73 8 5
 0 1
 1 0
 2 3
 3 2
 4 0
74 5 5
 0 2
 1 3
 2 0
 3 0
 4 0
75 8 5
 0 0
 1 1
 2 2
 3 3
 4 1
76 14 5
 0 0
 1 0
 2 0
 3 1
 4 0
77 13 5
 0 2
 1 1
 2 0
 3 0
 4 2
78 19 5
 0 3
 1 3
 2 2
 3 1
 4 1
79 12 5
 0 1
 1 1
 2 0
 3 1
 4 1
80 10 5
 0 2
 1 0
 2 3
 3 2
 4 0
81 13 5
 0 1
 1 3
 2 0
 3 2
 4 3
82 19 5
 0 3
 1 0
 2 0
 3 0
 4 2
83 13 5
 0 2
 1 0
 2 0
 3 2
 4 3
84 4 5
 0 2
 1 1
 2 1
 3 2
 4 0
85 8 5
 0 0
 1 2
 2 0
 3 0
 4 3
86 15 5
 0 0
 1 1
 2 0
 3 1
 4 0
87 3 5
 0 0
 1 1
 2 1
 3 0
 4 1
88 15 5
 0 0
 1 3
 2 2
 3 3
 4 0
89 16 5
 0 3
 1 0
 2 1
 3 0
 4 0
90 12 5
 0 3
 1 0
 2 2
 3 3
 4 0
91 8 5
 0 0
 1 2
 2 2
 3 0
 4 1
92 19 5
 0 3
 1 2
 2 2
 3 0
 4 0
93 8 5
 0 3
 1 0
 2 0
 3 1
 4 1
94 4 5
 0 1
 1 0
 2 0
 3 1
 4 2
95 13 5
 0 2
 1 0
 2 0
 3 0
 4 3
96 5 5
 0 3
 1 3
 2 0
 3 2
 4 0
97 9 5
 0 2
 1 0
 2 3
 3 0
 4 1
98 15 5
 0 1
 1 0
 2 1
 3 0
 4 3
99 10 5
 0 3
 1 3
 2 3
 3 2
 4 1
100 15 5
 0 3
 1 0
 2 0
 3 0
 4 0
101 16 5
 0 3
 1 0
 2 1
 3 2
 4 2
102 20 5
 0 2
 1 1
 2 0
 3 1
 4 0
103 1 5
 0 1
 1 3
 2 1
 3 0
 4 0
104 16 5
 0 0
 1 0
 2 1
 3 3
 4 0
105 1 5
 0 2
 1 0
 2 0
 3 0
 4 2
106 14 5
 0 3
 1 2
 2 2
 3 0
 4 3
107 19 5
 0 3
 1 2
 2 0
 3 1
 4 2
108 6 5
 0 0
 1 3
 2 3
 3 3
 4 2
109 19 5
 0 0
 1 2
 2 0
 3 3
 4 3
110 2 5
 0 3
 1 0
 2 3
 3 0
 4 2
111 18 5
 0 0
 1 3
 2 1
 3 2
 4 0
112 8 5
 0 0
 1 1
 2 0
 3 0
 4 3
113 15 5
 0 2
 1 0
 2 3
 3 1
 4 1
114 7 5
 0 0
 1 2
 2 0
 3 0
 4 3
115 14 5
 0 1
 1 0
 2 3
 3 0
 4 0
116 17 5
 0 2
 1 3
 2 3
 3 1
 4 0
117 13 5
 0 2
 1 2
 2 1
 3 2
 4 1
118 18 5
 0 1
 1 1
 2 2
 3 3
 4 3
119 12 5
 0 0
 1 3
 2 2
 3 0
 4 2
120 17 5
 0 0
 1 3
 2 0
 3 3
 4 3
121 4 5
 0 3
 1 3
 2 1
 3 3
 4 0
122 4 5
 0 1
 1 1
 2 0
 3 3
 4 2
123 8 5
 0 1
 1 3
 2 0
 3 1
 4 0
124 11 5
 0 0
 1 3
 2 0
 3 2
 4 0
125 13 5
 0 2
 1 0
 2 3
 3 1
 4 2
126 2 5
 0 1
 1 0
 2 3
 3 0
 4 0
127 2 5
 0 2
 1 0
 2 2
 3 2
 4 1
128 20 5
 0 0
 1 1
 2 3
 3 1
 4 1
129 5 5
 0 0
 1 0
 2 2
 3 0
 4 0
130 15 5
 0 1
 1 0
 2 3
 3 3
 4 2
131 14 5
 0 1
 1 1
 2 1
 3 0
 4 3
132 12 5
 0 0
 1 2
 2 0
 3 2
 4 1
133 15 5
 0 0
 1 1
 2 2
 3 3
 4 3
134 4 5
 0 0
 1 2
 2 1
 3 0
 4 1
135 8 5
 0 3
 1 1
 2 2
 3 0
 4 3
136 8 5
 0 3
 1 0
 2 1
 3 2
 4 3
137 8 5
 0 2
 1 2
 2 1
 3 1
 4 0
138 12 5
 0 0
 1 2
 2 3
 3 0
 4 0
139 7 5
 0 2
 1 1
 2 0
 3 2
 4 0
140 2 5
 0 1
 1 3
 2 3
 3 1
 4 0
141 6 5
 0 1
 1 2
 2 0
 3 0
 4 3
142 12 5
 0 0
 1 2
 2 0
 3 0
 4 1
143 16 5
 0 0
 1 3
 2 3
 3 1
 4 0
144 13 5
 0 0
 1 2
 2 0
 3 0
 4 0
145 5 5
 0 1
 1 2
 2 0
 3 2
 4 0
146 1 5
 0 3
 1 2
 2 3
 3 0
 4 2
147 14 5
 0 3
 1 1
 2 0
 3 3
 4 1
148 15 5
 0 0
 1 0
 2 0
 3 3
 4 1
149 20 5
 0 0
 1 0
 2 0
 3 0
 4 3
150 8 5
 0 2
 1 1
 2 3
 3 3
 4 0
151 11 5
 0 0
 1 0
 2 3
 3 3
 4 2
152 16 5
 0 3
 1 2
 2 3
 3 1
 4 0
153 2 5
 0 2
 1 0
 2 0
 3 1
 4 3
154 19 5
 0 1
 1 2
 2 0
 3 3
 4 0
155 6 5
 0 3
 1 1
 2 0
 3 0
 4 3
156 7 5
 0 0
 1 1
 2 1
 3 0
 4 0
157 5 5
 0 1
 1 2
 2 2
 3 3
 4 0
158 4 5
 0 3
 1 0
 2 0
 3 3
 4 0
159 9 5
 0 1
 1 0
 2 3
 3 3
 4 2
160 19 5
 0 3
 1 2
 2 0
 3 1
 4 0
161 2 5
 0 0
 1 0
 2 2
 3 0
 4 0
162 7 5
 0 0
 1 3
 2 3
 3 1
 4 2
163 1 5
 0 0
 1 3
 2 2
 3 2
 4 0
164 6 5
 0 0
 1 3
 2 0
 3 1
 4 2
165 20 5
 0 0
 1 1
 2 1
 3 0
 4 3
166 8 5
 0 1
 1 3
 2 0
 3 1
 4 2
167 18 5
 0 1
 1 2
 2 0
 3 0
 4 0
168 13 5
 0 0
 1 0
 2 0
 3 0
 4 3
169 15 5
 0 2
 1 0
 2 3
 3 1
 4 2
170 12 5
 0 0
 1 0
 2 3
 3 0
 4 2
171 8 5
 0 1
 1 1
 2 0
 3 0
 4 1
172 3 5
 0 2
 1 0
 2 0
 3 3
 4 0
173 2 5
 0 2
 1 1
 2 2
 3 3
 4 0
174 9 5
 0 0
 1 1
 2 1
 3 3
 4 1
175 18 5
 0 0
 1 1
 2 0
 3 0
 4 0
176 19 5
 0 2
 1 3
 2 2
 3 1
 4 2
177 14 5
 0 0
 1 0
 2 1
 3 0
 4 0
178 19 5
 0 0
 1 0
 2 1
 3 0
 4 0
179 15 5
 0 2
 1 0
 2 0
 3 3
 4 0
180 5 5
 0 1
 1 1
 2 0
 3 1
 4 0
181 16 5
 0 3
 1 1
 2 3
 3 0
 4 2
182 8 5
 0 0
 1 2
 2 1
 3 2
 4 1
183 11 5
 0 0
 1 3
 2 0
 3 0
 4 1
184 20 5
 0 0
 1 0
 2 0
 3 0
 4 3
185 16 5
 0 3
 1 0
 2 0
 3 0
 4 0
186 9 5
 0 0
 1 3
 2 3
 3 2
 4 1
187 1 5
 0 2
 1 2
 2 3
 3 2
 4 0
188 5 5
 0 3
 1 0
 2 1
 3 3
 4 2
189 17 5
 0 0
 1 0
 2 0
 3 1
 4 2
190 13 5
 0 2
 1 3
 2 3
 3 3
 4 3
191 1 5
 0 0
 1 3
 2 3
 3 3
 4 0
192 4 5
 0 0
 1 1
 2 0
 3 1
 4 3
193 7 5
 0 2
 1 0
 2 1
 3 0
 4 3
194 12 5
 0 0
 1 2
 2 1
 3 0
 4 1
195 1 5
 0 0
 1 2
 2 0
 3 3
 4 2
196 10 5
 0 1
 1 1
 2 3
 3 0
 4 2
197 7 5
 0 0
 1 0
 2 2
 3 3
 4 3
198 7 5
 0 3
 1 1
 2 0
 3 0
 4 0
199 18 5
 0 1
 1 3
 2 1
 3 0
 4 3
200 2 5
 0 3
 1 2
 2 2
 3 0
 4 2
201 13 5
 0 0
 1 1
 2 0
 3 0
 4 1
202 7 5
 0 0
 1 0
 2 2
 3 0
 4 1
203 10 5
 0 0
 1 2
 2 3
 3 2
 4 0
204 4 5
 0 0
 1 0
 2 0
 3 2
 4 0
205 6 5
 0 3
 1 3
 2 1
 3 0
 4 0
206 20 5
 0 3
 1 3
 2 1
 3 2
 4 0
207 17 5
 0 0
 1 2
 2 0
 3 0
 4 2
208 18 5
 0 1
 1 0
 2 3
 3 0
 4 2
209 4 5
 0 3
 1 3
 2 3
 3 1
 4 0
210 10 5
 0 3
 1 1
 2 2
 3 0
 4 0
211 13 5
 0 1
 1 0
 2 0
 3 0
 4 3
212 1 5
 0 2
 1 0
 2 3
 3 1
 4 0
213 9 5
 0 2
 1 2
 2 1
 3 0
 4 3
214 17 5
 0 2
 1 0
 2 3
 3 3
 4 1
215 12 5
 0 2
 1 3
 2 0
 3 1
 4 0
216 16 5
 0 0
 1 1
 2 0
 3 0
 4 1
217 19 5
 0 2
 1 3
 2 0
 3 0
 4 2
218 15 5
 0 1
 1 2
 2 0
 3 0
 4 0
219 14 5
 0 0
 1 2
 2 2
 3 2
 4 2
220 7 5
 0 0
 1 2
 2 0
 3 2
 4 0
221 20 5
 0 0
 1 3
 2 2
 3 3
 4 3
222 3 5
 0 2
 1 3
 2 2
 3 0
 4 1
223 13 5
 0 2
 1 1
 2 0
 3 1
 4 3
224 15 5
 0 0
 1 2
 2 2
 3 0
 4 0
225 8 5
 0 0
 1 0
 2 1
 3 0
 4 0
226 4 5
 0 2
 1 2
 2 0
 3 1
 4 0
227 18 5
 0 0
 1 0
 2 0
 3 1
 4 3
228 3 5
 0 0
 1 1
 2 3
 3 3
 4 0
229 20 5
 0 2
 1 1
 2 2
 3 3
 4 0
230 5 5
 0 0
 1 0
 2 0
 3 3
 4 1
231 16 5
 0 0
 1 0
 2 2
 3 0
 4 2
232 14 5
 0 2
 1 0
 2 1
 3 3
 4 0
233 18 5
 0 3
 1 0
 2 0
 3 0
 4 1
234 16 5
 0 1
 1 1
 2 2
 3 0
 4 0
235 8 5
 0 1
 1 0
 2 1
 3 0
 4 2
236 13 5
 0 1
 1 0
 2 3
 3 2
 4 0
237 1 5
 0 1
 1 0
 2 3
 3 2
 4 3
238 4 5
 0 0
 1 1
 2 1
 3 0
 4 2
239 11 5
 0 0
 1 0
 2 0
 3 0
 4 3
240 4 5
 0 2
 1 0
 2 2
 3 0
 4 2
241 18 5
 0 3
 1 3
 2 1
 3 0
 4 0
242 9 5
 0 1
 1 2
 2 0
 3 1
 4 3
243 19 5
 0 3
 1 3
 2 3
 3 3
 4 2
244 9 5
 0 1
 1 2
 2 1
 3 0
 4 3
245 16 5
 0 3
 1 3
 2 2
 3 0
 4 1
246 14 5
 0 1
 1 3
 2 1
 3 0
 4 3
247 14 5
 0 0
 1 2
 2 0
 3 3
 4 1
248 17 5
 0 2
 1 1
 2 3
 3 2
 4 3
249 20 5
 0 1
 1 0
 2 1
 3 2
 4 3
250 7 5
 0 1
 1 1
 2 2
 3 0
 4 0
251 20 5
 0 0
 1 1
 2 3
 3 1
 4 1
252 4 5
 0 0
 1 3
 2 1
 3 3
 4 1
253 16 5
 0 1
 1 1
 2 2
 3 2
 4 0
254 19 5
 0 1
 1 0
 2 0
 3 3
 4 0
255 5 5
 0 0
 1 0
 2 0
 3 0
 4 3
256 5 5
 0 0
 1 3
 2 0
 3 0
 4 0
257 18 5
 0 0
 1 0
 2 0
 3 0
 4 1
258 11 5
 0 0
 1 0
 2 1
 3 0
 4 0
259 4 5
 0 1
 1 2
 2 0
 3 3
 4 1
260 7 5
 0 0
 1 0
 2 0
 3 2
 4 1
261 9 5
 0 2
 1 0
 2 0
 3 0
 4 2
262 2 5
 0 2
 1 3
 2 2
 3 2
 4 2
263 2 5
 0 2
 1 3
 2 1
 3 3
 4 1
264 7 5
 0 1
 1 0
 2 0
 3 0
 4 3
265 18 5
 0 2
 1 2
 2 1
 3 2
 4 2
266 12 5
 0 0
 1 3
 2 1
 3 0
 4 1
267 6 5
 0 0
 1 3
 2 1
 3 3
 4 1
268 11 5
 0 3
 1 0
 2 3
 3 0
 4 1
269 16 5
 0 1
 1 0
 2 2
 3 3
 4 3
270 4 5
 0 0
 1 0
 2 0
 3 3
 4 1
271 13 5
 0 0
 1 1
 2 3
 3 2
 4 0
272 3 5
 0 1
 1 1
 2 3
 3 1
 4 0
273 10 5
 0 3
 1 0
 2 3
 3 3
 4 3
274 11 5
 0 0
 1 0
 2 2
 3 0
 4 3
275 6 5
 0 2
 1 1
 2 0
 3 1
 4 3
276 10 5
 0 2
 1 3
 2 0
 3 0
 4 2
277 16 5
 0 2
 1 0
 2 0
 3 3
 4 0
278 7 5
 0 0
 1 1
 2 0
 3 0
 4 0
279 5 5
 0 1
 1 0
 2 0
 3 1
 4 1
280 20 5
 0 0
 1 2
 2 3
 3 1
 4 0
281 6 5
 0 1
 1 0
 2 1
 3 1
 4 0
282 6 5
 0 0
 1 0
 2 0
 3 0
 4 1
283 7 5
 0 3
 1 2
 2 1
 3 2
 4 3
284 17 5
 0 2
 1 2
 2 3
 3 0
 4 3
285 12 5
 0 2
 1 3
 2 3
 3 2
 4 1
286 3 5
 0 3
 1 0
 2 2
 3 1
 4 3
287 16 5
 0 3
 1 0
 2 0
 3 1
 4 2
288 8 5
 0 2
 1 0
 2 2
 3 2
 4 0
289 6 5
 0 2
 1 3
 2 0
 3 0
 4 2
290 15 5
 0 3
 1 0
 2 0
 3 1
 4 3
291 16 5
 0 0
 1 0
 2 3
 3 2
 4 0
292 15 5
 0 0
 1 0
 2 0
 3 3
 4 0
293 6 5
 0 2
 1 3
 2 0
 3 1
 4 0
294 12 5
 0 1
 1 1
 2 1
 3 0
 4 0
295 11 5
 0 1
 1 0
 2 2
 3 0
 4 3
296 17 5
 0 2
 1 2
 2 2
 3 2
 4 0
297 7 5
 0 3
 1 0
 2 0
 3 0
 4 0
298 11 5
 0 0
 1 2
 2 3
 3 3
 4 0
299 11 5
 0 2
 1 2
 2 0
 3 2
 4 0
300 9 5
 0 1
 1 2
 2 0
 3 2
 4 0
301 6 5
 0 3
 1 2
 2 2
 3 3
 4 2
302 2 5
 0 3
 1 2
 2 2
 3 2
 4 0
303 19 5
 0 3
 1 0
 2 3
 3 0
 4 3
304 8 5
 0 1
 1 2
 2 3
 3 3
 4 1
305 17 5
 0 1
 1 1
 2 0
 3 3
 4 3
306 8 5
 0 0
 1 0
 2 2
 3 3
 4 3
307 18 5
 0 1
 1 2
 2 1
 3 0
 4 2
308 14 5
 0 0
 1 1
 2 3
 3 0
 4 2
309 13 5
 0 1
 1 0
 2 0
 3 3
 4 3
310 17 5
 0 3
 1 0
 2 3
 3 0
 4 2
311 18 5
 0 1
 1 1
 2 2
 3 3
 4 2
312 13 5
 0 3
 1 1
 2 2
 3 2
 4 0
313 8 5
 0 1
 1 0
 2 2
 3 2
 4 2
314 18 5
 0 0
 1 2
 2 3
 3 2
 4 0
315 7 5
 0 0
 1 0
 2 0
 3 2
 4 1
316 9 5
 0 2
 1 0
 2 1
 3 2
 4 2
317 18 5
 0 1
 1 1
 2 0
 3 0
 4 0
318 11 5
 0 2
 1 0
 2 3
 3 2
 4 2
319 20 5
 0 2
 1 3
 2 1
 3 2
 4 0
320 1 5
 0 3
 1 3
 2 0
 3 2
 4 2
321 20 5
 0 0
 1 2
 2 2
 3 3
 4 1
322 16 5
 0 1
 1 2
 2 1
 3 2
 4 3
323 17 5
 0 2
 1 2
 2 3
 3 2
 4 0
324 19 5
 0 1
 1 0
 2 0
 3 1
 4 0
325 17 5
 0 0
 1 0
 2 0
 3 2
 4 1
326 11 5
 0 0
 1 2
 2 2
 3 0
 4 0
327 6 5
 0 1
 1 2
 2 0
 3 2
 4 2
328 12 5
 0 1
 1 1
 2 0
 3 0
 4 0
329 16 5
 0 0
 1 3
 2 0
 3 3
 4 1
330 12 5
 0 2
 1 3
 2 0
 3 1
 4 0
331 1 5
 0 3
 1 2
 2 2
 3 0
 4 3
332 5 5
 0 2
 1 2
 2 2
 3 0
 4 0
333 18 5
 0 3
 1 3
 2 2
 3 2
 4 0
334 12 5
 0 1
 1 1
 2 2
 3 0
 4 0
335 6 5
 0 0
 1 0
 2 3
 3 2
 4 0
336 4 5
 0 2
 1 1
 2 1
 3 2
 4 2
337 13 5
 0 3
 1 2
 2 3
 3 2
 4 0
338 6 5
 0 0
 1 0
 2 2
 3 3
 4 0
339 14 5
 0 3
 1 2
 2 0
 3 3
 4 0
340 7 5
 0 0
 1 1
 2 2
 3 0
 4 3
341 18 5
 0 0
 1 1
 2 2
 3 0
 4 0
342 18 5
 0 0
 1 1
 2 3
 3 2
 4 1
343 7 5
 0 1
 1 1
 2 3
 3 0
 4 0
344 13 5
 0 0
 1 0
 2 0
 3 3
 4 1
345 17 5
 0 3
 1 1
 2 2
 3 1
 4 1
346 6 5
 0 2
 1 0
 2 2
 3 3
 4 2
347 13 5
 0 0
 1 2
 2 2
 3 0
 4 2
348 16 5
 0 0
 1 2
 2 0
 3 0
 4 3
349 16 5
 0 2
 1 1
 2 0
 3 3
 4 3
350 2 5
 0 0
 1 3
 2 0
 3 2
 4 0
351 15 5
 0 0
 1 0
 2 0
 3 3
 4 0
352 19 5
 0 3
 1 1
 2 2
 3 0
 4 0
353 2 5
 0 2
 1 0
 2 0
 3 0
 4 0
354 13 5
 0 3
 1 0
 2 2
 3 1
 4 3
355 10 5
 0 2
 1 2
 2 3
 3 3
 4 0
356 20 5
 0 0
 1 2
 2 1
 3 0
 4 0
357 16 5
 0 0
 1 3
 2 0
 3 1
 4 3
358 11 5
 0 3
 1 2
 2 3
 3 1
 4 0
359 8 5
 0 1
 1 1
 2 3
 3 1
 4 2
360 13 5
 0 0
 1 1
 2 2
 3 0
 4 0
361 7 5
 0 1
 1 3
 2 3
 3 3
 4 1
362 20 5
 0 3
 1 0
 2 0
 3 2
 4 2
363 12 5
 0 1
 1 2
 2 0
 3 3
 4 2
364 11 5
 0 0
 1 1
 2 0
 3 1
 4 0
365 13 5
 0 0
 1 0
 2 0
 3 2
 4 1
366 18 5
 0 1
 1 1
 2 1
 3 3
 4 0
367 2 5
 0 1
 1 3
 2 1
 3 1
 4 3
368 15 5
 0 3
 1 2
 2 3
 3 3
 4 2
369 19 5
 0 3
 1 2
 2 1
 3 0
 4 2
370 12 5
 0 2
 1 1
 2 0
 3 0
 4 1
371 6 5
 0 2
 1 1
 2 0
 3 0
 4 1
372 4 5
 0 2
 1 2
 2 2
 3 3
 4 1
373 19 5
 0 3
 1 2
 2 0
 3 3
 4 2
374 19 5
 0 2
 1 0
 2 0
 3 3
 4 0
375 18 5
 0 0
 1 0
 2 3
 3 0
 4 3
376 10 5
 0 0
 1 3
 2 3
 3 0
 4 0
377 8 5
 0 2
 1 1
 2 2
 3 0
 4 2
378 15 5
 0 3
 1 3
 2 3
 3 0
 4 0
379 14 5
 0 1
 1 1
 2 2
 3 0
 4 2
380 6 5
 0 0
 1 1
 2 0
 3 0
 4 2
381 11 5
 0 0
 1 1
 2 1
 3 3
 4 0
382 7 5
 0 2
 1 2
 2 0
 3 0
 4 2
383 2 5
 0 1
 1 0
 2 2
 3 0
 4 3
384 14 5
 0 1
 1 1
 2 1
 3 0
 4 2
385 17 5
 0 0
 1 0
 2 3
 3 0
 4 0
386 2 5
 0 1
 1 2
 2 3
 3 3
 4 3
387 11 5
 0 0
 1 2
 2 3
 3 3
 4 1
388 8 5
 0 0
 1 0
 2 2
 3 0
 4 2
389 19 5
 0 0
 1 3
 2 2
 3 1
 4 0
390 18 5
 0 2
 1 0
 2 1
 3 3
 4 0
391 20 5
 0 1
 1 1
 2 1
 3 0
 4 3
392 1 5
 0 0
 1 0
 2 2
 3 0
 4 0
393 3 5
 0 0
 1 0
 2 2
 3 2
 4 0
394 16 5
 0 3
 1 0
 2 3
 3 3
 4 0
395 9 5
 0 1
 1 0
 2 1
 3 1
 4 2
396 12 5
 0 0
 1 3
 2 0
 3 3
 4 1
397 7 5
 0 0
 1 0
 2 1
 3 3
 4 0
398 17 5
 0 2
 1 3
 2 2
 3 2
 4 2
399 12 5
 0 3
 1 2
 2 3
 3 0
 4 0
400 12 5
 0 0
 1 0
 2 3
 3 3
 4 0
401 5 5
 0 0
 1 3
 2 2
 3 1
 4 0
402 5 5
 0 2
 1 0
 2 0
 3 0
 4 3
403 12 5
 0 0
 1 0
 2 0
 3 3
 4 0
404 8 5
 0 0
 1 2
 2 0
 3 1
 4 0
405 20 5
 0 0
 1 3
 2 2
 3 0
 4 0
406 2 5
 0 0
 1 2
 2 0
 3 1
 4 0
407 11 5
 0 0
 1 1
 2 2
 3 3
 4 0
408 9 5
 0 1
 1 1
 2 2
 3 0
 4 2
409 9 5
 0 3
 1 2
 2 1
 3 1
 4 3
410 12 5
 0 0
 1 1
 2 0
 3 0
 4 0
411 5 5
 0 1
 1 2
 2 0
 3 2
 4 0
412 5 5
 0 0
 1 1
 2 1
 3 2
 4 3
413 2 5
 0 1
 1 0
 2 0
 3 3
 4 3
414 19 5
 0 3
 1 0
 2 0
 3 1
 4 0
415 1 5
 0 0
 1 0
 2 0
 3 1
 4 2
416 13 5
 0 0
 1 2
 2 0
 3 2
 4 2
417 18 5
 0 2
 1 3
 2 1
 3 1
 4 2
418 7 5
 0 0
 1 0
 2 2
 3 3
 4 1
419 6 5
 0 3
 1 0
 2 0
 3 2
 4 0
420 5 5
 0 1
 1 2
 2 0
 3 3
 4 0
421 10 5
 0 2
 1 3
 2 0
 3 2
 4 2
422 17 5
 0 0
 1 0
 2 0
 3 2
 4 2
423 16 5
 0 2
 1 0
 2 0
 3 3
 4 0
424 3 5
 0 0
 1 2
 2 0
 3 2
 4 0
425 10 5
 0 0
 1 1
 2 0
 3 0
 4 0
426 15 5
 0 0
 1 3
 2 0
 3 0
 4 3
427 12 5
 0 0
 1 2
 2 1
 3 0
 4 3
428 9 5
 0 0
 1 0
 2 3
 3 1
 4 3
429 2 5
 0 3
 1 2
 2 3
 3 1
 4 2
430 10 5
 0 3
 1 3
 2 2
 3 0
 4 0
431 5 5
 0 0
 1 2
 2 2
 3 2
 4 0
432 7 5
 0 3
 1 2
 2 1
 3 3
 4 0
433 8 5
 0 1
 1 3
 2 0
 3 0
 4 0
434 8 5
 0 0
 1 1
 2 0
 3 1
 4 3
435 15 5
 0 3
 1 0
 2 3
 3 3
 4 0
436 19 5
 0 1
 1 0
 2 2
 3 3
 4 3
437 2 5
 0 3
 1 2
 2 0
 3 0
 4 1
438 8 5
 0 0
 1 3
 2 1
 3 3
 4 0
439 9 5
 0 2
 1 1
 2 3
 3 0
 4 2
440 1 5
 0 2
 1 2
 2 1
 3 3
 4 1
441 14 5
 0 3
 1 3
 2 3
 3 2
 4 0
442 16 5
 0 0
 1 0
 2 0
 3 0
 4 1
443 17 5
 0 0
 1 2
 2 0
 3 3
 4 0
444 6 5
 0 3
 1 2
 2 3
 3 3
 4 2
445 14 5
 0 0
 1 1
 2 2
 3 0
 4 3
446 15 5
 0 0
 1 0
 2 0
 3 0
 4 2
447 14 5
 0 3
 1 0
 2 0
 3 2
 4 0
448 9 5
 0 3
 1 0
 2 3
 3 3
 4 0
449 5 5
 0 1
 1 2
 2 2
 3 3
 4 3
450 17 5
 0 2
 1 0
 2 0
 3 0
 4 2
451 1 5
 0 0
 1 0
 2 0
 3 1
 4 0
452 2 5
 0 0
 1 1
 2 2
 3 1
 4 2
453 8 5
 0 0
 1 0
 2 0
 3 0
 4 1
454 3 5
 0 0
 1 3
 2 2
 3 3
 4 1
455 11 5
 0 0
 1 3
 2 0
 3 0
 4 0
456 17 5
 0 0
 1 0
 2 2
 3 0
 4 0
457 17 5
 0 3
 1 2
 2 0
 3 3
 4 3
458 17 5
 0 3
 1 2
 2 0
 3 1
 4 0
459 12 5
 0 0
 1 0
 2 2
 3 1
 4 0
460 17 5
 0 0
 1 0
 2 0
 3 2
 4 0
461 17 5
 0 0
 1 0
 2 1
 3 0
 4 0
462 12 5
 0 2
 1 1
 2 0
 3 1
 4 3
463 16 5
 0 3
 1 0
 2 2
 3 0
 4 3
464 12 5
 0 0
 1 1
 2 0
 3 2
 4 2
465 3 5
 0 1
 1 1
 2 1
 3 3
 4 0
466 11 5
 0 2
 1 1
 2 0
 3 0
 4 1
467 4 5
 0 1
 1 0
 2 2
 3 3
 4 0
468 6 5
 0 0
 1 0
 2 2
 3 2
 4 1
469 3 5
 0 0
 1 2
 2 1
 3 1
 4 3
470 13 5
 0 3
 1 0
 2 0
 3 0
 4 2
471 7 5
 0 2
 1 1
 2 3
 3 0
 4 0
472 15 5
 0 0
 1 0
 2 2
 3 2
 4 0
473 16 5
 0 0
 1 2
 2 1
 3 3
 4 2
474 16 5
 0 3
 1 2
 2 2
 3 1
 4 0
475 15 5
 0 0
 1 0
 2 2
 3 0
 4 0
476 19 5
 0 0
 1 2
 2 2
 3 0
 4 3
477 9 5
 0 0
 1 0
 2 0
 3 0
 4 1
478 11 5
 0 0
 1 0
 2 3
 3 1
 4 1
479 18 5
 0 0
 1 2
 2 3
 3 0
 4 0
480 6 5
 0 2
 1 3
 2 0
 3 3
 4 1
481 4 5
 0 0
 1 1
 2 1
 3 2
 4 0
482 2 5
 0 2
 1 1
 2 1
 3 2
 4 1
483 1 5
 0 3
 1 1
 2 2
 3 0
 4 0
484 19 5
 0 0
 1 0
 2 1
 3 0
 4 1
485 20 5
 0 1
 1 3
 2 2
 3 3
 4 3
486 5 5
 0 3
 1 0
 2 3
 3 0
 4 0
487 9 5
 0 2
 1 1
 2 0
 3 3
 4 0
488 19 5
 0 3
 1 3
 2 3
 3 0
 4 2
489 2 5
 0 2
 1 1
 2 0
 3 3
 4 2
490 1 5
 0 2
 1 2
 2 1
 3 1
 4 0
491 20 5
 0 2
 1 2
 2 1
 3 2
 4 0
492 7 5
 0 0
 1 3
 2 0
 3 0
 4 0
493 8 5
 0 1
 1 3
 2 1
 3 1
 4 2
494 0 5
 0 0
 1 0
 2 0
 3 0
 4 0

# PRECEDENCES
2037
0 6
0 9
0 16
0 32
0 42
0 46
0 51
0 54
0 55
0 58
0 64
0 66
0 68
0 71
0 73
0 74
0 76
0 78
0 80
0 82
0 87
0 89
0 91
0 93
0 96
0 98
0 99
0 105
0 107
0 108
0 122
0 123
0 124
0 133
0 137
0 146
0 147
0 155
0 160
0 164
0 165
0 166
0 169
0 177
0 179
0 180
0 186
0 190
0 192
0 198
0 202
0 204
0 210
0 219
0 222
0 227
0 233
0 234
0 236
0 237
0 245
0 246
0 252
0 255
0 258
0 259
0 261
0 265
0 267
0 272
0 278
0 279
0 280
0 287
0 288
0 294
0 296
0 301
0 304
0 305
0 306
0 313
0 314
0 315
0 316
0 319
0 325
0 326
0 328
0 334
0 335
0 336
0 337
0 339
0 341
0 345
0 349
0 350
0 354
0 358
0 362
0 365
0 366
0 369
0 375
0 378
0 381
0 384
0 387
0 395
0 396
0 398
0 400
0 411
0 414
0 415
0 418
0 419
0 423
0 424
0 425
0 432
0 433
0 434
0 439
0 440
0 446
0 453
0 456
0 458
0 459
0 462
0 468
0 470
0 472
0 475
0 478
0 479
0 484
0 485
0 487
0 489
1 494
2 13
2 85
2 157
2 251
2 269
3 4
3 36
3 162
3 324
3 372
3 483
4 494
5 1
5 118
5 310
5 372
5 392
6 142
6 438
7 29
7 49
7 213
7 214
8 18
8 53
8 168
8 178
8 321
8 449
9 180
9 484
10 3
10 36
10 187
10 250
10 269
11 163
11 260
11 399
11 438
12 130
12 302
12 357
12 399
13 34
13 189
13 310
14 85
14 239
15 4
15 85
15 324
15 436
15 465
15 483
16 349
16 408
16 424
16 454
17 15
17 41
18 15
18 392
19 36
19 226
19 230
19 321
19 452
20 77
20 168
20 199
20 293
20 357
21 208
21 303
21 348
22 5
22 112
22 187
23 79
23 125
23 290
23 449
24 178
24 264
25 114
25 139
25 201
25 308
25 441
26 113
26 135
26 195
26 241
26 330
27 1
27 36
27 162
27 239
28 114
28 377
28 383
28 399
28 442
29 119
29 191
29 228
30 4
30 18
30 142
30 209
30 298
31 224
31 244
32 36
32 49
32 114
32 131
32 182
32 430
33 81
33 127
33 422
34 494
35 5
35 38
35 69
35 189
36 494
37 18
37 172
37 209
37 264
37 269
37 376
38 239
38 283
38 436
38 442
39 81
39 100
39 172
39 338
39 435
40 128
40 207
40 285
41 38
41 471
42 34
42 48
42 337
42 388
43 81
43 86
43 442
44 153
44 201
44 266
45 37
45 188
45 209
45 276
46 55
46 121
47 24
47 34
47 56
48 187
48 264
48 308
49 420
49 449
50 300
50 377
51 18
51 376
52 211
52 248
52 353
52 399
52 431
53 130
53 322
53 473
54 18
54 461
55 13
55 116
55 207
55 285
55 360
56 1
56 4
56 36
57 187
57 242
58 71
58 125
58 300
59 101
59 102
59 308
59 413
59 467
60 36
60 268
60 332
60 371
60 465
61 207
61 329
62 35
62 43
62 106
62 152
62 213
62 379
63 159
63 254
63 471
64 110
64 117
64 142
64 260
64 282
64 425
65 88
65 212
66 44
66 119
66 151
66 349
66 392
66 401
67 29
67 94
67 162
67 344
67 403
67 442
68 90
68 104
68 195
69 36
69 118
69 189
69 392
70 157
70 491
71 29
71 89
71 235
71 307
72 143
72 454
73 20
73 261
73 290
73 480
73 482
74 20
74 59
74 115
74 157
74 215
74 357
75 187
75 405
75 408
75 457
76 4
76 53
76 113
76 189
76 222
76 320
77 11
77 427
78 97
78 153
78 448
79 37
79 228
80 22
80 488
81 67
81 225
81 260
82 95
82 118
82 131
82 198
82 264
83 332
83 377
84 67
84 230
84 373
85 494
86 1
86 56
86 399
87 131
87 484
88 69
88 269
88 327
88 481
89 176
89 277
90 213
90 303
90 430
91 63
91 148
91 157
92 70
92 158
92 225
92 320
92 367
92 469
93 37
93 194
93 204
93 238
93 430
93 469
94 10
94 332
94 344
95 158
95 254
96 43
96 112
96 163
96 389
96 483
97 1
97 27
98 157
98 342
98 416
99 34
99 195
99 223
99 430
100 56
100 242
100 251
101 30
101 119
101 327
101 442
102 262
102 273
102 292
102 317
103 41
103 199
103 327
104 5
104 27
104 225
104 239
105 19
105 31
105 269
105 336
105 386
106 118
106 260
106 289
106 332
107 59
107 383
108 25
108 454
109 110
109 295
109 447
109 448
110 41
110 67
110 113
110 187
110 230
111 37
111 142
111 243
111 338
111 481
112 15
112 88
112 181
112 248
112 329
112 371
113 49
113 145
113 401
114 118
114 189
114 436
115 213
115 368
116 161
116 317
117 100
117 181
117 250
117 285
117 290
117 394
118 494
119 118
119 257
119 308
119 310
119 351
119 481
120 194
120 213
120 283
121 24
121 144
121 399
121 490
122 193
122 217
122 224
122 307
122 433
122 481
123 14
123 37
123 159
124 42
124 141
124 211
124 224
125 156
125 331
125 389
126 72
126 178
126 355
126 404
126 416
127 19
127 38
127 171
127 310
127 483
128 23
128 140
128 161
128 285
128 455
128 483
129 53
129 113
129 139
129 157
129 422
130 209
130 402
131 1
131 2
131 254
131 264
131 422
132 4
132 11
132 49
132 241
132 303
133 25
133 193
133 262
133 469
134 4
134 69
134 332
134 351
135 162
135 471
136 45
136 286
137 5
137 39
137 56
137 250
137 260
137 410
138 116
138 228
138 303
138 422
139 48
139 86
139 248
139 254
140 8
140 81
140 359
141 1
141 94
141 188
141 274
141 377
141 393
142 2
142 97
142 189
142 269
142 308
143 49
143 145
143 238
143 275
143 481
144 116
144 163
145 134
145 364
145 476
146 194
146 262
147 207
147 299
148 156
148 178
148 189
149 207
149 360
149 443
150 13
150 15
150 298
150 307
150 333
150 473
151 25
151 154
151 156
152 53
152 281
152 386
152 402
152 443
153 344
153 351
153 420
153 483
154 85
154 159
154 256
154 344
155 145
155 274
155 281
155 306
155 329
156 106
156 225
156 289
156 322
156 385
156 406
157 85
157 118
157 392
157 465
157 483
158 61
158 118
158 292
158 307
158 331
159 27
159 162
159 264
159 351
159 392
159 465
160 37
160 110
160 244
160 466
160 477
161 228
161 239
161 442
162 494
163 329
163 465
164 216
164 281
164 424
164 451
165 37
165 50
165 194
165 309
165 402
165 482
166 172
166 238
166 320
166 403
166 406
166 459
167 131
167 253
167 421
168 175
168 264
169 67
169 94
169 203
169 277
170 344
170 402
170 436
171 196
171 295
171 403
172 14
172 188
172 264
172 329
173 36
173 56
173 214
173 282
173 372
174 14
174 15
174 118
174 264
174 442
175 85
175 332
176 130
176 239
177 148
177 204
178 3
178 10
178 34
178 189
178 394
179 96
179 112
179 260
179 385
179 472
179 479
180 25
180 215
181 114
181 187
181 377
182 106
182 254
182 284
182 298
183 120
183 292
183 353
183 473
184 4
184 37
184 281
185 172
185 257
186 29
186 317
187 85
187 189
187 239
187 436
187 465
188 1
188 4
188 465
189 494
190 196
190 315
190 391
190 452
191 4
191 176
191 268
191 465
192 83
192 200
192 268
192 366
192 473
193 79
193 320
193 492
194 184
194 269
195 254
195 464
196 112
196 118
196 251
196 367
197 37
197 53
197 208
197 254
197 285
197 289
198 256
198 291
199 48
199 86
199 310
199 402
199 405
199 442
200 2
200 18
200 257
200 405
201 172
201 174
201 207
201 214
201 274
201 359
202 31
202 183
202 254
202 261
202 427
203 120
203 359
204 13
204 116
204 201
204 438
204 441
205 168
205 232
206 21
206 69
206 481
207 86
207 97
208 36
208 298
209 56
209 114
209 187
209 351
209 372
209 493
210 26
210 383
211 57
211 346
212 50
212 70
212 185
212 193
212 206
212 483
213 83
213 86
213 145
213 178
214 56
214 162
214 207
214 282
214 289
214 371
215 95
215 110
215 302
216 181
216 303
216 360
217 79
217 174
217 242
217 268
217 364
218 110
218 182
218 403
218 452
218 461
219 20
219 156
219 157
219 486
220 47
220 103
220 159
220 183
220 361
221 27
221 289
222 135
222 196
222 203
222 319
223 38
223 184
223 238
223 483
224 145
224 231
224 364
224 466
225 15
225 239
225 361
225 372
225 399
226 14
226 207
226 274
226 348
226 389
227 104
227 142
227 221
227 260
227 473
228 48
228 118
228 372
229 94
229 110
229 271
229 367
229 449
230 57
230 116
230 359
230 401
230 422
230 476
231 2
231 209
232 11
232 41
232 159
232 181
232 399
232 412
233 25
233 62
233 148
233 317
233 327
234 196
234 225
235 63
235 149
236 85
236 279
237 131
237 251
238 97
238 100
238 114
238 251
238 371
238 491
239 494
240 53
240 217
240 360
240 403
240 412
240 486
241 228
241 309
241 330
241 370
241 420
241 451
242 162
242 471
242 483
243 156
243 257
243 343
243 405
244 159
244 344
244 412
244 420
244 455
245 32
245 489
246 30
246 163
246 217
246 231
246 243
246 257
247 86
247 327
248 15
248 36
248 157
248 327
248 394
249 13
249 163
249 239
249 290
250 189
250 239
250 372
250 436
251 118
251 162
251 239
251 372
251 436
251 465
252 15
252 68
252 110
252 171
252 188
252 405
253 8
253 69
253 207
253 213
253 225
253 417
254 114
254 281
254 324
255 106
255 449
256 1
256 34
256 250
256 353
256 420
256 449
257 174
257 209
257 239
257 351
257 392
257 493
258 47
258 253
258 436
258 480
259 151
259 422
259 429
259 461
260 85
260 162
260 239
260 483
261 200
261 361
262 18
262 216
262 344
262 376
262 442
263 30
263 175
264 1
264 189
264 392
264 465
265 185
265 203
265 323
265 442
266 209
266 331
266 344
267 203
267 382
267 461
268 85
268 131
268 157
268 257
268 322
268 380
269 1
269 4
269 483
270 31
270 101
270 293
271 97
271 221
272 29
272 79
272 181
272 444
272 492
273 3
273 18
273 97
273 142
273 173
273 373
274 69
274 85
274 188
274 281
274 346
275 281
275 290
276 15
276 257
277 30
277 175
277 360
277 392
278 15
278 88
278 244
278 285
278 420
279 293
279 343
279 364
279 383
279 406
279 493
280 120
280 150
280 232
280 256
280 444
281 1
281 14
282 118
282 283
282 377
283 441
283 442
284 285
284 308
284 344
285 4
285 85
285 189
285 371
285 393
285 449
286 15
286 178
286 241
287 85
287 344
287 377
287 401
288 12
288 90
288 92
288 111
288 277
288 445
289 13
289 15
289 264
289 310
289 465
289 493
290 27
290 251
290 310
290 377
290 392
291 15
291 118
291 281
291 442
292 8
292 61
292 181
292 260
292 431
293 14
293 86
293 223
293 347
293 443
294 72
294 224
294 374
295 57
295 60
295 61
295 299
295 364
295 380
296 228
296 329
296 435
297 77
297 112
297 136
297 283
297 482
298 4
298 242
298 332
298 405
298 436
298 471
299 34
299 100
299 114
299 282
299 464
299 493
300 57
300 85
300 291
300 442
301 152
301 198
301 302
301 346
301 367
302 86
302 94
302 143
302 231
302 374
303 4
303 69
303 114
303 291
303 379
303 399
304 266
304 298
305 116
305 173
305 320
305 441
306 53
306 97
306 211
306 322
306 344
306 392
307 1
307 181
307 493
308 3
308 13
308 15
308 56
308 187
308 251
309 35
309 37
309 101
309 238
309 451
310 494
311 145
311 195
311 229
311 393
312 44
312 77
312 215
312 493
313 2
313 217
313 230
313 295
313 323
314 263
314 329
315 11
315 152
315 194
315 200
315 223
315 361
316 304
316 427
316 461
317 18
317 56
317 242
317 283
317 338
318 84
318 195
318 298
319 1
319 2
319 49
319 172
319 283
319 338
320 3
320 114
320 275
320 405
321 100
321 118
321 207
321 264
321 282
321 449
322 134
322 251
322 344
322 361
322 385
323 8
323 45
323 153
323 321
323 392
323 442
324 494
325 126
325 135
325 153
325 331
325 437
326 132
326 394
327 4
327 15
327 34
327 181
327 188
327 491
328 224
328 323
328 329
328 340
328 373
328 463
329 36
329 465
330 18
330 139
330 285
330 348
330 376
331 15
331 134
331 257
331 353
331 455
331 491
332 1
332 34
332 162
332 310
332 324
332 372
333 27
333 67
333 292
334 269
334 299
335 81
335 169
335 264
335 266
335 442
336 22
336 139
336 145
336 197
336 262
336 277
337 149
337 201
337 481
338 1
338 85
338 372
339 50
339 151
339 343
339 396
340 41
340 116
340 275
341 159
341 342
342 225
342 299
343 18
343 185
343 239
343 262
343 281
343 310
344 14
344 114
344 162
344 324
345 57
345 157
345 250
345 307
345 389
346 118
346 239
346 269
346 471
346 483
347 104
347 359
347 473
348 27
348 254
349 161
349 411
349 420
350 100
350 260
351 324
351 392
352 189
352 376
353 3
353 15
353 281
353 310
353 483
354 5
354 148
354 159
354 189
354 364
355 13
355 159
355 208
355 376
355 422
356 141
356 281
356 406
357 4
357 117
357 145
357 289
357 347
357 377
358 71
358 135
358 455
359 1
359 114
359 178
359 385
359 420
359 465
360 254
360 361
360 465
360 493
361 85
361 483
362 65
362 75
362 85
362 112
362 340
363 17
363 238
363 249
363 262
363 268
364 162
364 303
365 111
365 416
365 450
366 52
366 196
366 247
366 417
367 172
367 188
367 199
367 248
367 353
368 52
368 145
368 163
368 412
368 438
369 52
369 92
369 159
369 182
369 188
369 287
370 3
370 8
370 18
370 182
370 221
370 430
371 1
371 239
371 372
371 483
372 494
373 161
373 317
373 491
374 41
374 250
374 253
374 493
375 51
375 57
375 329
376 332
376 372
377 4
377 310
377 372
377 392
377 436
378 21
378 77
378 185
378 253
378 466
379 4
379 392
379 483
380 187
380 250
380 329
380 377
380 399
381 33
381 213
381 323
381 491
382 69
382 159
382 203
382 342
382 465
382 492
383 45
383 157
383 260
383 403
384 30
384 105
384 162
384 409
384 420
384 473
385 13
385 174
385 377
385 422
386 142
386 209
386 290
386 324
386 367
387 8
387 129
387 348
387 407
388 182
388 309
389 27
389 181
389 254
389 412
389 443
390 150
390 232
390 283
390 360
390 460
391 247
391 308
391 323
392 494
393 57
393 481
394 239
394 310
395 240
395 307
396 256
396 319
396 391
397 196
397 251
397 256
397 493
398 27
398 48
398 438
398 489
399 189
399 372
400 71
400 330
400 441
400 471
401 187
401 199
401 436
401 464
402 69
402 114
402 260
402 332
402 449
402 493
403 60
403 83
403 207
403 327
404 45
404 162
404 353
404 383
404 482
405 18
405 371
406 2
406 225
406 260
406 361
407 17
407 33
407 386
407 450
407 463
408 21
408 187
409 88
409 153
409 282
409 436
410 292
410 356
410 391
410 413
411 182
411 196
412 142
412 188
412 200
412 211
412 380
412 493
413 100
413 121
413 162
413 412
413 464
414 113
414 229
414 401
414 426
414 474
414 481
415 33
415 45
415 293
415 304
415 370
415 444
416 15
416 103
416 428
417 4
417 5
417 189
417 303
417 317
417 361
418 60
418 121
418 298
418 378
418 392
419 11
419 189
420 5
420 27
420 157
420 264
420 377
420 436
421 130
421 205
421 218
421 311
421 449
421 480
422 56
422 69
422 251
422 332
423 36
423 109
423 302
424 21
424 195
424 291
425 282
425 401
426 157
426 254
426 285
426 379
426 416
426 474
427 21
427 149
427 455
428 57
428 431
429 8
429 94
429 207
430 154
430 221
431 48
431 221
431 268
432 167
432 170
432 347
433 34
433 69
433 425
434 163
434 235
434 266
434 312
434 318
434 397
435 49
435 116
435 223
435 310
436 494
437 36
437 70
437 106
437 111
437 359
437 441
438 15
438 347
438 361
438 376
438 379
439 40
439 197
439 360
440 7
440 13
440 322
440 404
441 85
441 310
441 324
441 436
441 465
441 483
442 34
442 162
443 94
443 100
443 157
443 260
443 324
443 329
444 61
444 145
445 138
445 182
445 200
445 307
445 388
445 394
446 45
446 220
447 41
447 141
448 152
448 226
448 266
448 310
449 85
449 118
449 162
449 372
449 483
450 1
450 24
450 248
450 285
450 409
450 449
451 56
451 60
451 139
451 285
451 436
451 473
452 27
452 247
452 268
452 403
453 168
453 191
453 223
453 274
454 50
454 60
454 81
455 153
455 238
455 256
455 264
455 276
455 348
456 60
456 181
456 406
457 134
457 322
457 332
457 422
458 355
458 390
458 477
459 108
459 113
459 451
459 461
460 100
460 310
461 60
461 321
461 329
461 351
462 136
462 264
462 295
463 101
463 112
463 140
463 270
464 10
464 157
464 264
464 483
465 494
466 27
466 209
467 276
467 402
467 486
468 124
468 163
468 340
468 413
469 221
469 355
469 474
469 481
470 171
470 226
470 462
470 467
471 118
471 239
471 310
472 2
472 53
473 1
473 289
473 327
473 351
473 436
474 13
474 154
474 276
474 409
475 46
475 96
475 136
475 177
475 364
475 474
476 83
476 269
477 86
477 385
477 481
478 43
478 132
478 174
478 201
478 240
478 363
479 117
479 295
479 396
479 447
480 156
480 248
481 85
481 162
481 264
481 420
482 31
482 260
482 393
482 466
483 494
484 284
484 372
484 420
484 436
485 96
485 276
485 302
485 413
486 1
486 28
486 47
486 115
486 148
487 142
487 189
487 275
487 348
487 461
488 62
488 207
488 297
488 344
488 352
489 85
489 139
490 37
490 50
490 230
490 348
491 251
491 449
491 471
492 45
492 85
492 171
492 380
492 406
492 465
493 1
493 4
493 162
493 189
493 310
