# Tier 7 (Very Large) - Instance 81
# Generated with config: N=405, K=3, topology=grid, calendar=staggered

# HEADER: <num_tasks> <num_types> <num_units>
407 3 21

# RESOURCE TYPES
# Format: <type_id> <num_units> <unit_id1> <unit_id2> ...
0 7 0 1 2 3 4 5 6
1 7 7 8 9 10 11 12 13
2 7 14 15 16 17 18 19 20

# RESOURCE UNITS (Calendars)
# Format: <unit_id> <num_steps> <t1> <v1> <t2> <v2> ...
0 27 0 100 1 0 26 100 317 0 344 100 630 0 658 100 947 0 973 100 1259 0 1285 100 1574 0 1599 100 1889 0 1915 100 2204 0 2229 100 2516 0 2543 100 2832 0 2858 100 3148 0 3173 100 3464 0 3489 100 3779 0 4106 0
1 27 0 100 13 0 55 100 327 0 373 100 645 0 689 100 958 0 1001 100 1273 0 1316 100 1586 0 1628 100 1900 0 1943 100 2215 0 2260 100 2529 0 2573 100 2842 0 2887 100 3159 0 3204 100 3473 0 3519 100 3791 0 4106 0
2 27 0 100 28 0 84 100 345 0 399 100 660 0 714 100 976 0 1028 100 1289 0 1345 100 1603 0 1659 100 1921 0 1977 100 2239 0 2295 100 2556 0 2610 100 2869 0 2923 100 3184 0 3240 100 3502 0 3558 100 3820 0 4106 0
3 27 0 100 43 0 96 100 355 0 408 100 670 0 724 100 987 0 1040 100 1302 0 1353 100 1615 0 1667 100 1927 0 1980 100 2241 0 2294 100 2554 0 2608 100 2872 0 2926 100 3187 0 3238 100 3502 0 3555 100 3817 0 4106 0
4 27 0 100 61 0 114 100 375 0 428 100 687 0 742 100 1005 0 1058 100 1319 0 1374 100 1637 0 1693 100 1952 0 2008 100 2269 0 2324 100 2584 0 2640 100 2900 0 2953 100 3211 0 3267 100 3526 0 3579 100 3838 0 4106 0
5 27 0 100 75 0 105 100 388 0 416 100 703 0 731 100 1014 0 1046 100 1331 0 1363 100 1647 0 1678 100 1960 0 1989 100 2272 0 2303 100 2589 0 2620 100 2902 0 2932 100 3218 0 3247 100 3529 0 3561 100 3846 0 4106 0
6 27 0 100 91 0 142 100 405 0 456 100 723 0 774 100 1039 0 1087 100 1351 0 1400 100 1666 0 1717 100 1981 0 2031 100 2296 0 2344 100 2610 0 2659 100 2926 0 2976 100 3239 0 3289 100 3554 0 3604 100 3868 0 4106 0
7 27 0 100 105 0 160 100 418 0 475 100 735 0 791 100 1050 0 1104 100 1366 0 1423 100 1681 0 1734 100 1997 0 2051 100 2313 0 2369 100 2627 0 2683 100 2943 0 2998 100 3257 0 3310 100 3567 0 3622 100 3883 0 4106 0
8 27 0 100 121 0 148 100 432 0 462 100 745 0 776 100 1063 0 1092 100 1379 0 1406 100 1693 0 1721 100 2005 0 2036 100 2323 0 2351 100 2640 0 2671 100 2959 0 2986 100 3273 0 3304 100 3589 0 3618 100 3902 0 4106 0
9 27 0 100 134 0 162 100 449 0 475 100 761 0 790 100 1075 0 1102 100 1389 0 1415 100 1703 0 1729 100 2015 0 2042 100 2331 0 2359 100 2647 0 2672 100 2961 0 2987 100 3272 0 3299 100 3588 0 3617 100 3902 0 4106 0
10 27 0 100 151 0 180 100 466 0 496 100 778 0 807 100 1089 0 1118 100 1405 0 1434 100 1717 0 1747 100 2034 0 2065 100 2347 0 2378 100 2665 0 2696 100 2978 0 3010 100 3297 0 3326 100 3613 0 3643 100 3927 0 4106 0
11 27 0 100 163 0 198 100 482 0 516 100 799 0 834 100 1116 0 1152 100 1432 0 1464 100 1745 0 1781 100 2062 0 2096 100 2376 0 2408 100 2689 0 2725 100 3004 0 3039 100 3322 0 3356 100 3635 0 3667 100 3946 0 4106 0
12 27 0 100 179 0 218 100 493 0 532 100 807 0 848 100 1121 0 1162 100 1439 0 1481 100 1757 0 1796 100 2068 0 2107 100 2381 0 2423 100 2699 0 2740 100 3016 0 3057 100 3333 0 3371 100 3648 0 3689 100 3966 0 4106 0
13 27 0 100 196 0 248 100 512 0 562 100 827 0 877 100 1142 0 1191 100 1457 0 1508 100 1770 0 1823 100 2084 0 2135 100 2399 0 2451 100 2718 0 2768 100 3029 0 3081 100 3343 0 3396 100 3657 0 3706 100 3969 0 4106 0
14 27 0 100 212 0 251 100 526 0 564 100 843 0 881 100 1158 0 1194 100 1471 0 1509 100 1788 0 1824 100 2100 0 2138 100 2415 0 2451 100 2726 0 2764 100 3042 0 3080 100 3355 0 3393 100 3668 0 3703 100 3978 0 4106 0
15 27 0 100 224 0 265 100 536 0 577 100 850 0 891 100 1164 0 1207 100 1479 0 1522 100 1795 0 1835 100 2111 0 2152 100 2428 0 2471 100 2744 0 2786 100 3058 0 3099 100 3370 0 3412 100 3686 0 3726 100 4001 0 4106 0
16 27 0 100 241 0 286 100 553 0 597 100 867 0 910 100 1179 0 1225 100 1496 0 1541 100 1811 0 1856 100 2123 0 2166 100 2434 0 2478 100 2749 0 2794 100 3064 0 3109 100 3381 0 3425 100 3693 0 3737 100 4004 0 4106 0
17 27 0 100 255 0 310 100 570 0 624 100 885 0 940 100 1201 0 1258 100 1515 0 1572 100 1835 0 1888 100 2146 0 2199 100 2458 0 2515 100 2774 0 2829 100 3087 0 3141 100 3401 0 3458 100 3719 0 3776 100 4036 0 4106 0
18 27 0 100 271 0 306 100 585 0 617 100 897 0 933 100 1215 0 1248 100 1530 0 1565 100 1847 0 1880 100 2160 0 2194 100 2477 0 2509 100 2791 0 2824 100 3102 0 3136 100 3418 0 3453 100 3737 0 3771 100 4052 0 4106 0
19 27 0 100 284 0 322 100 602 0 637 100 915 0 951 100 1230 0 1267 100 1544 0 1583 100 1861 0 1897 100 2174 0 2210 100 2487 0 2526 100 2804 0 2842 100 3117 0 3156 100 3435 0 3472 100 3752 0 3791 100 4066 0 4106 0
20 27 0 100 301 0 337 100 616 0 653 100 933 0 971 100 1248 0 1287 100 1565 0 1600 100 1878 0 1916 100 2196 0 2233 100 2510 0 2547 100 2826 0 2863 100 3141 0 3179 100 3459 0 3496 100 3771 0 3808 100 4086 0 4106 0

# TASKS
# Format: <task_id> <size> <num_reqs>
# Then for each requirement: <type_id> <qty>
0 0 3
 0 0
 1 0
 2 0
1 13 3
 0 0
 1 2
 2 2
2 10 3
 0 2
 1 1
 2 3
3 12 3
 0 2
 1 1
 2 2
4 13 3
 0 0
 1 2
 2 2
5 16 3
 0 0
 1 3
 2 2
6 19 3
 0 0
 1 3
 2 3
7 13 3
 0 1
 1 0
 2 0
8 6 3
 0 3
 1 0
 2 0
9 7 3
 0 3
 1 1
 2 1
10 3 3
 0 0
 1 2
 2 0
11 17 3
 0 2
 1 0
 2 1
12 19 3
 0 0
 1 2
 2 0
13 7 3
 0 1
 1 0
 2 0
14 1 3
 0 0
 1 2
 2 0
15 9 3
 0 0
 1 3
 2 2
16 20 3
 0 1
 1 3
 2 3
17 20 3
 0 3
 1 0
 2 0
18 10 3
 0 0
 1 0
 2 3
19 12 3
 0 0
 1 1
 2 3
20 14 3
 0 3
 1 2
 2 2
21 12 3
 0 2
 1 2
 2 2
22 20 3
 0 1
 1 0
 2 0
23 9 3
 0 1
 1 0
 2 0
24 14 3
 0 2
 1 2
 2 2
25 17 3
 0 2
 1 2
 2 1
26 8 3
 0 0
 1 2
 2 2
27 1 3
 0 2
 1 1
 2 3
28 18 3
 0 2
 1 2
 2 0
29 2 3
 0 1
 1 0
 2 0
30 2 3
 0 2
 1 1
 2 0
31 10 3
 0 2
 1 0
 2 2
32 17 3
 0 2
 1 0
 2 0
33 20 3
 0 2
 1 0
 2 0
34 19 3
 0 1
 1 0
 2 1
35 5 3
 0 0
 1 1
 2 1
36 16 3
 0 0
 1 0
 2 3
37 9 3
 0 1
 1 0
 2 0
38 8 3
 0 2
 1 3
 2 0
39 1 3
 0 3
 1 1
 2 0
40 6 3
 0 3
 1 2
 2 0
41 20 3
 0 1
 1 0
 2 0
42 5 3
 0 0
 1 1
 2 2
43 6 3
 0 0
 1 0
 2 1
44 4 3
 0 2
 1 0
 2 0
45 3 3
 0 1
 1 2
 2 0
46 18 3
 0 0
 1 1
 2 0
47 14 3
 0 2
 1 0
 2 2
48 20 3
 0 2
 1 2
 2 2
49 14 3
 0 3
 1 0
 2 0
50 2 3
 0 1
 1 1
 2 0
51 14 3
 0 3
 1 2
 2 1
52 13 3
 0 0
 1 0
 2 3
53 16 3
 0 0
 1 0
 2 2
54 19 3
 0 0
 1 3
 2 3
55 15 3
 0 1
 1 0
 2 2
56 8 3
 0 2
 1 1
 2 2
57 2 3
 0 3
 1 1
 2 3
58 5 3
 0 1
 1 2
 2 0
59 15 3
 0 3
 1 0
 2 1
60 7 3
 0 3
 1 3
 2 1
61 7 3
 0 0
 1 2
 2 0
62 9 3
 0 1
 1 0
 2 3
63 15 3
 0 3
 1 3
 2 3
64 7 3
 0 3
 1 3
 2 1
65 11 3
 0 3
 1 2
 2 3
66 10 3
 0 0
 1 0
 2 1
67 6 3
 0 3
 1 1
 2 1
68 14 3
 0 1
 1 1
 2 0
69 8 3
 0 0
 1 0
 2 1
70 17 3
 0 3
 1 3
 2 1
71 20 3
 0 3
 1 1
 2 3
72 16 3
 0 2
 1 2
 2 3
73 16 3
 0 2
 1 1
 2 0
74 5 3
 0 0
 1 2
 2 1
75 7 3
 0 0
 1 1
 2 0
76 8 3
 0 1
 1 1
 2 1
77 8 3
 0 0
 1 3
 2 1
78 6 3
 0 2
 1 3
 2 2
79 10 3
 0 1
 1 0
 2 0
80 9 3
 0 0
 1 1
 2 2
81 5 3
 0 1
 1 0
 2 0
82 5 3
 0 0
 1 0
 2 3
83 2 3
 0 2
 1 1
 2 2
84 13 3
 0 0
 1 2
 2 0
85 13 3
 0 0
 1 0
 2 3
86 11 3
 0 1
 1 0
 2 0
87 4 3
 0 1
 1 1
 2 0
88 14 3
 0 2
 1 2
 2 1
89 18 3
 0 0
 1 0
 2 1
90 19 3
 0 0
 1 1
 2 3
91 1 3
 0 0
 1 2
 2 0
92 14 3
 0 0
 1 0
 2 1
93 3 3
 0 1
 1 2
 2 0
94 20 3
 0 3
 1 1
 2 0
95 1 3
 0 3
 1 2
 2 1
96 14 3
 0 3
 1 0
 2 1
97 15 3
 0 3
 1 3
 2 1
98 19 3
 0 0
 1 3
 2 2
99 4 3
 0 0
 1 1
 2 1
100 2 3
 0 2
 1 2
 2 1
101 12 3
 0 2
 1 2
 2 3
102 6 3
 0 3
 1 1
 2 0
103 4 3
 0 2
 1 0
 2 0
104 20 3
 0 0
 1 1
 2 2
105 19 3
 0 2
 1 0
 2 0
106 6 3
 0 2
 1 0
 2 0
107 5 3
 0 3
 1 3
 2 0
108 5 3
 0 2
 1 1
 2 1
109 10 3
 0 1
 1 1
 2 0
110 16 3
 0 0
 1 2
 2 2
111 16 3
 0 0
 1 2
 2 3
112 1 3
 0 0
 1 3
 2 1
113 7 3
 0 0
 1 1
 2 0
114 3 3
 0 0
 1 0
 2 2
115 7 3
 0 3
 1 1
 2 0
116 15 3
 0 2
 1 1
 2 0
117 19 3
 0 0
 1 1
 2 0
118 10 3
 0 3
 1 0
 2 0
119 15 3
 0 3
 1 1
 2 3
120 8 3
 0 0
 1 0
 2 1
121 11 3
 0 0
 1 3
 2 3
122 9 3
 0 3
 1 2
 2 0
123 19 3
 0 3
 1 2
 2 0
124 4 3
 0 0
 1 1
 2 1
125 7 3
 0 2
 1 0
 2 2
126 8 3
 0 0
 1 3
 2 1
127 9 3
 0 0
 1 3
 2 1
128 20 3
 0 1
 1 2
 2 0
129 13 3
 0 0
 1 2
 2 0
130 10 3
 0 0
 1 2
 2 0
131 18 3
 0 2
 1 1
 2 2
132 1 3
 0 1
 1 0
 2 0
133 15 3
 0 0
 1 0
 2 3
134 3 3
 0 1
 1 0
 2 0
135 14 3
 0 1
 1 1
 2 0
136 4 3
 0 0
 1 2
 2 0
137 12 3
 0 0
 1 1
 2 0
138 11 3
 0 0
 1 3
 2 3
139 18 3
 0 2
 1 1
 2 0
140 1 3
 0 3
 1 1
 2 0
141 20 3
 0 0
 1 0
 2 3
142 19 3
 0 1
 1 2
 2 3
143 16 3
 0 2
 1 0
 2 2
144 5 3
 0 1
 1 2
 2 0
145 17 3
 0 3
 1 0
 2 2
146 3 3
 0 1
 1 0
 2 2
147 16 3
 0 2
 1 0
 2 1
148 3 3
 0 0
 1 0
 2 3
149 4 3
 0 2
 1 0
 2 0
150 19 3
 0 3
 1 1
 2 0
151 3 3
 0 0
 1 0
 2 2
152 19 3
 0 0
 1 0
 2 2
153 7 3
 0 0
 1 3
 2 1
154 19 3
 0 3
 1 2
 2 3
155 7 3
 0 1
 1 0
 2 0
156 9 3
 0 0
 1 3
 2 0
157 17 3
 0 0
 1 1
 2 1
158 16 3
 0 1
 1 0
 2 2
159 10 3
 0 3
 1 1
 2 0
160 14 3
 0 0
 1 0
 2 1
161 6 3
 0 0
 1 0
 2 1
162 8 3
 0 1
 1 3
 2 0
163 13 3
 0 2
 1 0
 2 0
164 5 3
 0 1
 1 0
 2 1
165 10 3
 0 0
 1 0
 2 1
166 2 3
 0 3
 1 0
 2 3
167 20 3
 0 2
 1 3
 2 3
168 6 3
 0 3
 1 1
 2 2
169 5 3
 0 0
 1 0
 2 3
170 13 3
 0 0
 1 0
 2 1
171 11 3
 0 1
 1 0
 2 0
172 19 3
 0 2
 1 2
 2 1
173 3 3
 0 2
 1 1
 2 3
174 10 3
 0 2
 1 0
 2 2
175 2 3
 0 2
 1 3
 2 2
176 8 3
 0 0
 1 1
 2 0
177 7 3
 0 0
 1 3
 2 1
178 15 3
 0 2
 1 0
 2 2
179 13 3
 0 0
 1 1
 2 0
180 18 3
 0 2
 1 0
 2 2
181 7 3
 0 3
 1 3
 2 1
182 17 3
 0 3
 1 0
 2 0
183 6 3
 0 0
 1 0
 2 1
184 8 3
 0 0
 1 3
 2 1
185 9 3
 0 1
 1 0
 2 0
186 16 3
 0 0
 1 3
 2 0
187 10 3
 0 0
 1 0
 2 1
188 17 3
 0 3
 1 1
 2 2
189 15 3
 0 3
 1 2
 2 0
190 2 3
 0 1
 1 0
 2 2
191 18 3
 0 2
 1 1
 2 1
192 9 3
 0 0
 1 0
 2 1
193 10 3
 0 3
 1 1
 2 0
194 5 3
 0 2
 1 0
 2 0
195 12 3
 0 1
 1 0
 2 0
196 17 3
 0 0
 1 3
 2 0
197 9 3
 0 1
 1 3
 2 0
198 10 3
 0 0
 1 0
 2 2
199 14 3
 0 0
 1 0
 2 2
200 1 3
 0 0
 1 3
 2 1
201 7 3
 0 2
 1 2
 2 1
202 10 3
 0 0
 1 0
 2 3
203 6 3
 0 0
 1 0
 2 3
204 7 3
 0 0
 1 0
 2 1
205 12 3
 0 0
 1 1
 2 0
206 14 3
 0 2
 1 1
 2 3
207 7 3
 0 0
 1 3
 2 3
208 4 3
 0 1
 1 1
 2 3
209 15 3
 0 0
 1 1
 2 0
210 17 3
 0 0
 1 1
 2 0
211 19 3
 0 0
 1 1
 2 1
212 15 3
 0 1
 1 1
 2 0
213 9 3
 0 0
 1 2
 2 1
214 18 3
 0 0
 1 2
 2 0
215 10 3
 0 0
 1 2
 2 2
216 9 3
 0 2
 1 0
 2 0
217 8 3
 0 1
 1 0
 2 0
218 15 3
 0 3
 1 3
 2 3
219 5 3
 0 1
 1 1
 2 0
220 19 3
 0 0
 1 0
 2 2
221 13 3
 0 3
 1 2
 2 1
222 5 3
 0 3
 1 0
 2 3
223 16 3
 0 3
 1 2
 2 3
224 11 3
 0 1
 1 2
 2 1
225 20 3
 0 1
 1 3
 2 3
226 7 3
 0 0
 1 3
 2 0
227 20 3
 0 0
 1 1
 2 3
228 9 3
 0 1
 1 1
 2 2
229 12 3
 0 3
 1 2
 2 2
230 9 3
 0 0
 1 3
 2 0
231 10 3
 0 0
 1 0
 2 2
232 11 3
 0 3
 1 0
 2 1
233 1 3
 0 1
 1 2
 2 3
234 5 3
 0 2
 1 1
 2 1
235 12 3
 0 1
 1 2
 2 3
236 2 3
 0 0
 1 1
 2 0
237 13 3
 0 2
 1 2
 2 1
238 15 3
 0 0
 1 0
 2 3
239 8 3
 0 3
 1 1
 2 3
240 14 3
 0 1
 1 0
 2 0
241 15 3
 0 1
 1 3
 2 2
242 18 3
 0 0
 1 2
 2 2
243 5 3
 0 1
 1 2
 2 2
244 5 3
 0 0
 1 2
 2 0
245 13 3
 0 3
 1 0
 2 0
246 7 3
 0 0
 1 1
 2 0
247 19 3
 0 1
 1 0
 2 2
248 13 3
 0 0
 1 1
 2 3
249 16 3
 0 0
 1 3
 2 1
250 2 3
 0 3
 1 2
 2 0
251 7 3
 0 0
 1 3
 2 1
252 15 3
 0 3
 1 1
 2 2
253 3 3
 0 3
 1 0
 2 0
254 1 3
 0 1
 1 3
 2 0
255 9 3
 0 3
 1 0
 2 1
256 15 3
 0 2
 1 1
 2 0
257 10 3
 0 1
 1 0
 2 3
258 11 3
 0 0
 1 2
 2 3
259 9 3
 0 1
 1 3
 2 3
260 16 3
 0 2
 1 3
 2 0
261 5 3
 0 0
 1 3
 2 0
262 1 3
 0 3
 1 1
 2 2
263 3 3
 0 3
 1 3
 2 3
264 16 3
 0 2
 1 1
 2 2
265 11 3
 0 3
 1 2
 2 2
266 20 3
 0 1
 1 1
 2 0
267 9 3
 0 0
 1 2
 2 0
268 10 3
 0 1
 1 1
 2 2
269 4 3
 0 0
 1 1
 2 1
270 12 3
 0 0
 1 1
 2 0
271 18 3
 0 1
 1 2
 2 1
272 4 3
 0 0
 1 1
 2 0
273 11 3
 0 2
 1 0
 2 1
274 20 3
 0 3
 1 0
 2 2
275 7 3
 0 0
 1 3
 2 2
276 14 3
 0 0
 1 2
 2 0
277 1 3
 0 2
 1 3
 2 3
278 6 3
 0 1
 1 3
 2 3
279 7 3
 0 0
 1 0
 2 1
280 16 3
 0 2
 1 3
 2 0
281 18 3
 0 2
 1 0
 2 3
282 16 3
 0 3
 1 2
 2 0
283 12 3
 0 2
 1 2
 2 2
284 19 3
 0 0
 1 0
 2 1
285 16 3
 0 0
 1 0
 2 3
286 12 3
 0 2
 1 0
 2 0
287 11 3
 0 1
 1 1
 2 0
288 5 3
 0 0
 1 0
 2 1
289 20 3
 0 3
 1 2
 2 0
290 14 3
 0 2
 1 2
 2 0
291 17 3
 0 3
 1 3
 2 3
292 13 3
 0 1
 1 0
 2 3
293 2 3
 0 1
 1 0
 2 0
294 1 3
 0 0
 1 1
 2 3
295 5 3
 0 0
 1 2
 2 0
296 19 3
 0 2
 1 0
 2 0
297 18 3
 0 1
 1 1
 2 2
298 10 3
 0 0
 1 0
 2 1
299 3 3
 0 0
 1 0
 2 1
300 16 3
 0 2
 1 0
 2 0
301 13 3
 0 0
 1 3
 2 0
302 11 3
 0 0
 1 0
 2 2
303 19 3
 0 1
 1 2
 2 0
304 14 3
 0 0
 1 2
 2 1
305 12 3
 0 1
 1 0
 2 1
306 1 3
 0 2
 1 1
 2 2
307 18 3
 0 3
 1 0
 2 0
308 3 3
 0 0
 1 1
 2 0
309 10 3
 0 0
 1 3
 2 0
310 13 3
 0 2
 1 0
 2 3
311 2 3
 0 1
 1 1
 2 0
312 5 3
 0 1
 1 0
 2 3
313 9 3
 0 3
 1 0
 2 1
314 20 3
 0 1
 1 3
 2 0
315 11 3
 0 3
 1 2
 2 0
316 3 3
 0 3
 1 1
 2 0
317 10 3
 0 2
 1 0
 2 0
318 19 3
 0 0
 1 0
 2 2
319 8 3
 0 0
 1 2
 2 3
320 20 3
 0 0
 1 2
 2 1
321 5 3
 0 1
 1 0
 2 1
322 14 3
 0 0
 1 2
 2 2
323 17 3
 0 2
 1 0
 2 0
324 14 3
 0 0
 1 1
 2 2
325 17 3
 0 3
 1 0
 2 2
326 7 3
 0 0
 1 0
 2 1
327 19 3
 0 1
 1 1
 2 2
328 12 3
 0 0
 1 1
 2 3
329 14 3
 0 0
 1 3
 2 2
330 7 3
 0 2
 1 1
 2 2
331 10 3
 0 0
 1 0
 2 2
332 10 3
 0 3
 1 0
 2 0
333 2 3
 0 0
 1 1
 2 0
334 9 3
 0 0
 1 3
 2 0
335 14 3
 0 3
 1 2
 2 0
336 17 3
 0 0
 1 2
 2 3
337 4 3
 0 1
 1 2
 2 0
338 3 3
 0 1
 1 0
 2 1
339 18 3
 0 1
 1 0
 2 2
340 7 3
 0 2
 1 0
 2 2
341 18 3
 0 2
 1 2
 2 0
342 3 3
 0 0
 1 3
 2 2
343 13 3
 0 3
 1 2
 2 0
344 15 3
 0 0
 1 3
 2 1
345 3 3
 0 1
 1 3
 2 2
346 9 3
 0 0
 1 3
 2 3
347 5 3
 0 2
 1 0
 2 0
348 19 3
 0 1
 1 1
 2 0
349 7 3
 0 0
 1 1
 2 0
350 9 3
 0 0
 1 0
 2 1
351 16 3
 0 0
 1 1
 2 0
352 12 3
 0 0
 1 3
 2 0
353 6 3
 0 0
 1 1
 2 0
354 1 3
 0 2
 1 3
 2 1
355 19 3
 0 0
 1 3
 2 0
356 8 3
 0 1
 1 2
 2 0
357 19 3
 0 0
 1 3
 2 0
358 9 3
 0 0
 1 2
 2 0
359 11 3
 0 0
 1 1
 2 0
360 6 3
 0 2
 1 0
 2 1
361 2 3
 0 0
 1 2
 2 0
362 7 3
 0 1
 1 3
 2 0
363 4 3
 0 2
 1 0
 2 0
364 20 3
 0 0
 1 2
 2 3
365 19 3
 0 2
 1 2
 2 1
366 10 3
 0 0
 1 1
 2 0
367 7 3
 0 0
 1 0
 2 1
368 3 3
 0 0
 1 3
 2 3
369 8 3
 0 0
 1 0
 2 2
370 20 3
 0 1
 1 0
 2 0
371 1 3
 0 3
 1 0
 2 0
372 15 3
 0 0
 1 0
 2 3
373 5 3
 0 0
 1 0
 2 2
374 6 3
 0 1
 1 3
 2 3
375 6 3
 0 3
 1 1
 2 1
376 11 3
 0 3
 1 1
 2 3
377 10 3
 0 1
 1 0
 2 0
378 3 3
 0 1
 1 0
 2 0
379 13 3
 0 0
 1 1
 2 3
380 2 3
 0 1
 1 2
 2 0
381 7 3
 0 2
 1 0
 2 0
382 11 3
 0 0
 1 3
 2 0
383 8 3
 0 1
 1 0
 2 0
384 4 3
 0 2
 1 1
 2 2
385 10 3
 0 0
 1 2
 2 1
386 6 3
 0 0
 1 1
 2 0
387 8 3
 0 0
 1 1
 2 0
388 1 3
 0 3
 1 0
 2 0
389 10 3
 0 3
 1 3
 2 2
390 15 3
 0 2
 1 1
 2 0
391 3 3
 0 0
 1 3
 2 2
392 11 3
 0 2
 1 3
 2 2
393 8 3
 0 2
 1 0
 2 1
394 16 3
 0 2
 1 0
 2 0
395 5 3
 0 2
 1 0
 2 3
396 18 3
 0 0
 1 1
 2 3
397 20 3
 0 2
 1 0
 2 0
398 19 3
 0 1
 1 3
 2 3
399 3 3
 0 1
 1 0
 2 0
400 20 3
 0 3
 1 0
 2 0
401 9 3
 0 3
 1 0
 2 0
402 1 3
 0 2
 1 2
 2 1
403 2 3
 0 0
 1 2
 2 2
404 2 3
 0 3
 1 0
 2 0
405 9 3
 0 0
 1 3
 2 0
406 0 3
 0 0
 1 0
 2 0

# PRECEDENCES
914
0 1
0 29
0 57
0 85
0 113
0 141
0 169
0 197
0 225
0 253
0 281
0 309
0 337
0 365
0 393
1 2
1 29
2 3
2 30
3 4
3 31
4 5
4 32
5 6
5 33
6 7
6 34
6 35
7 8
7 35
8 9
8 36
8 37
9 10
9 37
10 11
10 38
11 12
11 39
12 13
12 40
12 41
13 14
13 41
13 42
14 15
14 42
15 16
15 43
16 17
16 44
16 45
17 18
17 45
17 46
18 19
18 46
19 20
19 47
20 21
20 48
21 22
21 49
22 23
22 50
23 24
23 51
24 25
24 52
25 26
25 53
26 27
26 54
26 55
27 28
27 55
27 56
28 56
28 406
29 30
29 57
30 31
30 58
30 59
31 32
31 59
31 60
32 33
32 60
32 61
33 34
33 61
33 62
34 35
34 62
35 36
35 63
36 37
36 64
37 38
37 65
38 39
38 66
39 40
39 67
40 41
40 68
40 69
41 42
41 69
42 43
42 70
43 44
43 71
44 45
44 72
45 46
45 73
46 47
46 74
47 48
47 75
47 76
48 49
48 76
49 50
49 77
50 51
50 78
50 79
51 52
51 79
52 53
52 80
53 54
53 81
53 82
54 55
54 82
55 56
55 83
56 84
56 406
57 58
57 85
58 59
58 86
58 87
59 60
59 87
59 88
60 61
60 88
61 62
61 89
61 90
62 63
62 90
63 64
63 91
64 65
64 92
65 66
65 93
66 67
66 94
67 68
67 95
68 69
68 96
69 70
69 97
70 71
70 98
70 99
71 72
71 99
71 100
72 73
72 100
73 74
73 101
74 75
74 102
75 76
75 103
76 77
76 104
76 105
77 78
77 105
78 79
78 106
79 80
79 107
79 108
80 81
80 108
81 82
81 109
81 110
82 83
82 110
83 84
83 111
84 112
84 406
85 86
85 113
86 87
86 114
87 88
87 115
87 116
88 89
88 116
88 117
89 90
89 117
89 118
90 91
90 118
90 119
91 92
91 119
91 120
92 93
92 120
93 94
93 121
94 95
94 122
94 123
95 96
95 123
96 97
96 124
96 125
97 98
97 125
98 99
98 126
99 100
99 127
99 128
100 101
100 128
101 102
101 129
102 103
102 130
103 104
103 131
104 105
104 132
105 106
105 133
106 107
106 134
107 108
107 135
107 136
108 109
108 136
109 110
109 137
110 111
110 138
111 112
111 139
111 140
112 140
112 406
113 114
113 141
113 142
114 115
114 142
115 116
115 143
115 144
116 117
116 144
117 118
117 145
118 119
118 146
119 120
119 147
120 121
120 148
121 122
121 149
122 123
122 150
123 124
123 151
124 125
124 152
125 126
125 153
125 154
126 127
126 154
126 155
127 128
127 155
128 129
128 156
129 130
129 157
129 158
130 131
130 158
131 132
131 159
132 133
132 160
133 134
133 161
134 135
134 162
134 163
135 136
135 163
136 137
136 164
137 138
137 165
138 139
138 166
139 140
139 167
140 168
140 406
141 142
141 169
141 170
142 143
142 170
143 144
143 171
144 145
144 172
145 146
145 173
145 174
146 147
146 174
147 148
147 175
148 149
148 176
148 177
149 150
149 177
149 178
150 151
150 178
151 152
151 179
152 153
152 180
153 154
153 181
154 155
154 182
155 156
155 183
156 157
156 184
157 158
157 185
158 159
158 186
159 160
159 187
160 161
160 188
161 162
161 189
162 163
162 190
163 164
163 191
163 192
164 165
164 192
165 166
165 193
165 194
166 167
166 194
167 168
167 195
168 196
168 406
169 170
169 197
169 198
170 171
170 198
170 199
171 172
171 199
172 173
172 200
173 174
173 201
173 202
174 175
174 202
175 176
175 203
175 204
176 177
176 204
177 178
177 205
178 179
178 206
179 180
179 207
179 208
180 181
180 208
180 209
181 182
181 209
182 183
182 210
183 184
183 211
184 185
184 212
184 213
185 186
185 213
186 187
186 214
187 188
187 215
188 189
188 216
189 190
189 217
190 191
190 218
191 192
191 219
191 220
192 193
192 220
193 194
193 221
193 222
194 195
194 222
194 223
195 196
195 223
195 224
196 224
196 406
197 198
197 225
197 226
198 199
198 226
198 227
199 200
199 227
199 228
200 201
200 228
200 229
201 202
201 229
202 203
202 230
203 204
203 231
204 205
204 232
204 233
205 206
205 233
205 234
206 207
206 234
207 208
207 235
207 236
208 209
208 236
209 210
209 237
210 211
210 238
211 212
211 239
212 213
212 240
212 241
213 214
213 241
213 242
214 215
214 242
215 216
215 243
215 244
216 217
216 244
217 218
217 245
218 219
218 246
219 220
219 247
220 221
220 248
221 222
221 249
221 250
222 223
222 250
223 224
223 251
224 252
224 406
225 226
225 253
226 227
226 254
226 255
227 228
227 255
228 229
228 256
229 230
229 257
230 231
230 258
230 259
231 232
231 259
231 260
232 233
232 260
233 234
233 261
234 235
234 262
234 263
235 236
235 263
235 264
236 237
236 264
237 238
237 265
238 239
238 266
239 240
239 267
240 241
240 268
241 242
241 269
242 243
242 270
243 244
243 271
243 272
244 245
244 272
245 246
245 273
246 247
246 274
247 248
247 275
248 249
248 276
249 250
249 277
250 251
250 278
251 252
251 279
252 280
252 406
253 254
253 281
253 282
254 255
254 282
255 256
255 283
256 257
256 284
257 258
257 285
257 286
258 259
258 286
258 287
259 260
259 287
260 261
260 288
261 262
261 289
262 263
262 290
263 264
263 291
264 265
264 292
265 266
265 293
266 267
266 294
267 268
267 295
267 296
268 269
268 296
268 297
269 270
269 297
269 298
270 271
270 298
271 272
271 299
272 273
272 300
272 301
273 274
273 301
273 302
274 275
274 302
275 276
275 303
276 277
276 304
277 278
277 305
278 279
278 306
278 307
279 280
279 307
280 308
280 406
281 282
281 309
282 283
282 310
283 284
283 311
284 285
284 312
285 286
285 313
286 287
286 314
286 315
287 288
287 315
288 289
288 316
289 290
289 317
289 318
290 291
290 318
291 292
291 319
291 320
292 293
292 320
293 294
293 321
293 322
294 295
294 322
295 296
295 323
296 297
296 324
297 298
297 325
298 299
298 326
299 300
299 327
300 301
300 328
301 302
301 329
302 303
302 330
303 304
303 331
304 305
304 332
305 306
305 333
306 307
306 334
307 308
307 335
307 336
308 336
308 406
309 310
309 337
310 311
310 338
310 339
311 312
311 339
311 340
312 313
312 340
313 314
313 341
313 342
314 315
314 342
314 343
315 316
315 343
315 344
316 317
316 344
317 318
317 345
317 346
318 319
318 346
318 347
319 320
319 347
320 321
320 348
321 322
321 349
322 323
322 350
323 324
323 351
324 325
324 352
325 326
325 353
326 327
326 354
327 328
327 355
328 329
328 356
328 357
329 330
329 357
330 331
330 358
331 332
331 359
332 333
332 360
333 334
333 361
333 362
334 335
334 362
335 336
335 363
336 364
336 406
337 338
337 365
337 366
338 339
338 366
339 340
339 367
340 341
340 368
341 342
341 369
342 343
342 370
342 371
343 344
343 371
344 345
344 372
345 346
345 373
346 347
346 374
347 348
347 375
348 349
348 376
349 350
349 377
349 378
350 351
350 378
351 352
351 379
352 353
352 380
353 354
353 381
354 355
354 382
355 356
355 383
355 384
356 357
356 384
357 358
357 385
357 386
358 359
358 386
359 360
359 387
360 361
360 388
361 362
361 389
361 390
362 363
362 390
363 364
363 391
364 392
364 406
365 366
365 393
366 367
366 394
367 368
367 395
368 369
368 396
368 397
369 370
369 397
370 371
370 398
371 372
371 399
372 373
372 400
373 374
373 401
374 375
374 402
375 376
375 403
375 404
376 377
376 404
377 378
377 405
378 379
379 380
380 381
381 382
382 383
383 384
384 385
385 386
386 387
387 388
388 389
389 390
390 391
391 392
392 406
393 394
393 406
394 395
394 406
395 396
395 406
396 397
396 406
397 398
397 406
398 399
398 406
399 400
399 406
400 401
400 406
401 402
401 406
402 403
402 406
403 404
403 406
404 405
404 406
405 406
