# Tier 7 (Very Large) - Instance 8
# Generated with config: N=381, K=4, topology=grid, calendar=staggered

# HEADER: <num_tasks> <num_types> <num_units>
383 4 28

# RESOURCE TYPES
# Format: <type_id> <num_units> <unit_id1> <unit_id2> ...
0 7 0 1 2 3 4 5 6
1 7 7 8 9 10 11 12 13
2 8 14 15 16 17 18 19 20 21
3 6 22 23 24 25 26 27

# RESOURCE UNITS (Calendars)
# Format: <unit_id> <num_steps> <t1> <v1> <t2> <v2> ...
0 24 0 100 1 0 47 100 274 0 321 100 545 0 589 100 812 0 858 100 1080 0 1127 100 1353 0 1397 100 1622 0 1668 100 1895 0 1939 100 2164 0 2208 100 2431 0 2478 100 2701 0 2745 100 3251 0
1 24 0 100 9 0 47 100 278 0 318 100 546 0 586 100 816 0 857 100 1088 0 1126 100 1357 0 1396 100 1628 0 1668 100 1897 0 1937 100 2169 0 2210 100 2441 0 2481 100 2708 0 2749 100 3251 0
2 24 0 100 19 0 56 100 288 0 327 100 558 0 595 100 827 0 866 100 1098 0 1136 100 1367 0 1404 100 1638 0 1677 100 1912 0 1950 100 2181 0 2219 100 2454 0 2492 100 2726 0 2763 100 3251 0
3 24 0 100 27 0 55 100 292 0 322 100 562 0 594 100 834 0 863 100 1106 0 1138 100 1378 0 1409 100 1651 0 1681 100 1922 0 1953 100 2190 0 2218 100 2458 0 2487 100 2726 0 2756 100 3251 0
4 24 0 100 36 0 73 100 309 0 345 100 576 0 612 100 845 0 881 100 1115 0 1150 100 1381 0 1419 100 1653 0 1689 100 1920 0 1955 100 2186 0 2220 100 2453 0 2488 100 2724 0 2760 100 3251 0
5 24 0 100 46 0 84 100 316 0 351 100 584 0 621 100 854 0 889 100 1125 0 1163 100 1399 0 1436 100 1672 0 1710 100 1944 0 1982 100 2215 0 2251 100 2485 0 2522 100 2756 0 2793 100 3251 0
6 24 0 100 56 0 91 100 327 0 364 100 596 0 631 100 868 0 902 100 1139 0 1176 100 1409 0 1446 100 1679 0 1713 100 1947 0 1981 100 2214 0 2251 100 2485 0 2520 100 2753 0 2788 100 3251 0
7 24 0 100 66 0 96 100 337 0 366 100 609 0 637 100 876 0 905 100 1147 0 1177 100 1421 0 1451 100 1695 0 1723 100 1963 0 1991 100 2235 0 2262 100 2504 0 2533 100 2777 0 2805 100 3251 0
8 24 0 100 78 0 100 100 345 0 368 100 614 0 638 100 885 0 909 100 1154 0 1177 100 1426 0 1451 100 1695 0 1717 100 1965 0 1987 100 2232 0 2254 100 2500 0 2523 100 2770 0 2792 100 3251 0
9 24 0 100 88 0 116 100 356 0 383 100 625 0 653 100 896 0 925 100 1165 0 1195 100 1438 0 1467 100 1710 0 1740 100 1980 0 2008 100 2252 0 2281 100 2520 0 2550 100 2792 0 2821 100 3251 0
10 24 0 100 95 0 141 100 362 0 409 100 628 0 677 100 900 0 947 100 1169 0 1215 100 1439 0 1486 100 1708 0 1756 100 1976 0 2025 100 2245 0 2293 100 2516 0 2564 100 2786 0 2834 100 3251 0
11 24 0 100 107 0 134 100 379 0 407 100 650 0 677 100 921 0 949 100 1193 0 1218 100 1462 0 1488 100 1732 0 1760 100 2001 0 2028 100 2272 0 2299 100 2545 0 2573 100 2818 0 2844 100 3251 0
12 24 0 100 116 0 147 100 390 0 418 100 658 0 687 100 928 0 957 100 1199 0 1226 100 1464 0 1492 100 1734 0 1764 100 2007 0 2036 100 2277 0 2305 100 2545 0 2576 100 2817 0 2846 100 3251 0
13 24 0 100 125 0 172 100 399 0 445 100 669 0 713 100 937 0 983 100 1204 0 1249 100 1471 0 1515 100 1737 0 1783 100 2007 0 2054 100 2280 0 2326 100 2553 0 2600 100 2822 0 2867 100 3251 0
14 24 0 100 134 0 164 100 406 0 436 100 674 0 705 100 947 0 977 100 1214 0 1245 100 1486 0 1514 100 1753 0 1782 100 2023 0 2053 100 2291 0 2319 100 2557 0 2589 100 2830 0 2861 100 3251 0
15 24 0 100 145 0 168 100 413 0 437 100 683 0 706 100 954 0 977 100 1227 0 1251 100 1501 0 1522 100 1771 0 1792 100 2037 0 2059 100 2304 0 2327 100 2572 0 2594 100 2841 0 2864 100 3251 0
16 24 0 100 152 0 174 100 421 0 444 100 688 0 713 100 960 0 983 100 1232 0 1255 100 1501 0 1526 100 1770 0 1793 100 2039 0 2061 100 2307 0 2332 100 2580 0 2602 100 2847 0 2870 100 3251 0
17 24 0 100 162 0 184 100 432 0 455 100 705 0 727 100 974 0 994 100 1245 0 1265 100 1516 0 1537 100 1787 0 1809 100 2055 0 2078 100 2326 0 2348 100 2599 0 2622 100 2870 0 2892 100 3251 0
18 24 0 100 174 0 205 100 446 0 477 100 714 0 743 100 981 0 1010 100 1248 0 1277 100 1517 0 1549 100 1786 0 1817 100 2057 0 2086 100 2327 0 2357 100 2594 0 2625 100 2866 0 2896 100 3251 0
19 24 0 100 183 0 209 100 453 0 477 100 719 0 745 100 991 0 1016 100 1259 0 1285 100 1527 0 1554 100 1801 0 1827 100 2073 0 2097 100 2341 0 2366 100 2613 0 2640 100 2883 0 2910 100 3251 0
20 24 0 100 192 0 221 100 462 0 492 100 729 0 760 100 996 0 1028 100 1267 0 1298 100 1534 0 1565 100 1805 0 1834 100 2075 0 2104 100 2345 0 2377 100 2618 0 2651 100 2891 0 2920 100 3251 0
21 24 0 100 204 0 245 100 473 0 515 100 740 0 780 100 1007 0 1047 100 1277 0 1320 100 1551 0 1595 100 1822 0 1862 100 2093 0 2134 100 2360 0 2404 100 2629 0 2671 100 2897 0 2938 100 3251 0
22 24 0 100 212 0 241 100 482 0 509 100 750 0 779 100 1024 0 1050 100 1289 0 1317 100 1560 0 1586 100 1830 0 1857 100 2099 0 2128 100 2368 0 2397 100 2640 0 2668 100 2909 0 2937 100 3251 0
23 24 0 100 220 0 250 100 493 0 522 100 763 0 793 100 1035 0 1063 100 1303 0 1331 100 1572 0 1599 100 1842 0 1870 100 2109 0 2136 100 2378 0 2405 100 2647 0 2677 100 2921 0 2951 100 3251 0
24 24 0 100 230 0 251 100 501 0 520 100 767 0 787 100 1034 0 1057 100 1305 0 1325 100 1575 0 1597 100 1845 0 1865 100 2113 0 2133 100 2383 0 2406 100 2655 0 2677 100 2928 0 2950 100 3251 0
25 24 0 100 241 0 278 100 509 0 550 100 781 0 821 100 1054 0 1093 100 1326 0 1363 100 1596 0 1635 100 1865 0 1904 100 2133 0 2173 100 2402 0 2439 100 2668 0 2706 100 2935 0 2975 100 3251 0
26 24 0 100 253 0 276 100 524 0 544 100 794 0 814 100 1060 0 1082 100 1333 0 1356 100 1603 0 1625 100 1876 0 1898 100 2146 0 2167 100 2418 0 2439 100 2685 0 2706 100 2956 0 2975 100 3251 0
27 24 0 100 261 0 286 100 534 0 558 100 806 0 830 100 1075 0 1098 100 1346 0 1369 100 1616 0 1640 100 1886 0 1912 100 2159 0 2183 100 2431 0 2453 100 2697 0 2723 100 2972 0 2996 100 3251 0

# TASKS
# Format: <task_id> <size> <num_reqs>
# Then for each requirement: <type_id> <qty>
0 0 4
 0 0
 1 0
 2 0
 3 0
1 8 4
 0 1
 1 1
 2 3
 3 2
2 13 4
 0 2
 1 1
 2 2
 3 0
3 1 4
 0 1
 1 0
 2 3
 3 1
4 9 4
 0 1
 1 0
 2 0
 3 3
5 6 4
 0 3
 1 2
 2 1
 3 0
6 18 4
 0 2
 1 3
 2 0
 3 0
7 17 4
 0 2
 1 1
 2 0
 3 2
8 4 4
 0 1
 1 1
 2 1
 3 2
9 16 4
 0 3
 1 0
 2 1
 3 3
10 3 4
 0 0
 1 0
 2 1
 3 0
11 11 4
 0 0
 1 1
 2 3
 3 1
12 9 4
 0 0
 1 2
 2 0
 3 0
13 1 4
 0 0
 1 3
 2 0
 3 2
14 4 4
 0 0
 1 1
 2 0
 3 2
15 17 4
 0 2
 1 1
 2 2
 3 3
16 10 4
 0 2
 1 2
 2 2
 3 0
17 11 4
 0 2
 1 0
 2 0
 3 3
18 1 4
 0 1
 1 2
 2 0
 3 1
19 15 4
 0 0
 1 0
 2 0
 3 2
20 16 4
 0 3
 1 0
 2 1
 3 3
21 11 4
 0 3
 1 3
 2 0
 3 0
22 14 4
 0 3
 1 2
 2 3
 3 3
23 18 4
 0 0
 1 0
 2 2
 3 0
24 2 4
 0 0
 1 3
 2 1
 3 0
25 12 4
 0 0
 1 0
 2 2
 3 1
26 2 4
 0 2
 1 0
 2 0
 3 0
27 20 4
 0 0
 1 1
 2 2
 3 0
28 3 4
 0 1
 1 3
 2 2
 3 0
29 1 4
 0 2
 1 0
 2 2
 3 3
30 9 4
 0 1
 1 2
 2 2
 3 0
31 9 4
 0 0
 1 2
 2 1
 3 3
32 15 4
 0 2
 1 2
 2 0
 3 3
33 5 4
 0 0
 1 1
 2 2
 3 1
34 17 4
 0 2
 1 0
 2 0
 3 3
35 4 4
 0 1
 1 0
 2 1
 3 0
36 12 4
 0 3
 1 3
 2 1
 3 1
37 11 4
 0 0
 1 1
 2 0
 3 3
38 14 4
 0 0
 1 2
 2 0
 3 0
39 13 4
 0 0
 1 0
 2 0
 3 1
40 8 4
 0 0
 1 1
 2 2
 3 1
41 6 4
 0 2
 1 3
 2 2
 3 3
42 14 4
 0 3
 1 1
 2 2
 3 3
43 18 4
 0 3
 1 0
 2 1
 3 0
44 8 4
 0 0
 1 0
 2 3
 3 0
45 9 4
 0 0
 1 0
 2 3
 3 3
46 15 4
 0 0
 1 3
 2 2
 3 0
47 10 4
 0 0
 1 0
 2 2
 3 1
48 19 4
 0 0
 1 3
 2 2
 3 3
49 5 4
 0 0
 1 3
 2 0
 3 3
50 1 4
 0 0
 1 1
 2 3
 3 0
51 16 4
 0 2
 1 0
 2 1
 3 1
52 11 4
 0 1
 1 3
 2 3
 3 2
53 5 4
 0 0
 1 2
 2 2
 3 3
54 13 4
 0 0
 1 0
 2 1
 3 0
55 12 4
 0 2
 1 3
 2 0
 3 0
56 4 4
 0 3
 1 1
 2 2
 3 2
57 11 4
 0 1
 1 0
 2 0
 3 1
58 19 4
 0 0
 1 0
 2 1
 3 0
59 9 4
 0 0
 1 2
 2 0
 3 0
60 9 4
 0 2
 1 0
 2 1
 3 2
61 1 4
 0 0
 1 2
 2 2
 3 3
62 20 4
 0 0
 1 2
 2 2
 3 0
63 7 4
 0 2
 1 0
 2 2
 3 2
64 16 4
 0 3
 1 1
 2 0
 3 0
65 6 4
 0 2
 1 3
 2 0
 3 0
66 1 4
 0 0
 1 3
 2 3
 3 0
67 5 4
 0 3
 1 3
 2 0
 3 3
68 18 4
 0 2
 1 0
 2 0
 3 0
69 14 4
 0 0
 1 2
 2 0
 3 0
70 18 4
 0 3
 1 2
 2 2
 3 1
71 20 4
 0 0
 1 0
 2 3
 3 1
72 16 4
 0 0
 1 1
 2 1
 3 2
73 17 4
 0 2
 1 2
 2 0
 3 1
74 19 4
 0 1
 1 0
 2 2
 3 3
75 16 4
 0 0
 1 1
 2 1
 3 1
76 12 4
 0 2
 1 2
 2 0
 3 1
77 16 4
 0 0
 1 1
 2 3
 3 3
78 19 4
 0 1
 1 0
 2 1
 3 2
79 19 4
 0 0
 1 2
 2 0
 3 1
80 3 4
 0 1
 1 0
 2 0
 3 0
81 4 4
 0 0
 1 2
 2 2
 3 1
82 4 4
 0 3
 1 3
 2 0
 3 2
83 19 4
 0 1
 1 0
 2 1
 3 0
84 19 4
 0 0
 1 0
 2 2
 3 0
85 13 4
 0 0
 1 0
 2 0
 3 1
86 19 4
 0 0
 1 1
 2 1
 3 0
87 12 4
 0 0
 1 0
 2 0
 3 1
88 17 4
 0 2
 1 3
 2 2
 3 0
89 11 4
 0 1
 1 3
 2 2
 3 1
90 3 4
 0 0
 1 1
 2 2
 3 2
91 12 4
 0 2
 1 3
 2 3
 3 0
92 17 4
 0 2
 1 3
 2 0
 3 0
93 16 4
 0 1
 1 0
 2 0
 3 2
94 20 4
 0 1
 1 0
 2 0
 3 3
95 16 4
 0 2
 1 0
 2 3
 3 2
96 1 4
 0 3
 1 0
 2 0
 3 3
97 13 4
 0 3
 1 3
 2 1
 3 3
98 2 4
 0 2
 1 1
 2 0
 3 1
99 19 4
 0 3
 1 0
 2 3
 3 1
100 6 4
 0 2
 1 1
 2 2
 3 2
101 11 4
 0 3
 1 1
 2 0
 3 0
102 1 4
 0 0
 1 0
 2 2
 3 1
103 3 4
 0 0
 1 3
 2 3
 3 0
104 15 4
 0 1
 1 2
 2 1
 3 0
105 8 4
 0 1
 1 0
 2 0
 3 0
106 15 4
 0 1
 1 3
 2 3
 3 0
107 3 4
 0 0
 1 0
 2 2
 3 2
108 6 4
 0 3
 1 0
 2 1
 3 0
109 9 4
 0 1
 1 1
 2 2
 3 3
110 19 4
 0 2
 1 3
 2 1
 3 0
111 9 4
 0 3
 1 0
 2 0
 3 0
112 3 4
 0 3
 1 0
 2 1
 3 0
113 11 4
 0 2
 1 0
 2 0
 3 0
114 19 4
 0 0
 1 0
 2 0
 3 1
115 2 4
 0 0
 1 2
 2 0
 3 3
116 9 4
 0 0
 1 0
 2 2
 3 0
117 14 4
 0 2
 1 3
 2 0
 3 1
118 11 4
 0 1
 1 0
 2 2
 3 2
119 2 4
 0 2
 1 0
 2 0
 3 1
120 16 4
 0 2
 1 0
 2 0
 3 2
121 4 4
 0 0
 1 3
 2 0
 3 1
122 12 4
 0 0
 1 1
 2 3
 3 0
123 11 4
 0 2
 1 1
 2 3
 3 2
124 2 4
 0 3
 1 2
 2 0
 3 1
125 20 4
 0 0
 1 1
 2 0
 3 3
126 1 4
 0 1
 1 0
 2 0
 3 1
127 8 4
 0 3
 1 0
 2 0
 3 0
128 14 4
 0 3
 1 0
 2 2
 3 1
129 14 4
 0 0
 1 0
 2 1
 3 0
130 1 4
 0 2
 1 0
 2 3
 3 2
131 18 4
 0 2
 1 2
 2 1
 3 0
132 8 4
 0 3
 1 0
 2 3
 3 1
133 11 4
 0 2
 1 0
 2 1
 3 0
134 14 4
 0 3
 1 0
 2 1
 3 0
135 18 4
 0 0
 1 2
 2 0
 3 1
136 17 4
 0 2
 1 2
 2 3
 3 2
137 16 4
 0 0
 1 2
 2 1
 3 0
138 6 4
 0 0
 1 1
 2 1
 3 1
139 19 4
 0 0
 1 1
 2 1
 3 0
140 20 4
 0 1
 1 2
 2 0
 3 3
141 2 4
 0 0
 1 0
 2 3
 3 0
142 12 4
 0 2
 1 0
 2 0
 3 0
143 13 4
 0 3
 1 0
 2 1
 3 1
144 11 4
 0 0
 1 0
 2 1
 3 3
145 1 4
 0 0
 1 1
 2 3
 3 1
146 13 4
 0 0
 1 1
 2 0
 3 1
147 15 4
 0 2
 1 0
 2 0
 3 0
148 20 4
 0 1
 1 2
 2 0
 3 2
149 5 4
 0 0
 1 2
 2 2
 3 0
150 7 4
 0 1
 1 2
 2 2
 3 1
151 5 4
 0 0
 1 0
 2 2
 3 3
152 1 4
 0 2
 1 2
 2 2
 3 0
153 18 4
 0 1
 1 0
 2 1
 3 0
154 10 4
 0 0
 1 0
 2 0
 3 1
155 13 4
 0 2
 1 1
 2 0
 3 0
156 19 4
 0 1
 1 0
 2 1
 3 2
157 14 4
 0 3
 1 0
 2 0
 3 0
158 2 4
 0 3
 1 0
 2 0
 3 3
159 1 4
 0 2
 1 0
 2 0
 3 0
160 11 4
 0 0
 1 0
 2 2
 3 2
161 17 4
 0 1
 1 0
 2 2
 3 1
162 1 4
 0 0
 1 0
 2 3
 3 0
163 4 4
 0 0
 1 2
 2 0
 3 2
164 7 4
 0 0
 1 1
 2 1
 3 1
165 13 4
 0 1
 1 1
 2 2
 3 1
166 1 4
 0 1
 1 0
 2 2
 3 0
167 2 4
 0 2
 1 2
 2 2
 3 2
168 12 4
 0 2
 1 3
 2 0
 3 3
169 9 4
 0 1
 1 1
 2 0
 3 1
170 1 4
 0 3
 1 0
 2 0
 3 0
171 12 4
 0 2
 1 1
 2 1
 3 3
172 20 4
 0 2
 1 3
 2 1
 3 3
173 7 4
 0 1
 1 0
 2 1
 3 0
174 13 4
 0 0
 1 1
 2 1
 3 1
175 10 4
 0 0
 1 0
 2 1
 3 0
176 10 4
 0 0
 1 2
 2 1
 3 2
177 13 4
 0 1
 1 1
 2 0
 3 3
178 7 4
 0 2
 1 0
 2 0
 3 0
179 20 4
 0 0
 1 2
 2 1
 3 3
180 19 4
 0 1
 1 0
 2 1
 3 0
181 4 4
 0 3
 1 2
 2 0
 3 0
182 8 4
 0 0
 1 0
 2 1
 3 1
183 8 4
 0 0
 1 0
 2 1
 3 3
184 13 4
 0 1
 1 3
 2 0
 3 0
185 16 4
 0 1
 1 2
 2 3
 3 0
186 13 4
 0 2
 1 2
 2 0
 3 3
187 6 4
 0 2
 1 0
 2 0
 3 0
188 7 4
 0 1
 1 2
 2 1
 3 0
189 17 4
 0 0
 1 1
 2 0
 3 2
190 1 4
 0 3
 1 2
 2 1
 3 0
191 15 4
 0 3
 1 0
 2 1
 3 3
192 14 4
 0 0
 1 3
 2 0
 3 0
193 17 4
 0 0
 1 2
 2 3
 3 1
194 13 4
 0 0
 1 0
 2 0
 3 3
195 3 4
 0 0
 1 3
 2 3
 3 0
196 12 4
 0 3
 1 2
 2 1
 3 1
197 15 4
 0 1
 1 0
 2 3
 3 0
198 15 4
 0 0
 1 1
 2 3
 3 1
199 9 4
 0 1
 1 0
 2 0
 3 3
200 9 4
 0 3
 1 0
 2 1
 3 0
201 9 4
 0 0
 1 1
 2 2
 3 3
202 15 4
 0 0
 1 0
 2 1
 3 1
203 17 4
 0 0
 1 2
 2 0
 3 1
204 11 4
 0 0
 1 0
 2 3
 3 0
205 8 4
 0 0
 1 3
 2 3
 3 3
206 6 4
 0 0
 1 0
 2 1
 3 1
207 14 4
 0 0
 1 0
 2 1
 3 1
208 11 4
 0 0
 1 3
 2 0
 3 3
209 15 4
 0 1
 1 1
 2 0
 3 2
210 11 4
 0 1
 1 3
 2 0
 3 0
211 9 4
 0 1
 1 3
 2 1
 3 0
212 2 4
 0 3
 1 2
 2 3
 3 1
213 15 4
 0 3
 1 0
 2 1
 3 0
214 11 4
 0 2
 1 2
 2 3
 3 0
215 16 4
 0 2
 1 0
 2 1
 3 2
216 10 4
 0 2
 1 2
 2 1
 3 0
217 19 4
 0 0
 1 0
 2 3
 3 3
218 9 4
 0 3
 1 2
 2 0
 3 1
219 17 4
 0 3
 1 0
 2 2
 3 0
220 17 4
 0 1
 1 0
 2 0
 3 0
221 20 4
 0 1
 1 3
 2 0
 3 3
222 14 4
 0 2
 1 0
 2 0
 3 2
223 13 4
 0 2
 1 0
 2 2
 3 3
224 3 4
 0 0
 1 0
 2 2
 3 1
225 12 4
 0 2
 1 3
 2 2
 3 2
226 13 4
 0 0
 1 2
 2 3
 3 0
227 19 4
 0 0
 1 1
 2 2
 3 3
228 19 4
 0 0
 1 2
 2 0
 3 1
229 4 4
 0 3
 1 0
 2 0
 3 3
230 16 4
 0 0
 1 0
 2 0
 3 1
231 11 4
 0 3
 1 3
 2 0
 3 2
232 7 4
 0 1
 1 2
 2 0
 3 2
233 19 4
 0 0
 1 2
 2 3
 3 0
234 13 4
 0 0
 1 1
 2 0
 3 3
235 9 4
 0 1
 1 1
 2 1
 3 2
236 14 4
 0 0
 1 2
 2 0
 3 0
237 14 4
 0 2
 1 0
 2 0
 3 2
238 7 4
 0 2
 1 0
 2 1
 3 0
239 1 4
 0 2
 1 0
 2 0
 3 3
240 18 4
 0 0
 1 3
 2 0
 3 2
241 19 4
 0 0
 1 2
 2 0
 3 0
242 11 4
 0 3
 1 0
 2 0
 3 1
243 2 4
 0 0
 1 2
 2 0
 3 3
244 8 4
 0 0
 1 0
 2 0
 3 3
245 9 4
 0 2
 1 3
 2 0
 3 2
246 12 4
 0 0
 1 2
 2 0
 3 0
247 2 4
 0 2
 1 0
 2 3
 3 0
248 13 4
 0 0
 1 0
 2 3
 3 0
249 7 4
 0 0
 1 3
 2 0
 3 3
250 3 4
 0 3
 1 3
 2 1
 3 0
251 6 4
 0 1
 1 3
 2 1
 3 1
252 14 4
 0 2
 1 0
 2 1
 3 0
253 6 4
 0 3
 1 2
 2 0
 3 3
254 19 4
 0 3
 1 0
 2 3
 3 0
255 13 4
 0 1
 1 0
 2 0
 3 1
256 9 4
 0 3
 1 0
 2 0
 3 1
257 14 4
 0 0
 1 3
 2 2
 3 0
258 10 4
 0 2
 1 3
 2 0
 3 0
259 20 4
 0 2
 1 3
 2 0
 3 3
260 6 4
 0 1
 1 0
 2 2
 3 0
261 4 4
 0 0
 1 2
 2 2
 3 0
262 17 4
 0 2
 1 0
 2 2
 3 1
263 15 4
 0 2
 1 0
 2 0
 3 0
264 5 4
 0 1
 1 2
 2 2
 3 0
265 7 4
 0 2
 1 1
 2 0
 3 3
266 2 4
 0 2
 1 3
 2 0
 3 0
267 8 4
 0 3
 1 3
 2 3
 3 0
268 7 4
 0 0
 1 0
 2 0
 3 3
269 4 4
 0 0
 1 2
 2 3
 3 0
270 18 4
 0 0
 1 0
 2 0
 3 3
271 19 4
 0 1
 1 1
 2 0
 3 2
272 12 4
 0 3
 1 0
 2 2
 3 0
273 15 4
 0 0
 1 3
 2 0
 3 0
274 12 4
 0 0
 1 0
 2 1
 3 3
275 15 4
 0 1
 1 3
 2 2
 3 0
276 11 4
 0 0
 1 0
 2 0
 3 1
277 15 4
 0 3
 1 1
 2 0
 3 0
278 2 4
 0 3
 1 3
 2 0
 3 3
279 15 4
 0 1
 1 3
 2 2
 3 3
280 2 4
 0 0
 1 0
 2 3
 3 0
281 11 4
 0 0
 1 0
 2 0
 3 3
282 7 4
 0 3
 1 3
 2 0
 3 0
283 16 4
 0 2
 1 0
 2 3
 3 0
284 16 4
 0 1
 1 2
 2 2
 3 0
285 7 4
 0 1
 1 0
 2 2
 3 1
286 4 4
 0 3
 1 3
 2 0
 3 0
287 4 4
 0 3
 1 2
 2 3
 3 3
288 13 4
 0 2
 1 0
 2 1
 3 0
289 5 4
 0 0
 1 3
 2 2
 3 1
290 14 4
 0 1
 1 0
 2 3
 3 3
291 5 4
 0 3
 1 0
 2 0
 3 0
292 3 4
 0 0
 1 1
 2 0
 3 3
293 4 4
 0 3
 1 2
 2 0
 3 2
294 13 4
 0 0
 1 0
 2 1
 3 0
295 2 4
 0 0
 1 1
 2 0
 3 1
296 13 4
 0 0
 1 2
 2 0
 3 2
297 13 4
 0 2
 1 0
 2 0
 3 2
298 16 4
 0 0
 1 1
 2 2
 3 3
299 1 4
 0 0
 1 0
 2 1
 3 2
300 14 4
 0 0
 1 2
 2 0
 3 0
301 14 4
 0 0
 1 0
 2 0
 3 2
302 8 4
 0 0
 1 0
 2 2
 3 3
303 1 4
 0 0
 1 0
 2 2
 3 1
304 2 4
 0 0
 1 0
 2 2
 3 0
305 16 4
 0 1
 1 1
 2 1
 3 2
306 2 4
 0 1
 1 1
 2 3
 3 0
307 16 4
 0 2
 1 0
 2 3
 3 0
308 14 4
 0 3
 1 0
 2 1
 3 2
309 20 4
 0 1
 1 0
 2 3
 3 3
310 16 4
 0 2
 1 0
 2 3
 3 3
311 5 4
 0 1
 1 3
 2 3
 3 0
312 18 4
 0 0
 1 0
 2 2
 3 0
313 6 4
 0 0
 1 1
 2 2
 3 2
314 9 4
 0 2
 1 2
 2 1
 3 0
315 7 4
 0 1
 1 0
 2 2
 3 3
316 17 4
 0 0
 1 3
 2 3
 3 2
317 13 4
 0 3
 1 0
 2 0
 3 0
318 4 4
 0 0
 1 2
 2 0
 3 2
319 6 4
 0 0
 1 0
 2 0
 3 3
320 14 4
 0 0
 1 3
 2 1
 3 3
321 20 4
 0 1
 1 1
 2 0
 3 3
322 1 4
 0 2
 1 2
 2 2
 3 2
323 2 4
 0 0
 1 0
 2 2
 3 1
324 20 4
 0 1
 1 3
 2 0
 3 0
325 3 4
 0 0
 1 0
 2 3
 3 1
326 20 4
 0 2
 1 0
 2 2
 3 0
327 17 4
 0 2
 1 1
 2 3
 3 3
328 13 4
 0 2
 1 0
 2 0
 3 0
329 9 4
 0 1
 1 2
 2 1
 3 3
330 12 4
 0 2
 1 0
 2 3
 3 0
331 16 4
 0 0
 1 3
 2 2
 3 1
332 2 4
 0 1
 1 1
 2 0
 3 2
333 3 4
 0 3
 1 2
 2 1
 3 0
334 20 4
 0 2
 1 3
 2 0
 3 0
335 19 4
 0 0
 1 3
 2 0
 3 2
336 3 4
 0 1
 1 1
 2 0
 3 0
337 8 4
 0 3
 1 0
 2 0
 3 2
338 16 4
 0 2
 1 3
 2 3
 3 3
339 12 4
 0 0
 1 3
 2 3
 3 0
340 3 4
 0 3
 1 1
 2 2
 3 3
341 9 4
 0 0
 1 0
 2 1
 3 3
342 12 4
 0 0
 1 0
 2 1
 3 1
343 17 4
 0 0
 1 0
 2 2
 3 1
344 11 4
 0 3
 1 2
 2 3
 3 3
345 7 4
 0 3
 1 3
 2 0
 3 2
346 6 4
 0 2
 1 1
 2 1
 3 2
347 11 4
 0 0
 1 0
 2 2
 3 0
348 6 4
 0 0
 1 2
 2 0
 3 3
349 13 4
 0 3
 1 2
 2 0
 3 3
350 15 4
 0 2
 1 0
 2 3
 3 3
351 15 4
 0 0
 1 3
 2 2
 3 3
352 5 4
 0 1
 1 0
 2 0
 3 0
353 15 4
 0 1
 1 2
 2 1
 3 0
354 15 4
 0 0
 1 0
 2 2
 3 0
355 10 4
 0 0
 1 2
 2 0
 3 0
356 18 4
 0 3
 1 3
 2 1
 3 0
357 19 4
 0 2
 1 1
 2 0
 3 0
358 11 4
 0 1
 1 3
 2 1
 3 0
359 5 4
 0 0
 1 0
 2 0
 3 1
360 11 4
 0 3
 1 1
 2 0
 3 2
361 9 4
 0 0
 1 1
 2 0
 3 0
362 5 4
 0 0
 1 3
 2 0
 3 0
363 9 4
 0 0
 1 1
 2 0
 3 0
364 19 4
 0 3
 1 1
 2 2
 3 3
365 13 4
 0 3
 1 3
 2 0
 3 3
366 9 4
 0 1
 1 0
 2 0
 3 3
367 5 4
 0 0
 1 1
 2 0
 3 3
368 13 4
 0 3
 1 3
 2 2
 3 0
369 4 4
 0 0
 1 3
 2 1
 3 3
370 11 4
 0 0
 1 0
 2 1
 3 1
371 19 4
 0 2
 1 1
 2 3
 3 3
372 19 4
 0 0
 1 0
 2 0
 3 1
373 1 4
 0 1
 1 0
 2 1
 3 3
374 6 4
 0 0
 1 2
 2 2
 3 3
375 11 4
 0 0
 1 0
 2 2
 3 2
376 5 4
 0 0
 1 0
 2 3
 3 0
377 16 4
 0 0
 1 3
 2 0
 3 1
378 19 4
 0 3
 1 2
 2 2
 3 0
379 2 4
 0 0
 1 0
 2 2
 3 2
380 17 4
 0 0
 1 1
 2 3
 3 0
381 2 4
 0 3
 1 0
 2 2
 3 1
382 0 4
 0 0
 1 0
 2 0
 3 0

# PRECEDENCES
860
0 1
0 28
0 55
0 82
0 109
0 136
0 163
0 190
0 217
0 244
0 271
0 298
0 325
0 352
0 379
1 2
1 28
2 3
2 29
3 4
3 30
3 31
4 5
4 31
4 32
5 6
5 32
5 33
6 7
6 33
7 8
7 34
8 9
8 35
9 10
9 36
10 11
10 37
11 12
11 38
12 13
12 39
13 14
13 40
14 15
14 41
15 16
15 42
16 17
16 43
17 18
17 44
18 19
18 45
18 46
19 20
19 46
20 21
20 47
20 48
21 22
21 48
21 49
22 23
22 49
23 24
23 50
24 25
24 51
25 26
25 52
26 27
26 53
26 54
27 54
27 382
28 29
28 55
28 56
29 30
29 56
30 31
30 57
31 32
31 58
32 33
32 59
33 34
33 60
34 35
34 61
34 62
35 36
35 62
36 37
36 63
37 38
37 64
37 65
38 39
38 65
39 40
39 66
39 67
40 41
40 67
41 42
41 68
42 43
42 69
42 70
43 44
43 70
44 45
44 71
45 46
45 72
46 47
46 73
47 48
47 74
48 49
48 75
48 76
49 50
49 76
50 51
50 77
51 52
51 78
52 53
52 79
52 80
53 54
53 80
54 81
54 382
55 56
55 82
56 57
56 83
56 84
57 58
57 84
58 59
58 85
59 60
59 86
60 61
60 87
60 88
61 62
61 88
62 63
62 89
62 90
63 64
63 90
63 91
64 65
64 91
64 92
65 66
65 92
66 67
66 93
66 94
67 68
67 94
68 69
68 95
69 70
69 96
70 71
70 97
71 72
71 98
72 73
72 99
73 74
73 100
74 75
74 101
74 102
75 76
75 102
75 103
76 77
76 103
77 78
77 104
78 79
78 105
79 80
79 106
80 81
80 107
81 108
81 382
82 83
82 109
83 84
83 110
83 111
84 85
84 111
85 86
85 112
86 87
86 113
86 114
87 88
87 114
87 115
88 89
88 115
89 90
89 116
90 91
90 117
91 92
91 118
92 93
92 119
92 120
93 94
93 120
94 95
94 121
95 96
95 122
96 97
96 123
97 98
97 124
98 99
98 125
99 100
99 126
99 127
100 101
100 127
101 102
101 128
102 103
102 129
103 104
103 130
103 131
104 105
104 131
105 106
105 132
106 107
106 133
107 108
107 134
107 135
108 135
108 382
109 110
109 136
109 137
110 111
110 137
111 112
111 138
112 113
112 139
112 140
113 114
113 140
114 115
114 141
115 116
115 142
116 117
116 143
117 118
117 144
118 119
118 145
118 146
119 120
119 146
120 121
120 147
121 122
121 148
121 149
122 123
122 149
123 124
123 150
124 125
124 151
124 152
125 126
125 152
126 127
126 153
127 128
127 154
127 155
128 129
128 155
129 130
129 156
130 131
130 157
131 132
131 158
132 133
132 159
132 160
133 134
133 160
133 161
134 135
134 161
135 162
135 382
136 137
136 163
137 138
137 164
137 165
138 139
138 165
139 140
139 166
140 141
140 167
141 142
141 168
142 143
142 169
143 144
143 170
143 171
144 145
144 171
144 172
145 146
145 172
146 147
146 173
146 174
147 148
147 174
147 175
148 149
148 175
149 150
149 176
150 151
150 177
151 152
151 178
152 153
152 179
153 154
153 180
154 155
154 181
155 156
155 182
156 157
156 183
157 158
157 184
157 185
158 159
158 185
159 160
159 186
159 187
160 161
160 187
161 162
161 188
162 189
162 382
163 164
163 190
164 165
164 191
165 166
165 192
165 193
166 167
166 193
166 194
167 168
167 194
168 169
168 195
168 196
169 170
169 196
170 171
170 197
171 172
171 198
171 199
172 173
172 199
173 174
173 200
174 175
174 201
175 176
175 202
176 177
176 203
177 178
177 204
177 205
178 179
178 205
179 180
179 206
180 181
180 207
181 182
181 208
181 209
182 183
182 209
183 184
183 210
184 185
184 211
185 186
185 212
185 213
186 187
186 213
187 188
187 214
187 215
188 189
188 215
189 216
189 382
190 191
190 217
190 218
191 192
191 218
192 193
192 219
192 220
193 194
193 220
194 195
194 221
195 196
195 222
195 223
196 197
196 223
197 198
197 224
198 199
198 225
199 200
199 226
199 227
200 201
200 227
201 202
201 228
201 229
202 203
202 229
203 204
203 230
204 205
204 231
205 206
205 232
206 207
206 233
207 208
207 234
207 235
208 209
208 235
209 210
209 236
210 211
210 237
211 212
211 238
211 239
212 213
212 239
212 240
213 214
213 240
214 215
214 241
214 242
215 216
215 242
216 243
216 382
217 218
217 244
217 245
218 219
218 245
218 246
219 220
219 246
219 247
220 221
220 247
221 222
221 248
222 223
222 249
222 250
223 224
223 250
224 225
224 251
225 226
225 252
226 227
226 253
227 228
227 254
227 255
228 229
228 255
229 230
229 256
230 231
230 257
231 232
231 258
231 259
232 233
232 259
233 234
233 260
233 261
234 235
234 261
235 236
235 262
235 263
236 237
236 263
237 238
237 264
237 265
238 239
238 265
239 240
239 266
240 241
240 267
241 242
241 268
242 243
242 269
242 270
243 270
243 382
244 245
244 271
244 272
245 246
245 272
246 247
246 273
247 248
247 274
248 249
248 275
249 250
249 276
250 251
250 277
251 252
251 278
252 253
252 279
253 254
253 280
254 255
254 281
254 282
255 256
255 282
256 257
256 283
257 258
257 284
258 259
258 285
259 260
259 286
260 261
260 287
261 262
261 288
262 263
262 289
263 264
263 290
263 291
264 265
264 291
264 292
265 266
265 292
266 267
266 293
267 268
267 294
268 269
268 295
269 270
269 296
269 297
270 297
270 382
271 272
271 298
272 273
272 299
273 274
273 300
274 275
274 301
275 276
275 302
276 277
276 303
276 304
277 278
277 304
277 305
278 279
278 305
278 306
279 280
279 306
279 307
280 281
280 307
281 282
281 308
282 283
282 309
282 310
283 284
283 310
283 311
284 285
284 311
284 312
285 286
285 312
286 287
286 313
286 314
287 288
287 314
288 289
288 315
289 290
289 316
289 317
290 291
290 317
290 318
291 292
291 318
292 293
292 319
292 320
293 294
293 320
294 295
294 321
295 296
295 322
295 323
296 297
296 323
297 324
297 382
298 299
298 325
298 326
299 300
299 326
299 327
300 301
300 327
301 302
301 328
301 329
302 303
302 329
302 330
303 304
303 330
303 331
304 305
304 331
304 332
305 306
305 332
306 307
306 333
306 334
307 308
307 334
308 309
308 335
309 310
309 336
310 311
310 337
311 312
311 338
312 313
312 339
313 314
313 340
314 315
314 341
315 316
315 342
316 317
316 343
317 318
317 344
317 345
318 319
318 345
318 346
319 320
319 346
320 321
320 347
321 322
321 348
322 323
322 349
323 324
323 350
323 351
324 351
324 382
325 326
325 352
326 327
326 353
326 354
327 328
327 354
328 329
328 355
328 356
329 330
329 356
330 331
330 357
331 332
331 358
331 359
332 333
332 359
333 334
333 360
333 361
334 335
334 361
334 362
335 336
335 362
336 337
336 363
337 338
337 364
338 339
338 365
339 340
339 366
340 341
340 367
340 368
341 342
341 368
342 343
342 369
343 344
343 370
343 371
344 345
344 371
345 346
345 372
346 347
346 373
347 348
347 374
347 375
348 349
348 375
348 376
349 350
349 376
350 351
350 377
350 378
351 378
351 382
352 353
352 379
353 354
353 380
354 355
354 381
355 356
356 357
357 358
358 359
359 360
360 361
361 362
362 363
363 364
364 365
365 366
366 367
367 368
368 369
369 370
370 371
371 372
372 373
373 374
374 375
375 376
376 377
377 378
378 382
379 380
379 382
380 381
380 382
381 382
