# Tier 7 (Very Large) - Instance 85
# Generated with config: N=454, K=4, topology=grid, calendar=random

# HEADER: <num_tasks> <num_types> <num_units>
456 4 25

# RESOURCE TYPES
# Format: <type_id> <num_units> <unit_id1> <unit_id2> ...
0 5 0 1 2 3 4
1 6 5 6 7 8 9 10
2 7 11 12 13 14 15 16 17
3 7 18 19 20 21 22 23 24

# RESOURCE UNITS (Calendars)
# Format: <unit_id> <num_steps> <t1> <v1> <t2> <v2> ...
0 27 0 0 11 100 267 0 282 100 417 0 428 100 597 0 615 100 691 0 709 100 902 0 922 100 1162 0 1177 100 1382 0 1394 100 1630 0 1648 100 1918 0 1920 100 2160 0 2174 100 2304 0 2307 100 2470 0 2480 100 3975 0
1 27 0 0 18 100 238 0 245 100 348 0 353 100 624 0 632 100 695 0 714 100 822 0 837 100 1058 0 1061 100 1328 0 1330 100 1397 0 1418 100 1530 0 1545 100 1707 0 1723 100 1794 0 1806 100 2080 0 2094 100 3975 0
2 27 0 100 113 0 116 100 305 0 308 100 378 0 386 100 520 0 529 100 715 0 737 100 995 0 1017 100 1193 0 1195 100 1372 0 1382 100 1635 0 1646 100 1901 0 1923 100 2138 0 2149 100 2342 0 2350 100 2511 0 3975 0
3 27 0 0 5 100 106 0 120 100 298 0 320 100 531 0 548 100 619 0 628 100 900 0 903 100 956 0 976 100 1177 0 1199 100 1371 0 1388 100 1472 0 1475 100 1700 0 1721 100 1959 0 1966 100 2100 0 2106 100 3975 0
4 27 0 0 10 100 211 0 219 100 295 0 309 100 506 0 526 100 737 0 757 100 822 0 835 100 1029 0 1047 100 1272 0 1289 100 1408 0 1415 100 1518 0 1524 100 1671 0 1680 100 1746 0 1753 100 1902 0 1916 100 3975 0
5 27 0 0 5 100 141 0 147 100 206 0 224 100 295 0 316 100 426 0 430 100 528 0 548 100 730 0 748 100 836 0 846 100 1073 0 1093 100 1202 0 1206 100 1350 0 1369 100 1505 0 1519 100 1638 0 1660 100 3975 0
6 27 0 0 10 100 58 0 77 100 186 0 206 100 363 0 376 100 429 0 443 100 652 0 660 100 877 0 893 100 1003 0 1013 100 1188 0 1205 100 1269 0 1277 100 1476 0 1498 100 1601 0 1612 100 1662 0 1673 100 3975 0
7 27 0 100 234 0 252 100 419 0 426 100 669 0 688 100 953 0 969 100 1091 0 1097 100 1325 0 1337 100 1383 0 1400 100 1453 0 1457 100 1538 0 1553 100 1691 0 1704 100 1928 0 1936 100 1992 0 2001 100 2148 0 3975 0
8 27 0 100 122 0 144 100 373 0 388 100 490 0 497 100 727 0 743 100 919 0 922 100 1036 0 1054 100 1151 0 1159 100 1226 0 1238 100 1298 0 1318 100 1366 0 1376 100 1610 0 1616 100 1738 0 1758 100 1942 0 3975 0
9 27 0 100 206 0 211 100 281 0 299 100 498 0 505 100 672 0 674 100 913 0 926 100 1100 0 1118 100 1237 0 1258 100 1343 0 1356 100 1409 0 1415 100 1476 0 1480 100 1651 0 1654 100 1739 0 1747 100 1888 0 3975 0
10 27 0 0 18 100 252 0 272 100 490 0 501 100 601 0 614 100 773 0 788 100 894 0 909 100 1109 0 1129 100 1218 0 1224 100 1277 0 1280 100 1479 0 1499 100 1687 0 1705 100 1784 0 1792 100 2063 0 2085 100 3975 0
11 27 0 0 11 100 229 0 233 100 476 0 479 100 684 0 706 100 802 0 815 100 982 0 990 100 1152 0 1171 100 1219 0 1231 100 1498 0 1508 100 1668 0 1681 100 1730 0 1737 100 1825 0 1830 100 2005 0 2007 100 3975 0
12 27 0 0 14 100 131 0 152 100 415 0 433 100 680 0 686 100 847 0 866 100 1029 0 1043 100 1223 0 1237 100 1425 0 1441 100 1670 0 1690 100 1778 0 1799 100 2047 0 2053 100 2270 0 2273 100 2442 0 2451 100 3975 0
13 27 0 0 22 100 138 0 145 100 323 0 336 100 595 0 601 100 784 0 801 100 1067 0 1070 100 1257 0 1270 100 1527 0 1539 100 1638 0 1643 100 1897 0 1901 100 2058 0 2062 100 2301 0 2303 100 2532 0 2552 100 3975 0
14 27 0 100 109 0 115 100 224 0 231 100 294 0 315 100 398 0 413 100 611 0 624 100 805 0 823 100 1034 0 1051 100 1186 0 1203 100 1301 0 1313 100 1492 0 1514 100 1654 0 1665 100 1747 0 1752 100 1821 0 3975 0
15 27 0 100 131 0 142 100 362 0 377 100 638 0 641 100 827 0 845 100 1071 0 1085 100 1196 0 1205 100 1469 0 1491 100 1679 0 1685 100 1897 0 1903 100 1952 0 1974 100 2229 0 2243 100 2438 0 2453 100 2636 0 3975 0
16 27 0 100 202 0 219 100 405 0 420 100 515 0 518 100 597 0 604 100 803 0 816 100 873 0 878 100 928 0 940 100 1179 0 1186 100 1242 0 1250 100 1417 0 1427 100 1682 0 1697 100 1842 0 1857 100 2087 0 3975 0
17 27 0 0 18 100 202 0 217 100 482 0 493 100 765 0 773 100 822 0 831 100 898 0 910 100 1151 0 1166 100 1323 0 1340 100 1498 0 1500 100 1646 0 1662 100 1909 0 1917 100 2162 0 2171 100 2219 0 2232 100 3975 0
18 27 0 0 19 100 187 0 200 100 378 0 385 100 464 0 472 100 594 0 599 100 756 0 778 100 852 0 864 100 934 0 943 100 1113 0 1124 100 1282 0 1287 100 1501 0 1518 100 1642 0 1645 100 1911 0 1923 100 3975 0
19 27 0 0 8 100 155 0 172 100 307 0 325 100 485 0 507 100 589 0 607 100 822 0 832 100 1006 0 1015 100 1261 0 1274 100 1534 0 1545 100 1745 0 1762 100 1963 0 1983 100 2156 0 2166 100 2213 0 2235 100 3975 0
20 27 0 100 210 0 227 100 448 0 464 100 634 0 641 100 710 0 725 100 865 0 887 100 1123 0 1126 100 1333 0 1348 100 1475 0 1482 100 1547 0 1556 100 1640 0 1661 100 1776 0 1780 100 1841 0 1863 100 2123 0 3975 0
21 27 0 100 94 0 98 100 236 0 254 100 375 0 387 100 515 0 535 100 656 0 659 100 878 0 895 100 1164 0 1171 100 1340 0 1350 100 1442 0 1464 100 1513 0 1516 100 1737 0 1756 100 1805 0 1819 100 1893 0 3975 0
22 27 0 0 20 100 74 0 88 100 326 0 345 100 584 0 598 100 821 0 842 100 913 0 918 100 1127 0 1134 100 1376 0 1394 100 1562 0 1575 100 1797 0 1817 100 1984 0 2003 100 2194 0 2211 100 2400 0 2419 100 3975 0
23 27 0 100 169 0 172 100 430 0 436 100 548 0 559 100 702 0 724 100 780 0 802 100 893 0 900 100 948 0 962 100 1019 0 1024 100 1182 0 1204 100 1331 0 1351 100 1474 0 1482 100 1738 0 1752 100 1875 0 3975 0
24 27 0 0 3 100 73 0 82 100 349 0 368 100 494 0 499 100 615 0 631 100 690 0 700 100 830 0 851 100 937 0 953 100 1106 0 1118 100 1166 0 1177 100 1376 0 1396 100 1443 0 1455 100 1659 0 1673 100 3975 0

# TASKS
# Format: <task_id> <size> <num_reqs>
# Then for each requirement: <type_id> <qty>
0 0 4
 0 0
 1 0
 2 0
 3 0
1 8 4
 0 1
 1 1
 2 3
 3 1
2 5 4
 0 0
 1 3
 2 2
 3 0
3 16 4
 0 2
 1 1
 2 2
 3 0
4 7 4
 0 0
 1 3
 2 2
 3 3
5 15 4
 0 0
 1 0
 2 1
 3 1
6 2 4
 0 2
 1 1
 2 0
 3 3
7 3 4
 0 0
 1 0
 2 1
 3 0
8 4 4
 0 3
 1 0
 2 1
 3 3
9 2 4
 0 0
 1 0
 2 2
 3 0
10 10 4
 0 2
 1 1
 2 0
 3 2
11 1 4
 0 1
 1 0
 2 0
 3 2
12 2 4
 0 0
 1 0
 2 2
 3 1
13 18 4
 0 1
 1 2
 2 3
 3 1
14 20 4
 0 3
 1 0
 2 1
 3 1
15 7 4
 0 2
 1 0
 2 0
 3 3
16 16 4
 0 3
 1 2
 2 2
 3 1
17 15 4
 0 0
 1 1
 2 3
 3 3
18 12 4
 0 0
 1 1
 2 0
 3 3
19 11 4
 0 0
 1 2
 2 0
 3 0
20 17 4
 0 1
 1 0
 2 0
 3 3
21 17 4
 0 1
 1 2
 2 1
 3 1
22 20 4
 0 1
 1 2
 2 2
 3 0
23 12 4
 0 3
 1 1
 2 0
 3 3
24 9 4
 0 0
 1 3
 2 1
 3 2
25 3 4
 0 1
 1 0
 2 0
 3 0
26 6 4
 0 3
 1 0
 2 0
 3 0
27 7 4
 0 3
 1 3
 2 3
 3 0
28 9 4
 0 0
 1 2
 2 2
 3 3
29 10 4
 0 3
 1 0
 2 1
 3 0
30 7 4
 0 0
 1 1
 2 0
 3 0
31 12 4
 0 0
 1 0
 2 1
 3 1
32 9 4
 0 0
 1 3
 2 0
 3 2
33 7 4
 0 1
 1 2
 2 2
 3 3
34 8 4
 0 0
 1 3
 2 0
 3 0
35 12 4
 0 1
 1 0
 2 0
 3 2
36 2 4
 0 1
 1 0
 2 2
 3 0
37 4 4
 0 2
 1 2
 2 3
 3 3
38 11 4
 0 0
 1 1
 2 0
 3 0
39 15 4
 0 0
 1 3
 2 0
 3 2
40 10 4
 0 0
 1 0
 2 2
 3 3
41 13 4
 0 2
 1 0
 2 3
 3 0
42 15 4
 0 0
 1 3
 2 1
 3 2
43 13 4
 0 0
 1 0
 2 0
 3 1
44 3 4
 0 2
 1 3
 2 3
 3 1
45 15 4
 0 0
 1 1
 2 0
 3 3
46 17 4
 0 2
 1 1
 2 2
 3 3
47 6 4
 0 3
 1 3
 2 3
 3 0
48 5 4
 0 3
 1 1
 2 2
 3 0
49 8 4
 0 0
 1 2
 2 0
 3 1
50 17 4
 0 1
 1 0
 2 0
 3 1
51 14 4
 0 2
 1 1
 2 1
 3 1
52 7 4
 0 0
 1 2
 2 1
 3 0
53 5 4
 0 2
 1 2
 2 3
 3 3
54 13 4
 0 3
 1 0
 2 3
 3 2
55 11 4
 0 0
 1 2
 2 0
 3 0
56 12 4
 0 2
 1 0
 2 1
 3 0
57 13 4
 0 0
 1 1
 2 2
 3 1
58 19 4
 0 0
 1 1
 2 0
 3 0
59 18 4
 0 3
 1 2
 2 0
 3 3
60 16 4
 0 2
 1 3
 2 1
 3 1
61 19 4
 0 3
 1 3
 2 2
 3 1
62 16 4
 0 0
 1 0
 2 3
 3 0
63 4 4
 0 1
 1 1
 2 2
 3 0
64 9 4
 0 0
 1 0
 2 0
 3 1
65 9 4
 0 3
 1 2
 2 3
 3 2
66 8 4
 0 1
 1 3
 2 0
 3 0
67 13 4
 0 1
 1 2
 2 1
 3 3
68 1 4
 0 3
 1 2
 2 2
 3 2
69 2 4
 0 0
 1 0
 2 0
 3 1
70 11 4
 0 0
 1 2
 2 3
 3 1
71 5 4
 0 2
 1 1
 2 0
 3 0
72 13 4
 0 1
 1 3
 2 0
 3 2
73 20 4
 0 0
 1 0
 2 3
 3 1
74 6 4
 0 0
 1 0
 2 3
 3 2
75 19 4
 0 3
 1 1
 2 2
 3 1
76 17 4
 0 1
 1 0
 2 0
 3 3
77 19 4
 0 3
 1 0
 2 3
 3 2
78 3 4
 0 3
 1 0
 2 0
 3 0
79 17 4
 0 2
 1 1
 2 1
 3 2
80 4 4
 0 0
 1 0
 2 1
 3 2
81 19 4
 0 0
 1 1
 2 0
 3 3
82 17 4
 0 0
 1 2
 2 1
 3 2
83 7 4
 0 3
 1 0
 2 1
 3 0
84 18 4
 0 3
 1 1
 2 2
 3 0
85 18 4
 0 0
 1 3
 2 0
 3 1
86 3 4
 0 3
 1 3
 2 1
 3 0
87 10 4
 0 3
 1 1
 2 0
 3 3
88 9 4
 0 0
 1 0
 2 3
 3 2
89 15 4
 0 0
 1 2
 2 0
 3 0
90 4 4
 0 2
 1 1
 2 3
 3 2
91 6 4
 0 0
 1 1
 2 0
 3 1
92 1 4
 0 3
 1 0
 2 0
 3 1
93 17 4
 0 0
 1 3
 2 3
 3 1
94 13 4
 0 1
 1 3
 2 0
 3 1
95 18 4
 0 1
 1 0
 2 0
 3 2
96 19 4
 0 1
 1 3
 2 1
 3 0
97 2 4
 0 0
 1 2
 2 0
 3 3
98 8 4
 0 3
 1 2
 2 0
 3 0
99 12 4
 0 1
 1 3
 2 1
 3 1
100 2 4
 0 2
 1 1
 2 0
 3 0
101 7 4
 0 2
 1 3
 2 2
 3 1
102 17 4
 0 0
 1 3
 2 2
 3 2
103 20 4
 0 3
 1 1
 2 0
 3 2
104 2 4
 0 0
 1 3
 2 0
 3 0
105 4 4
 0 0
 1 1
 2 1
 3 0
106 4 4
 0 1
 1 0
 2 2
 3 0
107 1 4
 0 0
 1 1
 2 0
 3 0
108 20 4
 0 0
 1 2
 2 0
 3 0
109 17 4
 0 0
 1 0
 2 3
 3 0
110 15 4
 0 2
 1 2
 2 0
 3 1
111 4 4
 0 0
 1 3
 2 0
 3 1
112 7 4
 0 2
 1 3
 2 2
 3 1
113 3 4
 0 3
 1 2
 2 3
 3 0
114 17 4
 0 3
 1 0
 2 3
 3 3
115 17 4
 0 3
 1 0
 2 2
 3 1
116 6 4
 0 3
 1 3
 2 1
 3 2
117 4 4
 0 1
 1 2
 2 2
 3 0
118 13 4
 0 1
 1 1
 2 2
 3 3
119 14 4
 0 0
 1 0
 2 2
 3 2
120 10 4
 0 0
 1 2
 2 2
 3 2
121 4 4
 0 2
 1 0
 2 1
 3 2
122 18 4
 0 0
 1 2
 2 3
 3 3
123 16 4
 0 0
 1 2
 2 0
 3 0
124 20 4
 0 0
 1 0
 2 0
 3 3
125 16 4
 0 2
 1 3
 2 0
 3 3
126 19 4
 0 2
 1 3
 2 0
 3 0
127 5 4
 0 0
 1 3
 2 1
 3 2
128 18 4
 0 1
 1 0
 2 0
 3 0
129 19 4
 0 3
 1 3
 2 2
 3 2
130 17 4
 0 0
 1 2
 2 3
 3 0
131 17 4
 0 3
 1 2
 2 0
 3 2
132 3 4
 0 1
 1 0
 2 0
 3 3
133 10 4
 0 2
 1 0
 2 3
 3 2
134 3 4
 0 3
 1 2
 2 1
 3 3
135 14 4
 0 0
 1 0
 2 2
 3 0
136 15 4
 0 2
 1 2
 2 1
 3 1
137 3 4
 0 0
 1 0
 2 0
 3 2
138 4 4
 0 1
 1 1
 2 0
 3 1
139 13 4
 0 1
 1 1
 2 3
 3 2
140 3 4
 0 0
 1 3
 2 2
 3 1
141 3 4
 0 1
 1 0
 2 2
 3 2
142 17 4
 0 1
 1 0
 2 0
 3 3
143 4 4
 0 0
 1 3
 2 0
 3 3
144 3 4
 0 1
 1 3
 2 3
 3 0
145 16 4
 0 3
 1 0
 2 0
 3 0
146 1 4
 0 0
 1 0
 2 0
 3 2
147 7 4
 0 3
 1 0
 2 0
 3 0
148 11 4
 0 3
 1 0
 2 1
 3 3
149 5 4
 0 0
 1 1
 2 0
 3 2
150 6 4
 0 0
 1 3
 2 1
 3 0
151 1 4
 0 0
 1 0
 2 1
 3 2
152 4 4
 0 0
 1 0
 2 2
 3 2
153 11 4
 0 3
 1 2
 2 3
 3 3
154 19 4
 0 0
 1 3
 2 2
 3 0
155 17 4
 0 0
 1 1
 2 2
 3 3
156 19 4
 0 3
 1 0
 2 1
 3 0
157 8 4
 0 3
 1 1
 2 0
 3 0
158 20 4
 0 3
 1 0
 2 1
 3 2
159 11 4
 0 0
 1 3
 2 3
 3 0
160 19 4
 0 3
 1 1
 2 3
 3 0
161 2 4
 0 2
 1 3
 2 3
 3 1
162 3 4
 0 1
 1 2
 2 0
 3 1
163 5 4
 0 0
 1 3
 2 0
 3 2
164 4 4
 0 0
 1 0
 2 0
 3 2
165 9 4
 0 0
 1 1
 2 3
 3 0
166 15 4
 0 1
 1 1
 2 0
 3 1
167 6 4
 0 3
 1 0
 2 2
 3 0
168 15 4
 0 0
 1 2
 2 0
 3 1
169 16 4
 0 2
 1 3
 2 1
 3 0
170 19 4
 0 0
 1 0
 2 3
 3 2
171 8 4
 0 1
 1 3
 2 2
 3 0
172 12 4
 0 0
 1 3
 2 2
 3 1
173 18 4
 0 2
 1 1
 2 0
 3 3
174 17 4
 0 0
 1 0
 2 2
 3 1
175 5 4
 0 2
 1 1
 2 1
 3 2
176 20 4
 0 3
 1 0
 2 2
 3 1
177 1 4
 0 0
 1 2
 2 0
 3 3
178 12 4
 0 2
 1 3
 2 0
 3 1
179 2 4
 0 0
 1 0
 2 3
 3 0
180 4 4
 0 2
 1 0
 2 0
 3 0
181 1 4
 0 0
 1 2
 2 0
 3 1
182 8 4
 0 1
 1 0
 2 0
 3 3
183 14 4
 0 0
 1 3
 2 2
 3 0
184 20 4
 0 0
 1 2
 2 0
 3 1
185 12 4
 0 1
 1 0
 2 0
 3 0
186 7 4
 0 3
 1 0
 2 3
 3 1
187 10 4
 0 0
 1 3
 2 1
 3 2
188 12 4
 0 2
 1 0
 2 3
 3 3
189 17 4
 0 3
 1 0
 2 0
 3 0
190 10 4
 0 0
 1 0
 2 1
 3 2
191 9 4
 0 0
 1 0
 2 2
 3 2
192 11 4
 0 1
 1 0
 2 0
 3 3
193 13 4
 0 0
 1 2
 2 0
 3 0
194 15 4
 0 1
 1 0
 2 1
 3 0
195 1 4
 0 3
 1 2
 2 3
 3 1
196 7 4
 0 0
 1 0
 2 0
 3 1
197 13 4
 0 0
 1 1
 2 2
 3 3
198 4 4
 0 3
 1 2
 2 2
 3 0
199 18 4
 0 1
 1 0
 2 3
 3 0
200 18 4
 0 1
 1 3
 2 0
 3 1
201 14 4
 0 0
 1 0
 2 0
 3 1
202 6 4
 0 0
 1 0
 2 2
 3 0
203 3 4
 0 1
 1 2
 2 2
 3 0
204 9 4
 0 3
 1 0
 2 0
 3 0
205 1 4
 0 0
 1 3
 2 1
 3 0
206 12 4
 0 1
 1 1
 2 1
 3 1
207 7 4
 0 0
 1 1
 2 2
 3 0
208 9 4
 0 0
 1 0
 2 3
 3 2
209 3 4
 0 0
 1 0
 2 0
 3 1
210 20 4
 0 0
 1 0
 2 1
 3 0
211 19 4
 0 2
 1 0
 2 1
 3 3
212 7 4
 0 0
 1 1
 2 3
 3 0
213 19 4
 0 1
 1 3
 2 3
 3 2
214 1 4
 0 1
 1 0
 2 3
 3 2
215 15 4
 0 3
 1 3
 2 0
 3 1
216 9 4
 0 0
 1 0
 2 1
 3 0
217 16 4
 0 1
 1 3
 2 2
 3 3
218 4 4
 0 0
 1 3
 2 1
 3 0
219 5 4
 0 1
 1 0
 2 3
 3 3
220 3 4
 0 0
 1 3
 2 3
 3 1
221 19 4
 0 0
 1 0
 2 1
 3 2
222 1 4
 0 0
 1 2
 2 1
 3 2
223 19 4
 0 1
 1 2
 2 0
 3 2
224 16 4
 0 2
 1 0
 2 0
 3 2
225 3 4
 0 0
 1 0
 2 0
 3 3
226 17 4
 0 2
 1 1
 2 3
 3 1
227 16 4
 0 2
 1 3
 2 2
 3 1
228 1 4
 0 0
 1 0
 2 0
 3 1
229 16 4
 0 1
 1 0
 2 3
 3 2
230 20 4
 0 2
 1 3
 2 0
 3 0
231 8 4
 0 3
 1 0
 2 0
 3 0
232 5 4
 0 1
 1 0
 2 0
 3 0
233 20 4
 0 1
 1 3
 2 1
 3 0
234 13 4
 0 1
 1 3
 2 1
 3 3
235 16 4
 0 2
 1 1
 2 0
 3 3
236 16 4
 0 3
 1 2
 2 2
 3 1
237 19 4
 0 0
 1 3
 2 0
 3 3
238 2 4
 0 0
 1 0
 2 0
 3 1
239 5 4
 0 0
 1 1
 2 1
 3 0
240 5 4
 0 0
 1 2
 2 2
 3 0
241 13 4
 0 3
 1 1
 2 2
 3 3
242 18 4
 0 0
 1 2
 2 0
 3 3
243 19 4
 0 2
 1 1
 2 2
 3 0
244 16 4
 0 1
 1 0
 2 3
 3 0
245 6 4
 0 3
 1 0
 2 3
 3 0
246 17 4
 0 0
 1 3
 2 0
 3 3
247 1 4
 0 3
 1 0
 2 1
 3 2
248 7 4
 0 2
 1 0
 2 3
 3 0
249 6 4
 0 0
 1 0
 2 0
 3 2
250 3 4
 0 2
 1 0
 2 2
 3 0
251 15 4
 0 2
 1 1
 2 2
 3 3
252 3 4
 0 0
 1 1
 2 0
 3 1
253 12 4
 0 0
 1 2
 2 0
 3 0
254 20 4
 0 1
 1 2
 2 3
 3 2
255 2 4
 0 0
 1 1
 2 0
 3 2
256 13 4
 0 0
 1 0
 2 2
 3 2
257 4 4
 0 1
 1 1
 2 2
 3 2
258 13 4
 0 0
 1 0
 2 1
 3 0
259 19 4
 0 2
 1 0
 2 3
 3 0
260 18 4
 0 0
 1 1
 2 3
 3 0
261 16 4
 0 0
 1 3
 2 0
 3 2
262 3 4
 0 2
 1 1
 2 1
 3 2
263 18 4
 0 2
 1 3
 2 0
 3 2
264 7 4
 0 2
 1 3
 2 3
 3 3
265 8 4
 0 0
 1 2
 2 0
 3 3
266 3 4
 0 0
 1 3
 2 0
 3 2
267 9 4
 0 0
 1 3
 2 0
 3 2
268 12 4
 0 1
 1 0
 2 2
 3 1
269 1 4
 0 0
 1 1
 2 1
 3 2
270 13 4
 0 1
 1 0
 2 1
 3 1
271 14 4
 0 0
 1 1
 2 0
 3 2
272 16 4
 0 0
 1 2
 2 1
 3 3
273 15 4
 0 3
 1 0
 2 3
 3 3
274 5 4
 0 3
 1 3
 2 3
 3 1
275 3 4
 0 2
 1 0
 2 2
 3 0
276 9 4
 0 0
 1 0
 2 1
 3 2
277 14 4
 0 0
 1 0
 2 2
 3 0
278 14 4
 0 1
 1 0
 2 0
 3 2
279 3 4
 0 2
 1 1
 2 1
 3 2
280 12 4
 0 0
 1 1
 2 0
 3 0
281 6 4
 0 0
 1 2
 2 0
 3 1
282 12 4
 0 2
 1 1
 2 1
 3 2
283 4 4
 0 0
 1 2
 2 0
 3 0
284 18 4
 0 1
 1 1
 2 0
 3 0
285 10 4
 0 2
 1 1
 2 3
 3 1
286 7 4
 0 0
 1 1
 2 3
 3 0
287 17 4
 0 0
 1 0
 2 2
 3 0
288 9 4
 0 2
 1 0
 2 0
 3 1
289 16 4
 0 0
 1 0
 2 1
 3 0
290 18 4
 0 1
 1 0
 2 0
 3 0
291 2 4
 0 0
 1 0
 2 0
 3 2
292 11 4
 0 1
 1 0
 2 0
 3 0
293 10 4
 0 3
 1 0
 2 0
 3 1
294 20 4
 0 1
 1 3
 2 3
 3 0
295 14 4
 0 0
 1 3
 2 2
 3 3
296 3 4
 0 0
 1 1
 2 0
 3 0
297 10 4
 0 1
 1 2
 2 3
 3 2
298 8 4
 0 0
 1 0
 2 0
 3 1
299 10 4
 0 0
 1 2
 2 1
 3 1
300 14 4
 0 2
 1 1
 2 1
 3 3
301 17 4
 0 2
 1 2
 2 3
 3 1
302 19 4
 0 0
 1 0
 2 2
 3 1
303 4 4
 0 0
 1 3
 2 0
 3 3
304 7 4
 0 1
 1 0
 2 2
 3 3
305 18 4
 0 1
 1 1
 2 3
 3 0
306 2 4
 0 0
 1 1
 2 1
 3 3
307 12 4
 0 2
 1 1
 2 3
 3 2
308 9 4
 0 1
 1 2
 2 0
 3 0
309 5 4
 0 0
 1 2
 2 3
 3 0
310 14 4
 0 2
 1 2
 2 0
 3 1
311 4 4
 0 0
 1 2
 2 0
 3 0
312 15 4
 0 0
 1 2
 2 0
 3 0
313 4 4
 0 1
 1 0
 2 0
 3 0
314 4 4
 0 3
 1 0
 2 1
 3 3
315 15 4
 0 2
 1 3
 2 3
 3 0
316 11 4
 0 3
 1 3
 2 0
 3 2
317 6 4
 0 3
 1 0
 2 0
 3 3
318 2 4
 0 2
 1 1
 2 1
 3 3
319 7 4
 0 2
 1 3
 2 1
 3 0
320 6 4
 0 1
 1 1
 2 1
 3 0
321 9 4
 0 2
 1 0
 2 1
 3 3
322 18 4
 0 3
 1 2
 2 3
 3 2
323 18 4
 0 0
 1 2
 2 3
 3 0
324 1 4
 0 0
 1 3
 2 1
 3 2
325 2 4
 0 1
 1 0
 2 0
 3 0
326 14 4
 0 0
 1 1
 2 0
 3 0
327 18 4
 0 3
 1 0
 2 3
 3 1
328 12 4
 0 0
 1 2
 2 3
 3 0
329 12 4
 0 0
 1 0
 2 0
 3 2
330 14 4
 0 0
 1 0
 2 2
 3 3
331 2 4
 0 2
 1 2
 2 1
 3 1
332 13 4
 0 0
 1 3
 2 3
 3 3
333 10 4
 0 1
 1 3
 2 2
 3 0
334 20 4
 0 1
 1 0
 2 0
 3 2
335 12 4
 0 2
 1 0
 2 0
 3 3
336 7 4
 0 0
 1 1
 2 1
 3 0
337 3 4
 0 2
 1 0
 2 0
 3 3
338 1 4
 0 0
 1 2
 2 2
 3 0
339 11 4
 0 0
 1 0
 2 0
 3 1
340 13 4
 0 1
 1 3
 2 2
 3 1
341 12 4
 0 3
 1 3
 2 0
 3 2
342 11 4
 0 0
 1 1
 2 0
 3 2
343 10 4
 0 3
 1 0
 2 1
 3 3
344 1 4
 0 1
 1 0
 2 0
 3 0
345 7 4
 0 1
 1 0
 2 1
 3 0
346 12 4
 0 0
 1 0
 2 3
 3 3
347 8 4
 0 2
 1 0
 2 1
 3 0
348 9 4
 0 2
 1 0
 2 3
 3 1
349 16 4
 0 0
 1 3
 2 0
 3 0
350 1 4
 0 0
 1 3
 2 1
 3 3
351 12 4
 0 1
 1 1
 2 2
 3 0
352 10 4
 0 3
 1 1
 2 1
 3 0
353 17 4
 0 3
 1 2
 2 0
 3 3
354 13 4
 0 0
 1 0
 2 3
 3 3
355 6 4
 0 0
 1 2
 2 2
 3 0
356 12 4
 0 0
 1 0
 2 2
 3 1
357 15 4
 0 0
 1 3
 2 1
 3 3
358 4 4
 0 3
 1 2
 2 3
 3 2
359 8 4
 0 0
 1 2
 2 0
 3 2
360 2 4
 0 0
 1 3
 2 0
 3 1
361 9 4
 0 0
 1 2
 2 3
 3 2
362 10 4
 0 3
 1 3
 2 2
 3 0
363 4 4
 0 2
 1 3
 2 3
 3 0
364 8 4
 0 1
 1 1
 2 0
 3 3
365 17 4
 0 2
 1 0
 2 0
 3 0
366 16 4
 0 0
 1 0
 2 0
 3 2
367 8 4
 0 0
 1 0
 2 1
 3 0
368 9 4
 0 1
 1 0
 2 1
 3 1
369 14 4
 0 0
 1 1
 2 0
 3 0
370 8 4
 0 2
 1 3
 2 0
 3 0
371 18 4
 0 2
 1 3
 2 2
 3 0
372 8 4
 0 3
 1 2
 2 3
 3 0
373 9 4
 0 3
 1 3
 2 0
 3 0
374 1 4
 0 2
 1 2
 2 0
 3 1
375 9 4
 0 0
 1 3
 2 0
 3 2
376 3 4
 0 2
 1 1
 2 0
 3 0
377 14 4
 0 0
 1 1
 2 0
 3 2
378 14 4
 0 0
 1 3
 2 3
 3 3
379 14 4
 0 3
 1 1
 2 2
 3 2
380 1 4
 0 0
 1 1
 2 3
 3 1
381 4 4
 0 1
 1 0
 2 0
 3 2
382 8 4
 0 3
 1 0
 2 3
 3 3
383 15 4
 0 0
 1 1
 2 0
 3 0
384 3 4
 0 1
 1 1
 2 0
 3 0
385 11 4
 0 0
 1 3
 2 0
 3 3
386 7 4
 0 2
 1 3
 2 2
 3 1
387 8 4
 0 3
 1 0
 2 2
 3 0
388 9 4
 0 3
 1 0
 2 0
 3 2
389 20 4
 0 1
 1 2
 2 1
 3 2
390 8 4
 0 0
 1 2
 2 2
 3 0
391 3 4
 0 3
 1 3
 2 0
 3 3
392 9 4
 0 0
 1 0
 2 1
 3 0
393 14 4
 0 3
 1 2
 2 0
 3 0
394 4 4
 0 0
 1 1
 2 3
 3 1
395 2 4
 0 0
 1 0
 2 2
 3 3
396 12 4
 0 3
 1 0
 2 2
 3 2
397 12 4
 0 2
 1 1
 2 1
 3 1
398 7 4
 0 0
 1 0
 2 1
 3 3
399 18 4
 0 0
 1 0
 2 0
 3 1
400 2 4
 0 0
 1 2
 2 1
 3 1
401 13 4
 0 3
 1 2
 2 0
 3 2
402 5 4
 0 0
 1 3
 2 2
 3 1
403 10 4
 0 2
 1 2
 2 1
 3 1
404 19 4
 0 3
 1 2
 2 0
 3 3
405 8 4
 0 0
 1 1
 2 2
 3 3
406 3 4
 0 1
 1 0
 2 0
 3 0
407 15 4
 0 3
 1 3
 2 3
 3 0
408 6 4
 0 0
 1 0
 2 2
 3 0
409 7 4
 0 0
 1 0
 2 0
 3 1
410 1 4
 0 2
 1 0
 2 2
 3 0
411 20 4
 0 1
 1 2
 2 3
 3 0
412 19 4
 0 0
 1 2
 2 0
 3 0
413 5 4
 0 2
 1 3
 2 2
 3 0
414 17 4
 0 1
 1 0
 2 0
 3 1
415 8 4
 0 2
 1 0
 2 2
 3 0
416 5 4
 0 1
 1 2
 2 2
 3 2
417 1 4
 0 1
 1 3
 2 0
 3 0
418 12 4
 0 0
 1 0
 2 3
 3 1
419 17 4
 0 3
 1 0
 2 0
 3 0
420 15 4
 0 0
 1 1
 2 0
 3 3
421 9 4
 0 1
 1 3
 2 3
 3 0
422 11 4
 0 2
 1 0
 2 2
 3 0
423 13 4
 0 3
 1 0
 2 1
 3 0
424 17 4
 0 1
 1 0
 2 0
 3 3
425 9 4
 0 0
 1 1
 2 0
 3 0
426 20 4
 0 3
 1 0
 2 3
 3 3
427 20 4
 0 1
 1 1
 2 0
 3 0
428 8 4
 0 2
 1 0
 2 2
 3 0
429 7 4
 0 0
 1 2
 2 0
 3 0
430 1 4
 0 0
 1 0
 2 1
 3 1
431 14 4
 0 0
 1 0
 2 2
 3 3
432 5 4
 0 1
 1 1
 2 2
 3 0
433 15 4
 0 3
 1 0
 2 2
 3 3
434 7 4
 0 0
 1 3
 2 0
 3 2
435 16 4
 0 0
 1 1
 2 3
 3 2
436 8 4
 0 1
 1 0
 2 0
 3 0
437 8 4
 0 1
 1 0
 2 0
 3 3
438 15 4
 0 0
 1 3
 2 1
 3 0
439 15 4
 0 3
 1 2
 2 3
 3 3
440 15 4
 0 0
 1 2
 2 1
 3 1
441 11 4
 0 0
 1 2
 2 3
 3 3
442 3 4
 0 1
 1 3
 2 0
 3 3
443 10 4
 0 2
 1 3
 2 3
 3 0
444 6 4
 0 2
 1 1
 2 0
 3 1
445 8 4
 0 3
 1 3
 2 0
 3 2
446 3 4
 0 1
 1 0
 2 2
 3 1
447 14 4
 0 3
 1 0
 2 2
 3 1
448 14 4
 0 3
 1 0
 2 1
 3 0
449 3 4
 0 3
 1 2
 2 0
 3 0
450 2 4
 0 1
 1 3
 2 0
 3 1
451 10 4
 0 2
 1 0
 2 2
 3 1
452 3 4
 0 0
 1 0
 2 0
 3 3
453 4 4
 0 1
 1 1
 2 1
 3 3
454 1 4
 0 0
 1 2
 2 1
 3 3
455 0 4
 0 0
 1 0
 2 0
 3 0

# PRECEDENCES
1025
0 1
0 31
0 61
0 91
0 121
0 151
0 181
0 211
0 241
0 271
0 301
0 331
0 361
0 391
0 421
0 451
1 2
1 31
2 3
2 32
2 33
3 4
3 33
4 5
4 34
5 6
5 35
6 7
6 36
7 8
7 37
7 38
8 9
8 38
9 10
9 39
10 11
10 40
10 41
11 12
11 41
11 42
12 13
12 42
13 14
13 43
13 44
14 15
14 44
15 16
15 45
16 17
16 46
16 47
17 18
17 47
18 19
18 48
19 20
19 49
19 50
20 21
20 50
21 22
21 51
22 23
22 52
22 53
23 24
23 53
23 54
24 25
24 54
25 26
25 55
26 27
26 56
26 57
27 28
27 57
28 29
28 58
29 30
29 59
30 60
30 455
31 32
31 61
32 33
32 62
33 34
33 63
34 35
34 64
35 36
35 65
35 66
36 37
36 66
37 38
37 67
38 39
38 68
38 69
39 40
39 69
40 41
40 70
41 42
41 71
41 72
42 43
42 72
43 44
43 73
44 45
44 74
45 46
45 75
46 47
46 76
46 77
47 48
47 77
48 49
48 78
49 50
49 79
49 80
50 51
50 80
50 81
51 52
51 81
52 53
52 82
53 54
53 83
54 55
54 84
54 85
55 56
55 85
56 57
56 86
57 58
57 87
58 59
58 88
59 60
59 89
59 90
60 90
60 455
61 62
61 91
62 63
62 92
62 93
63 64
63 93
64 65
64 94
65 66
65 95
66 67
66 96
67 68
67 97
68 69
68 98
69 70
69 99
70 71
70 100
71 72
71 101
72 73
72 102
72 103
73 74
73 103
74 75
74 104
74 105
75 76
75 105
76 77
76 106
76 107
77 78
77 107
77 108
78 79
78 108
79 80
79 109
80 81
80 110
81 82
81 111
81 112
82 83
82 112
82 113
83 84
83 113
84 85
84 114
84 115
85 86
85 115
86 87
86 116
87 88
87 117
88 89
88 118
89 90
89 119
89 120
90 120
90 455
91 92
91 121
91 122
92 93
92 122
93 94
93 123
94 95
94 124
95 96
95 125
95 126
96 97
96 126
96 127
97 98
97 127
97 128
98 99
98 128
99 100
99 129
100 101
100 130
101 102
101 131
102 103
102 132
102 133
103 104
103 133
104 105
104 134
105 106
105 135
106 107
106 136
106 137
107 108
107 137
108 109
108 138
109 110
109 139
110 111
110 140
111 112
111 141
111 142
112 113
112 142
113 114
113 143
114 115
114 144
115 116
115 145
116 117
116 146
116 147
117 118
117 147
118 119
118 148
119 120
119 149
120 150
120 455
121 122
121 151
122 123
122 152
123 124
123 153
124 125
124 154
125 126
125 155
126 127
126 156
127 128
127 157
128 129
128 158
129 130
129 159
130 131
130 160
131 132
131 161
131 162
132 133
132 162
133 134
133 163
134 135
134 164
134 165
135 136
135 165
135 166
136 137
136 166
136 167
137 138
137 167
138 139
138 168
139 140
139 169
140 141
140 170
141 142
141 171
142 143
142 172
142 173
143 144
143 173
144 145
144 174
145 146
145 175
146 147
146 176
147 148
147 177
147 178
148 149
148 178
149 150
149 179
150 180
150 455
151 152
151 181
151 182
152 153
152 182
152 183
153 154
153 183
154 155
154 184
155 156
155 185
155 186
156 157
156 186
157 158
157 187
158 159
158 188
159 160
159 189
159 190
160 161
160 190
161 162
161 191
162 163
162 192
163 164
163 193
163 194
164 165
164 194
165 166
165 195
165 196
166 167
166 196
166 197
167 168
167 197
167 198
168 169
168 198
168 199
169 170
169 199
170 171
170 200
170 201
171 172
171 201
171 202
172 173
172 202
173 174
173 203
173 204
174 175
174 204
175 176
175 205
176 177
176 206
176 207
177 178
177 207
178 179
178 208
178 209
179 180
179 209
179 210
180 210
180 455
181 182
181 211
182 183
182 212
183 184
183 213
184 185
184 214
185 186
185 215
186 187
186 216
187 188
187 217
188 189
188 218
188 219
189 190
189 219
189 220
190 191
190 220
190 221
191 192
191 221
191 222
192 193
192 222
193 194
193 223
194 195
194 224
195 196
195 225
196 197
196 226
196 227
197 198
197 227
197 228
198 199
198 228
199 200
199 229
200 201
200 230
200 231
201 202
201 231
202 203
202 232
203 204
203 233
204 205
204 234
204 235
205 206
205 235
206 207
206 236
207 208
207 237
207 238
208 209
208 238
209 210
209 239
209 240
210 240
210 455
211 212
211 241
212 213
212 242
213 214
213 243
213 244
214 215
214 244
215 216
215 245
216 217
216 246
217 218
217 247
218 219
218 248
218 249
219 220
219 249
220 221
220 250
221 222
221 251
222 223
222 252
223 224
223 253
224 225
224 254
225 226
225 255
226 227
226 256
227 228
227 257
228 229
228 258
228 259
229 230
229 259
230 231
230 260
230 261
231 232
231 261
232 233
232 262
232 263
233 234
233 263
234 235
234 264
235 236
235 265
236 237
236 266
236 267
237 238
237 267
238 239
238 268
238 269
239 240
239 269
240 270
240 455
241 242
241 271
242 243
242 272
243 244
243 273
244 245
244 274
245 246
245 275
246 247
246 276
247 248
247 277
248 249
248 278
248 279
249 250
249 279
249 280
250 251
250 280
251 252
251 281
251 282
252 253
252 282
252 283
253 254
253 283
254 255
254 284
255 256
255 285
255 286
256 257
256 286
257 258
257 287
258 259
258 288
259 260
259 289
260 261
260 290
260 291
261 262
261 291
262 263
262 292
262 293
263 264
263 293
263 294
264 265
264 294
265 266
265 295
266 267
266 296
267 268
267 297
268 269
268 298
269 270
269 299
270 300
270 455
271 272
271 301
271 302
272 273
272 302
273 274
273 303
273 304
274 275
274 304
274 305
275 276
275 305
276 277
276 306
276 307
277 278
277 307
278 279
278 308
278 309
279 280
279 309
280 281
280 310
281 282
281 311
282 283
282 312
282 313
283 284
283 313
284 285
284 314
284 315
285 286
285 315
285 316
286 287
286 316
287 288
287 317
288 289
288 318
288 319
289 290
289 319
289 320
290 291
290 320
291 292
291 321
292 293
292 322
293 294
293 323
294 295
294 324
294 325
295 296
295 325
296 297
296 326
296 327
297 298
297 327
298 299
298 328
298 329
299 300
299 329
300 330
300 455
301 302
301 331
302 303
302 332
303 304
303 333
304 305
304 334
305 306
305 335
306 307
306 336
307 308
307 337
308 309
308 338
308 339
309 310
309 339
310 311
310 340
311 312
311 341
312 313
312 342
313 314
313 343
313 344
314 315
314 344
315 316
315 345
316 317
316 346
317 318
317 347
318 319
318 348
318 349
319 320
319 349
320 321
320 350
321 322
321 351
321 352
322 323
322 352
322 353
323 324
323 353
324 325
324 354
325 326
325 355
325 356
326 327
326 356
326 357
327 328
327 357
328 329
328 358
329 330
329 359
330 360
330 455
331 332
331 361
332 333
332 362
333 334
333 363
334 335
334 364
334 365
335 336
335 365
336 337
336 366
337 338
337 367
338 339
338 368
338 369
339 340
339 369
339 370
340 341
340 370
341 342
341 371
342 343
342 372
343 344
343 373
344 345
344 374
345 346
345 375
346 347
346 376
347 348
347 377
347 378
348 349
348 378
349 350
349 379
349 380
350 351
350 380
351 352
351 381
352 353
352 382
353 354
353 383
354 355
354 384
355 356
355 385
356 357
356 386
356 387
357 358
357 387
358 359
358 388
359 360
359 389
360 390
360 455
361 362
361 391
361 392
362 363
362 392
362 393
363 364
363 393
364 365
364 394
364 395
365 366
365 395
365 396
366 367
366 396
367 368
367 397
368 369
368 398
369 370
369 399
369 400
370 371
370 400
371 372
371 401
372 373
372 402
372 403
373 374
373 403
374 375
374 404
375 376
375 405
376 377
376 406
377 378
377 407
377 408
378 379
378 408
378 409
379 380
379 409
379 410
380 381
380 410
381 382
381 411
382 383
382 412
383 384
383 413
383 414
384 385
384 414
385 386
385 415
386 387
386 416
386 417
387 388
387 417
388 389
388 418
389 390
389 419
389 420
390 420
390 455
391 392
391 421
392 393
392 422
393 394
393 423
394 395
394 424
395 396
395 425
396 397
396 426
396 427
397 398
397 427
398 399
398 428
399 400
399 429
400 401
400 430
401 402
401 431
401 432
402 403
402 432
402 433
403 404
403 433
404 405
404 434
404 435
405 406
405 435
406 407
406 436
406 437
407 408
407 437
408 409
408 438
409 410
409 439
410 411
410 440
410 441
411 412
411 441
411 442
412 413
412 442
413 414
413 443
414 415
414 444
414 445
415 416
415 445
416 417
416 446
417 418
417 447
418 419
418 448
419 420
419 449
420 450
420 455
421 422
421 451
422 423
422 452
423 424
423 453
423 454
424 425
424 454
425 426
426 427
427 428
428 429
429 430
430 431
431 432
432 433
433 434
434 435
435 436
436 437
437 438
438 439
439 440
440 441
441 442
442 443
443 444
444 445
445 446
446 447
447 448
448 449
449 450
450 455
451 452
451 455
452 453
452 455
453 454
453 455
454 455
