# Tier 7 (Very Large) - Instance 70
# Generated with config: N=318, K=5, topology=random_dag, calendar=random

# HEADER: <num_tasks> <num_types> <num_units>
320 5 30

# RESOURCE TYPES
# Format: <type_id> <num_units> <unit_id1> <unit_id2> ...
0 8 0 1 2 3 4 5 6 7
1 7 8 9 10 11 12 13 14
2 6 15 16 17 18 19 20
3 5 21 22 23 24 25
4 4 26 27 28 29

# RESOURCE UNITS (Calendars)
# Format: <unit_id> <num_steps> <t1> <v1> <t2> <v2> ...
0 21 0 0 17 100 201 0 223 100 436 0 446 100 601 0 603 100 660 0 663 100 749 0 759 100 857 0 871 100 920 0 926 100 1086 0 1088 100 1313 0 1323 100 3049 0
1 21 0 0 21 100 218 0 226 100 313 0 334 100 585 0 600 100 707 0 709 100 922 0 940 100 1179 0 1196 100 1373 0 1385 100 1655 0 1671 100 1894 0 1915 100 3049 0
2 21 0 100 80 0 86 100 203 0 209 100 333 0 345 100 467 0 485 100 646 0 660 100 708 0 728 100 993 0 997 100 1195 0 1209 100 1284 0 1295 100 1367 0 3049 0
3 21 0 100 164 0 172 100 416 0 423 100 601 0 613 100 778 0 789 100 923 0 944 100 993 0 999 100 1114 0 1135 100 1293 0 1307 100 1396 0 1412 100 1585 0 3049 0
4 21 0 100 197 0 219 100 394 0 401 100 555 0 557 100 645 0 647 100 856 0 877 100 1093 0 1101 100 1311 0 1326 100 1455 0 1466 100 1708 0 1724 100 1777 0 3049 0
5 21 0 100 105 0 111 100 272 0 279 100 499 0 510 100 599 0 609 100 739 0 752 100 936 0 953 100 1112 0 1127 100 1368 0 1375 100 1530 0 1536 100 1798 0 3049 0
6 21 0 100 55 0 74 100 227 0 233 100 451 0 460 100 708 0 713 100 860 0 876 100 981 0 983 100 1118 0 1139 100 1296 0 1302 100 1386 0 1403 100 1661 0 3049 0
7 21 0 0 12 100 268 0 273 100 405 0 415 100 485 0 497 100 681 0 698 100 841 0 855 100 1021 0 1039 100 1212 0 1220 100 1314 0 1335 100 1608 0 1614 100 3049 0
8 21 0 0 22 100 138 0 142 100 202 0 214 100 442 0 448 100 603 0 610 100 866 0 874 100 1120 0 1134 100 1284 0 1300 100 1376 0 1388 100 1484 0 1501 100 3049 0
9 21 0 100 129 0 135 100 236 0 240 100 439 0 446 100 643 0 647 100 729 0 750 100 844 0 862 100 916 0 938 100 1089 0 1093 100 1183 0 1192 100 1397 0 3049 0
10 21 0 100 125 0 132 100 319 0 340 100 585 0 587 100 638 0 648 100 894 0 899 100 1150 0 1162 100 1300 0 1322 100 1386 0 1408 100 1632 0 1636 100 1813 0 3049 0
11 21 0 0 13 100 272 0 281 100 417 0 436 100 695 0 705 100 821 0 832 100 885 0 890 100 1037 0 1040 100 1227 0 1229 100 1317 0 1331 100 1579 0 1599 100 3049 0
12 21 0 100 246 0 248 100 438 0 447 100 562 0 572 100 691 0 696 100 794 0 815 100 1087 0 1089 100 1326 0 1346 100 1565 0 1574 100 1836 0 1854 100 1910 0 3049 0
13 21 0 100 66 0 73 100 298 0 306 100 465 0 484 100 633 0 653 100 719 0 721 100 825 0 832 100 984 0 1000 100 1166 0 1184 100 1253 0 1264 100 1325 0 3049 0
14 21 0 100 65 0 72 100 133 0 153 100 378 0 387 100 612 0 620 100 689 0 695 100 925 0 943 100 1144 0 1152 100 1324 0 1327 100 1542 0 1563 100 1829 0 3049 0
15 21 0 0 21 100 127 0 138 100 337 0 356 100 499 0 511 100 556 0 571 100 808 0 821 100 1083 0 1086 100 1244 0 1264 100 1420 0 1431 100 1520 0 1536 100 3049 0
16 21 0 0 18 100 65 0 72 100 316 0 331 100 417 0 438 100 545 0 567 100 687 0 692 100 838 0 840 100 965 0 968 100 1017 0 1035 100 1155 0 1174 100 3049 0
17 21 0 0 15 100 283 0 296 100 400 0 417 100 494 0 503 100 732 0 737 100 911 0 923 100 992 0 998 100 1093 0 1096 100 1152 0 1164 100 1312 0 1321 100 3049 0
18 21 0 100 53 0 72 100 182 0 201 100 289 0 311 100 387 0 391 100 482 0 503 100 755 0 770 100 1019 0 1035 100 1260 0 1277 100 1434 0 1441 100 1665 0 3049 0
19 21 0 0 2 100 255 0 261 100 343 0 358 100 531 0 543 100 630 0 641 100 840 0 859 100 954 0 959 100 1054 0 1074 100 1294 0 1310 100 1407 0 1414 100 3049 0
20 21 0 100 54 0 64 100 213 0 226 100 364 0 372 100 634 0 645 100 824 0 842 100 894 0 908 100 1014 0 1019 100 1125 0 1143 100 1307 0 1311 100 1566 0 3049 0
21 21 0 0 11 100 128 0 150 100 297 0 299 100 357 0 377 100 585 0 602 100 863 0 868 100 1071 0 1088 100 1330 0 1334 100 1561 0 1580 100 1839 0 1849 100 3049 0
22 21 0 100 129 0 141 100 261 0 271 100 498 0 503 100 772 0 777 100 1018 0 1026 100 1211 0 1221 100 1481 0 1493 100 1742 0 1763 100 2014 0 2027 100 2194 0 3049 0
23 21 0 0 17 100 226 0 245 100 497 0 503 100 754 0 763 100 872 0 890 100 1092 0 1101 100 1369 0 1374 100 1607 0 1618 100 1684 0 1690 100 1860 0 1862 100 3049 0
24 21 0 100 239 0 252 100 473 0 479 100 650 0 662 100 858 0 873 100 944 0 953 100 1059 0 1069 100 1330 0 1347 100 1510 0 1522 100 1747 0 1753 100 1902 0 3049 0
25 21 0 100 90 0 96 100 205 0 222 100 281 0 297 100 369 0 382 100 562 0 568 100 763 0 779 100 867 0 871 100 1011 0 1013 100 1204 0 1217 100 1442 0 3049 0
26 21 0 100 214 0 234 100 358 0 362 100 487 0 498 100 761 0 773 100 1017 0 1021 100 1213 0 1218 100 1271 0 1276 100 1494 0 1505 100 1681 0 1689 100 1781 0 3049 0
27 21 0 100 76 0 84 100 203 0 215 100 469 0 485 100 643 0 657 100 777 0 780 100 943 0 960 100 1104 0 1123 100 1238 0 1253 100 1376 0 1382 100 1451 0 3049 0
28 21 0 0 14 100 89 0 102 100 204 0 218 100 307 0 326 100 381 0 388 100 613 0 634 100 828 0 846 100 1036 0 1054 100 1179 0 1201 100 1320 0 1341 100 3049 0
29 21 0 100 252 0 266 100 503 0 512 100 587 0 603 100 788 0 803 100 850 0 864 100 1092 0 1097 100 1316 0 1325 100 1546 0 1550 100 1598 0 1620 100 1680 0 3049 0

# TASKS
# Format: <task_id> <size> <num_reqs>
# Then for each requirement: <type_id> <qty>
0 0 5
 0 0
 1 0
 2 0
 3 0
 4 0
1 17 5
 0 3
 1 1
 2 0
 3 3
 4 3
2 2 5
 0 1
 1 0
 2 0
 3 1
 4 2
3 5 5
 0 0
 1 1
 2 1
 3 0
 4 3
4 14 5
 0 2
 1 0
 2 3
 3 2
 4 0
5 19 5
 0 3
 1 1
 2 3
 3 1
 4 0
6 11 5
 0 0
 1 0
 2 2
 3 1
 4 2
7 10 5
 0 0
 1 1
 2 0
 3 3
 4 1
8 1 5
 0 2
 1 3
 2 3
 3 0
 4 1
9 10 5
 0 1
 1 3
 2 1
 3 0
 4 3
10 2 5
 0 2
 1 2
 2 0
 3 0
 4 0
11 7 5
 0 0
 1 1
 2 2
 3 0
 4 2
12 2 5
 0 0
 1 0
 2 0
 3 2
 4 0
13 6 5
 0 0
 1 0
 2 1
 3 0
 4 0
14 1 5
 0 1
 1 1
 2 3
 3 0
 4 3
15 7 5
 0 0
 1 0
 2 1
 3 3
 4 0
16 9 5
 0 2
 1 0
 2 2
 3 0
 4 3
17 20 5
 0 1
 1 1
 2 2
 3 0
 4 2
18 8 5
 0 1
 1 2
 2 1
 3 1
 4 1
19 16 5
 0 1
 1 1
 2 1
 3 0
 4 1
20 9 5
 0 2
 1 1
 2 0
 3 0
 4 3
21 9 5
 0 1
 1 0
 2 0
 3 0
 4 0
22 2 5
 0 1
 1 2
 2 0
 3 1
 4 3
23 13 5
 0 2
 1 0
 2 1
 3 0
 4 3
24 11 5
 0 0
 1 3
 2 2
 3 0
 4 2
25 10 5
 0 2
 1 0
 2 3
 3 1
 4 0
26 18 5
 0 0
 1 0
 2 2
 3 2
 4 2
27 17 5
 0 2
 1 0
 2 3
 3 0
 4 1
28 16 5
 0 1
 1 1
 2 2
 3 1
 4 2
29 4 5
 0 0
 1 0
 2 0
 3 1
 4 1
30 1 5
 0 0
 1 3
 2 1
 3 1
 4 0
31 8 5
 0 1
 1 0
 2 0
 3 0
 4 0
32 8 5
 0 0
 1 0
 2 3
 3 1
 4 3
33 14 5
 0 0
 1 0
 2 0
 3 3
 4 2
34 3 5
 0 3
 1 2
 2 0
 3 0
 4 1
35 2 5
 0 0
 1 0
 2 2
 3 1
 4 2
36 14 5
 0 1
 1 0
 2 3
 3 3
 4 2
37 8 5
 0 3
 1 0
 2 3
 3 0
 4 0
38 1 5
 0 0
 1 1
 2 3
 3 0
 4 0
39 17 5
 0 0
 1 3
 2 3
 3 0
 4 1
40 14 5
 0 2
 1 0
 2 0
 3 1
 4 1
41 9 5
 0 0
 1 0
 2 1
 3 0
 4 2
42 18 5
 0 0
 1 0
 2 0
 3 1
 4 0
43 1 5
 0 2
 1 1
 2 2
 3 2
 4 1
44 9 5
 0 0
 1 0
 2 3
 3 2
 4 3
45 11 5
 0 3
 1 3
 2 3
 3 2
 4 0
46 14 5
 0 2
 1 0
 2 2
 3 0
 4 0
47 12 5
 0 3
 1 2
 2 2
 3 0
 4 3
48 17 5
 0 0
 1 0
 2 0
 3 1
 4 0
49 9 5
 0 3
 1 3
 2 1
 3 0
 4 1
50 5 5
 0 0
 1 2
 2 3
 3 0
 4 0
51 13 5
 0 2
 1 1
 2 0
 3 0
 4 1
52 18 5
 0 0
 1 1
 2 0
 3 2
 4 3
53 11 5
 0 0
 1 0
 2 2
 3 3
 4 1
54 8 5
 0 2
 1 2
 2 3
 3 0
 4 0
55 18 5
 0 2
 1 1
 2 2
 3 0
 4 1
56 16 5
 0 1
 1 0
 2 1
 3 3
 4 0
57 6 5
 0 2
 1 1
 2 1
 3 1
 4 3
58 19 5
 0 0
 1 3
 2 1
 3 1
 4 3
59 5 5
 0 0
 1 0
 2 2
 3 0
 4 0
60 15 5
 0 2
 1 3
 2 3
 3 2
 4 1
61 18 5
 0 2
 1 0
 2 0
 3 1
 4 2
62 19 5
 0 1
 1 0
 2 3
 3 0
 4 0
63 3 5
 0 2
 1 1
 2 1
 3 3
 4 3
64 9 5
 0 2
 1 1
 2 3
 3 0
 4 0
65 15 5
 0 0
 1 1
 2 0
 3 0
 4 2
66 7 5
 0 1
 1 0
 2 3
 3 1
 4 1
67 12 5
 0 3
 1 0
 2 0
 3 2
 4 0
68 17 5
 0 2
 1 2
 2 3
 3 1
 4 0
69 18 5
 0 1
 1 3
 2 0
 3 0
 4 1
70 16 5
 0 3
 1 0
 2 0
 3 2
 4 0
71 6 5
 0 2
 1 2
 2 0
 3 0
 4 1
72 15 5
 0 2
 1 3
 2 0
 3 0
 4 1
73 14 5
 0 2
 1 0
 2 0
 3 3
 4 1
74 2 5
 0 1
 1 0
 2 1
 3 0
 4 3
75 11 5
 0 2
 1 0
 2 1
 3 2
 4 3
76 16 5
 0 0
 1 2
 2 0
 3 2
 4 1
77 20 5
 0 0
 1 3
 2 3
 3 1
 4 0
78 17 5
 0 0
 1 0
 2 3
 3 1
 4 1
79 14 5
 0 2
 1 3
 2 0
 3 1
 4 0
80 18 5
 0 1
 1 0
 2 3
 3 0
 4 1
81 4 5
 0 1
 1 3
 2 0
 3 0
 4 0
82 7 5
 0 1
 1 0
 2 3
 3 3
 4 0
83 15 5
 0 2
 1 0
 2 2
 3 0
 4 3
84 17 5
 0 1
 1 2
 2 2
 3 0
 4 0
85 2 5
 0 0
 1 3
 2 1
 3 3
 4 3
86 16 5
 0 2
 1 0
 2 0
 3 2
 4 0
87 7 5
 0 1
 1 3
 2 1
 3 3
 4 2
88 19 5
 0 2
 1 3
 2 2
 3 0
 4 0
89 20 5
 0 0
 1 1
 2 3
 3 2
 4 1
90 5 5
 0 2
 1 1
 2 3
 3 0
 4 0
91 17 5
 0 3
 1 0
 2 0
 3 0
 4 0
92 6 5
 0 3
 1 2
 2 0
 3 0
 4 3
93 10 5
 0 0
 1 0
 2 1
 3 0
 4 0
94 18 5
 0 3
 1 2
 2 3
 3 0
 4 2
95 10 5
 0 2
 1 0
 2 1
 3 1
 4 3
96 7 5
 0 3
 1 3
 2 3
 3 2
 4 1
97 5 5
 0 0
 1 0
 2 3
 3 0
 4 1
98 1 5
 0 3
 1 3
 2 0
 3 2
 4 0
99 1 5
 0 0
 1 2
 2 2
 3 0
 4 3
100 17 5
 0 1
 1 0
 2 0
 3 0
 4 1
101 16 5
 0 0
 1 1
 2 1
 3 2
 4 3
102 6 5
 0 3
 1 0
 2 3
 3 1
 4 0
103 9 5
 0 2
 1 2
 2 0
 3 1
 4 2
104 11 5
 0 2
 1 2
 2 3
 3 3
 4 3
105 5 5
 0 0
 1 0
 2 3
 3 0
 4 0
106 19 5
 0 2
 1 0
 2 3
 3 0
 4 3
107 15 5
 0 2
 1 0
 2 3
 3 3
 4 1
108 1 5
 0 0
 1 0
 2 1
 3 0
 4 1
109 17 5
 0 0
 1 1
 2 3
 3 0
 4 3
110 4 5
 0 2
 1 2
 2 0
 3 0
 4 0
111 3 5
 0 1
 1 3
 2 0
 3 2
 4 3
112 14 5
 0 1
 1 2
 2 0
 3 2
 4 2
113 18 5
 0 2
 1 0
 2 2
 3 1
 4 0
114 4 5
 0 1
 1 0
 2 0
 3 0
 4 2
115 8 5
 0 0
 1 2
 2 1
 3 3
 4 2
116 14 5
 0 3
 1 1
 2 3
 3 2
 4 0
117 13 5
 0 1
 1 0
 2 0
 3 0
 4 2
118 6 5
 0 1
 1 1
 2 1
 3 2
 4 0
119 20 5
 0 2
 1 2
 2 1
 3 2
 4 0
120 10 5
 0 0
 1 3
 2 1
 3 3
 4 2
121 14 5
 0 3
 1 3
 2 3
 3 0
 4 3
122 10 5
 0 0
 1 3
 2 0
 3 0
 4 2
123 2 5
 0 1
 1 2
 2 0
 3 1
 4 2
124 6 5
 0 0
 1 0
 2 2
 3 0
 4 1
125 1 5
 0 0
 1 1
 2 3
 3 0
 4 0
126 11 5
 0 0
 1 1
 2 1
 3 0
 4 1
127 1 5
 0 0
 1 0
 2 1
 3 0
 4 0
128 4 5
 0 2
 1 1
 2 0
 3 2
 4 0
129 17 5
 0 0
 1 1
 2 0
 3 2
 4 0
130 8 5
 0 2
 1 0
 2 1
 3 1
 4 2
131 11 5
 0 1
 1 3
 2 0
 3 2
 4 2
132 3 5
 0 0
 1 3
 2 2
 3 0
 4 1
133 8 5
 0 1
 1 3
 2 0
 3 2
 4 0
134 16 5
 0 0
 1 3
 2 2
 3 3
 4 0
135 19 5
 0 0
 1 3
 2 2
 3 0
 4 1
136 6 5
 0 2
 1 0
 2 0
 3 2
 4 1
137 2 5
 0 0
 1 0
 2 2
 3 2
 4 1
138 8 5
 0 0
 1 2
 2 0
 3 2
 4 0
139 7 5
 0 0
 1 3
 2 0
 3 0
 4 0
140 17 5
 0 0
 1 1
 2 2
 3 3
 4 3
141 6 5
 0 1
 1 0
 2 0
 3 0
 4 0
142 14 5
 0 0
 1 1
 2 1
 3 1
 4 3
143 6 5
 0 0
 1 1
 2 0
 3 3
 4 0
144 17 5
 0 2
 1 0
 2 0
 3 0
 4 1
145 2 5
 0 1
 1 1
 2 2
 3 0
 4 0
146 19 5
 0 0
 1 0
 2 1
 3 1
 4 2
147 4 5
 0 2
 1 3
 2 1
 3 0
 4 3
148 8 5
 0 0
 1 0
 2 1
 3 1
 4 0
149 13 5
 0 0
 1 3
 2 2
 3 3
 4 0
150 12 5
 0 0
 1 3
 2 2
 3 0
 4 3
151 18 5
 0 1
 1 3
 2 0
 3 1
 4 1
152 11 5
 0 0
 1 3
 2 0
 3 3
 4 1
153 19 5
 0 3
 1 3
 2 1
 3 3
 4 0
154 4 5
 0 0
 1 2
 2 1
 3 0
 4 2
155 18 5
 0 0
 1 2
 2 3
 3 2
 4 0
156 19 5
 0 3
 1 0
 2 3
 3 2
 4 0
157 1 5
 0 2
 1 3
 2 0
 3 0
 4 0
158 19 5
 0 1
 1 2
 2 2
 3 0
 4 0
159 20 5
 0 2
 1 0
 2 3
 3 1
 4 1
160 4 5
 0 0
 1 1
 2 1
 3 0
 4 1
161 19 5
 0 0
 1 0
 2 1
 3 0
 4 1
162 5 5
 0 0
 1 3
 2 0
 3 2
 4 0
163 1 5
 0 1
 1 3
 2 1
 3 2
 4 1
164 5 5
 0 3
 1 0
 2 0
 3 2
 4 2
165 12 5
 0 3
 1 0
 2 0
 3 1
 4 0
166 18 5
 0 1
 1 2
 2 2
 3 1
 4 2
167 15 5
 0 2
 1 3
 2 3
 3 1
 4 2
168 20 5
 0 3
 1 0
 2 3
 3 3
 4 0
169 3 5
 0 0
 1 3
 2 1
 3 0
 4 1
170 7 5
 0 3
 1 3
 2 1
 3 2
 4 0
171 10 5
 0 1
 1 1
 2 0
 3 0
 4 1
172 19 5
 0 0
 1 2
 2 0
 3 1
 4 2
173 20 5
 0 1
 1 0
 2 0
 3 2
 4 0
174 12 5
 0 0
 1 1
 2 3
 3 0
 4 0
175 1 5
 0 3
 1 2
 2 0
 3 0
 4 3
176 6 5
 0 0
 1 0
 2 0
 3 1
 4 2
177 10 5
 0 0
 1 0
 2 0
 3 0
 4 2
178 12 5
 0 2
 1 2
 2 3
 3 2
 4 1
179 13 5
 0 2
 1 0
 2 0
 3 2
 4 3
180 13 5
 0 0
 1 1
 2 3
 3 0
 4 3
181 2 5
 0 1
 1 0
 2 2
 3 1
 4 1
182 13 5
 0 0
 1 1
 2 0
 3 0
 4 0
183 4 5
 0 0
 1 1
 2 0
 3 2
 4 1
184 15 5
 0 1
 1 1
 2 1
 3 2
 4 0
185 15 5
 0 1
 1 2
 2 1
 3 0
 4 1
186 11 5
 0 3
 1 0
 2 2
 3 3
 4 3
187 8 5
 0 0
 1 3
 2 0
 3 2
 4 0
188 13 5
 0 0
 1 2
 2 1
 3 3
 4 0
189 2 5
 0 3
 1 3
 2 3
 3 0
 4 0
190 20 5
 0 1
 1 2
 2 0
 3 0
 4 2
191 15 5
 0 0
 1 2
 2 1
 3 2
 4 0
192 9 5
 0 3
 1 2
 2 2
 3 3
 4 0
193 14 5
 0 2
 1 1
 2 3
 3 3
 4 0
194 20 5
 0 0
 1 2
 2 2
 3 1
 4 3
195 12 5
 0 3
 1 0
 2 0
 3 0
 4 2
196 20 5
 0 0
 1 3
 2 2
 3 0
 4 0
197 19 5
 0 0
 1 3
 2 0
 3 2
 4 0
198 18 5
 0 0
 1 0
 2 0
 3 2
 4 3
199 1 5
 0 1
 1 3
 2 0
 3 0
 4 0
200 11 5
 0 0
 1 0
 2 2
 3 2
 4 0
201 17 5
 0 0
 1 1
 2 3
 3 1
 4 0
202 13 5
 0 0
 1 0
 2 3
 3 0
 4 3
203 17 5
 0 2
 1 1
 2 3
 3 0
 4 1
204 3 5
 0 2
 1 2
 2 0
 3 0
 4 2
205 10 5
 0 1
 1 1
 2 2
 3 3
 4 3
206 20 5
 0 2
 1 2
 2 0
 3 2
 4 3
207 7 5
 0 0
 1 2
 2 0
 3 0
 4 3
208 7 5
 0 0
 1 3
 2 0
 3 1
 4 2
209 11 5
 0 0
 1 3
 2 3
 3 1
 4 0
210 7 5
 0 1
 1 1
 2 0
 3 0
 4 0
211 18 5
 0 2
 1 2
 2 0
 3 2
 4 2
212 5 5
 0 0
 1 0
 2 1
 3 0
 4 3
213 1 5
 0 1
 1 0
 2 2
 3 0
 4 1
214 5 5
 0 1
 1 2
 2 1
 3 0
 4 1
215 5 5
 0 3
 1 1
 2 0
 3 0
 4 0
216 5 5
 0 3
 1 1
 2 2
 3 0
 4 0
217 18 5
 0 1
 1 3
 2 0
 3 0
 4 1
218 8 5
 0 2
 1 3
 2 0
 3 2
 4 1
219 11 5
 0 0
 1 1
 2 1
 3 2
 4 1
220 11 5
 0 3
 1 2
 2 3
 3 3
 4 0
221 4 5
 0 1
 1 2
 2 3
 3 0
 4 0
222 18 5
 0 1
 1 0
 2 2
 3 2
 4 0
223 3 5
 0 1
 1 2
 2 0
 3 3
 4 1
224 15 5
 0 3
 1 1
 2 0
 3 0
 4 0
225 1 5
 0 2
 1 3
 2 0
 3 0
 4 0
226 10 5
 0 1
 1 1
 2 0
 3 2
 4 3
227 16 5
 0 0
 1 0
 2 3
 3 2
 4 2
228 20 5
 0 0
 1 1
 2 0
 3 3
 4 3
229 8 5
 0 0
 1 1
 2 0
 3 2
 4 2
230 17 5
 0 1
 1 1
 2 2
 3 3
 4 0
231 1 5
 0 2
 1 2
 2 0
 3 1
 4 3
232 8 5
 0 0
 1 3
 2 0
 3 3
 4 0
233 1 5
 0 0
 1 2
 2 3
 3 1
 4 0
234 18 5
 0 3
 1 0
 2 1
 3 1
 4 1
235 6 5
 0 0
 1 2
 2 3
 3 0
 4 0
236 13 5
 0 0
 1 3
 2 0
 3 1
 4 3
237 2 5
 0 2
 1 0
 2 0
 3 2
 4 1
238 3 5
 0 2
 1 0
 2 0
 3 1
 4 3
239 14 5
 0 2
 1 0
 2 0
 3 3
 4 1
240 13 5
 0 3
 1 1
 2 1
 3 0
 4 2
241 7 5
 0 1
 1 2
 2 1
 3 1
 4 1
242 2 5
 0 2
 1 3
 2 1
 3 0
 4 2
243 20 5
 0 2
 1 2
 2 3
 3 1
 4 2
244 19 5
 0 0
 1 1
 2 0
 3 3
 4 2
245 7 5
 0 3
 1 3
 2 1
 3 2
 4 0
246 13 5
 0 3
 1 0
 2 1
 3 2
 4 1
247 13 5
 0 0
 1 0
 2 0
 3 1
 4 0
248 13 5
 0 0
 1 0
 2 0
 3 1
 4 0
249 10 5
 0 2
 1 3
 2 0
 3 3
 4 1
250 3 5
 0 1
 1 2
 2 1
 3 1
 4 3
251 8 5
 0 0
 1 0
 2 3
 3 1
 4 3
252 4 5
 0 3
 1 1
 2 0
 3 2
 4 0
253 11 5
 0 1
 1 0
 2 0
 3 2
 4 1
254 14 5
 0 0
 1 1
 2 3
 3 0
 4 1
255 3 5
 0 3
 1 3
 2 1
 3 0
 4 0
256 9 5
 0 0
 1 2
 2 0
 3 1
 4 3
257 13 5
 0 0
 1 1
 2 2
 3 1
 4 0
258 8 5
 0 2
 1 3
 2 1
 3 0
 4 0
259 16 5
 0 2
 1 2
 2 3
 3 2
 4 0
260 20 5
 0 3
 1 0
 2 3
 3 2
 4 0
261 2 5
 0 1
 1 0
 2 0
 3 3
 4 0
262 17 5
 0 2
 1 3
 2 2
 3 0
 4 1
263 9 5
 0 3
 1 1
 2 0
 3 3
 4 3
264 1 5
 0 0
 1 3
 2 1
 3 0
 4 0
265 3 5
 0 1
 1 0
 2 0
 3 0
 4 0
266 6 5
 0 2
 1 0
 2 0
 3 2
 4 0
267 7 5
 0 2
 1 0
 2 0
 3 3
 4 1
268 2 5
 0 1
 1 0
 2 0
 3 0
 4 2
269 20 5
 0 2
 1 3
 2 3
 3 2
 4 0
270 16 5
 0 2
 1 1
 2 0
 3 1
 4 0
271 3 5
 0 2
 1 2
 2 2
 3 0
 4 2
272 9 5
 0 1
 1 1
 2 0
 3 2
 4 3
273 7 5
 0 1
 1 1
 2 2
 3 1
 4 0
274 16 5
 0 2
 1 0
 2 2
 3 0
 4 3
275 14 5
 0 3
 1 1
 2 0
 3 3
 4 0
276 17 5
 0 0
 1 0
 2 1
 3 3
 4 3
277 13 5
 0 2
 1 0
 2 0
 3 3
 4 2
278 15 5
 0 2
 1 0
 2 0
 3 2
 4 0
279 14 5
 0 2
 1 2
 2 0
 3 0
 4 2
280 6 5
 0 0
 1 3
 2 2
 3 3
 4 0
281 11 5
 0 0
 1 3
 2 2
 3 1
 4 0
282 3 5
 0 2
 1 0
 2 2
 3 3
 4 0
283 8 5
 0 2
 1 0
 2 2
 3 1
 4 1
284 11 5
 0 0
 1 2
 2 0
 3 1
 4 0
285 15 5
 0 0
 1 2
 2 3
 3 0
 4 2
286 18 5
 0 0
 1 0
 2 1
 3 0
 4 1
287 1 5
 0 0
 1 0
 2 3
 3 3
 4 3
288 18 5
 0 0
 1 1
 2 1
 3 2
 4 0
289 20 5
 0 0
 1 0
 2 3
 3 0
 4 3
290 16 5
 0 2
 1 3
 2 0
 3 3
 4 3
291 20 5
 0 3
 1 0
 2 0
 3 3
 4 0
292 11 5
 0 0
 1 3
 2 2
 3 0
 4 0
293 15 5
 0 3
 1 1
 2 3
 3 1
 4 0
294 17 5
 0 0
 1 1
 2 2
 3 1
 4 0
295 14 5
 0 3
 1 1
 2 0
 3 3
 4 1
296 15 5
 0 0
 1 3
 2 0
 3 1
 4 1
297 17 5
 0 3
 1 0
 2 0
 3 3
 4 0
298 15 5
 0 1
 1 0
 2 0
 3 0
 4 0
299 6 5
 0 1
 1 0
 2 2
 3 3
 4 3
300 9 5
 0 2
 1 0
 2 1
 3 0
 4 0
301 12 5
 0 0
 1 0
 2 0
 3 0
 4 3
302 1 5
 0 0
 1 0
 2 3
 3 0
 4 2
303 19 5
 0 2
 1 1
 2 0
 3 0
 4 2
304 16 5
 0 3
 1 2
 2 1
 3 0
 4 2
305 11 5
 0 0
 1 0
 2 1
 3 0
 4 0
306 14 5
 0 2
 1 2
 2 0
 3 1
 4 0
307 10 5
 0 3
 1 0
 2 0
 3 2
 4 3
308 15 5
 0 0
 1 2
 2 2
 3 0
 4 0
309 2 5
 0 0
 1 0
 2 3
 3 2
 4 2
310 6 5
 0 0
 1 2
 2 2
 3 3
 4 0
311 12 5
 0 0
 1 2
 2 0
 3 2
 4 0
312 8 5
 0 0
 1 2
 2 1
 3 0
 4 0
313 9 5
 0 3
 1 2
 2 2
 3 0
 4 1
314 19 5
 0 0
 1 0
 2 2
 3 0
 4 1
315 8 5
 0 0
 1 3
 2 0
 3 2
 4 1
316 17 5
 0 0
 1 3
 2 1
 3 2
 4 0
317 7 5
 0 1
 1 0
 2 0
 3 0
 4 3
318 10 5
 0 1
 1 0
 2 0
 3 2
 4 0
319 0 5
 0 0
 1 0
 2 0
 3 0
 4 0

# PRECEDENCES
1900
0 8
0 11
0 12
0 17
0 19
0 22
0 26
0 31
0 33
0 35
0 39
0 41
0 42
0 43
0 50
0 52
0 55
0 58
0 60
0 66
0 80
0 97
0 98
0 99
0 109
0 110
0 120
0 121
0 127
0 134
0 137
0 142
0 155
0 164
0 167
0 170
0 171
0 173
0 176
0 178
0 180
0 185
0 193
0 195
0 207
0 208
0 210
0 211
0 220
0 221
0 222
0 227
0 235
0 236
0 241
0 247
0 248
0 260
0 264
0 267
0 268
0 272
0 276
0 277
0 278
0 281
0 287
0 291
0 293
0 295
0 296
0 298
0 299
0 306
0 308
0 315
0 318
1 138
1 143
1 166
1 216
1 244
1 303
2 152
2 161
2 199
2 307
3 181
3 184
3 186
3 285
4 79
4 148
4 158
4 188
4 255
4 275
5 7
5 92
5 96
5 106
5 126
5 141
5 145
5 289
6 48
6 53
6 126
6 223
6 305
7 319
8 27
8 65
8 73
8 94
8 145
8 237
8 309
9 6
9 67
9 196
9 253
9 261
9 265
9 274
10 141
10 145
10 162
10 223
10 265
11 5
11 67
11 104
11 145
11 202
11 303
12 111
12 118
12 182
12 189
13 10
13 20
13 100
13 106
13 112
13 126
13 253
14 5
14 196
14 223
14 265
15 88
15 143
15 196
15 226
15 233
16 69
16 86
16 103
16 150
16 194
16 199
16 219
17 44
17 117
17 177
17 229
17 254
17 284
18 20
18 89
18 141
18 144
18 204
18 234
18 266
19 12
19 44
19 47
19 62
19 74
19 135
19 252
20 319
21 18
21 64
21 123
21 194
21 196
21 224
21 243
22 6
22 72
22 95
22 118
22 251
22 282
23 49
23 126
23 150
23 196
23 238
23 253
23 261
24 88
24 182
24 265
24 271
25 9
25 29
25 37
25 102
25 104
25 147
25 189
25 280
26 91
26 133
26 175
26 209
26 255
26 273
27 125
27 174
27 191
27 231
28 100
28 135
28 139
28 150
28 237
28 269
29 14
29 203
29 225
29 226
29 245
29 304
30 5
30 10
30 20
30 262
31 9
31 23
31 100
31 104
31 177
31 239
31 292
32 5
32 63
32 67
32 69
32 149
32 194
32 284
33 4
33 12
33 179
33 263
33 289
34 45
34 69
34 86
34 197
34 198
34 233
34 284
34 314
35 4
35 10
35 102
35 112
35 143
35 288
36 30
36 67
36 92
36 145
36 198
36 226
36 258
36 282
37 20
37 53
37 96
37 126
37 141
37 253
37 258
37 265
38 100
38 126
38 184
38 201
38 245
38 279
38 288
39 81
39 146
39 161
39 303
40 23
40 78
40 103
40 212
40 265
41 46
41 65
41 120
41 243
41 269
41 318
42 29
42 63
42 148
42 150
43 62
43 64
43 108
43 116
43 140
43 149
43 249
44 29
44 70
44 113
44 117
44 179
44 283
44 288
45 6
45 10
45 65
45 153
45 187
45 212
45 240
46 88
46 103
46 139
46 196
46 213
46 238
47 61
47 77
47 133
47 153
47 186
48 319
49 100
49 199
49 223
49 225
49 261
49 274
49 289
49 305
50 236
50 243
50 269
50 290
51 112
51 115
51 128
51 258
51 305
52 28
52 172
52 189
52 219
52 238
53 319
54 82
54 140
54 213
54 237
54 294
55 18
55 45
55 47
55 88
55 122
55 246
55 304
56 6
56 63
56 103
56 116
56 162
56 258
57 23
57 59
57 118
57 144
57 243
58 47
58 91
58 99
58 218
58 301
59 53
59 96
59 106
59 223
60 13
60 75
60 253
60 266
60 284
61 75
61 81
61 115
61 123
61 136
61 174
61 203
61 307
62 132
62 145
62 192
62 261
62 311
63 69
63 92
63 96
63 141
63 194
63 223
63 258
64 30
64 49
64 116
64 213
64 253
64 271
64 307
65 24
65 112
65 128
65 228
65 253
65 261
65 266
65 274
66 104
66 141
66 184
66 309
66 311
67 69
67 145
67 162
67 201
67 265
67 266
68 14
68 67
68 184
68 216
68 244
69 319
70 13
70 63
70 103
70 116
70 149
70 258
70 274
71 30
71 48
71 157
71 242
71 251
71 269
71 284
72 89
72 213
72 232
72 312
73 88
73 101
73 126
73 213
73 240
73 266
73 290
74 14
74 29
74 201
74 257
74 307
75 319
76 92
76 115
76 136
76 204
76 252
76 253
76 274
77 49
77 126
77 163
77 196
77 217
77 228
77 282
78 7
78 67
78 141
78 196
78 237
78 258
78 289
79 128
79 135
79 150
79 172
79 262
79 284
79 297
79 314
80 95
80 138
80 162
80 204
80 224
80 232
80 302
80 316
81 7
81 71
81 86
81 206
81 274
81 297
82 48
82 177
82 199
82 262
83 7
83 13
83 71
83 119
83 233
83 283
84 25
84 69
84 105
84 175
84 188
84 205
84 313
85 15
85 69
85 139
85 190
85 219
85 288
86 5
86 10
86 100
86 135
86 149
86 271
87 36
87 150
87 197
87 231
87 234
87 239
87 244
88 5
88 20
88 177
88 262
88 274
89 78
89 104
89 106
89 194
89 261
90 14
90 37
90 51
90 133
90 136
90 150
90 219
90 297
91 16
91 90
91 228
91 230
91 283
91 317
92 319
93 15
93 73
93 129
93 199
93 309
93 314
94 27
94 83
94 129
94 147
95 53
95 119
95 124
95 183
95 238
96 319
97 57
97 104
97 111
97 181
97 223
97 224
98 96
98 198
98 218
98 220
98 227
98 272
99 74
99 150
99 174
99 199
99 226
99 233
99 283
99 286
100 20
100 48
100 53
100 69
100 75
100 194
100 265
100 289
101 24
101 86
101 103
101 149
101 150
101 253
101 257
101 274
102 10
102 37
102 112
102 201
102 219
102 253
102 274
103 5
103 96
103 262
103 266
103 274
103 305
104 6
104 59
104 63
104 69
104 149
104 150
104 253
104 274
105 16
105 89
105 150
105 191
105 232
105 243
105 266
106 319
107 140
107 212
107 243
107 286
108 10
108 151
108 160
108 205
108 301
109 4
109 14
109 81
109 138
109 145
109 190
109 201
109 302
110 21
110 73
110 124
110 126
110 200
111 20
111 29
111 103
111 116
111 144
111 183
111 214
111 262
112 141
112 154
112 223
112 253
112 258
112 265
112 266
113 5
113 69
113 92
113 103
113 201
113 206
113 233
113 237
114 102
114 115
114 181
114 184
114 219
115 53
115 141
115 145
115 201
116 6
116 75
116 145
116 162
116 172
116 194
116 196
116 225
117 15
117 85
117 118
117 163
117 198
117 199
117 201
117 233
118 89
118 119
118 139
118 144
118 183
118 206
118 266
119 37
119 103
119 106
119 257
120 13
120 115
120 175
120 228
120 293
121 25
121 34
121 122
121 125
121 162
121 175
121 196
121 202
122 3
122 114
122 159
122 229
122 249
122 270
123 10
123 198
123 261
123 305
124 18
124 79
124 111
124 141
124 243
124 252
124 288
124 309
125 13
125 40
125 82
125 128
125 172
125 183
125 219
125 253
126 319
127 23
127 48
127 75
127 106
127 118
127 174
127 204
127 309
128 104
128 106
128 139
128 189
128 194
128 196
128 213
128 258
129 149
129 191
129 279
129 290
130 77
130 126
130 238
130 292
131 30
131 77
131 81
131 123
131 257
131 303
132 5
132 67
132 69
132 135
132 162
132 234
132 305
133 9
133 172
133 203
133 223
133 262
133 282
133 305
134 37
134 84
134 199
134 213
134 251
134 284
135 10
135 37
135 49
135 75
135 150
135 245
136 20
136 36
136 69
136 70
136 117
136 206
137 49
137 70
137 115
137 140
137 141
137 159
137 245
138 37
138 115
138 143
138 262
139 96
139 115
139 189
139 253
139 265
140 56
140 96
140 172
140 217
141 319
142 68
142 127
142 178
142 213
142 250
142 273
142 297
142 306
143 20
143 69
143 75
143 92
143 126
143 253
143 266
143 289
144 102
144 149
144 177
144 223
144 262
145 319
146 15
146 48
146 116
146 125
146 129
146 145
146 152
146 244
147 128
147 162
147 214
147 280
148 113
148 135
148 153
148 187
148 213
148 223
148 232
149 48
149 69
149 75
149 126
149 145
149 154
149 289
150 7
150 69
150 126
150 177
150 199
150 274
151 29
151 47
151 129
151 146
151 189
152 79
152 92
152 101
152 175
152 265
152 279
153 6
153 13
153 37
153 53
153 96
153 262
154 319
155 35
155 113
155 263
155 293
155 315
156 25
156 112
156 132
156 166
156 181
156 265
157 53
157 102
157 133
157 139
157 162
157 187
157 280
157 305
158 7
158 9
158 46
158 56
159 126
159 198
159 212
159 219
159 226
159 238
159 283
160 79
160 212
160 237
160 292
161 9
161 16
161 37
161 75
161 192
161 223
161 240
162 319
163 37
163 48
163 143
163 253
164 21
164 40
164 76
164 96
165 53
165 100
165 154
165 177
165 234
166 23
166 69
166 101
166 175
166 233
166 317
167 2
167 27
167 84
167 93
167 118
167 135
167 144
168 64
168 67
168 96
168 144
168 177
168 238
169 32
169 107
169 153
169 183
169 217
169 273
169 317
170 10
170 36
170 71
170 93
170 127
170 128
170 129
170 165
171 47
171 187
171 199
171 231
171 250
171 252
172 7
172 75
172 96
172 162
172 289
172 305
173 96
173 129
173 244
173 246
173 253
173 305
174 13
174 20
174 37
174 48
174 145
174 228
175 9
175 10
175 14
175 38
175 71
175 206
175 292
175 313
176 69
176 105
176 111
176 177
176 189
177 20
177 53
177 69
177 75
177 92
177 145
177 223
177 266
178 15
178 69
178 89
178 124
178 161
178 213
178 224
178 311
179 14
179 117
179 177
179 309
179 312
180 31
180 74
180 75
180 176
180 204
180 234
180 285
180 299
181 40
181 46
181 67
181 70
181 157
181 253
181 261
181 269
182 30
182 69
182 103
182 106
182 162
182 203
182 261
183 29
183 32
183 182
183 187
183 237
183 304
184 6
184 53
184 103
184 284
185 16
185 103
185 123
185 214
185 229
185 299
186 135
186 149
186 161
186 181
186 189
186 198
186 217
186 251
187 53
187 78
187 92
187 106
187 145
187 162
187 189
188 23
188 111
188 143
188 196
189 5
189 37
189 63
189 75
189 100
189 141
189 194
189 219
190 14
190 53
190 92
190 162
190 182
190 225
190 226
190 266
191 7
191 71
191 148
191 182
191 213
191 245
191 261
191 266
192 37
192 48
192 69
192 141
192 154
192 172
192 223
192 237
193 146
193 231
193 236
193 255
193 266
193 274
194 319
195 14
195 79
195 117
195 138
195 279
195 303
195 317
196 7
196 20
196 75
196 92
196 96
196 201
196 265
197 92
197 96
197 203
197 239
198 37
198 150
198 172
198 258
198 261
199 20
199 48
199 53
199 69
199 141
199 223
199 266
199 305
200 68
200 131
200 163
200 169
200 250
200 265
200 290
200 300
201 319
202 115
202 203
202 243
202 244
202 263
202 289
202 307
203 92
203 126
203 145
203 223
203 266
204 7
204 24
204 132
204 228
205 27
205 47
205 113
205 132
205 139
205 165
205 273
206 75
206 96
206 103
206 153
207 11
207 65
207 106
207 132
207 156
207 178
207 261
208 48
208 77
208 81
208 158
208 161
208 206
208 271
208 317
209 24
209 237
209 242
209 269
209 307
210 24
210 49
210 154
210 162
210 163
210 198
210 317
211 162
211 205
211 215
211 305
212 6
212 7
212 56
212 182
212 198
212 233
213 37
213 116
213 138
213 145
213 189
213 225
213 253
214 102
214 149
214 184
214 196
214 234
214 253
214 257
214 307
215 29
215 89
215 118
215 154
215 262
215 279
215 307
216 251
216 261
216 290
216 309
217 37
217 145
217 196
217 203
217 226
217 253
218 112
218 116
218 219
218 265
219 126
219 141
219 154
219 201
219 258
220 32
220 39
220 65
220 86
220 112
220 154
220 212
220 282
221 56
221 240
221 276
221 307
222 30
222 36
222 44
222 85
222 173
222 269
223 319
224 16
224 77
224 88
224 150
224 184
224 252
224 265
224 286
225 48
225 154
225 194
225 201
225 253
225 265
226 20
226 37
226 199
226 219
226 237
226 261
227 3
227 7
227 35
227 94
227 107
228 5
228 37
228 69
228 150
228 274
229 88
229 130
229 156
229 294
230 103
230 192
230 280
230 292
231 30
231 53
231 65
231 136
231 196
231 258
231 289
232 67
232 102
232 126
232 240
233 9
233 13
233 32
233 75
233 92
233 106
233 289
234 48
234 106
234 145
234 149
234 225
234 237
234 258
235 107
235 136
235 172
235 183
235 184
235 274
235 279
236 9
236 115
236 141
236 172
236 292
237 7
237 75
237 92
237 106
237 141
237 154
237 265
238 13
238 37
238 172
238 196
238 226
238 253
238 284
239 37
239 75
239 154
239 182
239 187
239 280
240 7
240 37
240 162
240 225
240 253
241 149
241 198
241 254
241 303
241 313
242 5
242 116
242 138
242 261
242 266
242 280
242 307
243 24
243 112
243 128
243 141
243 217
244 38
244 53
244 143
244 150
244 232
244 237
244 284
245 5
245 20
245 100
245 112
245 126
245 223
245 225
245 304
246 10
246 111
246 112
246 115
246 123
246 177
246 249
247 85
247 157
247 256
247 296
248 10
248 44
248 104
248 184
248 289
249 49
249 64
249 133
249 154
249 262
249 280
249 317
250 32
250 198
250 257
250 263
251 74
251 138
251 206
251 232
251 238
252 24
252 64
252 219
252 226
252 228
253 319
254 77
254 136
254 144
254 231
254 269
254 307
255 63
255 77
255 79
255 81
255 263
255 282
255 310
256 32
256 56
256 76
256 103
256 141
256 172
256 289
256 290
257 6
257 10
257 63
257 149
257 196
257 223
257 265
258 319
259 14
259 88
259 106
259 135
259 144
259 199
259 226
259 271
260 21
260 34
260 244
260 311
260 317
261 53
261 69
261 92
261 154
261 201
261 265
261 266
262 7
262 48
262 253
262 265
262 289
263 63
263 135
263 177
263 189
263 192
263 245
263 262
263 266
264 49
264 86
264 144
264 311
265 319
266 319
267 1
267 46
267 107
267 123
267 146
267 168
267 253
267 265
268 7
268 68
268 139
268 202
268 209
268 233
269 30
269 104
269 138
269 143
269 182
269 192
269 258
269 305
270 9
270 28
270 40
270 68
270 91
270 149
270 256
270 284
271 13
271 30
271 78
271 88
271 115
271 196
271 253
272 14
272 23
272 32
272 37
272 192
272 213
272 258
272 274
273 51
273 67
273 102
273 218
274 48
274 53
274 92
274 106
274 141
274 201
274 223
274 289
275 79
275 102
275 130
275 144
276 128
276 152
276 165
276 313
277 13
277 51
277 128
277 229
277 249
277 288
277 289
278 90
278 95
278 139
278 218
279 20
279 126
279 206
279 259
279 266
280 30
280 69
280 112
280 219
280 258
280 304
281 105
281 160
281 175
281 208
281 212
281 292
281 311
281 316
282 30
282 69
282 162
282 203
283 48
283 75
283 149
283 150
283 269
284 5
284 237
284 262
284 266
284 289
285 16
285 63
285 74
285 92
285 168
286 30
286 187
286 190
286 261
287 1
287 196
287 232
287 300
288 187
288 199
288 226
288 253
289 319
290 30
290 112
290 115
290 126
290 150
290 217
290 265
291 6
291 48
291 54
291 57
291 94
291 190
291 218
292 5
292 10
292 37
292 96
292 118
292 219
292 242
292 245
293 78
293 86
293 130
293 184
293 216
293 312
294 28
294 113
294 116
294 130
294 163
294 258
294 312
295 77
295 88
295 93
295 147
295 186
295 209
296 104
296 123
296 136
296 172
297 37
297 70
297 192
297 217
297 223
297 237
297 238
298 19
298 21
298 39
298 52
298 61
298 201
299 27
299 35
299 216
299 228
299 276
299 279
299 290
299 295
300 4
300 44
300 51
300 251
301 152
301 206
301 266
301 309
302 25
302 87
302 143
302 300
303 150
303 158
303 182
303 184
303 209
304 20
304 48
304 75
304 92
304 162
304 266
305 319
306 75
306 79
306 139
306 157
306 189
306 217
306 251
307 56
307 106
307 153
307 184
307 198
307 201
307 219
307 240
308 29
308 36
308 112
308 113
308 117
308 153
308 178
308 242
309 23
309 92
309 140
309 183
309 198
309 206
309 253
309 280
310 59
310 158
310 217
310 233
310 282
310 309
311 6
311 15
311 135
311 225
311 237
311 269
311 304
312 69
312 238
312 283
312 307
313 141
313 150
313 174
313 305
314 56
314 86
314 102
314 132
314 135
314 139
314 141
314 172
315 87
315 161
315 188
315 235
316 30
316 111
316 128
316 191
316 223
316 224
316 282
316 286
317 7
317 194
317 216
317 252
317 290
318 23
318 132
318 139
318 203
318 288
318 317
