# Tier 7 (Very Large) - Instance 29
# Generated with config: N=306, K=3, topology=grid, calendar=random

# HEADER: <num_tasks> <num_types> <num_units>
308 3 20

# RESOURCE TYPES
# Format: <type_id> <num_units> <unit_id1> <unit_id2> ...
0 5 0 1 2 3 4
1 8 5 6 7 8 9 10 11 12
2 7 13 14 15 16 17 18 19

# RESOURCE UNITS (Calendars)
# Format: <unit_id> <num_steps> <t1> <v1> <t2> <v2> ...
0 21 0 100 195 0 210 100 280 0 293 100 502 0 519 100 583 0 601 100 641 0 645 100 825 0 836 100 879 0 887 100 1080 0 1089 100 1185 0 1189 100 1333 0 2623 0
1 21 0 100 198 0 214 100 393 0 412 100 532 0 547 100 719 0 725 100 817 0 826 100 936 0 943 100 1008 0 1021 100 1248 0 1254 100 1429 0 1431 100 1662 0 2623 0
2 21 0 0 4 100 75 0 78 100 301 0 317 100 412 0 425 100 499 0 509 100 564 0 567 100 790 0 799 100 995 0 1006 100 1178 0 1180 100 1372 0 1382 100 2623 0
3 21 0 0 16 100 128 0 140 100 353 0 359 100 432 0 449 100 643 0 648 100 720 0 739 100 933 0 946 100 1053 0 1070 100 1118 0 1120 100 1292 0 1299 100 2623 0
4 21 0 100 103 0 107 100 303 0 320 100 430 0 444 100 530 0 546 100 754 0 773 100 852 0 862 100 1084 0 1095 100 1285 0 1296 100 1446 0 1456 100 1610 0 2623 0
5 21 0 0 4 100 132 0 148 100 338 0 340 100 437 0 440 100 640 0 652 100 737 0 745 100 824 0 832 100 936 0 940 100 1025 0 1041 100 1257 0 1262 100 2623 0
6 21 0 0 2 100 122 0 124 100 300 0 318 100 455 0 460 100 622 0 639 100 808 0 819 100 1025 0 1039 100 1116 0 1119 100 1192 0 1199 100 1256 0 1270 100 2623 0
7 21 0 0 3 100 129 0 145 100 288 0 291 100 511 0 524 100 567 0 574 100 794 0 804 100 895 0 911 100 1065 0 1084 100 1257 0 1263 100 1368 0 1376 100 2623 0
8 21 0 100 67 0 71 100 169 0 183 100 397 0 406 100 451 0 459 100 548 0 566 100 783 0 796 100 900 0 911 100 1048 0 1053 100 1280 0 1295 100 1488 0 2623 0
9 21 0 0 3 100 79 0 89 100 267 0 269 100 423 0 441 100 615 0 624 100 828 0 833 100 931 0 933 100 986 0 995 100 1040 0 1042 100 1204 0 1215 100 2623 0
10 21 0 0 16 100 89 0 100 100 312 0 319 100 471 0 475 100 538 0 543 100 587 0 602 100 748 0 764 100 985 0 988 100 1192 0 1194 100 1429 0 1438 100 2623 0
11 21 0 100 180 0 194 100 342 0 353 100 467 0 480 100 525 0 533 100 692 0 706 100 906 0 923 100 1028 0 1034 100 1225 0 1235 100 1415 0 1424 100 1478 0 2623 0
12 21 0 100 235 0 241 100 296 0 301 100 453 0 465 100 589 0 605 100 720 0 735 100 847 0 850 100 988 0 993 100 1116 0 1118 100 1183 0 1191 100 1326 0 2623 0
13 21 0 100 151 0 169 100 218 0 220 100 329 0 336 100 538 0 544 100 665 0 674 100 857 0 873 100 1109 0 1124 100 1288 0 1298 100 1458 0 1470 100 1534 0 2623 0
14 21 0 100 87 0 104 100 164 0 178 100 309 0 321 100 519 0 537 100 595 0 614 100 774 0 789 100 873 0 888 100 948 0 955 100 1136 0 1143 100 1339 0 2623 0
15 21 0 0 9 100 73 0 91 100 141 0 155 100 341 0 347 100 443 0 446 100 631 0 650 100 847 0 849 100 961 0 967 100 1014 0 1030 100 1174 0 1179 100 2623 0
16 21 0 100 212 0 220 100 302 0 304 100 380 0 395 100 572 0 580 100 814 0 819 100 1048 0 1059 100 1250 0 1267 100 1342 0 1348 100 1562 0 1577 100 1672 0 2623 0
17 21 0 100 132 0 139 100 285 0 302 100 434 0 442 100 597 0 609 100 829 0 838 100 1034 0 1052 100 1279 0 1286 100 1339 0 1353 100 1554 0 1562 100 1780 0 2623 0
18 21 0 0 7 100 117 0 123 100 342 0 344 100 424 0 432 100 567 0 580 100 637 0 642 100 852 0 855 100 988 0 993 100 1167 0 1174 100 1266 0 1272 100 2623 0
19 21 0 100 168 0 172 100 373 0 376 100 565 0 576 100 752 0 767 100 934 0 947 100 1125 0 1128 100 1215 0 1234 100 1424 0 1443 100 1642 0 1654 100 1869 0 2623 0

# TASKS
# Format: <task_id> <size> <num_reqs>
# Then for each requirement: <type_id> <qty>
0 0 3
 0 0
 1 0
 2 0
1 7 3
 0 2
 1 0
 2 0
2 20 3
 0 2
 1 2
 2 2
3 6 3
 0 2
 1 0
 2 2
4 14 3
 0 0
 1 0
 2 1
5 15 3
 0 0
 1 1
 2 0
6 7 3
 0 0
 1 1
 2 1
7 19 3
 0 0
 1 1
 2 0
8 5 3
 0 2
 1 2
 2 0
9 2 3
 0 3
 1 1
 2 0
10 10 3
 0 2
 1 2
 2 1
11 8 3
 0 1
 1 0
 2 0
12 15 3
 0 0
 1 1
 2 0
13 5 3
 0 2
 1 1
 2 3
14 7 3
 0 2
 1 1
 2 0
15 19 3
 0 1
 1 3
 2 1
16 11 3
 0 2
 1 3
 2 0
17 14 3
 0 0
 1 1
 2 2
18 5 3
 0 0
 1 0
 2 3
19 13 3
 0 3
 1 0
 2 1
20 15 3
 0 1
 1 0
 2 2
21 13 3
 0 0
 1 1
 2 0
22 4 3
 0 3
 1 3
 2 1
23 16 3
 0 0
 1 0
 2 1
24 10 3
 0 0
 1 1
 2 0
25 19 3
 0 1
 1 2
 2 2
26 1 3
 0 0
 1 0
 2 1
27 16 3
 0 0
 1 3
 2 3
28 17 3
 0 3
 1 3
 2 1
29 19 3
 0 3
 1 1
 2 1
30 11 3
 0 2
 1 2
 2 1
31 14 3
 0 2
 1 0
 2 3
32 1 3
 0 2
 1 3
 2 0
33 15 3
 0 1
 1 2
 2 0
34 14 3
 0 3
 1 0
 2 0
35 11 3
 0 0
 1 1
 2 0
36 20 3
 0 1
 1 0
 2 0
37 7 3
 0 1
 1 2
 2 0
38 4 3
 0 0
 1 1
 2 0
39 16 3
 0 1
 1 0
 2 3
40 16 3
 0 2
 1 0
 2 1
41 12 3
 0 2
 1 2
 2 0
42 7 3
 0 0
 1 1
 2 0
43 1 3
 0 0
 1 2
 2 2
44 8 3
 0 0
 1 1
 2 1
45 18 3
 0 0
 1 0
 2 1
46 9 3
 0 1
 1 0
 2 1
47 12 3
 0 3
 1 2
 2 0
48 5 3
 0 0
 1 3
 2 0
49 17 3
 0 1
 1 1
 2 0
50 19 3
 0 0
 1 1
 2 2
51 2 3
 0 1
 1 0
 2 0
52 12 3
 0 1
 1 0
 2 1
53 14 3
 0 1
 1 0
 2 1
54 2 3
 0 0
 1 1
 2 0
55 18 3
 0 0
 1 2
 2 1
56 7 3
 0 2
 1 0
 2 0
57 13 3
 0 1
 1 0
 2 0
58 5 3
 0 3
 1 1
 2 3
59 16 3
 0 0
 1 0
 2 1
60 12 3
 0 0
 1 1
 2 0
61 17 3
 0 1
 1 0
 2 3
62 7 3
 0 3
 1 0
 2 1
63 8 3
 0 1
 1 0
 2 3
64 11 3
 0 3
 1 2
 2 2
65 4 3
 0 3
 1 1
 2 1
66 20 3
 0 0
 1 1
 2 2
67 3 3
 0 3
 1 2
 2 1
68 13 3
 0 1
 1 3
 2 0
69 1 3
 0 0
 1 2
 2 0
70 14 3
 0 1
 1 2
 2 3
71 9 3
 0 3
 1 0
 2 0
72 14 3
 0 1
 1 3
 2 2
73 12 3
 0 2
 1 3
 2 2
74 19 3
 0 2
 1 0
 2 0
75 5 3
 0 0
 1 3
 2 0
76 6 3
 0 1
 1 0
 2 1
77 10 3
 0 0
 1 2
 2 0
78 14 3
 0 0
 1 2
 2 2
79 8 3
 0 3
 1 2
 2 1
80 17 3
 0 0
 1 0
 2 2
81 20 3
 0 1
 1 3
 2 0
82 14 3
 0 0
 1 0
 2 3
83 15 3
 0 1
 1 0
 2 0
84 11 3
 0 0
 1 1
 2 1
85 5 3
 0 2
 1 0
 2 0
86 6 3
 0 2
 1 2
 2 0
87 18 3
 0 2
 1 0
 2 0
88 10 3
 0 1
 1 0
 2 0
89 5 3
 0 2
 1 1
 2 3
90 4 3
 0 2
 1 0
 2 3
91 12 3
 0 0
 1 0
 2 1
92 3 3
 0 2
 1 2
 2 2
93 17 3
 0 0
 1 3
 2 3
94 18 3
 0 0
 1 0
 2 1
95 17 3
 0 0
 1 1
 2 0
96 17 3
 0 1
 1 1
 2 0
97 7 3
 0 0
 1 3
 2 1
98 19 3
 0 2
 1 0
 2 0
99 1 3
 0 0
 1 1
 2 2
100 3 3
 0 0
 1 0
 2 3
101 14 3
 0 3
 1 1
 2 1
102 8 3
 0 1
 1 0
 2 0
103 2 3
 0 1
 1 2
 2 0
104 10 3
 0 0
 1 0
 2 1
105 3 3
 0 3
 1 0
 2 0
106 14 3
 0 0
 1 0
 2 3
107 2 3
 0 0
 1 1
 2 1
108 12 3
 0 3
 1 1
 2 3
109 18 3
 0 3
 1 3
 2 2
110 6 3
 0 2
 1 0
 2 2
111 1 3
 0 0
 1 0
 2 1
112 6 3
 0 2
 1 3
 2 0
113 14 3
 0 3
 1 0
 2 0
114 6 3
 0 2
 1 0
 2 1
115 4 3
 0 0
 1 1
 2 2
116 10 3
 0 2
 1 0
 2 1
117 3 3
 0 1
 1 2
 2 0
118 8 3
 0 3
 1 2
 2 3
119 15 3
 0 3
 1 3
 2 0
120 14 3
 0 0
 1 3
 2 3
121 14 3
 0 1
 1 2
 2 3
122 4 3
 0 0
 1 0
 2 1
123 20 3
 0 1
 1 0
 2 3
124 18 3
 0 3
 1 3
 2 2
125 11 3
 0 0
 1 0
 2 2
126 17 3
 0 0
 1 2
 2 0
127 16 3
 0 3
 1 3
 2 0
128 3 3
 0 2
 1 0
 2 1
129 12 3
 0 0
 1 1
 2 0
130 8 3
 0 3
 1 1
 2 0
131 11 3
 0 3
 1 0
 2 0
132 6 3
 0 1
 1 0
 2 3
133 6 3
 0 3
 1 1
 2 2
134 7 3
 0 1
 1 0
 2 2
135 17 3
 0 2
 1 0
 2 0
136 1 3
 0 2
 1 1
 2 2
137 20 3
 0 1
 1 0
 2 0
138 1 3
 0 1
 1 0
 2 0
139 15 3
 0 1
 1 0
 2 0
140 6 3
 0 0
 1 0
 2 2
141 19 3
 0 3
 1 1
 2 0
142 10 3
 0 1
 1 3
 2 0
143 18 3
 0 3
 1 0
 2 3
144 16 3
 0 3
 1 0
 2 0
145 11 3
 0 0
 1 0
 2 1
146 16 3
 0 3
 1 0
 2 3
147 14 3
 0 0
 1 0
 2 2
148 6 3
 0 0
 1 3
 2 0
149 20 3
 0 0
 1 1
 2 0
150 1 3
 0 2
 1 1
 2 3
151 2 3
 0 2
 1 2
 2 0
152 5 3
 0 0
 1 0
 2 3
153 6 3
 0 1
 1 1
 2 1
154 9 3
 0 2
 1 0
 2 0
155 5 3
 0 0
 1 0
 2 3
156 15 3
 0 2
 1 1
 2 0
157 9 3
 0 0
 1 1
 2 3
158 18 3
 0 0
 1 1
 2 3
159 6 3
 0 0
 1 1
 2 2
160 7 3
 0 1
 1 1
 2 1
161 7 3
 0 3
 1 2
 2 1
162 7 3
 0 0
 1 0
 2 2
163 8 3
 0 1
 1 3
 2 2
164 1 3
 0 0
 1 0
 2 2
165 6 3
 0 0
 1 3
 2 1
166 3 3
 0 0
 1 0
 2 3
167 19 3
 0 1
 1 2
 2 2
168 3 3
 0 0
 1 3
 2 3
169 1 3
 0 0
 1 3
 2 1
170 10 3
 0 1
 1 0
 2 0
171 14 3
 0 2
 1 1
 2 1
172 9 3
 0 3
 1 0
 2 3
173 12 3
 0 2
 1 3
 2 2
174 16 3
 0 3
 1 1
 2 1
175 2 3
 0 1
 1 3
 2 0
176 15 3
 0 0
 1 0
 2 2
177 6 3
 0 2
 1 0
 2 0
178 14 3
 0 3
 1 0
 2 2
179 1 3
 0 2
 1 1
 2 0
180 11 3
 0 0
 1 3
 2 1
181 11 3
 0 3
 1 0
 2 2
182 11 3
 0 2
 1 1
 2 3
183 7 3
 0 0
 1 3
 2 0
184 14 3
 0 0
 1 0
 2 1
185 3 3
 0 1
 1 3
 2 1
186 13 3
 0 0
 1 0
 2 3
187 18 3
 0 3
 1 0
 2 1
188 2 3
 0 3
 1 0
 2 0
189 15 3
 0 1
 1 0
 2 0
190 5 3
 0 1
 1 0
 2 0
191 18 3
 0 2
 1 2
 2 1
192 5 3
 0 2
 1 0
 2 0
193 11 3
 0 0
 1 0
 2 2
194 8 3
 0 1
 1 2
 2 2
195 17 3
 0 1
 1 0
 2 0
196 8 3
 0 1
 1 3
 2 3
197 9 3
 0 0
 1 2
 2 3
198 6 3
 0 2
 1 0
 2 2
199 20 3
 0 2
 1 1
 2 2
200 6 3
 0 0
 1 0
 2 2
201 3 3
 0 3
 1 3
 2 2
202 17 3
 0 0
 1 2
 2 0
203 20 3
 0 0
 1 1
 2 0
204 8 3
 0 0
 1 0
 2 2
205 20 3
 0 1
 1 2
 2 3
206 4 3
 0 3
 1 1
 2 3
207 16 3
 0 0
 1 3
 2 0
208 7 3
 0 2
 1 0
 2 2
209 16 3
 0 2
 1 0
 2 0
210 9 3
 0 0
 1 3
 2 3
211 19 3
 0 0
 1 0
 2 3
212 15 3
 0 2
 1 0
 2 1
213 11 3
 0 0
 1 0
 2 2
214 15 3
 0 1
 1 2
 2 1
215 18 3
 0 0
 1 3
 2 0
216 9 3
 0 2
 1 1
 2 0
217 18 3
 0 0
 1 1
 2 1
218 6 3
 0 2
 1 0
 2 3
219 2 3
 0 3
 1 3
 2 0
220 16 3
 0 1
 1 3
 2 3
221 18 3
 0 1
 1 2
 2 0
222 10 3
 0 0
 1 1
 2 0
223 12 3
 0 2
 1 1
 2 2
224 10 3
 0 1
 1 0
 2 1
225 1 3
 0 3
 1 2
 2 3
226 3 3
 0 0
 1 1
 2 0
227 16 3
 0 1
 1 0
 2 0
228 13 3
 0 1
 1 3
 2 0
229 15 3
 0 0
 1 1
 2 2
230 16 3
 0 0
 1 3
 2 0
231 12 3
 0 0
 1 1
 2 2
232 14 3
 0 3
 1 0
 2 3
233 20 3
 0 0
 1 0
 2 1
234 4 3
 0 3
 1 3
 2 0
235 14 3
 0 2
 1 1
 2 3
236 1 3
 0 1
 1 0
 2 0
237 14 3
 0 0
 1 0
 2 2
238 1 3
 0 1
 1 0
 2 0
239 20 3
 0 2
 1 3
 2 0
240 20 3
 0 0
 1 2
 2 3
241 14 3
 0 2
 1 3
 2 2
242 20 3
 0 0
 1 3
 2 1
243 6 3
 0 0
 1 3
 2 2
244 20 3
 0 0
 1 0
 2 1
245 7 3
 0 0
 1 3
 2 0
246 15 3
 0 2
 1 3
 2 3
247 6 3
 0 1
 1 0
 2 0
248 7 3
 0 1
 1 0
 2 2
249 12 3
 0 3
 1 0
 2 3
250 18 3
 0 2
 1 0
 2 2
251 20 3
 0 0
 1 2
 2 0
252 1 3
 0 1
 1 1
 2 0
253 19 3
 0 1
 1 0
 2 2
254 18 3
 0 0
 1 1
 2 1
255 12 3
 0 2
 1 2
 2 2
256 2 3
 0 1
 1 0
 2 0
257 16 3
 0 2
 1 3
 2 1
258 16 3
 0 0
 1 0
 2 1
259 12 3
 0 0
 1 2
 2 2
260 16 3
 0 0
 1 1
 2 1
261 2 3
 0 0
 1 3
 2 1
262 16 3
 0 3
 1 1
 2 2
263 17 3
 0 1
 1 1
 2 3
264 2 3
 0 1
 1 2
 2 2
265 8 3
 0 0
 1 1
 2 2
266 15 3
 0 3
 1 0
 2 2
267 16 3
 0 0
 1 0
 2 3
268 7 3
 0 1
 1 0
 2 0
269 10 3
 0 0
 1 0
 2 1
270 1 3
 0 3
 1 3
 2 0
271 18 3
 0 1
 1 0
 2 0
272 1 3
 0 1
 1 0
 2 0
273 19 3
 0 2
 1 0
 2 3
274 16 3
 0 3
 1 2
 2 0
275 17 3
 0 0
 1 0
 2 1
276 11 3
 0 2
 1 2
 2 0
277 2 3
 0 0
 1 1
 2 0
278 6 3
 0 3
 1 0
 2 0
279 7 3
 0 2
 1 3
 2 0
280 19 3
 0 0
 1 0
 2 1
281 1 3
 0 3
 1 2
 2 0
282 13 3
 0 0
 1 2
 2 3
283 7 3
 0 3
 1 0
 2 2
284 9 3
 0 3
 1 3
 2 0
285 10 3
 0 3
 1 0
 2 0
286 14 3
 0 0
 1 0
 2 1
287 8 3
 0 1
 1 1
 2 2
288 9 3
 0 3
 1 0
 2 0
289 20 3
 0 0
 1 1
 2 2
290 4 3
 0 0
 1 3
 2 2
291 8 3
 0 2
 1 2
 2 0
292 5 3
 0 0
 1 3
 2 2
293 5 3
 0 0
 1 3
 2 0
294 15 3
 0 0
 1 1
 2 0
295 4 3
 0 1
 1 3
 2 3
296 7 3
 0 3
 1 2
 2 0
297 18 3
 0 1
 1 0
 2 3
298 3 3
 0 0
 1 1
 2 0
299 18 3
 0 1
 1 3
 2 2
300 10 3
 0 1
 1 3
 2 0
301 17 3
 0 1
 1 0
 2 3
302 10 3
 0 0
 1 1
 2 3
303 9 3
 0 1
 1 2
 2 3
304 9 3
 0 1
 1 3
 2 3
305 2 3
 0 1
 1 2
 2 2
306 15 3
 0 0
 1 2
 2 0
307 0 3
 0 0
 1 0
 2 0

# PRECEDENCES
699
0 1
0 25
0 49
0 73
0 97
0 121
0 145
0 169
0 193
0 217
0 241
0 265
0 289
1 2
1 25
1 26
2 3
2 26
2 27
3 4
3 27
4 5
4 28
5 6
5 29
5 30
6 7
6 30
7 8
7 31
7 32
8 9
8 32
9 10
9 33
10 11
10 34
11 12
11 35
12 13
12 36
12 37
13 14
13 37
14 15
14 38
15 16
15 39
16 17
16 40
17 18
17 41
18 19
18 42
18 43
19 20
19 43
20 21
20 44
21 22
21 45
21 46
22 23
22 46
23 24
23 47
23 48
24 48
24 307
25 26
25 49
26 27
26 50
27 28
27 51
28 29
28 52
28 53
29 30
29 53
30 31
30 54
31 32
31 55
31 56
32 33
32 56
33 34
33 57
34 35
34 58
35 36
35 59
36 37
36 60
36 61
37 38
37 61
38 39
38 62
39 40
39 63
40 41
40 64
41 42
41 65
42 43
42 66
42 67
43 44
43 67
43 68
44 45
44 68
45 46
45 69
46 47
46 70
47 48
47 71
48 72
48 307
49 50
49 73
50 51
50 74
51 52
51 75
51 76
52 53
52 76
53 54
53 77
54 55
54 78
54 79
55 56
55 79
56 57
56 80
57 58
57 81
58 59
58 82
59 60
59 83
59 84
60 61
60 84
61 62
61 85
62 63
62 86
63 64
63 87
64 65
64 88
65 66
65 89
65 90
66 67
66 90
66 91
67 68
67 91
67 92
68 69
68 92
68 93
69 70
69 93
69 94
70 71
70 94
70 95
71 72
71 95
71 96
72 96
72 307
73 74
73 97
74 75
74 98
75 76
75 99
76 77
76 100
77 78
77 101
78 79
78 102
79 80
79 103
80 81
80 104
80 105
81 82
81 105
82 83
82 106
83 84
83 107
84 85
84 108
85 86
85 109
86 87
86 110
86 111
87 88
87 111
88 89
88 112
88 113
89 90
89 113
90 91
90 114
91 92
91 115
91 116
92 93
92 116
92 117
93 94
93 117
93 118
94 95
94 118
94 119
95 96
95 119
96 120
96 307
97 98
97 121
98 99
98 122
98 123
99 100
99 123
100 101
100 124
101 102
101 125
102 103
102 126
102 127
103 104
103 127
103 128
104 105
104 128
105 106
105 129
106 107
106 130
107 108
107 131
107 132
108 109
108 132
109 110
109 133
110 111
110 134
111 112
111 135
112 113
112 136
113 114
113 137
114 115
114 138
115 116
115 139
115 140
116 117
116 140
116 141
117 118
117 141
118 119
118 142
118 143
119 120
119 143
119 144
120 144
120 307
121 122
121 145
121 146
122 123
122 146
123 124
123 147
123 148
124 125
124 148
125 126
125 149
126 127
126 150
127 128
127 151
128 129
128 152
129 130
129 153
130 131
130 154
131 132
131 155
132 133
132 156
132 157
133 134
133 157
134 135
134 158
135 136
135 159
136 137
136 160
137 138
137 161
137 162
138 139
138 162
139 140
139 163
140 141
140 164
141 142
141 165
142 143
142 166
142 167
143 144
143 167
143 168
144 168
144 307
145 146
145 169
146 147
146 170
147 148
147 171
148 149
148 172
149 150
149 173
150 151
150 174
151 152
151 175
152 153
152 176
152 177
153 154
153 177
154 155
154 178
155 156
155 179
156 157
156 180
156 181
157 158
157 181
158 159
158 182
159 160
159 183
160 161
160 184
161 162
161 185
162 163
162 186
163 164
163 187
164 165
164 188
165 166
165 189
165 190
166 167
166 190
167 168
167 191
168 192
168 307
169 170
169 193
169 194
170 171
170 194
171 172
171 195
171 196
172 173
172 196
173 174
173 197
174 175
174 198
175 176
175 199
175 200
176 177
176 200
177 178
177 201
178 179
178 202
179 180
179 203
179 204
180 181
180 204
181 182
181 205
181 206
182 183
182 206
183 184
183 207
183 208
184 185
184 208
185 186
185 209
185 210
186 187
186 210
187 188
187 211
187 212
188 189
188 212
189 190
189 213
190 191
190 214
191 192
191 215
192 216
192 307
193 194
193 217
193 218
194 195
194 218
194 219
195 196
195 219
195 220
196 197
196 220
196 221
197 198
197 221
197 222
198 199
198 222
198 223
199 200
199 223
200 201
200 224
201 202
201 225
202 203
202 226
203 204
203 227
203 228
204 205
204 228
205 206
205 229
205 230
206 207
206 230
207 208
207 231
208 209
208 232
209 210
209 233
210 211
210 234
211 212
211 235
212 213
212 236
212 237
213 214
213 237
214 215
214 238
215 216
215 239
216 240
216 307
217 218
217 241
218 219
218 242
218 243
219 220
219 243
219 244
220 221
220 244
220 245
221 222
221 245
222 223
222 246
223 224
223 247
224 225
224 248
225 226
225 249
226 227
226 250
226 251
227 228
227 251
228 229
228 252
229 230
229 253
230 231
230 254
231 232
231 255
232 233
232 256
233 234
233 257
234 235
234 258
235 236
235 259
236 237
236 260
236 261
237 238
237 261
238 239
238 262
239 240
239 263
239 264
240 264
240 307
241 242
241 265
242 243
242 266
242 267
243 244
243 267
243 268
244 245
244 268
245 246
245 269
246 247
246 270
247 248
247 271
248 249
248 272
248 273
249 250
249 273
250 251
250 274
250 275
251 252
251 275
252 253
252 276
252 277
253 254
253 277
254 255
254 278
255 256
255 279
256 257
256 280
257 258
257 281
258 259
258 282
259 260
259 283
260 261
260 284
261 262
261 285
262 263
262 286
263 264
263 287
264 288
264 307
265 266
265 289
266 267
266 290
266 291
267 268
267 291
268 269
268 292
268 293
269 270
269 293
269 294
270 271
270 294
271 272
271 295
272 273
272 296
273 274
273 297
273 298
274 275
274 298
275 276
275 299
276 277
276 300
277 278
277 301
278 279
278 302
278 303
279 280
279 303
280 281
280 304
281 282
281 305
281 306
282 283
282 306
283 284
284 285
285 286
286 287
287 288
288 307
289 290
289 307
290 291
290 307
291 292
291 307
292 293
292 307
293 294
293 307
294 295
294 307
295 296
295 307
296 297
296 307
297 298
297 307
298 299
298 307
299 300
299 307
300 301
300 307
301 302
301 307
302 303
302 307
303 304
303 307
304 305
304 307
305 306
305 307
306 307
