# Tier 7 (Very Large) - Instance 31
# Generated with config: N=352, K=3, topology=random_dag, calendar=staggered

# HEADER: <num_tasks> <num_types> <num_units>
354 3 21

# RESOURCE TYPES
# Format: <type_id> <num_units> <unit_id1> <unit_id2> ...
0 7 0 1 2 3 4 5 6
1 7 7 8 9 10 11 12 13
2 7 14 15 16 17 18 19 20

# RESOURCE UNITS (Calendars)
# Format: <unit_id> <num_steps> <t1> <v1> <t2> <v2> ...
0 21 0 100 1 0 40 100 321 0 361 100 641 0 680 100 960 0 998 100 1281 0 1318 100 1603 0 1642 100 1921 0 1960 100 2245 0 2284 100 2569 0 2609 100 2891 0 3217 0
1 21 0 100 17 0 71 100 335 0 391 100 656 0 709 100 973 0 1027 100 1292 0 1344 100 1611 0 1667 100 1931 0 1984 100 2252 0 2308 100 2576 0 2629 100 2895 0 3217 0
2 21 0 100 32 0 87 100 349 0 406 100 670 0 726 100 992 0 1047 100 1310 0 1366 100 1628 0 1686 100 1952 0 2009 100 2275 0 2333 100 2595 0 2650 100 2913 0 3217 0
3 21 0 100 45 0 87 100 365 0 403 100 682 0 721 100 999 0 1037 100 1318 0 1358 100 1640 0 1682 100 1964 0 2002 100 2281 0 2321 100 2603 0 2644 100 2925 0 3217 0
4 21 0 100 60 0 110 100 380 0 429 100 703 0 751 100 1024 0 1075 100 1346 0 1397 100 1670 0 1721 100 1993 0 2042 100 2313 0 2362 100 2635 0 2686 100 2957 0 3217 0
5 21 0 100 75 0 99 100 391 0 419 100 712 0 738 100 1032 0 1060 100 1353 0 1380 100 1678 0 1705 100 2002 0 2030 100 2325 0 2353 100 2647 0 2673 100 2969 0 3217 0
6 21 0 100 90 0 134 100 413 0 460 100 739 0 783 100 1059 0 1105 100 1383 0 1428 100 1707 0 1753 100 2030 0 2076 100 2349 0 2396 100 2673 0 2718 100 2996 0 3217 0
7 21 0 100 106 0 143 100 427 0 461 100 748 0 785 100 1071 0 1107 100 1391 0 1426 100 1712 0 1747 100 2030 0 2063 100 2346 0 2379 100 2665 0 2701 100 2986 0 3217 0
8 21 0 100 122 0 153 100 444 0 475 100 766 0 798 100 1086 0 1117 100 1409 0 1439 100 1726 0 1759 100 2047 0 2077 100 2365 0 2397 100 2685 0 2718 100 3007 0 3217 0
9 21 0 100 139 0 169 100 456 0 486 100 779 0 809 100 1102 0 1133 100 1425 0 1456 100 1749 0 1779 100 2067 0 2096 100 2385 0 2417 100 2706 0 2738 100 3029 0 3217 0
10 21 0 100 154 0 182 100 473 0 500 100 791 0 821 100 1112 0 1141 100 1435 0 1466 100 1757 0 1787 100 2080 0 2109 100 2402 0 2430 100 2722 0 2750 100 3045 0 3217 0
11 21 0 100 167 0 209 100 488 0 529 100 807 0 850 100 1129 0 1170 100 1448 0 1488 100 1770 0 1813 100 2092 0 2134 100 2410 0 2454 100 2733 0 2775 100 3057 0 3217 0
12 21 0 100 184 0 226 100 506 0 548 100 824 0 868 100 1145 0 1186 100 1461 0 1502 100 1778 0 1821 100 2100 0 2142 100 2419 0 2461 100 2737 0 2781 100 3060 0 3217 0
13 21 0 100 197 0 224 100 514 0 542 100 836 0 864 100 1158 0 1185 100 1480 0 1509 100 1801 0 1830 100 2124 0 2152 100 2443 0 2472 100 2766 0 2792 100 3085 0 3217 0
14 21 0 100 216 0 244 100 533 0 563 100 856 0 885 100 1175 0 1205 100 1496 0 1525 100 1815 0 1843 100 2135 0 2164 100 2453 0 2484 100 2776 0 2806 100 3095 0 3217 0
15 21 0 100 228 0 263 100 547 0 584 100 870 0 907 100 1195 0 1232 100 1519 0 1553 100 1840 0 1875 100 2158 0 2192 100 2480 0 2514 100 2799 0 2833 100 3116 0 3217 0
16 21 0 100 244 0 280 100 569 0 605 100 889 0 922 100 1211 0 1247 100 1533 0 1569 100 1856 0 1890 100 2174 0 2207 100 2495 0 2528 100 2817 0 2849 100 3137 0 3217 0
17 21 0 100 260 0 311 100 584 0 633 100 904 0 953 100 1222 0 1270 100 1542 0 1591 100 1862 0 1911 100 2184 0 2232 100 2502 0 2552 100 2821 0 2872 100 3144 0 3217 0
18 21 0 100 277 0 336 100 600 0 658 100 918 0 977 100 1242 0 1298 100 1559 0 1618 100 1882 0 1940 100 2200 0 2259 100 2522 0 2578 100 2841 0 2900 100 3164 0 3217 0
19 21 0 100 289 0 333 100 611 0 654 100 933 0 977 100 1258 0 1302 100 1578 0 1622 100 1900 0 1942 100 2220 0 2262 100 2541 0 2582 100 2862 0 2904 100 3179 0 3217 0
20 21 0 100 307 0 351 100 630 0 673 100 953 0 998 100 1274 0 1316 100 1595 0 1638 100 1913 0 1956 100 2235 0 2279 100 2557 0 2602 100 2879 0 2923 100 3201 0 3217 0

# TASKS
# Format: <task_id> <size> <num_reqs>
# Then for each requirement: <type_id> <qty>
0 0 3
 0 0
 1 0
 2 0
1 10 3
 0 1
 1 0
 2 0
2 5 3
 0 3
 1 2
 2 3
3 17 3
 0 2
 1 3
 2 1
4 12 3
 0 3
 1 1
 2 3
5 17 3
 0 1
 1 1
 2 2
6 4 3
 0 2
 1 2
 2 0
7 7 3
 0 0
 1 1
 2 1
8 6 3
 0 0
 1 0
 2 2
9 6 3
 0 0
 1 2
 2 2
10 5 3
 0 2
 1 1
 2 0
11 14 3
 0 0
 1 2
 2 0
12 4 3
 0 2
 1 0
 2 0
13 18 3
 0 2
 1 2
 2 3
14 3 3
 0 2
 1 2
 2 1
15 8 3
 0 0
 1 1
 2 1
16 8 3
 0 3
 1 1
 2 1
17 15 3
 0 2
 1 1
 2 2
18 20 3
 0 0
 1 1
 2 2
19 8 3
 0 1
 1 0
 2 1
20 17 3
 0 3
 1 1
 2 3
21 19 3
 0 1
 1 2
 2 0
22 16 3
 0 2
 1 3
 2 2
23 16 3
 0 0
 1 0
 2 2
24 1 3
 0 3
 1 3
 2 0
25 12 3
 0 0
 1 1
 2 1
26 17 3
 0 3
 1 0
 2 1
27 20 3
 0 2
 1 0
 2 2
28 7 3
 0 0
 1 3
 2 1
29 11 3
 0 3
 1 1
 2 3
30 3 3
 0 0
 1 0
 2 2
31 4 3
 0 2
 1 1
 2 1
32 11 3
 0 0
 1 2
 2 1
33 8 3
 0 1
 1 0
 2 1
34 6 3
 0 2
 1 0
 2 1
35 1 3
 0 2
 1 0
 2 2
36 11 3
 0 0
 1 0
 2 3
37 9 3
 0 0
 1 0
 2 3
38 14 3
 0 0
 1 0
 2 1
39 5 3
 0 2
 1 1
 2 1
40 2 3
 0 1
 1 0
 2 0
41 3 3
 0 0
 1 3
 2 0
42 18 3
 0 3
 1 0
 2 0
43 14 3
 0 1
 1 0
 2 0
44 18 3
 0 3
 1 0
 2 3
45 13 3
 0 1
 1 0
 2 0
46 16 3
 0 3
 1 1
 2 3
47 16 3
 0 3
 1 1
 2 0
48 7 3
 0 0
 1 2
 2 1
49 4 3
 0 0
 1 1
 2 1
50 10 3
 0 0
 1 0
 2 1
51 4 3
 0 0
 1 1
 2 0
52 15 3
 0 2
 1 0
 2 0
53 4 3
 0 1
 1 3
 2 0
54 2 3
 0 0
 1 1
 2 0
55 7 3
 0 3
 1 2
 2 2
56 4 3
 0 1
 1 0
 2 0
57 19 3
 0 3
 1 0
 2 3
58 15 3
 0 0
 1 2
 2 0
59 12 3
 0 1
 1 0
 2 0
60 12 3
 0 3
 1 3
 2 3
61 19 3
 0 3
 1 2
 2 1
62 10 3
 0 1
 1 3
 2 2
63 6 3
 0 0
 1 1
 2 2
64 5 3
 0 3
 1 3
 2 1
65 20 3
 0 3
 1 2
 2 1
66 10 3
 0 2
 1 1
 2 1
67 11 3
 0 2
 1 0
 2 2
68 9 3
 0 0
 1 0
 2 1
69 5 3
 0 0
 1 0
 2 1
70 11 3
 0 1
 1 1
 2 0
71 14 3
 0 0
 1 0
 2 1
72 11 3
 0 0
 1 3
 2 2
73 14 3
 0 3
 1 2
 2 3
74 14 3
 0 1
 1 1
 2 3
75 9 3
 0 3
 1 1
 2 3
76 9 3
 0 0
 1 3
 2 0
77 3 3
 0 3
 1 1
 2 3
78 6 3
 0 2
 1 3
 2 0
79 3 3
 0 0
 1 3
 2 1
80 16 3
 0 3
 1 2
 2 1
81 13 3
 0 2
 1 3
 2 0
82 13 3
 0 0
 1 1
 2 2
83 11 3
 0 2
 1 1
 2 2
84 12 3
 0 1
 1 0
 2 0
85 5 3
 0 2
 1 1
 2 2
86 14 3
 0 3
 1 1
 2 0
87 8 3
 0 2
 1 2
 2 1
88 5 3
 0 0
 1 3
 2 0
89 2 3
 0 0
 1 1
 2 0
90 11 3
 0 0
 1 1
 2 2
91 9 3
 0 2
 1 3
 2 2
92 11 3
 0 1
 1 3
 2 3
93 8 3
 0 1
 1 1
 2 0
94 20 3
 0 2
 1 2
 2 2
95 5 3
 0 1
 1 2
 2 3
96 20 3
 0 0
 1 0
 2 3
97 16 3
 0 1
 1 0
 2 0
98 18 3
 0 0
 1 3
 2 1
99 16 3
 0 0
 1 2
 2 0
100 17 3
 0 0
 1 1
 2 1
101 7 3
 0 0
 1 3
 2 2
102 1 3
 0 0
 1 1
 2 2
103 13 3
 0 1
 1 0
 2 1
104 6 3
 0 1
 1 1
 2 2
105 15 3
 0 0
 1 1
 2 3
106 18 3
 0 2
 1 0
 2 1
107 7 3
 0 1
 1 0
 2 0
108 11 3
 0 3
 1 2
 2 1
109 16 3
 0 0
 1 1
 2 0
110 15 3
 0 0
 1 0
 2 1
111 6 3
 0 3
 1 0
 2 1
112 3 3
 0 1
 1 2
 2 3
113 4 3
 0 0
 1 1
 2 3
114 2 3
 0 0
 1 1
 2 0
115 2 3
 0 2
 1 1
 2 1
116 14 3
 0 1
 1 0
 2 2
117 18 3
 0 0
 1 3
 2 1
118 9 3
 0 2
 1 0
 2 2
119 20 3
 0 1
 1 0
 2 0
120 1 3
 0 0
 1 3
 2 0
121 17 3
 0 1
 1 1
 2 0
122 1 3
 0 1
 1 3
 2 2
123 14 3
 0 1
 1 3
 2 3
124 4 3
 0 1
 1 3
 2 2
125 17 3
 0 0
 1 2
 2 0
126 9 3
 0 0
 1 0
 2 1
127 6 3
 0 2
 1 0
 2 0
128 6 3
 0 0
 1 3
 2 1
129 11 3
 0 2
 1 2
 2 0
130 17 3
 0 0
 1 2
 2 2
131 9 3
 0 0
 1 0
 2 2
132 19 3
 0 3
 1 0
 2 3
133 9 3
 0 0
 1 0
 2 3
134 6 3
 0 1
 1 3
 2 2
135 17 3
 0 2
 1 0
 2 0
136 11 3
 0 0
 1 3
 2 3
137 14 3
 0 2
 1 3
 2 3
138 2 3
 0 1
 1 0
 2 1
139 7 3
 0 2
 1 2
 2 2
140 7 3
 0 1
 1 3
 2 3
141 15 3
 0 1
 1 1
 2 1
142 14 3
 0 0
 1 2
 2 0
143 2 3
 0 0
 1 1
 2 0
144 18 3
 0 2
 1 0
 2 2
145 3 3
 0 3
 1 3
 2 0
146 10 3
 0 1
 1 0
 2 0
147 3 3
 0 0
 1 2
 2 1
148 17 3
 0 0
 1 1
 2 2
149 1 3
 0 1
 1 2
 2 0
150 18 3
 0 2
 1 1
 2 0
151 1 3
 0 3
 1 1
 2 0
152 14 3
 0 0
 1 3
 2 0
153 17 3
 0 3
 1 0
 2 2
154 11 3
 0 3
 1 0
 2 1
155 1 3
 0 3
 1 2
 2 2
156 8 3
 0 1
 1 1
 2 1
157 20 3
 0 2
 1 0
 2 0
158 6 3
 0 2
 1 0
 2 3
159 2 3
 0 2
 1 0
 2 1
160 13 3
 0 1
 1 1
 2 0
161 13 3
 0 2
 1 2
 2 3
162 12 3
 0 3
 1 3
 2 1
163 7 3
 0 2
 1 1
 2 0
164 1 3
 0 0
 1 2
 2 3
165 9 3
 0 3
 1 0
 2 2
166 11 3
 0 0
 1 3
 2 1
167 1 3
 0 0
 1 0
 2 1
168 20 3
 0 3
 1 1
 2 0
169 17 3
 0 0
 1 1
 2 0
170 7 3
 0 0
 1 3
 2 3
171 12 3
 0 2
 1 1
 2 3
172 7 3
 0 0
 1 3
 2 0
173 17 3
 0 0
 1 1
 2 0
174 4 3
 0 3
 1 0
 2 0
175 7 3
 0 2
 1 0
 2 0
176 17 3
 0 3
 1 3
 2 3
177 12 3
 0 3
 1 0
 2 0
178 15 3
 0 3
 1 2
 2 1
179 19 3
 0 2
 1 3
 2 3
180 6 3
 0 0
 1 2
 2 2
181 15 3
 0 1
 1 0
 2 1
182 2 3
 0 0
 1 0
 2 2
183 3 3
 0 0
 1 1
 2 2
184 14 3
 0 0
 1 2
 2 0
185 15 3
 0 0
 1 2
 2 1
186 17 3
 0 2
 1 0
 2 1
187 17 3
 0 1
 1 2
 2 1
188 14 3
 0 1
 1 0
 2 1
189 15 3
 0 1
 1 0
 2 1
190 18 3
 0 1
 1 0
 2 0
191 9 3
 0 1
 1 1
 2 1
192 14 3
 0 3
 1 2
 2 0
193 10 3
 0 0
 1 3
 2 0
194 12 3
 0 0
 1 0
 2 2
195 7 3
 0 0
 1 2
 2 3
196 13 3
 0 2
 1 0
 2 2
197 4 3
 0 1
 1 1
 2 2
198 4 3
 0 0
 1 2
 2 2
199 9 3
 0 0
 1 0
 2 2
200 14 3
 0 0
 1 3
 2 1
201 17 3
 0 1
 1 1
 2 2
202 3 3
 0 0
 1 0
 2 2
203 6 3
 0 1
 1 0
 2 0
204 17 3
 0 2
 1 2
 2 0
205 14 3
 0 0
 1 0
 2 2
206 7 3
 0 3
 1 1
 2 1
207 13 3
 0 0
 1 0
 2 1
208 1 3
 0 0
 1 2
 2 3
209 11 3
 0 0
 1 0
 2 1
210 2 3
 0 0
 1 0
 2 1
211 20 3
 0 2
 1 1
 2 1
212 13 3
 0 0
 1 3
 2 1
213 19 3
 0 3
 1 1
 2 0
214 14 3
 0 0
 1 1
 2 0
215 8 3
 0 0
 1 1
 2 2
216 2 3
 0 3
 1 1
 2 2
217 18 3
 0 2
 1 2
 2 2
218 19 3
 0 0
 1 0
 2 2
219 1 3
 0 3
 1 1
 2 0
220 2 3
 0 0
 1 3
 2 1
221 5 3
 0 0
 1 1
 2 3
222 17 3
 0 3
 1 0
 2 2
223 11 3
 0 1
 1 0
 2 2
224 4 3
 0 2
 1 0
 2 0
225 9 3
 0 3
 1 0
 2 0
226 16 3
 0 0
 1 3
 2 0
227 16 3
 0 0
 1 2
 2 0
228 16 3
 0 1
 1 3
 2 0
229 4 3
 0 0
 1 0
 2 3
230 3 3
 0 1
 1 0
 2 2
231 7 3
 0 0
 1 0
 2 3
232 9 3
 0 3
 1 1
 2 0
233 13 3
 0 2
 1 1
 2 2
234 10 3
 0 1
 1 2
 2 3
235 11 3
 0 1
 1 0
 2 0
236 2 3
 0 2
 1 2
 2 3
237 19 3
 0 0
 1 1
 2 0
238 12 3
 0 1
 1 0
 2 0
239 2 3
 0 0
 1 2
 2 0
240 13 3
 0 1
 1 1
 2 2
241 1 3
 0 2
 1 3
 2 3
242 1 3
 0 1
 1 0
 2 0
243 17 3
 0 0
 1 2
 2 3
244 14 3
 0 0
 1 3
 2 2
245 11 3
 0 1
 1 0
 2 1
246 11 3
 0 1
 1 1
 2 0
247 5 3
 0 1
 1 1
 2 0
248 2 3
 0 3
 1 2
 2 2
249 4 3
 0 1
 1 0
 2 3
250 1 3
 0 0
 1 2
 2 1
251 11 3
 0 3
 1 0
 2 2
252 17 3
 0 1
 1 0
 2 1
253 9 3
 0 1
 1 2
 2 2
254 12 3
 0 2
 1 0
 2 0
255 5 3
 0 3
 1 2
 2 0
256 18 3
 0 3
 1 3
 2 2
257 18 3
 0 0
 1 0
 2 1
258 1 3
 0 1
 1 0
 2 3
259 11 3
 0 1
 1 0
 2 0
260 5 3
 0 0
 1 3
 2 1
261 16 3
 0 0
 1 0
 2 2
262 16 3
 0 2
 1 2
 2 3
263 15 3
 0 0
 1 1
 2 0
264 11 3
 0 1
 1 2
 2 0
265 4 3
 0 1
 1 1
 2 0
266 3 3
 0 3
 1 3
 2 3
267 7 3
 0 0
 1 2
 2 0
268 11 3
 0 3
 1 1
 2 0
269 8 3
 0 0
 1 3
 2 1
270 17 3
 0 2
 1 0
 2 0
271 8 3
 0 1
 1 3
 2 0
272 11 3
 0 0
 1 1
 2 2
273 14 3
 0 0
 1 3
 2 1
274 7 3
 0 2
 1 0
 2 3
275 4 3
 0 3
 1 3
 2 0
276 17 3
 0 2
 1 0
 2 0
277 8 3
 0 2
 1 1
 2 3
278 16 3
 0 1
 1 0
 2 0
279 19 3
 0 0
 1 0
 2 3
280 7 3
 0 0
 1 2
 2 0
281 18 3
 0 3
 1 0
 2 3
282 1 3
 0 2
 1 3
 2 1
283 6 3
 0 1
 1 0
 2 0
284 20 3
 0 1
 1 0
 2 2
285 12 3
 0 0
 1 2
 2 0
286 6 3
 0 3
 1 3
 2 2
287 14 3
 0 2
 1 3
 2 1
288 11 3
 0 2
 1 0
 2 0
289 19 3
 0 2
 1 3
 2 2
290 19 3
 0 1
 1 0
 2 1
291 9 3
 0 1
 1 0
 2 2
292 14 3
 0 3
 1 2
 2 1
293 5 3
 0 1
 1 0
 2 0
294 2 3
 0 1
 1 0
 2 0
295 19 3
 0 0
 1 2
 2 0
296 5 3
 0 0
 1 0
 2 1
297 20 3
 0 0
 1 0
 2 1
298 3 3
 0 1
 1 0
 2 0
299 14 3
 0 3
 1 0
 2 3
300 1 3
 0 3
 1 0
 2 0
301 19 3
 0 2
 1 3
 2 0
302 17 3
 0 0
 1 1
 2 0
303 6 3
 0 0
 1 3
 2 0
304 4 3
 0 1
 1 0
 2 3
305 2 3
 0 0
 1 1
 2 3
306 1 3
 0 0
 1 0
 2 1
307 5 3
 0 2
 1 0
 2 0
308 8 3
 0 3
 1 0
 2 0
309 10 3
 0 1
 1 3
 2 2
310 10 3
 0 1
 1 0
 2 0
311 11 3
 0 3
 1 0
 2 0
312 2 3
 0 1
 1 0
 2 0
313 16 3
 0 0
 1 1
 2 0
314 11 3
 0 2
 1 0
 2 1
315 5 3
 0 0
 1 1
 2 0
316 9 3
 0 3
 1 0
 2 0
317 6 3
 0 1
 1 1
 2 0
318 19 3
 0 1
 1 1
 2 3
319 1 3
 0 1
 1 0
 2 3
320 1 3
 0 1
 1 3
 2 3
321 13 3
 0 0
 1 1
 2 1
322 12 3
 0 0
 1 0
 2 2
323 6 3
 0 3
 1 0
 2 2
324 18 3
 0 2
 1 2
 2 1
325 6 3
 0 2
 1 3
 2 2
326 10 3
 0 2
 1 3
 2 0
327 9 3
 0 0
 1 3
 2 3
328 16 3
 0 2
 1 0
 2 1
329 12 3
 0 0
 1 3
 2 3
330 16 3
 0 1
 1 0
 2 3
331 2 3
 0 3
 1 3
 2 1
332 1 3
 0 3
 1 1
 2 1
333 3 3
 0 0
 1 1
 2 3
334 15 3
 0 0
 1 3
 2 2
335 8 3
 0 0
 1 3
 2 0
336 8 3
 0 3
 1 1
 2 0
337 18 3
 0 1
 1 3
 2 3
338 5 3
 0 1
 1 2
 2 3
339 9 3
 0 0
 1 1
 2 3
340 8 3
 0 0
 1 3
 2 2
341 8 3
 0 3
 1 2
 2 3
342 7 3
 0 2
 1 0
 2 2
343 13 3
 0 1
 1 0
 2 0
344 1 3
 0 2
 1 1
 2 0
345 9 3
 0 3
 1 0
 2 1
346 3 3
 0 0
 1 0
 2 2
347 15 3
 0 0
 1 0
 2 1
348 18 3
 0 0
 1 2
 2 0
349 2 3
 0 1
 1 0
 2 0
350 12 3
 0 2
 1 2
 2 0
351 17 3
 0 0
 1 0
 2 1
352 9 3
 0 2
 1 0
 2 0
353 0 3
 0 0
 1 0
 2 0

# PRECEDENCES
1440
0 4
0 5
0 7
0 8
0 10
0 11
0 19
0 22
0 25
0 32
0 33
0 37
0 41
0 42
0 44
0 48
0 49
0 51
0 55
0 57
0 59
0 61
0 68
0 70
0 73
0 77
0 84
0 85
0 86
0 87
0 88
0 95
0 100
0 101
0 102
0 103
0 105
0 106
0 107
0 110
0 116
0 122
0 123
0 124
0 126
0 128
0 132
0 134
0 136
0 140
0 142
0 143
0 146
0 152
0 154
0 155
0 156
0 157
0 159
0 160
0 161
0 164
0 166
0 167
0 170
0 174
0 177
0 186
0 190
0 191
0 193
0 198
0 199
0 201
0 206
0 209
0 212
0 215
0 216
0 219
0 220
0 222
0 224
0 225
0 228
0 239
0 243
0 245
0 247
0 249
0 253
0 258
0 259
0 260
0 261
0 263
0 265
0 267
0 268
0 269
0 272
0 274
0 277
0 278
0 279
0 281
0 284
0 294
0 296
0 298
0 299
0 300
0 302
0 306
0 307
0 315
0 317
0 320
0 322
0 323
0 324
0 325
0 326
0 328
0 329
0 330
0 332
0 333
0 334
0 335
0 343
0 344
0 348
0 352
1 62
1 229
1 234
1 241
2 185
2 192
2 196
2 231
2 234
2 310
3 111
3 112
3 256
3 297
3 342
4 91
4 123
4 250
5 30
5 32
5 85
5 347
5 351
5 352
6 47
6 115
6 184
6 234
6 313
7 20
7 60
7 137
7 264
8 98
8 108
8 145
8 211
9 14
9 53
9 98
9 137
9 280
9 340
10 55
10 92
10 118
10 137
10 332
10 349
11 35
11 309
12 14
12 31
12 117
13 353
14 34
14 194
14 204
14 264
15 38
15 205
15 327
16 38
16 47
16 119
16 338
17 129
17 172
17 250
17 254
18 26
18 252
19 52
19 114
19 151
20 34
20 96
20 138
20 171
20 280
20 340
21 353
22 20
22 171
22 179
22 312
23 26
23 38
23 62
23 83
23 264
24 56
24 117
25 47
25 91
25 208
25 264
26 353
27 75
27 270
28 192
28 194
28 196
28 202
28 203
29 108
29 250
29 255
29 256
30 72
30 82
30 162
31 47
31 163
31 271
31 290
32 81
32 118
32 250
33 34
33 45
33 341
34 26
34 35
34 171
34 338
35 353
36 257
36 318
37 91
37 137
37 250
37 311
38 13
38 21
38 119
38 171
38 178
38 338
39 168
39 346
40 35
40 176
40 283
41 40
41 170
41 264
42 71
42 75
42 92
42 176
42 251
42 285
43 6
43 12
43 65
43 144
43 179
44 57
44 61
44 79
45 75
45 137
45 171
45 252
45 280
45 331
46 139
46 181
46 234
47 21
47 171
47 178
47 251
47 327
48 17
48 35
48 127
48 314
49 57
49 287
49 326
50 13
50 35
50 171
50 178
50 238
50 327
51 152
51 171
51 208
51 213
52 28
52 248
53 138
53 187
53 350
53 351
54 38
54 99
54 121
54 141
54 176
55 35
55 67
56 13
56 76
56 129
56 271
56 316
57 32
57 50
57 210
58 112
58 145
58 158
58 194
58 232
58 327
59 27
59 129
59 234
59 279
59 310
59 337
60 171
60 188
60 241
60 319
61 291
61 342
62 353
63 27
63 205
63 221
63 256
63 309
64 74
64 137
64 288
64 351
65 182
65 350
66 83
66 118
66 349
67 21
67 204
67 238
68 114
68 179
68 282
68 294
68 302
68 314
69 47
69 75
69 119
69 331
70 14
70 203
70 240
71 58
71 78
71 139
71 150
71 283
72 231
72 293
73 34
73 75
73 118
73 173
73 240
73 266
74 270
74 341
75 171
75 178
76 13
76 26
76 264
77 13
77 61
77 185
77 210
78 183
78 205
78 350
79 45
79 53
80 118
80 210
80 213
80 236
80 256
80 270
81 34
81 65
81 111
81 295
81 310
81 342
82 31
82 171
82 229
83 13
83 178
83 187
83 238
83 338
84 130
84 245
84 301
84 308
84 319
85 26
85 251
85 331
86 98
86 235
86 266
86 303
87 88
87 98
87 115
87 138
87 174
87 254
88 182
88 332
89 121
89 349
90 181
90 204
91 47
91 75
91 194
91 223
91 255
92 26
92 38
93 53
93 197
94 117
94 251
94 304
95 110
95 206
95 282
95 299
95 332
96 50
96 187
96 251
96 264
96 271
97 26
97 34
97 163
97 252
97 271
97 290
98 21
98 171
98 251
98 331
99 192
99 346
100 29
100 131
100 169
101 145
101 187
101 301
102 4
102 10
102 13
102 118
102 260
103 93
103 173
103 307
104 31
104 114
105 21
105 121
105 171
105 207
105 210
105 283
106 30
106 127
106 148
106 149
106 336
107 87
107 176
108 172
108 308
109 138
109 171
109 338
110 83
110 177
110 200
111 35
111 119
112 138
112 227
113 15
113 40
113 158
113 231
114 14
114 16
114 150
114 349
115 192
115 234
115 238
115 290
115 346
115 351
116 25
116 138
116 236
116 275
116 293
116 346
117 168
117 176
117 244
117 283
117 331
118 13
118 34
118 171
118 185
118 251
119 353
120 83
120 250
120 271
121 83
121 98
121 171
121 204
121 238
121 346
122 42
122 81
122 160
122 266
123 96
123 119
123 192
123 203
123 231
123 255
124 33
124 162
124 187
124 230
124 336
125 79
125 104
126 3
126 149
126 150
126 153
127 36
127 125
127 175
127 280
127 321
128 26
128 231
128 288
128 314
129 121
129 176
129 255
130 47
130 168
130 194
131 54
131 115
131 172
131 262
132 172
132 194
132 210
132 218
133 90
133 145
133 176
133 195
133 255
134 92
134 229
134 337
135 60
135 138
135 168
135 229
135 290
136 56
136 161
136 269
137 98
137 227
138 47
138 67
138 75
138 194
138 271
139 67
139 204
139 242
139 264
139 351
140 24
140 66
140 78
140 192
140 275
141 64
141 252
141 256
141 257
141 349
142 105
142 145
142 265
142 310
143 40
143 266
143 310
144 15
144 331
144 341
145 168
145 282
146 50
146 72
146 117
146 137
146 290
146 347
147 21
147 26
147 91
147 192
147 342
147 350
148 97
148 218
149 13
149 81
149 182
149 273
149 286
150 67
150 171
150 204
150 255
150 280
151 9
151 121
151 138
151 291
152 158
152 255
152 283
153 130
153 168
153 282
153 304
153 346
154 76
154 240
154 333
155 94
155 179
155 310
155 332
156 3
156 131
157 113
157 175
158 34
158 342
159 223
159 327
159 351
160 31
160 208
161 34
161 38
161 97
161 255
161 346
162 113
162 205
163 67
163 194
164 21
164 204
164 235
164 275
165 66
165 311
166 13
166 118
166 250
166 327
167 188
167 345
168 26
168 171
168 227
169 43
169 79
169 165
169 242
169 301
170 13
170 22
170 47
170 207
170 309
171 353
172 21
172 341
173 163
173 182
173 202
173 252
173 280
173 283
174 69
174 176
174 251
174 283
175 54
175 292
176 47
176 62
176 75
176 204
177 129
177 172
178 353
179 34
179 67
179 112
179 114
179 196
179 340
180 38
180 50
180 98
180 171
180 327
180 338
181 13
181 14
181 178
181 194
181 207
182 34
182 185
182 238
183 18
183 178
183 256
184 180
184 241
184 292
184 308
185 35
185 251
186 33
186 213
186 288
186 297
187 353
188 34
188 115
189 31
189 38
189 76
189 204
189 310
189 331
190 20
190 76
190 112
190 178
191 51
191 202
191 213
192 21
192 26
192 83
192 196
193 134
193 141
193 159
193 205
193 299
193 342
194 62
194 204
194 251
194 338
195 38
195 111
195 119
195 283
195 340
196 26
196 35
196 83
196 331
196 346
197 35
197 346
198 158
198 189
198 195
199 6
199 64
199 84
199 181
200 74
200 207
200 331
201 71
201 131
201 200
201 230
201 270
202 97
202 271
203 35
203 163
203 171
203 227
203 270
204 353
205 45
205 47
205 117
205 119
205 223
205 251
206 202
206 289
206 309
206 320
207 171
207 271
208 197
208 270
208 289
208 314
208 338
208 346
209 71
209 74
209 89
209 127
209 276
210 244
210 290
211 76
211 153
212 52
212 82
213 163
213 242
214 78
214 257
214 304
215 137
215 152
215 233
215 338
215 342
216 26
216 50
216 251
217 18
217 75
217 291
218 26
218 75
218 117
218 168
218 171
218 349
219 75
219 82
220 3
220 67
220 187
220 230
221 90
221 98
221 176
221 178
221 285
221 313
222 3
222 218
222 318
223 23
223 98
224 24
224 87
224 108
224 299
225 143
225 202
225 246
225 280
225 339
225 351
226 31
226 213
227 171
227 327
228 192
228 255
229 308
229 310
229 337
230 168
230 240
231 31
231 62
231 340
231 342
232 130
232 227
233 15
233 38
233 39
233 74
233 271
233 341
234 13
234 50
234 187
234 327
235 45
235 93
235 197
235 202
235 338
236 39
236 69
236 189
236 295
236 346
237 129
237 233
237 287
238 353
239 1
239 7
239 63
239 155
240 47
240 244
240 304
241 244
241 349
242 14
242 50
242 118
243 79
243 137
243 171
243 205
243 316
243 336
244 34
244 83
244 111
244 185
244 271
245 50
245 213
245 291
246 1
246 92
247 50
247 141
247 294
248 227
248 246
248 304
248 345
249 182
249 197
249 204
249 340
250 187
250 227
250 251
250 290
250 331
251 353
252 62
252 251
252 264
252 338
253 1
253 69
253 345
254 69
254 83
254 185
255 67
255 194
255 204
256 14
256 35
256 168
256 223
257 168
257 176
257 187
257 204
257 254
258 185
258 205
258 290
259 177
259 309
260 118
260 255
260 345
260 349
261 7
261 53
261 149
261 177
262 129
262 135
262 158
262 195
262 217
262 295
263 178
263 271
263 299
264 26
264 187
264 327
265 1
265 10
265 18
265 73
265 288
266 12
266 23
266 178
266 205
266 210
267 88
267 169
267 200
268 185
268 257
268 308
269 13
269 46
269 74
269 203
269 242
270 13
270 23
270 38
271 119
271 171
272 136
272 231
272 287
273 67
273 72
273 168
273 195
274 152
274 202
275 78
275 118
275 349
276 1
276 34
276 94
276 158
276 309
277 58
277 62
277 74
277 75
277 338
277 350
278 4
278 333
279 260
279 305
280 34
280 119
280 171
280 187
280 238
280 327
281 80
281 135
282 67
282 195
282 204
282 312
282 319
283 50
283 194
283 331
284 74
284 200
285 171
285 185
285 264
285 271
285 341
286 13
286 46
286 147
286 347
287 13
287 97
287 109
287 171
287 173
287 289
288 20
288 181
288 197
288 256
288 314
288 331
289 50
289 295
289 338
290 13
290 35
290 62
290 119
290 171
290 178
291 31
291 180
291 207
291 250
292 62
292 96
292 138
292 202
292 271
293 47
293 163
293 178
293 207
293 244
293 310
294 121
294 138
294 160
294 203
295 21
295 119
295 227
295 290
295 349
296 147
296 171
296 188
296 214
296 255
296 316
297 83
297 270
298 76
298 194
298 339
299 163
299 234
300 45
300 73
300 311
301 67
301 83
301 94
301 97
301 331
302 119
302 177
302 221
302 310
302 327
303 13
303 76
304 176
304 244
304 290
305 288
305 337
305 338
305 342
306 3
306 163
306 320
307 35
307 45
307 137
307 192
307 234
307 295
308 183
308 293
309 208
309 350
310 34
310 50
310 111
310 178
310 338
310 349
311 14
311 16
311 120
311 227
311 242
311 287
312 23
312 112
312 172
312 189
312 194
312 203
313 16
313 39
313 65
313 97
313 213
313 242
314 35
314 290
315 135
315 197
316 21
316 171
317 102
317 141
318 13
318 117
318 187
318 341
318 350
318 351
319 26
319 31
319 62
319 187
319 264
319 280
320 45
320 244
320 251
320 270
320 331
320 340
321 226
321 231
322 27
322 111
322 192
322 264
322 340
323 21
323 63
323 231
323 237
324 114
324 121
324 155
324 238
324 252
325 35
325 83
325 108
325 310
326 227
326 327
327 353
328 26
328 175
328 270
328 309
329 173
329 241
329 285
329 305
330 7
330 325
330 347
331 13
331 62
331 119
331 238
331 327
332 47
332 62
333 91
333 155
333 269
333 285
333 331
334 167
334 220
334 227
334 262
334 286
335 60
335 131
335 133
335 226
335 232
336 2
336 97
336 189
336 340
337 163
337 227
337 238
337 271
337 310
337 327
338 353
339 15
339 129
339 187
339 291
339 304
339 318
340 119
340 204
341 26
341 178
342 47
342 97
342 171
342 290
342 314
343 117
343 179
343 313
343 345
344 28
344 70
344 238
344 306
344 307
344 308
345 26
345 83
345 118
345 178
345 295
346 194
346 204
346 338
347 207
347 231
347 250
347 254
347 313
348 23
348 184
348 226
348 279
349 171
349 204
350 69
350 96
350 118
350 270
351 62
351 111
352 38
352 50
352 194
