# Tier 7 (Very Large) - Instance 50
# Generated with config: N=332, K=4, topology=grid, calendar=staggered

# HEADER: <num_tasks> <num_types> <num_units>
334 4 28

# RESOURCE TYPES
# Format: <type_id> <num_units> <unit_id1> <unit_id2> ...
0 5 0 1 2 3 4
1 8 5 6 7 8 9 10 11 12
2 8 13 14 15 16 17 18 19 20
3 7 21 22 23 24 25 26 27

# RESOURCE UNITS (Calendars)
# Format: <unit_id> <num_steps> <t1> <v1> <t2> <v2> ...
0 23 0 100 1 0 33 100 270 0 300 100 533 0 563 100 797 0 829 100 1067 0 1099 100 1333 0 1364 100 1601 0 1634 100 1870 0 1901 100 2139 0 2169 100 2402 0 2433 100 2670 0 2939 0
1 23 0 100 9 0 35 100 274 0 301 100 542 0 567 100 806 0 833 100 1077 0 1103 100 1346 0 1370 100 1611 0 1635 100 1875 0 1899 100 2137 0 2164 100 2407 0 2430 100 2671 0 2939 0
2 23 0 100 19 0 64 100 283 0 329 100 547 0 592 100 814 0 860 100 1081 0 1127 100 1347 0 1392 100 1613 0 1659 100 1882 0 1928 100 2149 0 2196 100 2418 0 2463 100 2684 0 2939 0
3 23 0 100 29 0 62 100 296 0 329 100 560 0 595 100 829 0 864 100 1099 0 1134 100 1368 0 1400 100 1630 0 1666 100 1897 0 1932 100 2162 0 2196 100 2430 0 2464 100 2696 0 2939 0
4 23 0 100 39 0 83 100 302 0 346 100 569 0 612 100 835 0 881 100 1105 0 1149 100 1370 0 1413 100 1637 0 1681 100 1904 0 1950 100 2169 0 2215 100 2436 0 2481 100 2701 0 2939 0
5 23 0 100 46 0 92 100 312 0 357 100 580 0 623 100 846 0 892 100 1115 0 1158 100 1380 0 1424 100 1649 0 1692 100 1913 0 1959 100 2181 0 2224 100 2446 0 2492 100 2713 0 2939 0
6 23 0 100 55 0 80 100 317 0 345 100 587 0 612 100 853 0 881 100 1122 0 1147 100 1386 0 1413 100 1651 0 1676 100 1914 0 1942 100 2184 0 2209 100 2448 0 2476 100 2714 0 2939 0
7 23 0 100 65 0 88 100 332 0 355 100 600 0 622 100 866 0 889 100 1136 0 1156 100 1400 0 1420 100 1664 0 1685 100 1928 0 1948 100 2191 0 2214 100 2457 0 2480 100 2722 0 2939 0
8 23 0 100 77 0 115 100 346 0 384 100 615 0 652 100 883 0 919 100 1147 0 1185 100 1418 0 1456 100 1688 0 1725 100 1956 0 1992 100 2223 0 2260 100 2488 0 2526 100 2758 0 2939 0
9 23 0 100 86 0 112 100 352 0 380 100 621 0 647 100 887 0 911 100 1149 0 1174 100 1416 0 1441 100 1680 0 1705 100 1945 0 1972 100 2214 0 2241 100 2480 0 2505 100 2742 0 2939 0
10 23 0 100 95 0 140 100 363 0 407 100 627 0 673 100 891 0 935 100 1158 0 1205 100 1427 0 1473 100 1696 0 1741 100 1963 0 2008 100 2227 0 2272 100 2494 0 2541 100 2760 0 2939 0
11 23 0 100 105 0 144 100 372 0 412 100 640 0 677 100 905 0 944 100 1175 0 1212 100 1438 0 1476 100 1704 0 1742 100 1969 0 2005 100 2231 0 2270 100 2497 0 2535 100 2766 0 2939 0
12 23 0 100 114 0 145 100 382 0 415 100 651 0 682 100 915 0 946 100 1183 0 1213 100 1448 0 1479 100 1716 0 1747 100 1979 0 2013 100 2250 0 2280 100 2516 0 2546 100 2779 0 2939 0
13 23 0 100 123 0 151 100 387 0 416 100 652 0 681 100 918 0 945 100 1182 0 1209 100 1448 0 1475 100 1714 0 1740 100 1979 0 2008 100 2247 0 2275 100 2513 0 2542 100 2780 0 2939 0
14 23 0 100 133 0 175 100 401 0 446 100 671 0 716 100 939 0 981 100 1203 0 1244 100 1465 0 1509 100 1730 0 1773 100 1997 0 2040 100 2262 0 2304 100 2529 0 2572 100 2795 0 2939 0
15 23 0 100 141 0 169 100 411 0 439 100 681 0 708 100 947 0 974 100 1213 0 1239 100 1476 0 1501 100 1739 0 1767 100 2004 0 2030 100 2269 0 2295 100 2537 0 2565 100 2806 0 2939 0
16 23 0 100 151 0 183 100 414 0 445 100 675 0 708 100 940 0 973 100 1206 0 1238 100 1468 0 1501 100 1737 0 1771 100 2006 0 2038 100 2269 0 2301 100 2534 0 2566 100 2801 0 2939 0
17 23 0 100 161 0 202 100 423 0 465 100 687 0 731 100 954 0 998 100 1221 0 1263 100 1485 0 1528 100 1753 0 1797 100 2020 0 2063 100 2288 0 2331 100 2553 0 2596 100 2822 0 2939 0
18 23 0 100 172 0 210 100 436 0 474 100 699 0 740 100 969 0 1009 100 1235 0 1274 100 1499 0 1536 100 1761 0 1801 100 2026 0 2064 100 2294 0 2332 100 2560 0 2597 100 2825 0 2939 0
19 23 0 100 183 0 231 100 452 0 499 100 721 0 769 100 991 0 1035 100 1252 0 1297 100 1519 0 1566 100 1788 0 1835 100 2058 0 2103 100 2326 0 2370 100 2590 0 2638 100 2860 0 2939 0
20 23 0 100 191 0 221 100 454 0 486 100 720 0 752 100 986 0 1018 100 1251 0 1283 100 1515 0 1545 100 1778 0 1809 100 2046 0 2076 100 2309 0 2341 100 2579 0 2608 100 2843 0 2939 0
21 23 0 100 199 0 246 100 467 0 515 100 732 0 778 100 997 0 1044 100 1266 0 1311 100 1528 0 1575 100 1795 0 1842 100 2061 0 2108 100 2327 0 2375 100 2595 0 2642 100 2861 0 2939 0
22 23 0 100 211 0 248 100 479 0 518 100 746 0 785 100 1011 0 1050 100 1280 0 1319 100 1547 0 1585 100 1812 0 1849 100 2076 0 2113 100 2340 0 2380 100 2610 0 2647 100 2873 0 2939 0
23 23 0 100 218 0 240 100 483 0 509 100 752 0 776 100 1019 0 1045 100 1289 0 1312 100 1557 0 1582 100 1823 0 1847 100 2088 0 2114 100 2357 0 2382 100 2623 0 2649 100 2894 0 2939 0
24 23 0 100 229 0 249 100 494 0 515 100 760 0 781 100 1026 0 1049 100 1296 0 1318 100 1564 0 1585 100 1831 0 1854 100 2096 0 2119 100 2363 0 2383 100 2630 0 2651 100 2898 0 2939 0
25 23 0 100 240 0 270 100 508 0 534 100 771 0 799 100 1035 0 1062 100 1300 0 1327 100 1563 0 1592 100 1831 0 1859 100 2099 0 2129 100 2365 0 2393 100 2633 0 2661 100 2898 0 2939 0
26 23 0 100 246 0 281 100 513 0 548 100 779 0 815 100 1047 0 1083 100 1312 0 1348 100 1580 0 1616 100 1847 0 1885 100 2117 0 2152 100 2384 0 2419 100 2647 0 2681 100 2908 0 2939 0
27 23 0 100 255 0 288 100 520 0 555 100 786 0 821 100 1052 0 1087 100 1319 0 1354 100 1588 0 1622 100 1857 0 1893 100 2127 0 2160 100 2391 0 2423 100 2655 0 2691 100 2921 0 2939 0

# TASKS
# Format: <task_id> <size> <num_reqs>
# Then for each requirement: <type_id> <qty>
0 0 4
 0 0
 1 0
 2 0
 3 0
1 5 4
 0 0
 1 1
 2 3
 3 1
2 2 4
 0 0
 1 3
 2 3
 3 0
3 7 4
 0 1
 1 0
 2 3
 3 0
4 2 4
 0 0
 1 1
 2 1
 3 0
5 10 4
 0 0
 1 0
 2 1
 3 3
6 3 4
 0 0
 1 3
 2 1
 3 0
7 17 4
 0 3
 1 3
 2 3
 3 0
8 16 4
 0 0
 1 0
 2 0
 3 3
9 17 4
 0 3
 1 0
 2 3
 3 0
10 9 4
 0 0
 1 3
 2 1
 3 1
11 14 4
 0 0
 1 0
 2 1
 3 0
12 10 4
 0 0
 1 3
 2 0
 3 0
13 16 4
 0 0
 1 2
 2 1
 3 1
14 7 4
 0 3
 1 1
 2 1
 3 0
15 6 4
 0 0
 1 1
 2 0
 3 3
16 11 4
 0 2
 1 3
 2 3
 3 1
17 5 4
 0 0
 1 1
 2 1
 3 0
18 6 4
 0 0
 1 3
 2 1
 3 1
19 3 4
 0 1
 1 1
 2 0
 3 0
20 2 4
 0 0
 1 2
 2 3
 3 1
21 2 4
 0 0
 1 3
 2 1
 3 2
22 19 4
 0 0
 1 0
 2 2
 3 2
23 2 4
 0 0
 1 1
 2 2
 3 1
24 2 4
 0 3
 1 3
 2 0
 3 1
25 3 4
 0 0
 1 0
 2 3
 3 0
26 6 4
 0 0
 1 2
 2 0
 3 3
27 20 4
 0 3
 1 0
 2 0
 3 0
28 13 4
 0 3
 1 2
 2 0
 3 0
29 5 4
 0 0
 1 2
 2 0
 3 1
30 20 4
 0 3
 1 2
 2 0
 3 1
31 11 4
 0 2
 1 3
 2 3
 3 3
32 16 4
 0 2
 1 3
 2 0
 3 3
33 4 4
 0 3
 1 3
 2 1
 3 2
34 10 4
 0 1
 1 0
 2 0
 3 2
35 11 4
 0 2
 1 0
 2 0
 3 0
36 3 4
 0 2
 1 0
 2 2
 3 1
37 2 4
 0 1
 1 1
 2 3
 3 3
38 20 4
 0 0
 1 3
 2 2
 3 0
39 15 4
 0 1
 1 0
 2 3
 3 3
40 3 4
 0 2
 1 0
 2 1
 3 0
41 15 4
 0 0
 1 3
 2 0
 3 0
42 10 4
 0 0
 1 2
 2 3
 3 0
43 20 4
 0 0
 1 0
 2 0
 3 1
44 14 4
 0 2
 1 2
 2 3
 3 0
45 4 4
 0 0
 1 1
 2 0
 3 2
46 17 4
 0 3
 1 0
 2 1
 3 1
47 13 4
 0 1
 1 3
 2 3
 3 0
48 5 4
 0 0
 1 0
 2 0
 3 1
49 3 4
 0 2
 1 0
 2 1
 3 0
50 2 4
 0 2
 1 1
 2 3
 3 3
51 1 4
 0 3
 1 0
 2 0
 3 1
52 18 4
 0 0
 1 0
 2 0
 3 1
53 12 4
 0 2
 1 0
 2 2
 3 1
54 8 4
 0 0
 1 1
 2 0
 3 3
55 17 4
 0 2
 1 0
 2 2
 3 0
56 3 4
 0 0
 1 3
 2 3
 3 1
57 12 4
 0 2
 1 3
 2 3
 3 2
58 5 4
 0 3
 1 1
 2 2
 3 0
59 10 4
 0 3
 1 0
 2 1
 3 2
60 7 4
 0 0
 1 0
 2 0
 3 1
61 2 4
 0 1
 1 1
 2 0
 3 3
62 9 4
 0 2
 1 3
 2 0
 3 1
63 3 4
 0 0
 1 3
 2 1
 3 3
64 12 4
 0 1
 1 0
 2 0
 3 1
65 18 4
 0 0
 1 0
 2 1
 3 1
66 8 4
 0 2
 1 2
 2 0
 3 3
67 2 4
 0 0
 1 0
 2 2
 3 0
68 1 4
 0 0
 1 0
 2 0
 3 3
69 5 4
 0 2
 1 2
 2 1
 3 0
70 4 4
 0 2
 1 3
 2 0
 3 0
71 5 4
 0 0
 1 2
 2 1
 3 0
72 3 4
 0 0
 1 0
 2 1
 3 3
73 11 4
 0 2
 1 1
 2 3
 3 0
74 13 4
 0 0
 1 3
 2 0
 3 1
75 20 4
 0 0
 1 0
 2 2
 3 0
76 19 4
 0 1
 1 0
 2 2
 3 0
77 8 4
 0 2
 1 0
 2 0
 3 0
78 2 4
 0 1
 1 3
 2 2
 3 2
79 9 4
 0 0
 1 1
 2 1
 3 3
80 5 4
 0 0
 1 3
 2 0
 3 2
81 15 4
 0 2
 1 3
 2 0
 3 2
82 11 4
 0 3
 1 1
 2 0
 3 3
83 7 4
 0 0
 1 1
 2 0
 3 2
84 7 4
 0 0
 1 0
 2 0
 3 1
85 5 4
 0 2
 1 1
 2 2
 3 0
86 10 4
 0 0
 1 0
 2 0
 3 2
87 7 4
 0 1
 1 0
 2 1
 3 3
88 8 4
 0 2
 1 2
 2 0
 3 0
89 4 4
 0 2
 1 2
 2 1
 3 3
90 19 4
 0 2
 1 3
 2 0
 3 0
91 20 4
 0 0
 1 2
 2 3
 3 2
92 20 4
 0 3
 1 1
 2 3
 3 2
93 3 4
 0 1
 1 0
 2 1
 3 0
94 1 4
 0 2
 1 2
 2 3
 3 3
95 20 4
 0 0
 1 2
 2 0
 3 3
96 14 4
 0 0
 1 1
 2 0
 3 0
97 7 4
 0 0
 1 1
 2 0
 3 0
98 17 4
 0 0
 1 3
 2 0
 3 0
99 13 4
 0 1
 1 0
 2 1
 3 3
100 14 4
 0 0
 1 0
 2 3
 3 1
101 4 4
 0 2
 1 0
 2 0
 3 0
102 12 4
 0 0
 1 1
 2 1
 3 2
103 10 4
 0 1
 1 0
 2 0
 3 3
104 19 4
 0 0
 1 3
 2 2
 3 1
105 1 4
 0 2
 1 0
 2 0
 3 0
106 11 4
 0 3
 1 3
 2 1
 3 0
107 20 4
 0 1
 1 0
 2 0
 3 0
108 1 4
 0 3
 1 1
 2 3
 3 1
109 19 4
 0 3
 1 0
 2 0
 3 3
110 17 4
 0 2
 1 2
 2 3
 3 0
111 3 4
 0 0
 1 0
 2 1
 3 0
112 6 4
 0 3
 1 0
 2 3
 3 0
113 5 4
 0 2
 1 0
 2 2
 3 2
114 18 4
 0 3
 1 0
 2 0
 3 3
115 4 4
 0 0
 1 3
 2 3
 3 1
116 10 4
 0 1
 1 0
 2 1
 3 0
117 17 4
 0 0
 1 1
 2 0
 3 2
118 12 4
 0 2
 1 1
 2 1
 3 3
119 18 4
 0 3
 1 0
 2 0
 3 0
120 18 4
 0 0
 1 0
 2 3
 3 1
121 10 4
 0 0
 1 0
 2 3
 3 0
122 18 4
 0 0
 1 1
 2 3
 3 1
123 17 4
 0 2
 1 1
 2 2
 3 1
124 2 4
 0 2
 1 1
 2 1
 3 3
125 14 4
 0 1
 1 2
 2 1
 3 0
126 6 4
 0 0
 1 3
 2 2
 3 0
127 4 4
 0 0
 1 3
 2 3
 3 2
128 11 4
 0 0
 1 0
 2 2
 3 3
129 16 4
 0 3
 1 3
 2 2
 3 3
130 1 4
 0 1
 1 1
 2 1
 3 0
131 4 4
 0 1
 1 3
 2 0
 3 0
132 12 4
 0 0
 1 0
 2 0
 3 3
133 6 4
 0 0
 1 0
 2 0
 3 1
134 8 4
 0 0
 1 3
 2 0
 3 1
135 20 4
 0 3
 1 0
 2 3
 3 1
136 13 4
 0 3
 1 2
 2 0
 3 2
137 1 4
 0 3
 1 3
 2 2
 3 0
138 8 4
 0 2
 1 0
 2 1
 3 1
139 18 4
 0 1
 1 3
 2 1
 3 1
140 1 4
 0 1
 1 0
 2 1
 3 2
141 3 4
 0 0
 1 1
 2 0
 3 0
142 14 4
 0 1
 1 3
 2 3
 3 0
143 10 4
 0 1
 1 3
 2 3
 3 3
144 14 4
 0 0
 1 3
 2 3
 3 3
145 8 4
 0 0
 1 0
 2 2
 3 3
146 1 4
 0 1
 1 3
 2 0
 3 2
147 11 4
 0 0
 1 1
 2 0
 3 3
148 3 4
 0 2
 1 0
 2 2
 3 0
149 1 4
 0 3
 1 3
 2 2
 3 0
150 16 4
 0 0
 1 0
 2 1
 3 0
151 15 4
 0 0
 1 2
 2 3
 3 0
152 16 4
 0 2
 1 2
 2 0
 3 1
153 16 4
 0 0
 1 0
 2 3
 3 0
154 7 4
 0 1
 1 0
 2 0
 3 2
155 9 4
 0 0
 1 1
 2 0
 3 0
156 4 4
 0 3
 1 1
 2 2
 3 1
157 17 4
 0 0
 1 0
 2 0
 3 3
158 10 4
 0 0
 1 3
 2 0
 3 0
159 19 4
 0 3
 1 2
 2 3
 3 0
160 5 4
 0 1
 1 1
 2 2
 3 3
161 9 4
 0 2
 1 2
 2 0
 3 3
162 3 4
 0 3
 1 0
 2 1
 3 2
163 8 4
 0 1
 1 0
 2 3
 3 2
164 9 4
 0 3
 1 0
 2 0
 3 0
165 7 4
 0 1
 1 0
 2 3
 3 0
166 3 4
 0 2
 1 0
 2 1
 3 0
167 2 4
 0 0
 1 2
 2 0
 3 3
168 6 4
 0 1
 1 3
 2 0
 3 2
169 19 4
 0 0
 1 2
 2 2
 3 0
170 20 4
 0 1
 1 1
 2 3
 3 2
171 10 4
 0 1
 1 0
 2 0
 3 0
172 10 4
 0 0
 1 0
 2 0
 3 3
173 3 4
 0 1
 1 2
 2 0
 3 2
174 10 4
 0 3
 1 3
 2 3
 3 3
175 1 4
 0 0
 1 3
 2 1
 3 3
176 3 4
 0 2
 1 0
 2 0
 3 2
177 12 4
 0 0
 1 0
 2 1
 3 2
178 20 4
 0 1
 1 0
 2 2
 3 1
179 17 4
 0 0
 1 0
 2 0
 3 2
180 10 4
 0 0
 1 3
 2 2
 3 0
181 7 4
 0 0
 1 1
 2 2
 3 0
182 18 4
 0 1
 1 3
 2 0
 3 0
183 6 4
 0 3
 1 3
 2 3
 3 0
184 11 4
 0 0
 1 3
 2 2
 3 1
185 20 4
 0 3
 1 2
 2 2
 3 1
186 12 4
 0 2
 1 1
 2 0
 3 0
187 15 4
 0 0
 1 3
 2 1
 3 0
188 4 4
 0 1
 1 0
 2 2
 3 1
189 4 4
 0 0
 1 2
 2 0
 3 3
190 9 4
 0 0
 1 2
 2 1
 3 0
191 8 4
 0 3
 1 3
 2 1
 3 0
192 4 4
 0 1
 1 0
 2 0
 3 2
193 5 4
 0 1
 1 0
 2 3
 3 0
194 19 4
 0 3
 1 2
 2 2
 3 3
195 1 4
 0 3
 1 3
 2 0
 3 0
196 19 4
 0 2
 1 0
 2 2
 3 0
197 8 4
 0 3
 1 0
 2 0
 3 1
198 10 4
 0 1
 1 0
 2 0
 3 0
199 4 4
 0 0
 1 2
 2 0
 3 2
200 12 4
 0 1
 1 0
 2 3
 3 1
201 8 4
 0 0
 1 0
 2 0
 3 3
202 9 4
 0 0
 1 0
 2 2
 3 1
203 3 4
 0 1
 1 1
 2 3
 3 1
204 12 4
 0 0
 1 1
 2 1
 3 1
205 9 4
 0 0
 1 2
 2 3
 3 3
206 12 4
 0 3
 1 0
 2 0
 3 2
207 8 4
 0 0
 1 0
 2 1
 3 2
208 19 4
 0 0
 1 0
 2 0
 3 3
209 10 4
 0 0
 1 1
 2 0
 3 0
210 7 4
 0 1
 1 3
 2 1
 3 1
211 5 4
 0 0
 1 2
 2 2
 3 3
212 4 4
 0 2
 1 0
 2 0
 3 2
213 6 4
 0 2
 1 3
 2 1
 3 1
214 9 4
 0 1
 1 2
 2 0
 3 3
215 18 4
 0 2
 1 2
 2 0
 3 2
216 16 4
 0 1
 1 2
 2 3
 3 2
217 8 4
 0 0
 1 2
 2 1
 3 2
218 11 4
 0 0
 1 0
 2 2
 3 1
219 13 4
 0 1
 1 3
 2 2
 3 1
220 18 4
 0 0
 1 3
 2 3
 3 0
221 18 4
 0 2
 1 0
 2 0
 3 0
222 15 4
 0 0
 1 1
 2 0
 3 1
223 16 4
 0 0
 1 3
 2 1
 3 1
224 3 4
 0 0
 1 1
 2 0
 3 0
225 17 4
 0 0
 1 0
 2 1
 3 3
226 16 4
 0 3
 1 0
 2 3
 3 2
227 15 4
 0 0
 1 0
 2 1
 3 1
228 19 4
 0 0
 1 0
 2 0
 3 1
229 8 4
 0 0
 1 0
 2 1
 3 1
230 2 4
 0 0
 1 2
 2 2
 3 0
231 11 4
 0 0
 1 3
 2 2
 3 0
232 19 4
 0 3
 1 2
 2 0
 3 0
233 17 4
 0 2
 1 3
 2 1
 3 3
234 4 4
 0 2
 1 1
 2 3
 3 0
235 4 4
 0 1
 1 0
 2 1
 3 0
236 9 4
 0 0
 1 0
 2 0
 3 3
237 19 4
 0 0
 1 3
 2 2
 3 1
238 16 4
 0 0
 1 1
 2 0
 3 2
239 19 4
 0 0
 1 1
 2 3
 3 0
240 3 4
 0 2
 1 0
 2 2
 3 3
241 20 4
 0 0
 1 3
 2 1
 3 2
242 1 4
 0 3
 1 3
 2 1
 3 0
243 3 4
 0 1
 1 1
 2 0
 3 0
244 4 4
 0 1
 1 2
 2 2
 3 0
245 5 4
 0 2
 1 2
 2 1
 3 3
246 2 4
 0 1
 1 1
 2 3
 3 0
247 15 4
 0 3
 1 2
 2 2
 3 0
248 16 4
 0 2
 1 0
 2 0
 3 3
249 6 4
 0 0
 1 2
 2 0
 3 0
250 19 4
 0 0
 1 0
 2 2
 3 2
251 20 4
 0 2
 1 3
 2 1
 3 3
252 1 4
 0 2
 1 2
 2 0
 3 0
253 20 4
 0 3
 1 2
 2 3
 3 2
254 16 4
 0 1
 1 0
 2 3
 3 1
255 6 4
 0 3
 1 2
 2 0
 3 0
256 15 4
 0 0
 1 1
 2 2
 3 0
257 5 4
 0 0
 1 2
 2 2
 3 0
258 13 4
 0 0
 1 3
 2 0
 3 3
259 19 4
 0 2
 1 0
 2 2
 3 2
260 1 4
 0 1
 1 2
 2 3
 3 3
261 19 4
 0 3
 1 1
 2 1
 3 0
262 15 4
 0 3
 1 0
 2 0
 3 2
263 9 4
 0 2
 1 1
 2 2
 3 0
264 3 4
 0 0
 1 0
 2 2
 3 0
265 11 4
 0 2
 1 1
 2 0
 3 2
266 19 4
 0 0
 1 0
 2 1
 3 2
267 4 4
 0 3
 1 3
 2 2
 3 0
268 15 4
 0 0
 1 1
 2 0
 3 0
269 19 4
 0 0
 1 0
 2 0
 3 2
270 17 4
 0 1
 1 0
 2 1
 3 3
271 7 4
 0 1
 1 0
 2 0
 3 3
272 18 4
 0 2
 1 0
 2 1
 3 1
273 11 4
 0 0
 1 3
 2 1
 3 0
274 1 4
 0 2
 1 0
 2 0
 3 0
275 18 4
 0 0
 1 0
 2 3
 3 3
276 1 4
 0 1
 1 1
 2 3
 3 0
277 3 4
 0 0
 1 0
 2 3
 3 1
278 8 4
 0 0
 1 2
 2 0
 3 0
279 14 4
 0 0
 1 1
 2 1
 3 0
280 6 4
 0 0
 1 3
 2 3
 3 0
281 20 4
 0 0
 1 0
 2 1
 3 1
282 9 4
 0 2
 1 3
 2 1
 3 0
283 14 4
 0 1
 1 0
 2 3
 3 2
284 10 4
 0 3
 1 3
 2 3
 3 1
285 10 4
 0 3
 1 0
 2 1
 3 3
286 12 4
 0 2
 1 0
 2 2
 3 1
287 12 4
 0 0
 1 3
 2 0
 3 0
288 17 4
 0 3
 1 2
 2 0
 3 2
289 8 4
 0 0
 1 0
 2 1
 3 1
290 7 4
 0 1
 1 0
 2 3
 3 3
291 15 4
 0 3
 1 0
 2 0
 3 0
292 1 4
 0 1
 1 0
 2 0
 3 2
293 12 4
 0 0
 1 2
 2 0
 3 1
294 10 4
 0 1
 1 2
 2 2
 3 3
295 4 4
 0 1
 1 0
 2 2
 3 3
296 14 4
 0 0
 1 1
 2 1
 3 0
297 13 4
 0 3
 1 2
 2 1
 3 1
298 8 4
 0 3
 1 3
 2 2
 3 2
299 14 4
 0 1
 1 0
 2 0
 3 1
300 17 4
 0 3
 1 0
 2 1
 3 2
301 20 4
 0 2
 1 0
 2 0
 3 3
302 5 4
 0 0
 1 0
 2 3
 3 0
303 3 4
 0 1
 1 1
 2 0
 3 2
304 10 4
 0 1
 1 2
 2 3
 3 0
305 20 4
 0 0
 1 1
 2 2
 3 2
306 20 4
 0 2
 1 2
 2 2
 3 0
307 19 4
 0 1
 1 1
 2 2
 3 2
308 4 4
 0 3
 1 1
 2 2
 3 3
309 15 4
 0 0
 1 3
 2 2
 3 3
310 1 4
 0 1
 1 1
 2 1
 3 3
311 19 4
 0 3
 1 1
 2 1
 3 0
312 5 4
 0 0
 1 1
 2 3
 3 1
313 12 4
 0 0
 1 2
 2 1
 3 1
314 14 4
 0 1
 1 0
 2 3
 3 1
315 17 4
 0 0
 1 0
 2 3
 3 3
316 3 4
 0 3
 1 0
 2 2
 3 0
317 11 4
 0 3
 1 2
 2 0
 3 0
318 8 4
 0 2
 1 3
 2 0
 3 0
319 8 4
 0 3
 1 0
 2 0
 3 3
320 5 4
 0 0
 1 1
 2 2
 3 3
321 17 4
 0 0
 1 2
 2 1
 3 0
322 10 4
 0 0
 1 0
 2 1
 3 0
323 15 4
 0 0
 1 0
 2 1
 3 0
324 2 4
 0 0
 1 1
 2 0
 3 0
325 18 4
 0 1
 1 0
 2 0
 3 0
326 14 4
 0 1
 1 3
 2 1
 3 1
327 2 4
 0 0
 1 0
 2 3
 3 0
328 12 4
 0 1
 1 0
 2 2
 3 2
329 2 4
 0 2
 1 1
 2 0
 3 2
330 16 4
 0 1
 1 2
 2 0
 3 0
331 16 4
 0 0
 1 2
 2 0
 3 0
332 3 4
 0 3
 1 2
 2 0
 3 1
333 0 4
 0 0
 1 0
 2 0
 3 0

# PRECEDENCES
749
0 1
0 26
0 51
0 76
0 101
0 126
0 151
0 176
0 201
0 226
0 251
0 276
0 301
0 326
1 2
1 26
2 3
2 27
3 4
3 28
4 5
4 29
5 6
5 30
5 31
6 7
6 31
7 8
7 32
8 9
8 33
9 10
9 34
9 35
10 11
10 35
11 12
11 36
12 13
12 37
13 14
13 38
14 15
14 39
15 16
15 40
16 17
16 41
17 18
17 42
18 19
18 43
19 20
19 44
19 45
20 21
20 45
21 22
21 46
21 47
22 23
22 47
23 24
23 48
24 25
24 49
25 50
25 333
26 27
26 51
27 28
27 52
28 29
28 53
29 30
29 54
30 31
30 55
31 32
31 56
32 33
32 57
33 34
33 58
34 35
34 59
35 36
35 60
35 61
36 37
36 61
36 62
37 38
37 62
37 63
38 39
38 63
39 40
39 64
39 65
40 41
40 65
41 42
41 66
42 43
42 67
42 68
43 44
43 68
44 45
44 69
45 46
45 70
46 47
46 71
47 48
47 72
47 73
48 49
48 73
48 74
49 50
49 74
50 75
50 333
51 52
51 76
51 77
52 53
52 77
52 78
53 54
53 78
54 55
54 79
55 56
55 80
56 57
56 81
57 58
57 82
57 83
58 59
58 83
59 60
59 84
60 61
60 85
61 62
61 86
62 63
62 87
63 64
63 88
64 65
64 89
65 66
65 90
66 67
66 91
67 68
67 92
68 69
68 93
69 70
69 94
70 71
70 95
70 96
71 72
71 96
72 73
72 97
73 74
73 98
74 75
74 99
74 100
75 100
75 333
76 77
76 101
77 78
77 102
77 103
78 79
78 103
79 80
79 104
79 105
80 81
80 105
81 82
81 106
82 83
82 107
83 84
83 108
83 109
84 85
84 109
84 110
85 86
85 110
86 87
86 111
86 112
87 88
87 112
88 89
88 113
89 90
89 114
90 91
90 115
91 92
91 116
91 117
92 93
92 117
93 94
93 118
93 119
94 95
94 119
95 96
95 120
96 97
96 121
97 98
97 122
98 99
98 123
98 124
99 100
99 124
99 125
100 125
100 333
101 102
101 126
101 127
102 103
102 127
103 104
103 128
104 105
104 129
104 130
105 106
105 130
105 131
106 107
106 131
107 108
107 132
108 109
108 133
109 110
109 134
109 135
110 111
110 135
110 136
111 112
111 136
111 137
112 113
112 137
112 138
113 114
113 138
114 115
114 139
114 140
115 116
115 140
116 117
116 141
117 118
117 142
118 119
118 143
118 144
119 120
119 144
120 121
120 145
121 122
121 146
122 123
122 147
123 124
123 148
124 125
124 149
124 150
125 150
125 333
126 127
126 151
127 128
127 152
127 153
128 129
128 153
129 130
129 154
130 131
130 155
131 132
131 156
132 133
132 157
133 134
133 158
134 135
134 159
135 136
135 160
136 137
136 161
137 138
137 162
137 163
138 139
138 163
139 140
139 164
140 141
140 165
141 142
141 166
142 143
142 167
142 168
143 144
143 168
144 145
144 169
144 170
145 146
145 170
145 171
146 147
146 171
147 148
147 172
147 173
148 149
148 173
149 150
149 174
150 175
150 333
151 152
151 176
152 153
152 177
152 178
153 154
153 178
153 179
154 155
154 179
155 156
155 180
155 181
156 157
156 181
157 158
157 182
158 159
158 183
158 184
159 160
159 184
160 161
160 185
160 186
161 162
161 186
162 163
162 187
162 188
163 164
163 188
164 165
164 189
165 166
165 190
165 191
166 167
166 191
167 168
167 192
168 169
168 193
168 194
169 170
169 194
170 171
170 195
170 196
171 172
171 196
172 173
172 197
172 198
173 174
173 198
174 175
174 199
174 200
175 200
175 333
176 177
176 201
176 202
177 178
177 202
178 179
178 203
178 204
179 180
179 204
180 181
180 205
181 182
181 206
182 183
182 207
183 184
183 208
184 185
184 209
185 186
185 210
186 187
186 211
186 212
187 188
187 212
187 213
188 189
188 213
189 190
189 214
189 215
190 191
190 215
191 192
191 216
192 193
192 217
193 194
193 218
194 195
194 219
195 196
195 220
195 221
196 197
196 221
197 198
197 222
198 199
198 223
198 224
199 200
199 224
200 225
200 333
201 202
201 226
201 227
202 203
202 227
203 204
203 228
204 205
204 229
205 206
205 230
206 207
206 231
207 208
207 232
208 209
208 233
209 210
209 234
210 211
210 235
211 212
211 236
211 237
212 213
212 237
212 238
213 214
213 238
214 215
214 239
215 216
215 240
215 241
216 217
216 241
217 218
217 242
218 219
218 243
219 220
219 244
220 221
220 245
220 246
221 222
221 246
222 223
222 247
223 224
223 248
223 249
224 225
224 249
224 250
225 250
225 333
226 227
226 251
227 228
227 252
227 253
228 229
228 253
228 254
229 230
229 254
230 231
230 255
230 256
231 232
231 256
232 233
232 257
232 258
233 234
233 258
234 235
234 259
235 236
235 260
236 237
236 261
237 238
237 262
237 263
238 239
238 263
239 240
239 264
240 241
240 265
241 242
241 266
242 243
242 267
242 268
243 244
243 268
244 245
244 269
245 246
245 270
246 247
246 271
247 248
247 272
247 273
248 249
248 273
248 274
249 250
249 274
249 275
250 275
250 333
251 252
251 276
251 277
252 253
252 277
253 254
253 278
254 255
254 279
254 280
255 256
255 280
256 257
256 281
257 258
257 282
258 259
258 283
259 260
259 284
259 285
260 261
260 285
261 262
261 286
261 287
262 263
262 287
263 264
263 288
264 265
264 289
264 290
265 266
265 290
266 267
266 291
267 268
267 292
268 269
268 293
269 270
269 294
270 271
270 295
271 272
271 296
272 273
272 297
273 274
273 298
274 275
274 299
274 300
275 300
275 333
276 277
276 301
277 278
277 302
278 279
278 303
279 280
279 304
280 281
280 305
281 282
281 306
282 283
282 307
283 284
283 308
284 285
284 309
285 286
285 310
286 287
286 311
287 288
287 312
288 289
288 313
289 290
289 314
289 315
290 291
290 315
290 316
291 292
291 316
292 293
292 317
292 318
293 294
293 318
293 319
294 295
294 319
294 320
295 296
295 320
296 297
296 321
297 298
297 322
298 299
298 323
298 324
299 300
299 324
300 325
300 333
301 302
301 326
301 327
302 303
302 327
303 304
303 328
304 305
304 329
304 330
305 306
305 330
306 307
306 331
306 332
307 308
307 332
308 309
309 310
310 311
311 312
312 313
313 314
314 315
315 316
316 317
317 318
318 319
319 320
320 321
321 322
322 323
323 324
324 325
325 333
326 327
326 333
327 328
327 333
328 329
328 333
329 330
329 333
330 331
330 333
331 332
331 333
332 333
