# Tier 7 (Very Large) - Instance 38
# Generated with config: N=437, K=3, topology=grid, calendar=random

# HEADER: <num_tasks> <num_types> <num_units>
439 3 21

# RESOURCE TYPES
# Format: <type_id> <num_units> <unit_id1> <unit_id2> ...
0 8 0 1 2 3 4 5 6 7
1 6 8 9 10 11 12 13
2 7 14 15 16 17 18 19 20

# RESOURCE UNITS (Calendars)
# Format: <unit_id> <num_steps> <t1> <v1> <t2> <v2> ...
0 25 0 0 8 100 276 0 285 100 572 0 587 100 643 0 660 100 880 0 895 100 1071 0 1076 100 1347 0 1349 100 1434 0 1451 100 1505 0 1520 100 1636 0 1656 100 1878 0 1894 100 1984 0 2008 100 3949 0
1 25 0 100 104 0 126 100 412 0 415 100 476 0 500 100 584 0 589 100 760 0 774 100 938 0 944 100 1170 0 1179 100 1435 0 1438 100 1726 0 1728 100 1893 0 1906 100 2067 0 2079 100 2356 0 3949 0
2 25 0 100 247 0 262 100 464 0 469 100 756 0 762 100 976 0 999 100 1158 0 1166 100 1264 0 1281 100 1568 0 1579 100 1748 0 1757 100 1930 0 1952 100 2040 0 2047 100 2138 0 2141 100 2416 0 3949 0
3 25 0 0 15 100 141 0 144 100 355 0 365 100 479 0 498 100 733 0 749 100 801 0 822 100 1061 0 1082 100 1319 0 1323 100 1503 0 1515 100 1748 0 1755 100 1919 0 1941 100 2170 0 2178 100 3949 0
4 25 0 100 264 0 279 100 501 0 508 100 586 0 594 100 786 0 810 100 889 0 896 100 1056 0 1059 100 1152 0 1158 100 1351 0 1354 100 1623 0 1626 100 1869 0 1888 100 1982 0 2004 100 2216 0 3949 0
5 25 0 100 264 0 280 100 434 0 440 100 550 0 562 100 855 0 865 100 1021 0 1039 100 1231 0 1241 100 1404 0 1426 100 1595 0 1605 100 1826 0 1844 100 2129 0 2150 100 2234 0 2255 100 2492 0 3949 0
6 25 0 0 17 100 213 0 235 100 292 0 301 100 500 0 513 100 564 0 573 100 764 0 784 100 1022 0 1036 100 1182 0 1187 100 1418 0 1441 100 1714 0 1736 100 2021 0 2024 100 2130 0 2152 100 3949 0
7 25 0 100 213 0 229 100 488 0 490 100 766 0 775 100 853 0 866 100 1016 0 1023 100 1156 0 1167 100 1323 0 1347 100 1511 0 1527 100 1740 0 1760 100 2032 0 2055 100 2175 0 2188 100 2333 0 3949 0
8 25 0 0 20 100 280 0 289 100 348 0 370 100 605 0 626 100 850 0 872 100 1003 0 1010 100 1292 0 1313 100 1491 0 1513 100 1569 0 1576 100 1786 0 1797 100 2038 0 2060 100 2294 0 2312 100 3949 0
9 25 0 0 14 100 196 0 216 100 399 0 410 100 464 0 470 100 548 0 556 100 627 0 646 100 847 0 857 100 927 0 941 100 1064 0 1088 100 1264 0 1279 100 1548 0 1557 100 1815 0 1835 100 3949 0
10 25 0 100 80 0 92 100 341 0 360 100 432 0 456 100 606 0 627 100 716 0 731 100 900 0 911 100 968 0 973 100 1178 0 1188 100 1449 0 1470 100 1714 0 1719 100 1916 0 1918 100 2099 0 3949 0
11 25 0 100 257 0 273 100 461 0 470 100 603 0 622 100 840 0 855 100 1138 0 1159 100 1375 0 1394 100 1512 0 1521 100 1631 0 1653 100 1930 0 1949 100 2155 0 2167 100 2416 0 2423 100 2649 0 3949 0
12 25 0 100 267 0 271 100 389 0 407 100 677 0 687 100 811 0 819 100 1069 0 1082 100 1320 0 1324 100 1501 0 1514 100 1657 0 1681 100 1784 0 1807 100 1995 0 1998 100 2251 0 2269 100 2351 0 3949 0
13 25 0 0 14 100 119 0 142 100 197 0 215 100 504 0 528 100 626 0 632 100 748 0 761 100 843 0 849 100 1045 0 1052 100 1277 0 1294 100 1535 0 1547 100 1702 0 1716 100 1961 0 1978 100 3949 0
14 25 0 100 177 0 194 100 376 0 380 100 469 0 480 100 694 0 709 100 922 0 943 100 1219 0 1228 100 1522 0 1546 100 1682 0 1705 100 1850 0 1858 100 1927 0 1938 100 2192 0 2216 100 2315 0 3949 0
15 25 0 100 286 0 310 100 398 0 420 100 597 0 610 100 665 0 679 100 781 0 792 100 1062 0 1073 100 1296 0 1300 100 1408 0 1418 100 1690 0 1694 100 1964 0 1975 100 2061 0 2084 100 2337 0 3949 0
16 25 0 100 162 0 183 100 458 0 465 100 623 0 645 100 697 0 714 100 880 0 884 100 975 0 987 100 1187 0 1192 100 1369 0 1389 100 1628 0 1647 100 1728 0 1746 100 1994 0 2014 100 2074 0 3949 0
17 25 0 0 2 100 147 0 156 100 426 0 440 100 702 0 714 100 836 0 840 100 1103 0 1108 100 1389 0 1408 100 1536 0 1557 100 1639 0 1644 100 1708 0 1723 100 1820 0 1840 100 2009 0 2013 100 3949 0
18 25 0 0 12 100 307 0 315 100 517 0 530 100 620 0 629 100 793 0 802 100 939 0 943 100 1199 0 1216 100 1281 0 1285 100 1501 0 1514 100 1590 0 1606 100 1727 0 1733 100 1813 0 1829 100 3949 0
19 25 0 100 213 0 232 100 322 0 334 100 528 0 533 100 783 0 794 100 939 0 944 100 1148 0 1166 100 1446 0 1456 100 1657 0 1660 100 1873 0 1878 100 2031 0 2043 100 2263 0 2267 100 2358 0 3949 0
20 25 0 100 94 0 97 100 340 0 360 100 653 0 666 100 872 0 889 100 1173 0 1195 100 1406 0 1414 100 1638 0 1657 100 1932 0 1946 100 2168 0 2184 100 2339 0 2351 100 2580 0 2595 100 2849 0 3949 0

# TASKS
# Format: <task_id> <size> <num_reqs>
# Then for each requirement: <type_id> <qty>
0 0 3
 0 0
 1 0
 2 0
1 5 3
 0 1
 1 2
 2 0
2 2 3
 0 0
 1 0
 2 1
3 19 3
 0 0
 1 0
 2 2
4 19 3
 0 0
 1 2
 2 3
5 19 3
 0 0
 1 2
 2 1
6 9 3
 0 0
 1 0
 2 1
7 4 3
 0 1
 1 0
 2 0
8 16 3
 0 1
 1 3
 2 2
9 1 3
 0 0
 1 2
 2 1
10 18 3
 0 2
 1 3
 2 0
11 5 3
 0 3
 1 2
 2 1
12 12 3
 0 1
 1 2
 2 3
13 5 3
 0 3
 1 2
 2 3
14 3 3
 0 2
 1 2
 2 0
15 11 3
 0 0
 1 1
 2 1
16 8 3
 0 2
 1 0
 2 1
17 1 3
 0 0
 1 1
 2 3
18 18 3
 0 3
 1 0
 2 0
19 1 3
 0 2
 1 2
 2 2
20 14 3
 0 2
 1 3
 2 3
21 13 3
 0 1
 1 2
 2 1
22 14 3
 0 0
 1 2
 2 1
23 12 3
 0 3
 1 1
 2 1
24 12 3
 0 0
 1 1
 2 0
25 17 3
 0 0
 1 3
 2 3
26 19 3
 0 0
 1 0
 2 1
27 1 3
 0 0
 1 2
 2 0
28 4 3
 0 0
 1 0
 2 2
29 7 3
 0 1
 1 1
 2 2
30 13 3
 0 3
 1 1
 2 1
31 1 3
 0 2
 1 3
 2 2
32 15 3
 0 2
 1 2
 2 0
33 2 3
 0 2
 1 2
 2 2
34 5 3
 0 0
 1 2
 2 0
35 3 3
 0 3
 1 0
 2 2
36 15 3
 0 0
 1 2
 2 2
37 5 3
 0 0
 1 0
 2 2
38 18 3
 0 3
 1 2
 2 0
39 16 3
 0 0
 1 1
 2 0
40 10 3
 0 0
 1 1
 2 0
41 5 3
 0 1
 1 2
 2 0
42 4 3
 0 2
 1 0
 2 0
43 16 3
 0 0
 1 2
 2 2
44 2 3
 0 3
 1 3
 2 2
45 11 3
 0 1
 1 2
 2 0
46 11 3
 0 0
 1 0
 2 2
47 10 3
 0 1
 1 2
 2 0
48 5 3
 0 0
 1 0
 2 2
49 6 3
 0 0
 1 0
 2 1
50 1 3
 0 1
 1 0
 2 0
51 5 3
 0 2
 1 0
 2 0
52 17 3
 0 2
 1 2
 2 0
53 3 3
 0 2
 1 0
 2 1
54 9 3
 0 0
 1 3
 2 2
55 10 3
 0 0
 1 0
 2 2
56 13 3
 0 0
 1 1
 2 3
57 5 3
 0 3
 1 3
 2 0
58 4 3
 0 2
 1 3
 2 0
59 2 3
 0 2
 1 0
 2 2
60 19 3
 0 1
 1 3
 2 1
61 15 3
 0 2
 1 0
 2 0
62 10 3
 0 3
 1 1
 2 0
63 14 3
 0 2
 1 0
 2 3
64 18 3
 0 0
 1 3
 2 1
65 7 3
 0 0
 1 0
 2 2
66 8 3
 0 1
 1 2
 2 0
67 17 3
 0 1
 1 3
 2 2
68 2 3
 0 2
 1 1
 2 1
69 16 3
 0 0
 1 0
 2 3
70 13 3
 0 1
 1 1
 2 1
71 6 3
 0 0
 1 0
 2 1
72 10 3
 0 1
 1 2
 2 0
73 6 3
 0 0
 1 0
 2 1
74 20 3
 0 1
 1 0
 2 0
75 7 3
 0 2
 1 0
 2 2
76 10 3
 0 0
 1 2
 2 2
77 15 3
 0 2
 1 1
 2 0
78 5 3
 0 0
 1 3
 2 2
79 10 3
 0 1
 1 0
 2 0
80 11 3
 0 0
 1 3
 2 0
81 20 3
 0 1
 1 0
 2 0
82 14 3
 0 2
 1 2
 2 1
83 9 3
 0 0
 1 3
 2 0
84 18 3
 0 0
 1 2
 2 0
85 9 3
 0 0
 1 2
 2 1
86 3 3
 0 3
 1 0
 2 1
87 1 3
 0 0
 1 1
 2 1
88 15 3
 0 1
 1 2
 2 0
89 3 3
 0 0
 1 2
 2 1
90 3 3
 0 0
 1 1
 2 3
91 13 3
 0 2
 1 3
 2 2
92 1 3
 0 2
 1 1
 2 0
93 6 3
 0 2
 1 0
 2 3
94 12 3
 0 1
 1 1
 2 3
95 8 3
 0 0
 1 2
 2 1
96 6 3
 0 0
 1 2
 2 1
97 2 3
 0 0
 1 2
 2 3
98 17 3
 0 1
 1 0
 2 0
99 8 3
 0 0
 1 0
 2 3
100 13 3
 0 3
 1 3
 2 3
101 16 3
 0 0
 1 0
 2 1
102 1 3
 0 0
 1 2
 2 2
103 1 3
 0 0
 1 1
 2 0
104 4 3
 0 0
 1 0
 2 1
105 10 3
 0 0
 1 0
 2 3
106 6 3
 0 0
 1 0
 2 2
107 8 3
 0 1
 1 0
 2 2
108 2 3
 0 1
 1 3
 2 3
109 19 3
 0 2
 1 3
 2 0
110 16 3
 0 3
 1 0
 2 3
111 6 3
 0 2
 1 2
 2 0
112 3 3
 0 2
 1 0
 2 1
113 13 3
 0 1
 1 0
 2 3
114 9 3
 0 1
 1 3
 2 3
115 4 3
 0 0
 1 1
 2 0
116 18 3
 0 1
 1 0
 2 2
117 2 3
 0 3
 1 0
 2 2
118 12 3
 0 0
 1 0
 2 3
119 9 3
 0 0
 1 1
 2 0
120 19 3
 0 1
 1 3
 2 2
121 12 3
 0 3
 1 1
 2 1
122 1 3
 0 0
 1 2
 2 0
123 8 3
 0 2
 1 0
 2 1
124 8 3
 0 3
 1 0
 2 0
125 12 3
 0 2
 1 0
 2 2
126 5 3
 0 2
 1 1
 2 3
127 1 3
 0 0
 1 2
 2 0
128 4 3
 0 3
 1 3
 2 2
129 7 3
 0 0
 1 2
 2 1
130 1 3
 0 1
 1 3
 2 3
131 9 3
 0 0
 1 3
 2 0
132 18 3
 0 2
 1 3
 2 1
133 12 3
 0 3
 1 1
 2 3
134 20 3
 0 1
 1 1
 2 2
135 19 3
 0 3
 1 0
 2 0
136 13 3
 0 0
 1 3
 2 2
137 6 3
 0 1
 1 1
 2 0
138 17 3
 0 3
 1 2
 2 0
139 12 3
 0 3
 1 0
 2 0
140 14 3
 0 2
 1 1
 2 1
141 20 3
 0 3
 1 3
 2 2
142 17 3
 0 1
 1 0
 2 0
143 11 3
 0 2
 1 0
 2 2
144 14 3
 0 0
 1 1
 2 0
145 1 3
 0 0
 1 1
 2 0
146 18 3
 0 0
 1 0
 2 2
147 7 3
 0 0
 1 1
 2 1
148 1 3
 0 0
 1 3
 2 0
149 1 3
 0 3
 1 0
 2 1
150 16 3
 0 2
 1 0
 2 0
151 9 3
 0 3
 1 2
 2 0
152 17 3
 0 0
 1 0
 2 2
153 12 3
 0 1
 1 1
 2 3
154 2 3
 0 3
 1 0
 2 2
155 7 3
 0 0
 1 3
 2 3
156 15 3
 0 3
 1 0
 2 3
157 2 3
 0 0
 1 0
 2 3
158 12 3
 0 0
 1 0
 2 3
159 13 3
 0 3
 1 2
 2 1
160 14 3
 0 3
 1 0
 2 3
161 14 3
 0 1
 1 1
 2 1
162 6 3
 0 3
 1 0
 2 0
163 10 3
 0 0
 1 1
 2 0
164 18 3
 0 0
 1 3
 2 1
165 7 3
 0 1
 1 2
 2 0
166 3 3
 0 2
 1 1
 2 0
167 3 3
 0 3
 1 2
 2 1
168 16 3
 0 2
 1 3
 2 0
169 15 3
 0 3
 1 0
 2 0
170 5 3
 0 1
 1 1
 2 0
171 16 3
 0 0
 1 3
 2 0
172 13 3
 0 2
 1 3
 2 3
173 10 3
 0 2
 1 1
 2 1
174 3 3
 0 0
 1 0
 2 3
175 17 3
 0 1
 1 2
 2 1
176 9 3
 0 0
 1 1
 2 3
177 6 3
 0 0
 1 0
 2 1
178 20 3
 0 0
 1 3
 2 1
179 6 3
 0 1
 1 1
 2 2
180 11 3
 0 2
 1 0
 2 0
181 17 3
 0 2
 1 1
 2 2
182 20 3
 0 3
 1 2
 2 2
183 20 3
 0 3
 1 0
 2 0
184 2 3
 0 3
 1 0
 2 0
185 13 3
 0 0
 1 1
 2 3
186 20 3
 0 0
 1 2
 2 3
187 17 3
 0 0
 1 1
 2 0
188 3 3
 0 1
 1 3
 2 0
189 18 3
 0 1
 1 3
 2 0
190 15 3
 0 2
 1 1
 2 3
191 10 3
 0 2
 1 2
 2 1
192 11 3
 0 0
 1 3
 2 3
193 7 3
 0 0
 1 3
 2 1
194 4 3
 0 3
 1 3
 2 2
195 10 3
 0 0
 1 2
 2 2
196 11 3
 0 3
 1 1
 2 1
197 6 3
 0 1
 1 0
 2 0
198 15 3
 0 3
 1 0
 2 1
199 13 3
 0 1
 1 0
 2 0
200 1 3
 0 0
 1 0
 2 3
201 12 3
 0 2
 1 0
 2 0
202 7 3
 0 3
 1 0
 2 2
203 9 3
 0 1
 1 0
 2 0
204 19 3
 0 2
 1 2
 2 2
205 19 3
 0 1
 1 0
 2 2
206 10 3
 0 2
 1 2
 2 2
207 13 3
 0 0
 1 0
 2 3
208 14 3
 0 0
 1 2
 2 1
209 19 3
 0 0
 1 3
 2 1
210 13 3
 0 2
 1 0
 2 0
211 9 3
 0 1
 1 0
 2 3
212 3 3
 0 0
 1 1
 2 0
213 15 3
 0 1
 1 1
 2 1
214 10 3
 0 0
 1 1
 2 3
215 9 3
 0 1
 1 1
 2 1
216 19 3
 0 1
 1 0
 2 0
217 13 3
 0 2
 1 3
 2 0
218 15 3
 0 0
 1 0
 2 1
219 19 3
 0 2
 1 0
 2 3
220 15 3
 0 0
 1 3
 2 0
221 3 3
 0 0
 1 3
 2 3
222 17 3
 0 0
 1 3
 2 0
223 20 3
 0 0
 1 1
 2 1
224 11 3
 0 1
 1 2
 2 3
225 3 3
 0 0
 1 0
 2 1
226 19 3
 0 0
 1 2
 2 3
227 7 3
 0 1
 1 1
 2 3
228 4 3
 0 3
 1 1
 2 0
229 17 3
 0 2
 1 0
 2 1
230 11 3
 0 2
 1 0
 2 0
231 4 3
 0 3
 1 3
 2 0
232 5 3
 0 0
 1 2
 2 0
233 5 3
 0 3
 1 0
 2 0
234 11 3
 0 3
 1 3
 2 0
235 12 3
 0 0
 1 0
 2 3
236 17 3
 0 0
 1 3
 2 2
237 16 3
 0 0
 1 0
 2 3
238 15 3
 0 3
 1 0
 2 3
239 9 3
 0 3
 1 0
 2 0
240 13 3
 0 1
 1 1
 2 0
241 4 3
 0 1
 1 2
 2 0
242 10 3
 0 1
 1 3
 2 1
243 20 3
 0 1
 1 1
 2 0
244 19 3
 0 3
 1 2
 2 2
245 14 3
 0 0
 1 3
 2 3
246 9 3
 0 2
 1 2
 2 1
247 2 3
 0 3
 1 2
 2 2
248 9 3
 0 0
 1 1
 2 0
249 20 3
 0 1
 1 0
 2 3
250 16 3
 0 3
 1 3
 2 0
251 11 3
 0 2
 1 3
 2 3
252 4 3
 0 0
 1 2
 2 0
253 17 3
 0 0
 1 0
 2 2
254 10 3
 0 0
 1 3
 2 3
255 11 3
 0 0
 1 3
 2 3
256 2 3
 0 0
 1 3
 2 3
257 6 3
 0 2
 1 3
 2 1
258 11 3
 0 2
 1 3
 2 1
259 13 3
 0 0
 1 3
 2 3
260 4 3
 0 0
 1 2
 2 0
261 12 3
 0 2
 1 2
 2 0
262 17 3
 0 1
 1 0
 2 0
263 9 3
 0 3
 1 1
 2 2
264 15 3
 0 3
 1 1
 2 0
265 15 3
 0 3
 1 0
 2 0
266 15 3
 0 1
 1 1
 2 0
267 6 3
 0 0
 1 0
 2 3
268 15 3
 0 0
 1 0
 2 3
269 16 3
 0 0
 1 0
 2 1
270 19 3
 0 1
 1 3
 2 1
271 12 3
 0 2
 1 1
 2 3
272 14 3
 0 3
 1 0
 2 0
273 3 3
 0 0
 1 0
 2 1
274 16 3
 0 0
 1 3
 2 2
275 4 3
 0 1
 1 2
 2 0
276 16 3
 0 0
 1 0
 2 1
277 14 3
 0 0
 1 3
 2 0
278 6 3
 0 0
 1 1
 2 3
279 19 3
 0 0
 1 1
 2 1
280 5 3
 0 3
 1 0
 2 0
281 3 3
 0 1
 1 0
 2 0
282 13 3
 0 0
 1 1
 2 2
283 4 3
 0 3
 1 3
 2 1
284 7 3
 0 3
 1 0
 2 3
285 13 3
 0 2
 1 0
 2 2
286 17 3
 0 0
 1 1
 2 0
287 7 3
 0 0
 1 3
 2 0
288 4 3
 0 2
 1 0
 2 1
289 12 3
 0 1
 1 0
 2 0
290 11 3
 0 3
 1 3
 2 1
291 7 3
 0 2
 1 0
 2 1
292 18 3
 0 0
 1 1
 2 0
293 3 3
 0 1
 1 2
 2 3
294 2 3
 0 0
 1 3
 2 1
295 12 3
 0 0
 1 0
 2 2
296 13 3
 0 3
 1 0
 2 0
297 14 3
 0 0
 1 3
 2 0
298 3 3
 0 0
 1 2
 2 0
299 17 3
 0 0
 1 1
 2 1
300 3 3
 0 0
 1 0
 2 2
301 20 3
 0 0
 1 3
 2 3
302 19 3
 0 3
 1 1
 2 3
303 7 3
 0 0
 1 1
 2 2
304 6 3
 0 0
 1 2
 2 1
305 17 3
 0 3
 1 1
 2 2
306 8 3
 0 3
 1 0
 2 1
307 12 3
 0 3
 1 1
 2 0
308 14 3
 0 0
 1 2
 2 3
309 9 3
 0 0
 1 0
 2 1
310 15 3
 0 1
 1 1
 2 0
311 15 3
 0 1
 1 0
 2 0
312 4 3
 0 0
 1 3
 2 0
313 17 3
 0 1
 1 0
 2 2
314 2 3
 0 2
 1 0
 2 1
315 8 3
 0 0
 1 3
 2 0
316 12 3
 0 1
 1 0
 2 1
317 1 3
 0 2
 1 1
 2 0
318 18 3
 0 1
 1 0
 2 0
319 9 3
 0 0
 1 2
 2 0
320 11 3
 0 3
 1 1
 2 1
321 14 3
 0 0
 1 2
 2 1
322 1 3
 0 0
 1 3
 2 2
323 14 3
 0 0
 1 0
 2 2
324 11 3
 0 3
 1 0
 2 3
325 1 3
 0 0
 1 1
 2 2
326 5 3
 0 3
 1 2
 2 0
327 19 3
 0 0
 1 1
 2 0
328 18 3
 0 0
 1 2
 2 0
329 15 3
 0 0
 1 3
 2 1
330 15 3
 0 0
 1 2
 2 2
331 2 3
 0 0
 1 1
 2 0
332 20 3
 0 0
 1 3
 2 0
333 4 3
 0 0
 1 2
 2 0
334 7 3
 0 3
 1 3
 2 0
335 16 3
 0 1
 1 2
 2 3
336 12 3
 0 1
 1 2
 2 2
337 13 3
 0 0
 1 2
 2 1
338 2 3
 0 1
 1 0
 2 0
339 20 3
 0 0
 1 2
 2 0
340 19 3
 0 1
 1 0
 2 1
341 1 3
 0 3
 1 1
 2 2
342 13 3
 0 0
 1 1
 2 3
343 3 3
 0 0
 1 0
 2 3
344 6 3
 0 2
 1 2
 2 3
345 3 3
 0 1
 1 0
 2 2
346 13 3
 0 0
 1 0
 2 3
347 20 3
 0 0
 1 0
 2 1
348 12 3
 0 1
 1 3
 2 0
349 9 3
 0 0
 1 2
 2 0
350 10 3
 0 2
 1 3
 2 2
351 8 3
 0 3
 1 0
 2 1
352 9 3
 0 1
 1 0
 2 2
353 1 3
 0 0
 1 0
 2 3
354 3 3
 0 1
 1 0
 2 1
355 1 3
 0 2
 1 2
 2 0
356 18 3
 0 1
 1 3
 2 2
357 6 3
 0 0
 1 1
 2 0
358 19 3
 0 3
 1 3
 2 1
359 2 3
 0 0
 1 2
 2 3
360 4 3
 0 3
 1 0
 2 2
361 18 3
 0 3
 1 3
 2 1
362 1 3
 0 0
 1 2
 2 0
363 13 3
 0 1
 1 0
 2 0
364 3 3
 0 0
 1 2
 2 1
365 8 3
 0 3
 1 1
 2 3
366 19 3
 0 1
 1 0
 2 0
367 16 3
 0 1
 1 2
 2 2
368 11 3
 0 1
 1 2
 2 1
369 19 3
 0 3
 1 1
 2 2
370 8 3
 0 0
 1 3
 2 1
371 3 3
 0 1
 1 2
 2 3
372 17 3
 0 0
 1 0
 2 1
373 20 3
 0 0
 1 0
 2 2
374 9 3
 0 2
 1 0
 2 1
375 11 3
 0 2
 1 2
 2 3
376 8 3
 0 2
 1 2
 2 0
377 1 3
 0 1
 1 2
 2 0
378 19 3
 0 0
 1 1
 2 3
379 4 3
 0 0
 1 0
 2 3
380 12 3
 0 2
 1 2
 2 0
381 12 3
 0 0
 1 0
 2 1
382 14 3
 0 3
 1 3
 2 3
383 1 3
 0 0
 1 3
 2 2
384 12 3
 0 1
 1 2
 2 2
385 1 3
 0 1
 1 0
 2 0
386 1 3
 0 0
 1 1
 2 1
387 19 3
 0 1
 1 3
 2 0
388 1 3
 0 0
 1 1
 2 0
389 11 3
 0 3
 1 0
 2 2
390 4 3
 0 1
 1 2
 2 2
391 13 3
 0 1
 1 3
 2 0
392 3 3
 0 1
 1 0
 2 0
393 1 3
 0 2
 1 2
 2 0
394 10 3
 0 1
 1 0
 2 2
395 9 3
 0 3
 1 0
 2 1
396 9 3
 0 0
 1 0
 2 1
397 9 3
 0 0
 1 3
 2 3
398 7 3
 0 1
 1 0
 2 2
399 6 3
 0 2
 1 1
 2 1
400 4 3
 0 0
 1 0
 2 1
401 18 3
 0 2
 1 3
 2 2
402 6 3
 0 0
 1 2
 2 1
403 18 3
 0 0
 1 2
 2 3
404 9 3
 0 1
 1 0
 2 0
405 4 3
 0 3
 1 0
 2 3
406 11 3
 0 2
 1 1
 2 0
407 11 3
 0 1
 1 0
 2 1
408 20 3
 0 0
 1 0
 2 1
409 1 3
 0 2
 1 2
 2 3
410 11 3
 0 3
 1 2
 2 3
411 13 3
 0 0
 1 0
 2 3
412 4 3
 0 1
 1 0
 2 0
413 18 3
 0 1
 1 0
 2 0
414 9 3
 0 1
 1 0
 2 0
415 2 3
 0 3
 1 3
 2 0
416 18 3
 0 0
 1 0
 2 3
417 3 3
 0 2
 1 0
 2 1
418 2 3
 0 2
 1 1
 2 0
419 9 3
 0 0
 1 2
 2 0
420 3 3
 0 0
 1 2
 2 1
421 3 3
 0 1
 1 2
 2 2
422 14 3
 0 2
 1 0
 2 2
423 19 3
 0 0
 1 0
 2 3
424 11 3
 0 0
 1 0
 2 3
425 17 3
 0 0
 1 1
 2 0
426 6 3
 0 0
 1 0
 2 1
427 15 3
 0 0
 1 1
 2 1
428 6 3
 0 2
 1 2
 2 1
429 11 3
 0 2
 1 0
 2 2
430 2 3
 0 0
 1 0
 2 3
431 18 3
 0 1
 1 3
 2 2
432 12 3
 0 0
 1 2
 2 1
433 9 3
 0 0
 1 3
 2 3
434 3 3
 0 0
 1 0
 2 1
435 20 3
 0 1
 1 1
 2 1
436 12 3
 0 0
 1 0
 2 1
437 7 3
 0 1
 1 0
 2 0
438 0 3
 0 0
 1 0
 2 0

# PRECEDENCES
979
0 1
0 30
0 59
0 88
0 117
0 146
0 175
0 204
0 233
0 262
0 291
0 320
0 349
0 378
0 407
0 436
1 2
1 30
1 31
2 3
2 31
3 4
3 32
4 5
4 33
5 6
5 34
6 7
6 35
6 36
7 8
7 36
8 9
8 37
8 38
9 10
9 38
10 11
10 39
11 12
11 40
12 13
12 41
13 14
13 42
14 15
14 43
14 44
15 16
15 44
16 17
16 45
17 18
17 46
17 47
18 19
18 47
18 48
19 20
19 48
20 21
20 49
21 22
21 50
22 23
22 51
23 24
23 52
24 25
24 53
25 26
25 54
26 27
26 55
27 28
27 56
28 29
28 57
28 58
29 58
29 438
30 31
30 59
30 60
31 32
31 60
31 61
32 33
32 61
33 34
33 62
33 63
34 35
34 63
34 64
35 36
35 64
35 65
36 37
36 65
37 38
37 66
38 39
38 67
39 40
39 68
40 41
40 69
41 42
41 70
42 43
42 71
43 44
43 72
44 45
44 73
45 46
45 74
45 75
46 47
46 75
47 48
47 76
47 77
48 49
48 77
49 50
49 78
50 51
50 79
50 80
51 52
51 80
52 53
52 81
53 54
53 82
54 55
54 83
55 56
55 84
56 57
56 85
56 86
57 58
57 86
57 87
58 87
58 438
59 60
59 88
60 61
60 89
61 62
61 90
62 63
62 91
63 64
63 92
64 65
64 93
65 66
65 94
65 95
66 67
66 95
66 96
67 68
67 96
68 69
68 97
69 70
69 98
70 71
70 99
70 100
71 72
71 100
72 73
72 101
73 74
73 102
74 75
74 103
74 104
75 76
75 104
76 77
76 105
76 106
77 78
77 106
78 79
78 107
79 80
79 108
79 109
80 81
80 109
81 82
81 110
82 83
82 111
83 84
83 112
83 113
84 85
84 113
85 86
85 114
86 87
86 115
87 116
87 438
88 89
88 117
89 90
89 118
90 91
90 119
91 92
91 120
92 93
92 121
92 122
93 94
93 122
94 95
94 123
95 96
95 124
96 97
96 125
96 126
97 98
97 126
98 99
98 127
98 128
99 100
99 128
100 101
100 129
100 130
101 102
101 130
101 131
102 103
102 131
103 104
103 132
103 133
104 105
104 133
104 134
105 106
105 134
106 107
106 135
106 136
107 108
107 136
108 109
108 137
109 110
109 138
109 139
110 111
110 139
111 112
111 140
112 113
112 141
113 114
113 142
114 115
114 143
115 116
115 144
116 145
116 438
117 118
117 146
117 147
118 119
118 147
118 148
119 120
119 148
120 121
120 149
120 150
121 122
121 150
122 123
122 151
122 152
123 124
123 152
123 153
124 125
124 153
125 126
125 154
126 127
126 155
127 128
127 156
128 129
128 157
129 130
129 158
130 131
130 159
131 132
131 160
131 161
132 133
132 161
133 134
133 162
134 135
134 163
135 136
135 164
136 137
136 165
137 138
137 166
138 139
138 167
138 168
139 140
139 168
140 141
140 169
140 170
141 142
141 170
142 143
142 171
143 144
143 172
144 145
144 173
144 174
145 174
145 438
146 147
146 175
147 148
147 176
148 149
148 177
149 150
149 178
150 151
150 179
150 180
151 152
151 180
152 153
152 181
152 182
153 154
153 182
153 183
154 155
154 183
155 156
155 184
156 157
156 185
157 158
157 186
157 187
158 159
158 187
159 160
159 188
160 161
160 189
161 162
161 190
161 191
162 163
162 191
163 164
163 192
164 165
164 193
165 166
165 194
165 195
166 167
166 195
166 196
167 168
167 196
167 197
168 169
168 197
169 170
169 198
170 171
170 199
171 172
171 200
172 173
172 201
173 174
173 202
173 203
174 203
174 438
175 176
175 204
176 177
176 205
177 178
177 206
178 179
178 207
179 180
179 208
179 209
180 181
180 209
181 182
181 210
181 211
182 183
182 211
182 212
183 184
183 212
183 213
184 185
184 213
184 214
185 186
185 214
186 187
186 215
187 188
187 216
187 217
188 189
188 217
189 190
189 218
190 191
190 219
191 192
191 220
191 221
192 193
192 221
192 222
193 194
193 222
194 195
194 223
195 196
195 224
195 225
196 197
196 225
197 198
197 226
198 199
198 227
198 228
199 200
199 228
200 201
200 229
201 202
201 230
202 203
202 231
203 232
203 438
204 205
204 233
205 206
205 234
205 235
206 207
206 235
207 208
207 236
208 209
208 237
209 210
209 238
210 211
210 239
211 212
211 240
212 213
212 241
212 242
213 214
213 242
214 215
214 243
214 244
215 216
215 244
215 245
216 217
216 245
217 218
217 246
217 247
218 219
218 247
218 248
219 220
219 248
220 221
220 249
221 222
221 250
221 251
222 223
222 251
223 224
223 252
223 253
224 225
224 253
225 226
225 254
226 227
226 255
227 228
227 256
228 229
228 257
228 258
229 230
229 258
230 231
230 259
231 232
231 260
231 261
232 261
232 438
233 234
233 262
234 235
234 263
235 236
235 264
236 237
236 265
237 238
237 266
237 267
238 239
238 267
238 268
239 240
239 268
240 241
240 269
241 242
241 270
242 243
242 271
243 244
243 272
244 245
244 273
244 274
245 246
245 274
246 247
246 275
247 248
247 276
248 249
248 277
248 278
249 250
249 278
250 251
250 279
250 280
251 252
251 280
252 253
252 281
253 254
253 282
253 283
254 255
254 283
255 256
255 284
256 257
256 285
257 258
257 286
257 287
258 259
258 287
259 260
259 288
260 261
260 289
260 290
261 290
261 438
262 263
262 291
263 264
263 292
263 293
264 265
264 293
264 294
265 266
265 294
266 267
266 295
266 296
267 268
267 296
267 297
268 269
268 297
269 270
269 298
270 271
270 299
271 272
271 300
271 301
272 273
272 301
273 274
273 302
274 275
274 303
275 276
275 304
275 305
276 277
276 305
277 278
277 306
278 279
278 307
278 308
279 280
279 308
279 309
280 281
280 309
281 282
281 310
282 283
282 311
283 284
283 312
284 285
284 313
285 286
285 314
286 287
286 315
286 316
287 288
287 316
288 289
288 317
289 290
289 318
289 319
290 319
290 438
291 292
291 320
292 293
292 321
293 294
293 322
294 295
294 323
295 296
295 324
296 297
296 325
296 326
297 298
297 326
298 299
298 327
298 328
299 300
299 328
300 301
300 329
301 302
301 330
302 303
302 331
303 304
303 332
304 305
304 333
305 306
305 334
306 307
306 335
306 336
307 308
307 336
308 309
308 337
309 310
309 338
310 311
310 339
310 340
311 312
311 340
312 313
312 341
313 314
313 342
313 343
314 315
314 343
315 316
315 344
316 317
316 345
317 318
317 346
318 319
318 347
319 348
319 438
320 321
320 349
320 350
321 322
321 350
321 351
322 323
322 351
323 324
323 352
324 325
324 353
325 326
325 354
326 327
326 355
327 328
327 356
328 329
328 357
328 358
329 330
329 358
330 331
330 359
331 332
331 360
332 333
332 361
332 362
333 334
333 362
334 335
334 363
335 336
335 364
335 365
336 337
336 365
337 338
337 366
338 339
338 367
339 340
339 368
339 369
340 341
340 369
341 342
341 370
342 343
342 371
342 372
343 344
343 372
344 345
344 373
344 374
345 346
345 374
346 347
346 375
347 348
347 376
348 377
348 438
349 350
349 378
349 379
350 351
350 379
351 352
351 380
352 353
352 381
353 354
353 382
354 355
354 383
354 384
355 356
355 384
356 357
356 385
356 386
357 358
357 386
358 359
358 387
359 360
359 388
360 361
360 389
361 362
361 390
362 363
362 391
363 364
363 392
364 365
364 393
365 366
365 394
366 367
366 395
366 396
367 368
367 396
367 397
368 369
368 397
369 370
369 398
370 371
370 399
370 400
371 372
371 400
372 373
372 401
373 374
373 402
374 375
374 403
375 376
375 404
376 377
376 405
377 406
377 438
378 379
378 407
378 408
379 380
379 408
380 381
380 409
381 382
381 410
381 411
382 383
382 411
383 384
383 412
383 413
384 385
384 413
384 414
385 386
385 414
386 387
386 415
387 388
387 416
388 389
388 417
389 390
389 418
390 391
390 419
390 420
391 392
391 420
392 393
392 421
392 422
393 394
393 422
394 395
394 423
395 396
395 424
396 397
396 425
397 398
397 426
398 399
398 427
398 428
399 400
399 428
400 401
400 429
401 402
401 430
402 403
402 431
403 404
403 432
404 405
404 433
405 406
405 434
405 435
406 435
406 438
407 408
407 436
407 437
408 409
408 437
409 410
410 411
411 412
412 413
413 414
414 415
415 416
416 417
417 418
418 419
419 420
420 421
421 422
422 423
423 424
424 425
425 426
426 427
427 428
428 429
429 430
430 431
431 432
432 433
433 434
434 435
435 438
436 437
436 438
437 438
