# Tier 7 (Very Large) - Instance 44
# Generated with config: N=396, K=4, topology=grid, calendar=random

# HEADER: <num_tasks> <num_types> <num_units>
398 4 22

# RESOURCE TYPES
# Format: <type_id> <num_units> <unit_id1> <unit_id2> ...
0 7 0 1 2 3 4 5 6
1 4 7 8 9 10
2 7 11 12 13 14 15 16 17
3 4 18 19 20 21

# RESOURCE UNITS (Calendars)
# Format: <unit_id> <num_steps> <t1> <v1> <t2> <v2> ...
0 27 0 100 256 0 258 100 428 0 434 100 634 0 645 100 854 0 864 100 954 0 957 100 1188 0 1205 100 1285 0 1307 100 1567 0 1580 100 1794 0 1810 100 1861 0 1873 100 2039 0 2046 100 2228 0 2242 100 2497 0 3934 0
1 27 0 0 5 100 146 0 162 100 417 0 419 100 481 0 499 100 737 0 748 100 995 0 1005 100 1071 0 1092 100 1338 0 1349 100 1546 0 1552 100 1689 0 1691 100 1784 0 1787 100 2006 0 2028 100 2105 0 2113 100 3934 0
2 27 0 0 7 100 259 0 278 100 422 0 424 100 597 0 611 100 880 0 899 100 1027 0 1045 100 1290 0 1310 100 1579 0 1601 100 1659 0 1675 100 1791 0 1796 100 1923 0 1927 100 2088 0 2108 100 2158 0 2169 100 3934 0
3 27 0 100 46 0 56 100 295 0 298 100 413 0 432 100 657 0 666 100 716 0 724 100 810 0 826 100 938 0 947 100 1077 0 1092 100 1345 0 1349 100 1589 0 1608 100 1679 0 1687 100 1809 0 1814 100 1888 0 3934 0
4 27 0 0 3 100 91 0 99 100 175 0 177 100 436 0 458 100 612 0 615 100 829 0 838 100 992 0 1005 100 1148 0 1150 100 1196 0 1208 100 1341 0 1354 100 1433 0 1448 100 1674 0 1690 100 1805 0 1811 100 3934 0
5 27 0 0 22 100 268 0 280 100 529 0 531 100 710 0 727 100 880 0 887 100 1064 0 1067 100 1142 0 1144 100 1262 0 1264 100 1486 0 1504 100 1569 0 1579 100 1796 0 1809 100 2070 0 2092 100 2299 0 2316 100 3934 0
6 27 0 100 246 0 260 100 383 0 398 100 610 0 617 100 792 0 814 100 941 0 957 100 1068 0 1074 100 1235 0 1237 100 1420 0 1442 100 1543 0 1563 100 1776 0 1779 100 1834 0 1851 100 1972 0 1985 100 2116 0 3934 0
7 27 0 0 17 100 222 0 225 100 351 0 358 100 462 0 481 100 747 0 761 100 880 0 887 100 960 0 972 100 1032 0 1042 100 1127 0 1148 100 1370 0 1375 100 1441 0 1460 100 1543 0 1553 100 1616 0 1633 100 3934 0
8 27 0 100 204 0 223 100 274 0 292 100 422 0 428 100 583 0 604 100 692 0 702 100 932 0 937 100 1007 0 1027 100 1189 0 1207 100 1463 0 1473 100 1540 0 1560 100 1719 0 1726 100 1977 0 1981 100 2032 0 3934 0
9 27 0 100 103 0 119 100 278 0 283 100 551 0 564 100 807 0 822 100 909 0 921 100 1158 0 1164 100 1345 0 1353 100 1582 0 1601 100 1867 0 1888 100 2060 0 2076 100 2144 0 2148 100 2279 0 2282 100 2354 0 3934 0
10 27 0 0 13 100 155 0 165 100 308 0 324 100 436 0 450 100 597 0 603 100 768 0 783 100 923 0 929 100 1053 0 1069 100 1267 0 1282 100 1419 0 1441 100 1709 0 1712 100 1963 0 1974 100 2058 0 2071 100 3934 0
11 27 0 0 19 100 115 0 134 100 371 0 379 100 650 0 671 100 807 0 819 100 1035 0 1041 100 1168 0 1177 100 1299 0 1310 100 1560 0 1569 100 1627 0 1640 100 1721 0 1734 100 1890 0 1905 100 2020 0 2028 100 3934 0
12 27 0 100 169 0 182 100 380 0 400 100 526 0 537 100 652 0 662 100 728 0 746 100 878 0 885 100 1080 0 1100 100 1165 0 1180 100 1309 0 1320 100 1566 0 1582 100 1714 0 1731 100 1859 0 1874 100 2024 0 3934 0
13 27 0 100 259 0 280 100 460 0 473 100 574 0 595 100 805 0 821 100 919 0 930 100 1151 0 1154 100 1328 0 1350 100 1607 0 1611 100 1862 0 1876 100 1924 0 1932 100 2027 0 2039 100 2217 0 2232 100 2403 0 3934 0
14 27 0 0 14 100 198 0 204 100 311 0 328 100 560 0 574 100 747 0 753 100 982 0 997 100 1138 0 1141 100 1289 0 1295 100 1400 0 1413 100 1464 0 1480 100 1558 0 1564 100 1753 0 1765 100 1904 0 1919 100 3934 0
15 27 0 0 21 100 192 0 212 100 449 0 471 100 552 0 567 100 617 0 633 100 768 0 790 100 924 0 938 100 1183 0 1203 100 1259 0 1266 100 1532 0 1538 100 1733 0 1735 100 1924 0 1945 100 2134 0 2154 100 3934 0
16 27 0 0 17 100 142 0 155 100 422 0 425 100 629 0 650 100 783 0 796 100 1004 0 1010 100 1149 0 1169 100 1273 0 1288 100 1398 0 1403 100 1646 0 1654 100 1875 0 1894 100 2079 0 2082 100 2235 0 2245 100 3934 0
17 27 0 0 19 100 210 0 213 100 314 0 333 100 408 0 415 100 487 0 489 100 700 0 719 100 981 0 998 100 1266 0 1278 100 1468 0 1480 100 1724 0 1740 100 1835 0 1854 100 1982 0 2003 100 2225 0 2240 100 3934 0
18 27 0 100 224 0 232 100 375 0 385 100 501 0 516 100 615 0 618 100 770 0 791 100 1050 0 1065 100 1332 0 1334 100 1565 0 1580 100 1654 0 1662 100 1924 0 1934 100 2179 0 2189 100 2265 0 2276 100 2528 0 3934 0
19 27 0 100 206 0 208 100 344 0 366 100 548 0 563 100 754 0 762 100 919 0 921 100 1021 0 1025 100 1077 0 1082 100 1248 0 1266 100 1445 0 1452 100 1506 0 1524 100 1711 0 1722 100 1912 0 1919 100 2017 0 3934 0
20 27 0 0 17 100 195 0 198 100 316 0 323 100 565 0 581 100 641 0 660 100 759 0 780 100 890 0 900 100 993 0 1001 100 1224 0 1238 100 1509 0 1519 100 1698 0 1707 100 1887 0 1894 100 1977 0 1988 100 3934 0
21 27 0 100 225 0 247 100 386 0 392 100 616 0 635 100 858 0 863 100 1100 0 1121 100 1323 0 1343 100 1417 0 1420 100 1526 0 1548 100 1763 0 1785 100 1973 0 1989 100 2236 0 2242 100 2491 0 2496 100 2548 0 3934 0

# TASKS
# Format: <task_id> <size> <num_reqs>
# Then for each requirement: <type_id> <qty>
0 0 4
 0 0
 1 0
 2 0
 3 0
1 14 4
 0 0
 1 1
 2 2
 3 3
2 6 4
 0 0
 1 1
 2 1
 3 1
3 1 4
 0 2
 1 1
 2 0
 3 0
4 20 4
 0 3
 1 0
 2 0
 3 2
5 13 4
 0 2
 1 0
 2 1
 3 3
6 6 4
 0 3
 1 0
 2 1
 3 2
7 19 4
 0 3
 1 2
 2 0
 3 1
8 19 4
 0 0
 1 0
 2 1
 3 0
9 3 4
 0 0
 1 3
 2 3
 3 3
10 10 4
 0 1
 1 3
 2 2
 3 3
11 5 4
 0 0
 1 2
 2 0
 3 2
12 12 4
 0 3
 1 0
 2 2
 3 2
13 4 4
 0 3
 1 0
 2 0
 3 1
14 1 4
 0 0
 1 3
 2 1
 3 1
15 14 4
 0 0
 1 0
 2 3
 3 0
16 8 4
 0 1
 1 0
 2 1
 3 3
17 4 4
 0 3
 1 3
 2 3
 3 3
18 4 4
 0 3
 1 3
 2 0
 3 2
19 14 4
 0 1
 1 0
 2 0
 3 3
20 7 4
 0 1
 1 3
 2 1
 3 1
21 9 4
 0 1
 1 3
 2 3
 3 2
22 20 4
 0 1
 1 0
 2 2
 3 3
23 9 4
 0 2
 1 0
 2 3
 3 0
24 12 4
 0 1
 1 2
 2 0
 3 0
25 5 4
 0 1
 1 1
 2 2
 3 1
26 10 4
 0 2
 1 1
 2 0
 3 0
27 17 4
 0 1
 1 0
 2 1
 3 0
28 13 4
 0 2
 1 1
 2 0
 3 3
29 3 4
 0 3
 1 0
 2 0
 3 3
30 18 4
 0 1
 1 3
 2 1
 3 2
31 5 4
 0 2
 1 0
 2 3
 3 2
32 8 4
 0 3
 1 2
 2 3
 3 0
33 3 4
 0 0
 1 0
 2 2
 3 0
34 19 4
 0 2
 1 0
 2 2
 3 1
35 1 4
 0 2
 1 1
 2 3
 3 1
36 7 4
 0 1
 1 1
 2 0
 3 1
37 4 4
 0 3
 1 0
 2 0
 3 0
38 14 4
 0 0
 1 1
 2 2
 3 0
39 18 4
 0 1
 1 1
 2 0
 3 0
40 2 4
 0 1
 1 1
 2 0
 3 0
41 18 4
 0 3
 1 3
 2 1
 3 1
42 19 4
 0 1
 1 0
 2 0
 3 1
43 20 4
 0 1
 1 3
 2 2
 3 0
44 4 4
 0 3
 1 0
 2 3
 3 2
45 9 4
 0 3
 1 0
 2 3
 3 1
46 17 4
 0 0
 1 0
 2 0
 3 1
47 7 4
 0 1
 1 0
 2 0
 3 1
48 20 4
 0 1
 1 0
 2 2
 3 0
49 12 4
 0 3
 1 1
 2 3
 3 0
50 16 4
 0 0
 1 2
 2 3
 3 0
51 11 4
 0 0
 1 2
 2 2
 3 3
52 16 4
 0 3
 1 3
 2 0
 3 2
53 10 4
 0 3
 1 0
 2 3
 3 0
54 3 4
 0 0
 1 2
 2 1
 3 3
55 12 4
 0 2
 1 0
 2 0
 3 0
56 8 4
 0 0
 1 3
 2 1
 3 0
57 16 4
 0 2
 1 0
 2 1
 3 0
58 10 4
 0 2
 1 1
 2 2
 3 0
59 10 4
 0 3
 1 0
 2 2
 3 3
60 5 4
 0 0
 1 0
 2 1
 3 0
61 7 4
 0 0
 1 1
 2 2
 3 3
62 16 4
 0 0
 1 0
 2 0
 3 3
63 15 4
 0 3
 1 3
 2 2
 3 3
64 2 4
 0 1
 1 2
 2 0
 3 2
65 10 4
 0 2
 1 0
 2 2
 3 0
66 15 4
 0 2
 1 3
 2 2
 3 0
67 7 4
 0 0
 1 0
 2 0
 3 1
68 4 4
 0 0
 1 0
 2 1
 3 0
69 8 4
 0 1
 1 2
 2 0
 3 3
70 11 4
 0 0
 1 0
 2 3
 3 1
71 17 4
 0 1
 1 0
 2 0
 3 3
72 20 4
 0 2
 1 2
 2 3
 3 3
73 2 4
 0 3
 1 2
 2 0
 3 2
74 7 4
 0 1
 1 1
 2 2
 3 2
75 14 4
 0 3
 1 2
 2 2
 3 0
76 8 4
 0 0
 1 1
 2 2
 3 2
77 9 4
 0 1
 1 1
 2 0
 3 0
78 17 4
 0 0
 1 3
 2 1
 3 0
79 5 4
 0 2
 1 2
 2 3
 3 0
80 9 4
 0 3
 1 1
 2 2
 3 0
81 19 4
 0 0
 1 0
 2 2
 3 2
82 5 4
 0 0
 1 1
 2 0
 3 3
83 1 4
 0 1
 1 2
 2 3
 3 0
84 1 4
 0 0
 1 2
 2 3
 3 2
85 11 4
 0 1
 1 3
 2 2
 3 1
86 6 4
 0 2
 1 3
 2 3
 3 0
87 12 4
 0 3
 1 2
 2 3
 3 3
88 2 4
 0 0
 1 2
 2 1
 3 2
89 8 4
 0 2
 1 0
 2 3
 3 1
90 17 4
 0 1
 1 1
 2 2
 3 0
91 13 4
 0 3
 1 0
 2 3
 3 1
92 14 4
 0 1
 1 3
 2 3
 3 2
93 17 4
 0 0
 1 0
 2 3
 3 2
94 5 4
 0 3
 1 0
 2 3
 3 2
95 14 4
 0 0
 1 3
 2 1
 3 3
96 8 4
 0 3
 1 0
 2 3
 3 2
97 16 4
 0 1
 1 0
 2 0
 3 3
98 13 4
 0 3
 1 0
 2 0
 3 3
99 12 4
 0 2
 1 0
 2 3
 3 3
100 9 4
 0 0
 1 3
 2 1
 3 2
101 5 4
 0 0
 1 1
 2 1
 3 2
102 5 4
 0 3
 1 0
 2 0
 3 2
103 1 4
 0 2
 1 0
 2 0
 3 0
104 15 4
 0 2
 1 0
 2 0
 3 0
105 3 4
 0 1
 1 1
 2 3
 3 2
106 4 4
 0 1
 1 2
 2 1
 3 1
107 12 4
 0 0
 1 3
 2 3
 3 3
108 13 4
 0 2
 1 2
 2 2
 3 0
109 2 4
 0 2
 1 0
 2 0
 3 1
110 20 4
 0 3
 1 2
 2 1
 3 3
111 1 4
 0 0
 1 0
 2 2
 3 0
112 19 4
 0 0
 1 1
 2 2
 3 1
113 20 4
 0 3
 1 3
 2 2
 3 1
114 20 4
 0 0
 1 2
 2 2
 3 3
115 14 4
 0 3
 1 2
 2 0
 3 0
116 1 4
 0 2
 1 2
 2 1
 3 2
117 5 4
 0 0
 1 1
 2 0
 3 1
118 19 4
 0 0
 1 0
 2 0
 3 1
119 7 4
 0 1
 1 0
 2 0
 3 0
120 16 4
 0 0
 1 1
 2 0
 3 3
121 11 4
 0 1
 1 2
 2 1
 3 1
122 2 4
 0 0
 1 3
 2 0
 3 1
123 18 4
 0 1
 1 0
 2 2
 3 3
124 17 4
 0 1
 1 2
 2 2
 3 3
125 18 4
 0 2
 1 0
 2 3
 3 2
126 3 4
 0 2
 1 0
 2 3
 3 0
127 3 4
 0 1
 1 3
 2 1
 3 3
128 19 4
 0 2
 1 3
 2 0
 3 0
129 16 4
 0 2
 1 0
 2 0
 3 1
130 15 4
 0 3
 1 1
 2 0
 3 2
131 11 4
 0 0
 1 1
 2 0
 3 1
132 10 4
 0 3
 1 3
 2 0
 3 0
133 12 4
 0 3
 1 3
 2 0
 3 2
134 19 4
 0 0
 1 0
 2 1
 3 0
135 18 4
 0 0
 1 2
 2 2
 3 1
136 18 4
 0 1
 1 3
 2 0
 3 1
137 18 4
 0 3
 1 0
 2 3
 3 3
138 6 4
 0 3
 1 1
 2 1
 3 1
139 15 4
 0 3
 1 0
 2 2
 3 3
140 3 4
 0 3
 1 1
 2 0
 3 3
141 9 4
 0 3
 1 1
 2 2
 3 2
142 11 4
 0 0
 1 0
 2 1
 3 0
143 2 4
 0 0
 1 3
 2 0
 3 3
144 14 4
 0 3
 1 0
 2 1
 3 0
145 15 4
 0 3
 1 2
 2 2
 3 2
146 16 4
 0 1
 1 0
 2 3
 3 2
147 1 4
 0 0
 1 0
 2 0
 3 1
148 6 4
 0 0
 1 0
 2 0
 3 1
149 9 4
 0 3
 1 0
 2 0
 3 3
150 7 4
 0 0
 1 3
 2 0
 3 3
151 11 4
 0 2
 1 3
 2 0
 3 3
152 7 4
 0 2
 1 0
 2 3
 3 2
153 19 4
 0 0
 1 2
 2 0
 3 3
154 9 4
 0 0
 1 3
 2 0
 3 3
155 15 4
 0 2
 1 2
 2 3
 3 0
156 6 4
 0 0
 1 1
 2 0
 3 0
157 3 4
 0 2
 1 0
 2 0
 3 1
158 16 4
 0 0
 1 1
 2 2
 3 1
159 4 4
 0 0
 1 0
 2 0
 3 3
160 9 4
 0 3
 1 0
 2 3
 3 0
161 14 4
 0 0
 1 0
 2 3
 3 2
162 17 4
 0 1
 1 0
 2 1
 3 1
163 11 4
 0 2
 1 0
 2 2
 3 1
164 8 4
 0 2
 1 0
 2 1
 3 3
165 14 4
 0 0
 1 2
 2 1
 3 0
166 18 4
 0 0
 1 0
 2 3
 3 1
167 14 4
 0 1
 1 0
 2 2
 3 2
168 2 4
 0 2
 1 0
 2 1
 3 3
169 20 4
 0 0
 1 0
 2 1
 3 3
170 18 4
 0 0
 1 0
 2 1
 3 0
171 1 4
 0 1
 1 3
 2 1
 3 1
172 18 4
 0 0
 1 2
 2 1
 3 3
173 9 4
 0 1
 1 1
 2 0
 3 2
174 9 4
 0 3
 1 1
 2 3
 3 2
175 16 4
 0 2
 1 0
 2 0
 3 0
176 16 4
 0 1
 1 2
 2 0
 3 0
177 18 4
 0 3
 1 0
 2 0
 3 3
178 19 4
 0 3
 1 3
 2 2
 3 0
179 6 4
 0 3
 1 1
 2 0
 3 2
180 2 4
 0 0
 1 3
 2 1
 3 1
181 6 4
 0 0
 1 3
 2 2
 3 1
182 16 4
 0 2
 1 0
 2 0
 3 0
183 1 4
 0 0
 1 3
 2 0
 3 0
184 13 4
 0 3
 1 3
 2 1
 3 0
185 20 4
 0 1
 1 1
 2 0
 3 0
186 14 4
 0 2
 1 1
 2 0
 3 2
187 14 4
 0 0
 1 0
 2 0
 3 1
188 1 4
 0 1
 1 3
 2 3
 3 1
189 13 4
 0 0
 1 1
 2 3
 3 3
190 9 4
 0 1
 1 2
 2 0
 3 2
191 7 4
 0 1
 1 0
 2 1
 3 2
192 3 4
 0 1
 1 1
 2 1
 3 3
193 10 4
 0 0
 1 0
 2 1
 3 0
194 7 4
 0 1
 1 0
 2 1
 3 3
195 17 4
 0 1
 1 2
 2 3
 3 1
196 18 4
 0 1
 1 0
 2 2
 3 1
197 20 4
 0 0
 1 1
 2 0
 3 0
198 2 4
 0 1
 1 3
 2 2
 3 2
199 3 4
 0 3
 1 3
 2 1
 3 0
200 13 4
 0 0
 1 2
 2 3
 3 2
201 11 4
 0 2
 1 3
 2 1
 3 2
202 2 4
 0 0
 1 0
 2 2
 3 0
203 14 4
 0 2
 1 0
 2 1
 3 3
204 16 4
 0 3
 1 2
 2 0
 3 0
205 2 4
 0 2
 1 3
 2 0
 3 3
206 17 4
 0 1
 1 1
 2 1
 3 0
207 5 4
 0 2
 1 1
 2 3
 3 3
208 3 4
 0 1
 1 3
 2 0
 3 0
209 2 4
 0 0
 1 3
 2 0
 3 0
210 16 4
 0 1
 1 0
 2 3
 3 3
211 13 4
 0 1
 1 1
 2 0
 3 3
212 1 4
 0 1
 1 2
 2 3
 3 1
213 3 4
 0 0
 1 0
 2 1
 3 0
214 1 4
 0 1
 1 3
 2 2
 3 1
215 5 4
 0 0
 1 0
 2 1
 3 2
216 7 4
 0 2
 1 2
 2 2
 3 0
217 2 4
 0 1
 1 0
 2 0
 3 3
218 11 4
 0 0
 1 1
 2 1
 3 1
219 6 4
 0 2
 1 3
 2 2
 3 1
220 16 4
 0 2
 1 0
 2 3
 3 0
221 20 4
 0 1
 1 0
 2 2
 3 0
222 15 4
 0 2
 1 0
 2 0
 3 2
223 9 4
 0 3
 1 3
 2 3
 3 1
224 18 4
 0 1
 1 1
 2 0
 3 1
225 17 4
 0 2
 1 3
 2 0
 3 2
226 16 4
 0 0
 1 0
 2 0
 3 2
227 10 4
 0 0
 1 1
 2 2
 3 3
228 6 4
 0 1
 1 1
 2 0
 3 0
229 6 4
 0 0
 1 1
 2 1
 3 1
230 2 4
 0 0
 1 3
 2 0
 3 2
231 5 4
 0 2
 1 2
 2 0
 3 2
232 11 4
 0 0
 1 3
 2 1
 3 2
233 1 4
 0 3
 1 1
 2 3
 3 2
234 8 4
 0 0
 1 0
 2 2
 3 0
235 15 4
 0 2
 1 3
 2 1
 3 1
236 15 4
 0 0
 1 0
 2 2
 3 1
237 7 4
 0 0
 1 2
 2 3
 3 1
238 10 4
 0 2
 1 3
 2 3
 3 3
239 14 4
 0 0
 1 3
 2 0
 3 3
240 13 4
 0 0
 1 1
 2 3
 3 1
241 2 4
 0 1
 1 0
 2 2
 3 0
242 11 4
 0 2
 1 2
 2 0
 3 0
243 13 4
 0 1
 1 0
 2 3
 3 0
244 9 4
 0 2
 1 0
 2 3
 3 1
245 4 4
 0 2
 1 3
 2 0
 3 1
246 2 4
 0 0
 1 2
 2 2
 3 3
247 3 4
 0 1
 1 3
 2 2
 3 0
248 11 4
 0 1
 1 0
 2 0
 3 3
249 14 4
 0 1
 1 1
 2 2
 3 3
250 5 4
 0 0
 1 0
 2 3
 3 1
251 7 4
 0 2
 1 1
 2 0
 3 3
252 5 4
 0 3
 1 0
 2 0
 3 3
253 9 4
 0 3
 1 3
 2 0
 3 0
254 3 4
 0 0
 1 3
 2 1
 3 0
255 6 4
 0 2
 1 0
 2 3
 3 3
256 12 4
 0 1
 1 0
 2 0
 3 2
257 6 4
 0 2
 1 3
 2 0
 3 0
258 19 4
 0 0
 1 0
 2 3
 3 2
259 6 4
 0 1
 1 1
 2 2
 3 0
260 13 4
 0 1
 1 0
 2 2
 3 1
261 18 4
 0 0
 1 2
 2 1
 3 1
262 4 4
 0 0
 1 1
 2 1
 3 3
263 2 4
 0 2
 1 1
 2 0
 3 1
264 13 4
 0 2
 1 2
 2 2
 3 0
265 12 4
 0 1
 1 3
 2 2
 3 2
266 2 4
 0 1
 1 0
 2 0
 3 0
267 8 4
 0 2
 1 0
 2 1
 3 3
268 6 4
 0 0
 1 3
 2 1
 3 0
269 14 4
 0 0
 1 3
 2 1
 3 2
270 14 4
 0 2
 1 0
 2 0
 3 2
271 6 4
 0 1
 1 1
 2 1
 3 1
272 14 4
 0 1
 1 1
 2 2
 3 0
273 13 4
 0 0
 1 2
 2 2
 3 0
274 8 4
 0 3
 1 1
 2 1
 3 0
275 17 4
 0 0
 1 0
 2 3
 3 3
276 4 4
 0 1
 1 2
 2 0
 3 0
277 7 4
 0 1
 1 1
 2 0
 3 0
278 16 4
 0 2
 1 2
 2 1
 3 3
279 12 4
 0 1
 1 3
 2 1
 3 2
280 7 4
 0 1
 1 3
 2 2
 3 3
281 18 4
 0 0
 1 1
 2 0
 3 0
282 18 4
 0 3
 1 2
 2 2
 3 1
283 8 4
 0 3
 1 2
 2 3
 3 2
284 3 4
 0 3
 1 0
 2 1
 3 3
285 12 4
 0 2
 1 0
 2 1
 3 0
286 12 4
 0 0
 1 0
 2 0
 3 3
287 11 4
 0 1
 1 0
 2 0
 3 1
288 15 4
 0 0
 1 3
 2 3
 3 2
289 1 4
 0 3
 1 3
 2 0
 3 1
290 10 4
 0 0
 1 3
 2 2
 3 3
291 8 4
 0 0
 1 2
 2 2
 3 2
292 13 4
 0 0
 1 0
 2 0
 3 3
293 11 4
 0 2
 1 1
 2 0
 3 2
294 14 4
 0 0
 1 1
 2 0
 3 1
295 17 4
 0 0
 1 1
 2 0
 3 0
296 14 4
 0 1
 1 0
 2 2
 3 0
297 13 4
 0 1
 1 0
 2 0
 3 0
298 16 4
 0 2
 1 1
 2 2
 3 1
299 10 4
 0 0
 1 3
 2 3
 3 2
300 14 4
 0 0
 1 0
 2 0
 3 1
301 15 4
 0 0
 1 0
 2 0
 3 1
302 3 4
 0 3
 1 3
 2 3
 3 1
303 7 4
 0 0
 1 3
 2 0
 3 2
304 5 4
 0 3
 1 0
 2 0
 3 2
305 14 4
 0 0
 1 1
 2 0
 3 2
306 6 4
 0 1
 1 0
 2 1
 3 2
307 10 4
 0 0
 1 1
 2 3
 3 1
308 8 4
 0 3
 1 3
 2 0
 3 3
309 16 4
 0 3
 1 1
 2 1
 3 2
310 12 4
 0 1
 1 1
 2 3
 3 2
311 8 4
 0 1
 1 1
 2 0
 3 2
312 2 4
 0 0
 1 0
 2 1
 3 0
313 5 4
 0 2
 1 0
 2 2
 3 1
314 1 4
 0 0
 1 2
 2 0
 3 0
315 17 4
 0 1
 1 3
 2 2
 3 0
316 16 4
 0 3
 1 0
 2 1
 3 1
317 3 4
 0 0
 1 2
 2 1
 3 1
318 16 4
 0 3
 1 1
 2 2
 3 3
319 19 4
 0 1
 1 2
 2 1
 3 0
320 15 4
 0 0
 1 1
 2 3
 3 0
321 20 4
 0 0
 1 3
 2 0
 3 3
322 10 4
 0 3
 1 3
 2 1
 3 1
323 17 4
 0 2
 1 1
 2 2
 3 0
324 9 4
 0 0
 1 1
 2 3
 3 0
325 15 4
 0 0
 1 1
 2 2
 3 1
326 10 4
 0 1
 1 0
 2 0
 3 3
327 19 4
 0 2
 1 0
 2 3
 3 2
328 16 4
 0 0
 1 3
 2 1
 3 0
329 2 4
 0 0
 1 1
 2 2
 3 3
330 20 4
 0 0
 1 1
 2 1
 3 1
331 16 4
 0 1
 1 0
 2 2
 3 3
332 2 4
 0 0
 1 0
 2 2
 3 0
333 9 4
 0 0
 1 2
 2 0
 3 1
334 2 4
 0 0
 1 3
 2 1
 3 1
335 11 4
 0 3
 1 2
 2 0
 3 0
336 18 4
 0 0
 1 0
 2 3
 3 1
337 19 4
 0 1
 1 0
 2 3
 3 1
338 14 4
 0 0
 1 0
 2 2
 3 0
339 20 4
 0 2
 1 3
 2 1
 3 3
340 10 4
 0 3
 1 0
 2 0
 3 1
341 15 4
 0 3
 1 3
 2 1
 3 2
342 2 4
 0 2
 1 3
 2 0
 3 1
343 7 4
 0 0
 1 2
 2 0
 3 3
344 10 4
 0 0
 1 2
 2 0
 3 3
345 16 4
 0 1
 1 0
 2 3
 3 0
346 13 4
 0 0
 1 1
 2 1
 3 1
347 8 4
 0 1
 1 3
 2 3
 3 1
348 13 4
 0 1
 1 1
 2 0
 3 1
349 13 4
 0 0
 1 0
 2 1
 3 0
350 19 4
 0 1
 1 0
 2 1
 3 2
351 5 4
 0 0
 1 3
 2 2
 3 0
352 6 4
 0 0
 1 0
 2 1
 3 1
353 8 4
 0 0
 1 0
 2 0
 3 2
354 2 4
 0 0
 1 3
 2 2
 3 0
355 8 4
 0 0
 1 0
 2 2
 3 0
356 10 4
 0 0
 1 0
 2 0
 3 1
357 13 4
 0 0
 1 0
 2 3
 3 3
358 7 4
 0 0
 1 2
 2 3
 3 0
359 17 4
 0 1
 1 3
 2 0
 3 0
360 5 4
 0 2
 1 2
 2 3
 3 0
361 5 4
 0 3
 1 1
 2 2
 3 1
362 1 4
 0 1
 1 0
 2 0
 3 1
363 9 4
 0 0
 1 2
 2 3
 3 2
364 3 4
 0 0
 1 0
 2 2
 3 0
365 8 4
 0 1
 1 2
 2 3
 3 1
366 15 4
 0 0
 1 1
 2 1
 3 2
367 2 4
 0 1
 1 2
 2 0
 3 0
368 7 4
 0 3
 1 1
 2 0
 3 3
369 20 4
 0 0
 1 1
 2 3
 3 3
370 3 4
 0 0
 1 0
 2 3
 3 3
371 14 4
 0 3
 1 0
 2 3
 3 1
372 15 4
 0 1
 1 3
 2 0
 3 0
373 16 4
 0 1
 1 0
 2 0
 3 1
374 20 4
 0 2
 1 0
 2 3
 3 2
375 6 4
 0 3
 1 2
 2 2
 3 2
376 6 4
 0 2
 1 0
 2 0
 3 3
377 16 4
 0 1
 1 0
 2 0
 3 0
378 19 4
 0 0
 1 2
 2 3
 3 0
379 20 4
 0 0
 1 3
 2 1
 3 0
380 9 4
 0 2
 1 0
 2 0
 3 0
381 17 4
 0 1
 1 0
 2 0
 3 0
382 6 4
 0 0
 1 0
 2 2
 3 2
383 12 4
 0 0
 1 1
 2 0
 3 0
384 16 4
 0 0
 1 0
 2 3
 3 1
385 4 4
 0 1
 1 0
 2 2
 3 1
386 16 4
 0 1
 1 3
 2 2
 3 3
387 17 4
 0 2
 1 1
 2 0
 3 3
388 12 4
 0 1
 1 2
 2 2
 3 0
389 13 4
 0 0
 1 0
 2 1
 3 2
390 19 4
 0 0
 1 2
 2 3
 3 1
391 3 4
 0 2
 1 2
 2 1
 3 0
392 15 4
 0 0
 1 0
 2 3
 3 0
393 16 4
 0 3
 1 2
 2 3
 3 0
394 16 4
 0 3
 1 1
 2 3
 3 1
395 6 4
 0 0
 1 0
 2 3
 3 0
396 2 4
 0 0
 1 3
 2 2
 3 1
397 0 4
 0 0
 1 0
 2 0
 3 0

# PRECEDENCES
885
0 1
0 29
0 57
0 85
0 113
0 141
0 169
0 197
0 225
0 253
0 281
0 309
0 337
0 365
0 393
1 2
1 29
2 3
2 30
2 31
3 4
3 31
3 32
4 5
4 32
5 6
5 33
6 7
6 34
7 8
7 35
8 9
8 36
9 10
9 37
10 11
10 38
10 39
11 12
11 39
12 13
12 40
13 14
13 41
14 15
14 42
15 16
15 43
16 17
16 44
16 45
17 18
17 45
18 19
18 46
18 47
19 20
19 47
19 48
20 21
20 48
20 49
21 22
21 49
22 23
22 50
22 51
23 24
23 51
24 25
24 52
25 26
25 53
26 27
26 54
27 28
27 55
27 56
28 56
28 397
29 30
29 57
30 31
30 58
30 59
31 32
31 59
32 33
32 60
33 34
33 61
34 35
34 62
35 36
35 63
36 37
36 64
36 65
37 38
37 65
38 39
38 66
39 40
39 67
39 68
40 41
40 68
40 69
41 42
41 69
42 43
42 70
42 71
43 44
43 71
44 45
44 72
44 73
45 46
45 73
45 74
46 47
46 74
47 48
47 75
47 76
48 49
48 76
48 77
49 50
49 77
49 78
50 51
50 78
51 52
51 79
51 80
52 53
52 80
53 54
53 81
54 55
54 82
55 56
55 83
56 84
56 397
57 58
57 85
58 59
58 86
58 87
59 60
59 87
60 61
60 88
61 62
61 89
62 63
62 90
63 64
63 91
64 65
64 92
64 93
65 66
65 93
66 67
66 94
66 95
67 68
67 95
68 69
68 96
68 97
69 70
69 97
70 71
70 98
71 72
71 99
72 73
72 100
72 101
73 74
73 101
73 102
74 75
74 102
74 103
75 76
75 103
76 77
76 104
77 78
77 105
78 79
78 106
79 80
79 107
80 81
80 108
81 82
81 109
81 110
82 83
82 110
83 84
83 111
84 112
84 397
85 86
85 113
86 87
86 114
86 115
87 88
87 115
88 89
88 116
88 117
89 90
89 117
89 118
90 91
90 118
91 92
91 119
92 93
92 120
92 121
93 94
93 121
94 95
94 122
95 96
95 123
95 124
96 97
96 124
96 125
97 98
97 125
98 99
98 126
99 100
99 127
100 101
100 128
101 102
101 129
102 103
102 130
103 104
103 131
104 105
104 132
105 106
105 133
105 134
106 107
106 134
107 108
107 135
107 136
108 109
108 136
109 110
109 137
110 111
110 138
111 112
111 139
112 140
112 397
113 114
113 141
114 115
114 142
114 143
115 116
115 143
116 117
116 144
117 118
117 145
118 119
118 146
119 120
119 147
120 121
120 148
121 122
121 149
122 123
122 150
123 124
123 151
123 152
124 125
124 152
124 153
125 126
125 153
126 127
126 154
126 155
127 128
127 155
128 129
128 156
129 130
129 157
129 158
130 131
130 158
131 132
131 159
131 160
132 133
132 160
133 134
133 161
133 162
134 135
134 162
135 136
135 163
136 137
136 164
137 138
137 165
138 139
138 166
138 167
139 140
139 167
140 168
140 397
141 142
141 169
142 143
142 170
143 144
143 171
143 172
144 145
144 172
145 146
145 173
146 147
146 174
147 148
147 175
148 149
148 176
148 177
149 150
149 177
150 151
150 178
150 179
151 152
151 179
152 153
152 180
153 154
153 181
154 155
154 182
155 156
155 183
156 157
156 184
157 158
157 185
157 186
158 159
158 186
158 187
159 160
159 187
159 188
160 161
160 188
161 162
161 189
162 163
162 190
162 191
163 164
163 191
163 192
164 165
164 192
164 193
165 166
165 193
166 167
166 194
167 168
167 195
168 196
168 397
169 170
169 197
170 171
170 198
171 172
171 199
172 173
172 200
173 174
173 201
174 175
174 202
175 176
175 203
176 177
176 204
177 178
177 205
178 179
178 206
179 180
179 207
179 208
180 181
180 208
181 182
181 209
181 210
182 183
182 210
183 184
183 211
184 185
184 212
184 213
185 186
185 213
186 187
186 214
187 188
187 215
188 189
188 216
189 190
189 217
190 191
190 218
190 219
191 192
191 219
192 193
192 220
193 194
193 221
193 222
194 195
194 222
195 196
195 223
196 224
196 397
197 198
197 225
198 199
198 226
198 227
199 200
199 227
200 201
200 228
200 229
201 202
201 229
202 203
202 230
203 204
203 231
203 232
204 205
204 232
205 206
205 233
205 234
206 207
206 234
206 235
207 208
207 235
208 209
208 236
209 210
209 237
210 211
210 238
211 212
211 239
211 240
212 213
212 240
212 241
213 214
213 241
213 242
214 215
214 242
215 216
215 243
216 217
216 244
217 218
217 245
218 219
218 246
218 247
219 220
219 247
219 248
220 221
220 248
221 222
221 249
222 223
222 250
222 251
223 224
223 251
224 252
224 397
225 226
225 253
226 227
226 254
227 228
227 255
228 229
228 256
229 230
229 257
230 231
230 258
230 259
231 232
231 259
232 233
232 260
233 234
233 261
234 235
234 262
234 263
235 236
235 263
235 264
236 237
236 264
236 265
237 238
237 265
237 266
238 239
238 266
239 240
239 267
240 241
240 268
241 242
241 269
242 243
242 270
243 244
243 271
243 272
244 245
244 272
244 273
245 246
245 273
246 247
246 274
247 248
247 275
248 249
248 276
249 250
249 277
250 251
250 278
251 252
251 279
252 280
252 397
253 254
253 281
254 255
254 282
255 256
255 283
256 257
256 284
257 258
257 285
258 259
258 286
258 287
259 260
259 287
260 261
260 288
260 289
261 262
261 289
262 263
262 290
263 264
263 291
264 265
264 292
265 266
265 293
265 294
266 267
266 294
266 295
267 268
267 295
268 269
268 296
268 297
269 270
269 297
270 271
270 298
271 272
271 299
271 300
272 273
272 300
272 301
273 274
273 301
274 275
274 302
275 276
275 303
276 277
276 304
277 278
277 305
278 279
278 306
279 280
279 307
280 308
280 397
281 282
281 309
282 283
282 310
283 284
283 311
283 312
284 285
284 312
285 286
285 313
285 314
286 287
286 314
287 288
287 315
288 289
288 316
289 290
289 317
289 318
290 291
290 318
291 292
291 319
292 293
292 320
293 294
293 321
294 295
294 322
294 323
295 296
295 323
296 297
296 324
297 298
297 325
298 299
298 326
298 327
299 300
299 327
299 328
300 301
300 328
301 302
301 329
302 303
302 330
303 304
303 331
304 305
304 332
305 306
305 333
306 307
306 334
307 308
307 335
308 336
308 397
309 310
309 337
310 311
310 338
311 312
311 339
311 340
312 313
312 340
313 314
313 341
314 315
314 342
315 316
315 343
316 317
316 344
317 318
317 345
318 319
318 346
318 347
319 320
319 347
320 321
320 348
320 349
321 322
321 349
322 323
322 350
323 324
323 351
324 325
324 352
324 353
325 326
325 353
326 327
326 354
327 328
327 355
328 329
328 356
328 357
329 330
329 357
330 331
330 358
330 359
331 332
331 359
332 333
332 360
333 334
333 361
334 335
334 362
334 363
335 336
335 363
336 364
336 397
337 338
337 365
338 339
338 366
339 340
339 367
340 341
340 368
341 342
341 369
341 370
342 343
342 370
343 344
343 371
344 345
344 372
345 346
345 373
346 347
346 374
346 375
347 348
347 375
348 349
348 376
349 350
349 377
349 378
350 351
350 378
351 352
351 379
352 353
352 380
353 354
353 381
354 355
354 382
354 383
355 356
355 383
356 357
356 384
357 358
357 385
357 386
358 359
358 386
359 360
359 387
360 361
360 388
361 362
361 389
362 363
362 390
363 364
363 391
364 392
364 397
365 366
365 393
365 394
366 367
366 394
367 368
367 395
367 396
368 369
368 396
369 370
370 371
371 372
372 373
373 374
374 375
375 376
376 377
377 378
378 379
379 380
380 381
381 382
382 383
383 384
384 385
385 386
386 387
387 388
388 389
389 390
390 391
391 392
392 397
393 394
393 397
394 395
394 397
395 396
395 397
396 397
