# Tier 7 (Very Large) - Instance 79
# Generated with config: N=353, K=3, topology=grid, calendar=random

# HEADER: <num_tasks> <num_types> <num_units>
355 3 20

# RESOURCE TYPES
# Format: <type_id> <num_units> <unit_id1> <unit_id2> ...
0 7 0 1 2 3 4 5 6
1 7 7 8 9 10 11 12 13
2 6 14 15 16 17 18 19

# RESOURCE UNITS (Calendars)
# Format: <unit_id> <num_steps> <t1> <v1> <t2> <v2> ...
0 27 0 0 13 100 148 0 152 100 370 0 384 100 423 0 428 100 566 0 581 100 663 0 668 100 751 0 761 100 833 0 851 100 998 0 1003 100 1203 0 1207 100 1365 0 1367 100 1515 0 1528 100 1675 0 1691 100 3253 0
1 27 0 0 18 100 107 0 120 100 305 0 322 100 423 0 425 100 504 0 515 100 706 0 711 100 764 0 768 100 964 0 981 100 1020 0 1024 100 1084 0 1091 100 1274 0 1286 100 1339 0 1353 100 1499 0 1504 100 3253 0
2 27 0 0 18 100 99 0 117 100 332 0 345 100 453 0 461 100 621 0 634 100 743 0 760 100 841 0 848 100 1008 0 1011 100 1231 0 1234 100 1334 0 1347 100 1476 0 1479 100 1689 0 1692 100 1871 0 1888 100 3253 0
3 27 0 0 4 100 223 0 229 100 431 0 434 100 472 0 483 100 655 0 662 100 815 0 831 100 974 0 976 100 1164 0 1171 100 1337 0 1348 100 1386 0 1403 100 1569 0 1572 100 1731 0 1746 100 1828 0 1834 100 3253 0
4 27 0 0 5 100 123 0 131 100 191 0 208 100 381 0 387 100 434 0 445 100 599 0 617 100 750 0 753 100 868 0 873 100 941 0 952 100 1073 0 1081 100 1156 0 1166 100 1260 0 1271 100 1346 0 1355 100 3253 0
5 27 0 100 187 0 190 100 384 0 386 100 506 0 518 100 740 0 754 100 924 0 931 100 1049 0 1061 100 1250 0 1256 100 1337 0 1346 100 1518 0 1520 100 1706 0 1718 100 1853 0 1859 100 1914 0 1916 100 1996 0 3253 0
6 27 0 0 3 100 145 0 158 100 204 0 208 100 250 0 254 100 296 0 299 100 437 0 448 100 548 0 560 100 610 0 624 100 816 0 822 100 985 0 996 100 1149 0 1162 100 1340 0 1344 100 1394 0 1412 100 3253 0
7 27 0 100 81 0 96 100 206 0 217 100 385 0 393 100 590 0 603 100 656 0 668 100 844 0 859 100 1060 0 1075 100 1266 0 1278 100 1334 0 1351 100 1493 0 1497 100 1705 0 1709 100 1811 0 1827 100 1931 0 3253 0
8 27 0 100 100 0 103 100 155 0 159 100 381 0 391 100 546 0 558 100 623 0 640 100 814 0 817 100 1016 0 1027 100 1140 0 1157 100 1374 0 1378 100 1494 0 1505 100 1694 0 1696 100 1835 0 1846 100 1916 0 3253 0
9 27 0 0 7 100 204 0 219 100 374 0 388 100 531 0 547 100 717 0 733 100 916 0 920 100 993 0 1008 100 1188 0 1202 100 1397 0 1410 100 1612 0 1628 100 1831 0 1835 100 2026 0 2030 100 2104 0 2116 100 3253 0
10 27 0 100 206 0 223 100 309 0 326 100 497 0 509 100 650 0 665 100 808 0 810 100 980 0 990 100 1064 0 1077 100 1265 0 1282 100 1491 0 1498 100 1654 0 1668 100 1776 0 1788 100 1835 0 1837 100 1991 0 3253 0
11 27 0 100 166 0 174 100 315 0 331 100 467 0 480 100 526 0 533 100 675 0 692 100 889 0 894 100 1073 0 1077 100 1184 0 1200 100 1315 0 1318 100 1395 0 1411 100 1472 0 1479 100 1614 0 1619 100 1689 0 3253 0
12 27 0 100 158 0 171 100 311 0 314 100 462 0 469 100 531 0 549 100 736 0 741 100 842 0 845 100 951 0 955 100 1101 0 1105 100 1176 0 1186 100 1352 0 1364 100 1566 0 1578 100 1751 0 1756 100 1820 0 3253 0
13 27 0 0 2 100 141 0 154 100 220 0 222 100 351 0 354 100 462 0 471 100 626 0 636 100 847 0 858 100 899 0 913 100 977 0 985 100 1114 0 1118 100 1302 0 1304 100 1382 0 1388 100 1603 0 1616 100 3253 0
14 27 0 0 5 100 76 0 81 100 267 0 278 100 380 0 395 100 500 0 514 100 586 0 595 100 706 0 719 100 827 0 840 100 896 0 898 100 1079 0 1095 100 1232 0 1235 100 1282 0 1291 100 1465 0 1479 100 3253 0
15 27 0 100 185 0 201 100 333 0 335 100 483 0 485 100 540 0 542 100 739 0 754 100 933 0 938 100 982 0 985 100 1132 0 1137 100 1347 0 1357 100 1537 0 1553 100 1777 0 1795 100 1974 0 1981 100 2164 0 3253 0
16 27 0 100 195 0 201 100 246 0 264 100 372 0 377 100 598 0 612 100 793 0 809 100 929 0 942 100 1065 0 1067 100 1233 0 1251 100 1304 0 1312 100 1496 0 1506 100 1561 0 1577 100 1718 0 1735 100 1835 0 3253 0
17 27 0 0 10 100 159 0 163 100 254 0 257 100 418 0 432 100 584 0 589 100 781 0 799 100 845 0 854 100 907 0 915 100 1078 0 1096 100 1195 0 1201 100 1279 0 1291 100 1430 0 1448 100 1578 0 1589 100 3253 0
18 27 0 0 18 100 76 0 85 100 134 0 151 100 327 0 335 100 546 0 564 100 741 0 759 100 847 0 854 100 975 0 977 100 1060 0 1077 100 1138 0 1145 100 1199 0 1207 100 1430 0 1448 100 1496 0 1510 100 3253 0
19 27 0 0 8 100 51 0 67 100 222 0 232 100 292 0 294 100 444 0 453 100 541 0 553 100 737 0 748 100 948 0 953 100 1061 0 1063 100 1242 0 1245 100 1440 0 1448 100 1581 0 1595 100 1776 0 1793 100 3253 0

# TASKS
# Format: <task_id> <size> <num_reqs>
# Then for each requirement: <type_id> <qty>
0 0 3
 0 0
 1 0
 2 0
1 7 3
 0 0
 1 2
 2 2
2 6 3
 0 0
 1 1
 2 2
3 13 3
 0 0
 1 3
 2 2
4 12 3
 0 1
 1 3
 2 2
5 13 3
 0 0
 1 1
 2 2
6 15 3
 0 0
 1 0
 2 3
7 3 3
 0 3
 1 0
 2 2
8 16 3
 0 3
 1 3
 2 0
9 6 3
 0 1
 1 0
 2 0
10 7 3
 0 1
 1 0
 2 3
11 16 3
 0 0
 1 2
 2 0
12 12 3
 0 3
 1 3
 2 0
13 16 3
 0 0
 1 1
 2 3
14 1 3
 0 0
 1 0
 2 1
15 16 3
 0 1
 1 3
 2 3
16 19 3
 0 2
 1 1
 2 2
17 7 3
 0 0
 1 0
 2 2
18 15 3
 0 0
 1 1
 2 1
19 14 3
 0 3
 1 1
 2 2
20 20 3
 0 0
 1 1
 2 1
21 16 3
 0 3
 1 2
 2 3
22 3 3
 0 1
 1 1
 2 2
23 17 3
 0 3
 1 3
 2 2
24 5 3
 0 2
 1 1
 2 2
25 18 3
 0 3
 1 0
 2 3
26 2 3
 0 2
 1 0
 2 0
27 11 3
 0 0
 1 1
 2 2
28 13 3
 0 2
 1 2
 2 0
29 4 3
 0 3
 1 3
 2 0
30 2 3
 0 1
 1 1
 2 2
31 11 3
 0 0
 1 1
 2 1
32 16 3
 0 0
 1 2
 2 3
33 8 3
 0 2
 1 0
 2 0
34 13 3
 0 3
 1 0
 2 3
35 19 3
 0 2
 1 0
 2 0
36 1 3
 0 0
 1 1
 2 0
37 15 3
 0 2
 1 3
 2 1
38 1 3
 0 2
 1 3
 2 0
39 9 3
 0 2
 1 1
 2 3
40 16 3
 0 1
 1 0
 2 0
41 18 3
 0 3
 1 2
 2 0
42 19 3
 0 0
 1 0
 2 1
43 1 3
 0 3
 1 0
 2 2
44 10 3
 0 2
 1 2
 2 0
45 5 3
 0 2
 1 0
 2 2
46 11 3
 0 2
 1 0
 2 0
47 9 3
 0 2
 1 0
 2 0
48 5 3
 0 0
 1 0
 2 2
49 13 3
 0 2
 1 2
 2 3
50 19 3
 0 2
 1 0
 2 0
51 12 3
 0 0
 1 0
 2 1
52 1 3
 0 2
 1 1
 2 2
53 1 3
 0 1
 1 0
 2 3
54 18 3
 0 0
 1 1
 2 0
55 14 3
 0 3
 1 0
 2 1
56 12 3
 0 1
 1 3
 2 1
57 1 3
 0 2
 1 0
 2 2
58 3 3
 0 3
 1 0
 2 3
59 14 3
 0 2
 1 0
 2 0
60 13 3
 0 3
 1 1
 2 0
61 19 3
 0 1
 1 1
 2 0
62 19 3
 0 0
 1 1
 2 1
63 6 3
 0 2
 1 2
 2 3
64 20 3
 0 3
 1 2
 2 1
65 9 3
 0 0
 1 0
 2 1
66 14 3
 0 0
 1 3
 2 0
67 4 3
 0 1
 1 3
 2 0
68 20 3
 0 0
 1 0
 2 2
69 5 3
 0 3
 1 2
 2 3
70 3 3
 0 2
 1 3
 2 2
71 10 3
 0 2
 1 0
 2 1
72 18 3
 0 0
 1 0
 2 2
73 12 3
 0 3
 1 2
 2 0
74 3 3
 0 3
 1 0
 2 0
75 14 3
 0 3
 1 0
 2 2
76 14 3
 0 3
 1 0
 2 0
77 5 3
 0 0
 1 2
 2 3
78 6 3
 0 2
 1 2
 2 2
79 9 3
 0 1
 1 0
 2 0
80 4 3
 0 3
 1 1
 2 0
81 18 3
 0 3
 1 0
 2 1
82 17 3
 0 1
 1 2
 2 0
83 18 3
 0 0
 1 3
 2 2
84 8 3
 0 0
 1 2
 2 2
85 4 3
 0 0
 1 0
 2 1
86 8 3
 0 0
 1 3
 2 1
87 12 3
 0 3
 1 1
 2 1
88 6 3
 0 1
 1 1
 2 3
89 16 3
 0 1
 1 3
 2 0
90 3 3
 0 0
 1 3
 2 3
91 12 3
 0 2
 1 0
 2 0
92 13 3
 0 0
 1 2
 2 3
93 16 3
 0 0
 1 1
 2 2
94 13 3
 0 0
 1 3
 2 1
95 4 3
 0 3
 1 3
 2 1
96 16 3
 0 3
 1 3
 2 1
97 11 3
 0 3
 1 0
 2 0
98 20 3
 0 3
 1 2
 2 3
99 9 3
 0 0
 1 1
 2 0
100 17 3
 0 0
 1 0
 2 3
101 2 3
 0 0
 1 3
 2 3
102 12 3
 0 0
 1 1
 2 2
103 9 3
 0 0
 1 3
 2 1
104 19 3
 0 1
 1 1
 2 2
105 15 3
 0 3
 1 3
 2 1
106 3 3
 0 2
 1 1
 2 3
107 20 3
 0 2
 1 0
 2 3
108 5 3
 0 3
 1 0
 2 2
109 6 3
 0 0
 1 2
 2 0
110 11 3
 0 0
 1 2
 2 1
111 11 3
 0 3
 1 3
 2 2
112 20 3
 0 0
 1 3
 2 0
113 8 3
 0 1
 1 3
 2 1
114 10 3
 0 0
 1 1
 2 0
115 8 3
 0 2
 1 0
 2 1
116 19 3
 0 3
 1 1
 2 1
117 5 3
 0 0
 1 3
 2 0
118 19 3
 0 3
 1 1
 2 3
119 14 3
 0 1
 1 0
 2 3
120 8 3
 0 0
 1 2
 2 3
121 13 3
 0 1
 1 3
 2 1
122 17 3
 0 2
 1 1
 2 1
123 10 3
 0 0
 1 0
 2 1
124 15 3
 0 1
 1 3
 2 0
125 8 3
 0 3
 1 0
 2 1
126 13 3
 0 3
 1 2
 2 1
127 10 3
 0 1
 1 3
 2 3
128 1 3
 0 2
 1 2
 2 1
129 10 3
 0 0
 1 3
 2 2
130 8 3
 0 0
 1 0
 2 1
131 2 3
 0 0
 1 3
 2 2
132 19 3
 0 2
 1 0
 2 1
133 11 3
 0 0
 1 1
 2 0
134 13 3
 0 0
 1 0
 2 2
135 5 3
 0 1
 1 3
 2 0
136 10 3
 0 0
 1 3
 2 1
137 2 3
 0 0
 1 3
 2 1
138 2 3
 0 0
 1 1
 2 0
139 1 3
 0 2
 1 3
 2 0
140 10 3
 0 1
 1 3
 2 2
141 4 3
 0 2
 1 0
 2 3
142 5 3
 0 0
 1 1
 2 3
143 16 3
 0 0
 1 1
 2 1
144 6 3
 0 0
 1 3
 2 2
145 6 3
 0 0
 1 3
 2 0
146 13 3
 0 0
 1 2
 2 2
147 18 3
 0 0
 1 0
 2 1
148 3 3
 0 1
 1 0
 2 1
149 6 3
 0 1
 1 0
 2 3
150 2 3
 0 2
 1 3
 2 3
151 10 3
 0 2
 1 2
 2 1
152 4 3
 0 2
 1 3
 2 0
153 3 3
 0 1
 1 0
 2 0
154 19 3
 0 0
 1 0
 2 2
155 8 3
 0 1
 1 0
 2 0
156 17 3
 0 1
 1 0
 2 2
157 1 3
 0 0
 1 3
 2 1
158 4 3
 0 2
 1 0
 2 3
159 13 3
 0 0
 1 3
 2 2
160 11 3
 0 2
 1 0
 2 0
161 14 3
 0 3
 1 3
 2 2
162 13 3
 0 2
 1 3
 2 2
163 16 3
 0 3
 1 3
 2 0
164 9 3
 0 0
 1 2
 2 2
165 18 3
 0 0
 1 1
 2 2
166 6 3
 0 3
 1 1
 2 0
167 19 3
 0 3
 1 0
 2 0
168 10 3
 0 0
 1 3
 2 2
169 2 3
 0 3
 1 0
 2 2
170 20 3
 0 3
 1 1
 2 0
171 6 3
 0 0
 1 1
 2 0
172 6 3
 0 1
 1 3
 2 3
173 6 3
 0 3
 1 3
 2 1
174 7 3
 0 0
 1 2
 2 2
175 16 3
 0 3
 1 0
 2 0
176 13 3
 0 0
 1 2
 2 0
177 19 3
 0 0
 1 1
 2 0
178 10 3
 0 0
 1 3
 2 1
179 5 3
 0 2
 1 3
 2 0
180 13 3
 0 3
 1 3
 2 0
181 2 3
 0 1
 1 0
 2 0
182 17 3
 0 0
 1 0
 2 1
183 16 3
 0 3
 1 1
 2 0
184 18 3
 0 2
 1 1
 2 1
185 7 3
 0 0
 1 1
 2 0
186 20 3
 0 0
 1 1
 2 0
187 16 3
 0 2
 1 0
 2 1
188 20 3
 0 0
 1 0
 2 1
189 13 3
 0 0
 1 3
 2 3
190 11 3
 0 1
 1 0
 2 0
191 10 3
 0 3
 1 0
 2 0
192 4 3
 0 0
 1 1
 2 3
193 6 3
 0 1
 1 0
 2 3
194 8 3
 0 0
 1 3
 2 2
195 3 3
 0 0
 1 0
 2 1
196 11 3
 0 3
 1 0
 2 0
197 13 3
 0 2
 1 2
 2 3
198 16 3
 0 2
 1 2
 2 2
199 14 3
 0 3
 1 1
 2 0
200 13 3
 0 0
 1 2
 2 1
201 1 3
 0 3
 1 2
 2 0
202 4 3
 0 0
 1 1
 2 1
203 2 3
 0 2
 1 3
 2 1
204 15 3
 0 0
 1 2
 2 3
205 8 3
 0 3
 1 0
 2 0
206 17 3
 0 3
 1 2
 2 1
207 8 3
 0 1
 1 1
 2 2
208 5 3
 0 0
 1 1
 2 3
209 3 3
 0 0
 1 0
 2 1
210 17 3
 0 2
 1 1
 2 0
211 11 3
 0 3
 1 3
 2 0
212 4 3
 0 1
 1 1
 2 3
213 5 3
 0 1
 1 2
 2 3
214 4 3
 0 0
 1 1
 2 3
215 16 3
 0 0
 1 3
 2 0
216 1 3
 0 0
 1 0
 2 2
217 7 3
 0 0
 1 0
 2 1
218 9 3
 0 1
 1 1
 2 3
219 15 3
 0 0
 1 2
 2 0
220 10 3
 0 0
 1 3
 2 1
221 10 3
 0 2
 1 1
 2 2
222 20 3
 0 1
 1 2
 2 0
223 6 3
 0 0
 1 3
 2 0
224 2 3
 0 2
 1 0
 2 0
225 8 3
 0 3
 1 1
 2 1
226 17 3
 0 0
 1 2
 2 3
227 20 3
 0 2
 1 3
 2 3
228 16 3
 0 2
 1 0
 2 0
229 9 3
 0 0
 1 1
 2 1
230 8 3
 0 0
 1 0
 2 3
231 16 3
 0 3
 1 3
 2 0
232 20 3
 0 2
 1 1
 2 0
233 16 3
 0 2
 1 0
 2 2
234 14 3
 0 2
 1 0
 2 0
235 16 3
 0 3
 1 0
 2 2
236 15 3
 0 3
 1 3
 2 3
237 10 3
 0 2
 1 2
 2 0
238 3 3
 0 0
 1 0
 2 1
239 3 3
 0 0
 1 2
 2 0
240 4 3
 0 1
 1 1
 2 1
241 19 3
 0 0
 1 0
 2 2
242 6 3
 0 0
 1 3
 2 1
243 15 3
 0 2
 1 3
 2 0
244 2 3
 0 1
 1 0
 2 0
245 2 3
 0 1
 1 1
 2 1
246 5 3
 0 3
 1 2
 2 0
247 15 3
 0 3
 1 2
 2 2
248 6 3
 0 0
 1 3
 2 0
249 2 3
 0 0
 1 2
 2 1
250 8 3
 0 1
 1 1
 2 2
251 8 3
 0 0
 1 2
 2 2
252 16 3
 0 0
 1 3
 2 0
253 4 3
 0 2
 1 0
 2 3
254 2 3
 0 0
 1 0
 2 2
255 16 3
 0 0
 1 3
 2 1
256 6 3
 0 1
 1 2
 2 1
257 13 3
 0 0
 1 0
 2 3
258 1 3
 0 3
 1 3
 2 1
259 4 3
 0 2
 1 1
 2 0
260 18 3
 0 0
 1 1
 2 0
261 1 3
 0 0
 1 0
 2 1
262 18 3
 0 1
 1 0
 2 2
263 10 3
 0 3
 1 2
 2 0
264 14 3
 0 0
 1 0
 2 2
265 19 3
 0 0
 1 0
 2 3
266 3 3
 0 3
 1 3
 2 0
267 5 3
 0 3
 1 2
 2 1
268 4 3
 0 3
 1 0
 2 2
269 13 3
 0 1
 1 2
 2 0
270 2 3
 0 0
 1 1
 2 3
271 4 3
 0 2
 1 0
 2 2
272 10 3
 0 1
 1 3
 2 2
273 6 3
 0 2
 1 2
 2 0
274 15 3
 0 0
 1 0
 2 1
275 14 3
 0 0
 1 3
 2 3
276 14 3
 0 1
 1 1
 2 0
277 18 3
 0 0
 1 1
 2 0
278 3 3
 0 1
 1 0
 2 1
279 18 3
 0 2
 1 1
 2 3
280 18 3
 0 0
 1 2
 2 0
281 15 3
 0 0
 1 0
 2 3
282 3 3
 0 0
 1 0
 2 3
283 6 3
 0 1
 1 2
 2 1
284 3 3
 0 0
 1 0
 2 2
285 2 3
 0 1
 1 0
 2 1
286 10 3
 0 0
 1 3
 2 0
287 6 3
 0 3
 1 2
 2 0
288 11 3
 0 0
 1 3
 2 2
289 1 3
 0 2
 1 0
 2 0
290 8 3
 0 0
 1 0
 2 3
291 12 3
 0 0
 1 0
 2 1
292 11 3
 0 2
 1 0
 2 2
293 12 3
 0 3
 1 1
 2 1
294 17 3
 0 0
 1 2
 2 0
295 11 3
 0 0
 1 0
 2 1
296 19 3
 0 0
 1 2
 2 3
297 10 3
 0 2
 1 2
 2 1
298 10 3
 0 0
 1 1
 2 0
299 15 3
 0 0
 1 1
 2 0
300 19 3
 0 0
 1 0
 2 2
301 2 3
 0 0
 1 1
 2 1
302 20 3
 0 1
 1 0
 2 2
303 18 3
 0 0
 1 0
 2 2
304 20 3
 0 2
 1 0
 2 0
305 18 3
 0 0
 1 0
 2 3
306 17 3
 0 0
 1 2
 2 0
307 14 3
 0 0
 1 0
 2 2
308 2 3
 0 3
 1 0
 2 2
309 13 3
 0 1
 1 0
 2 3
310 3 3
 0 2
 1 1
 2 0
311 9 3
 0 1
 1 2
 2 2
312 19 3
 0 0
 1 0
 2 1
313 2 3
 0 2
 1 0
 2 3
314 10 3
 0 3
 1 0
 2 0
315 11 3
 0 1
 1 0
 2 0
316 10 3
 0 0
 1 2
 2 2
317 20 3
 0 0
 1 1
 2 0
318 16 3
 0 2
 1 2
 2 0
319 3 3
 0 1
 1 2
 2 2
320 15 3
 0 3
 1 1
 2 0
321 1 3
 0 0
 1 3
 2 0
322 20 3
 0 0
 1 2
 2 3
323 1 3
 0 1
 1 1
 2 0
324 13 3
 0 3
 1 0
 2 1
325 19 3
 0 0
 1 3
 2 3
326 12 3
 0 0
 1 2
 2 3
327 13 3
 0 0
 1 1
 2 0
328 7 3
 0 0
 1 2
 2 2
329 14 3
 0 0
 1 3
 2 0
330 20 3
 0 2
 1 2
 2 3
331 8 3
 0 1
 1 3
 2 1
332 16 3
 0 1
 1 0
 2 2
333 16 3
 0 1
 1 0
 2 0
334 2 3
 0 0
 1 0
 2 2
335 12 3
 0 3
 1 0
 2 3
336 11 3
 0 1
 1 0
 2 2
337 1 3
 0 2
 1 0
 2 2
338 1 3
 0 0
 1 1
 2 3
339 20 3
 0 1
 1 1
 2 1
340 18 3
 0 2
 1 0
 2 2
341 6 3
 0 0
 1 1
 2 0
342 8 3
 0 1
 1 1
 2 2
343 3 3
 0 0
 1 1
 2 2
344 15 3
 0 3
 1 3
 2 3
345 10 3
 0 3
 1 1
 2 0
346 15 3
 0 3
 1 3
 2 2
347 17 3
 0 2
 1 0
 2 0
348 16 3
 0 0
 1 0
 2 1
349 12 3
 0 2
 1 0
 2 3
350 14 3
 0 2
 1 0
 2 0
351 7 3
 0 0
 1 1
 2 0
352 2 3
 0 0
 1 2
 2 0
353 2 3
 0 0
 1 0
 2 1
354 0 3
 0 0
 1 0
 2 0

# PRECEDENCES
798
0 1
0 27
0 53
0 79
0 105
0 131
0 157
0 183
0 209
0 235
0 261
0 287
0 313
0 339
1 2
1 27
1 28
2 3
2 28
3 4
3 29
4 5
4 30
5 6
5 31
6 7
6 32
7 8
7 33
8 9
8 34
9 10
9 35
9 36
10 11
10 36
11 12
11 37
12 13
12 38
12 39
13 14
13 39
14 15
14 40
15 16
15 41
16 17
16 42
17 18
17 43
17 44
18 19
18 44
18 45
19 20
19 45
19 46
20 21
20 46
21 22
21 47
22 23
22 48
22 49
23 24
23 49
24 25
24 50
24 51
25 26
25 51
26 52
26 354
27 28
27 53
27 54
28 29
28 54
29 30
29 55
30 31
30 56
31 32
31 57
31 58
32 33
32 58
33 34
33 59
34 35
34 60
34 61
35 36
35 61
36 37
36 62
36 63
37 38
37 63
38 39
38 64
39 40
39 65
40 41
40 66
41 42
41 67
42 43
42 68
42 69
43 44
43 69
44 45
44 70
45 46
45 71
45 72
46 47
46 72
47 48
47 73
47 74
48 49
48 74
48 75
49 50
49 75
50 51
50 76
51 52
51 77
51 78
52 78
52 354
53 54
53 79
54 55
54 80
55 56
55 81
56 57
56 82
57 58
57 83
58 59
58 84
58 85
59 60
59 85
60 61
60 86
61 62
61 87
62 63
62 88
63 64
63 89
64 65
64 90
65 66
65 91
66 67
66 92
66 93
67 68
67 93
67 94
68 69
68 94
69 70
69 95
69 96
70 71
70 96
71 72
71 97
72 73
72 98
73 74
73 99
74 75
74 100
75 76
75 101
75 102
76 77
76 102
76 103
77 78
77 103
78 104
78 354
79 80
79 105
80 81
80 106
81 82
81 107
82 83
82 108
82 109
83 84
83 109
83 110
84 85
84 110
85 86
85 111
86 87
86 112
87 88
87 113
88 89
88 114
89 90
89 115
90 91
90 116
91 92
91 117
91 118
92 93
92 118
93 94
93 119
93 120
94 95
94 120
95 96
95 121
95 122
96 97
96 122
96 123
97 98
97 123
98 99
98 124
98 125
99 100
99 125
100 101
100 126
101 102
101 127
101 128
102 103
102 128
103 104
103 129
104 130
104 354
105 106
105 131
106 107
106 132
107 108
107 133
108 109
108 134
109 110
109 135
110 111
110 136
111 112
111 137
111 138
112 113
112 138
113 114
113 139
113 140
114 115
114 140
115 116
115 141
116 117
116 142
116 143
117 118
117 143
118 119
118 144
119 120
119 145
120 121
120 146
121 122
121 147
121 148
122 123
122 148
123 124
123 149
123 150
124 125
124 150
125 126
125 151
125 152
126 127
126 152
127 128
127 153
128 129
128 154
129 130
129 155
129 156
130 156
130 354
131 132
131 157
132 133
132 158
133 134
133 159
133 160
134 135
134 160
134 161
135 136
135 161
136 137
136 162
136 163
137 138
137 163
137 164
138 139
138 164
139 140
139 165
140 141
140 166
141 142
141 167
142 143
142 168
143 144
143 169
144 145
144 170
145 146
145 171
146 147
146 172
146 173
147 148
147 173
147 174
148 149
148 174
149 150
149 175
150 151
150 176
151 152
151 177
152 153
152 178
152 179
153 154
153 179
154 155
154 180
155 156
155 181
155 182
156 182
156 354
157 158
157 183
158 159
158 184
159 160
159 185
159 186
160 161
160 186
161 162
161 187
162 163
162 188
163 164
163 189
164 165
164 190
165 166
165 191
165 192
166 167
166 192
167 168
167 193
168 169
168 194
169 170
169 195
170 171
170 196
171 172
171 197
172 173
172 198
173 174
173 199
174 175
174 200
174 201
175 176
175 201
176 177
176 202
177 178
177 203
177 204
178 179
178 204
178 205
179 180
179 205
180 181
180 206
180 207
181 182
181 207
182 208
182 354
183 184
183 209
184 185
184 210
185 186
185 211
186 187
186 212
186 213
187 188
187 213
188 189
188 214
189 190
189 215
190 191
190 216
191 192
191 217
192 193
192 218
193 194
193 219
194 195
194 220
194 221
195 196
195 221
196 197
196 222
197 198
197 223
197 224
198 199
198 224
199 200
199 225
200 201
200 226
201 202
201 227
202 203
202 228
202 229
203 204
203 229
204 205
204 230
205 206
205 231
206 207
206 232
207 208
207 233
207 234
208 234
208 354
209 210
209 235
210 211
210 236
211 212
211 237
212 213
212 238
212 239
213 214
213 239
214 215
214 240
215 216
215 241
215 242
216 217
216 242
217 218
217 243
218 219
218 244
219 220
219 245
220 221
220 246
220 247
221 222
221 247
222 223
222 248
223 224
223 249
224 225
224 250
224 251
225 226
225 251
226 227
226 252
227 228
227 253
227 254
228 229
228 254
228 255
229 230
229 255
230 231
230 256
231 232
231 257
232 233
232 258
233 234
233 259
234 260
234 354
235 236
235 261
236 237
236 262
236 263
237 238
237 263
238 239
238 264
239 240
239 265
240 241
240 266
241 242
241 267
242 243
242 268
243 244
243 269
243 270
244 245
244 270
245 246
245 271
245 272
246 247
246 272
247 248
247 273
247 274
248 249
248 274
249 250
249 275
250 251
250 276
251 252
251 277
252 253
252 278
252 279
253 254
253 279
253 280
254 255
254 280
255 256
255 281
256 257
256 282
257 258
257 283
258 259
258 284
259 260
259 285
260 286
260 354
261 262
261 287
262 263
262 288
262 289
263 264
263 289
264 265
264 290
265 266
265 291
266 267
266 292
267 268
267 293
268 269
268 294
269 270
269 295
269 296
270 271
270 296
270 297
271 272
271 297
272 273
272 298
273 274
273 299
273 300
274 275
274 300
275 276
275 301
276 277
276 302
277 278
277 303
277 304
278 279
278 304
279 280
279 305
280 281
280 306
280 307
281 282
281 307
282 283
282 308
283 284
283 309
283 310
284 285
284 310
285 286
285 311
286 312
286 354
287 288
287 313
287 314
288 289
288 314
289 290
289 315
290 291
290 316
290 317
291 292
291 317
291 318
292 293
292 318
293 294
293 319
293 320
294 295
294 320
295 296
295 321
296 297
296 322
297 298
297 323
298 299
298 324
299 300
299 325
300 301
300 326
300 327
301 302
301 327
302 303
302 328
302 329
303 304
303 329
304 305
304 330
304 331
305 306
305 331
306 307
306 332
306 333
307 308
307 333
307 334
308 309
308 334
309 310
309 335
309 336
310 311
310 336
311 312
311 337
312 338
312 354
313 314
313 339
313 340
314 315
314 340
314 341
315 316
315 341
316 317
316 342
317 318
317 343
318 319
318 344
318 345
319 320
319 345
320 321
320 346
321 322
321 347
322 323
322 348
323 324
323 349
324 325
324 350
324 351
325 326
325 351
326 327
326 352
327 328
327 353
328 329
329 330
330 331
331 332
332 333
333 334
334 335
335 336
336 337
337 338
338 354
339 340
339 354
340 341
340 354
341 342
341 354
342 343
342 354
343 344
343 354
344 345
344 354
345 346
345 354
346 347
346 354
347 348
347 354
348 349
348 354
349 350
349 354
350 351
350 354
351 352
351 354
352 353
352 354
353 354
