# Tier 7 (Very Large) - Instance 64
# Generated with config: N=316, K=4, topology=random_dag, calendar=random

# HEADER: <num_tasks> <num_types> <num_units>
318 4 30

# RESOURCE TYPES
# Format: <type_id> <num_units> <unit_id1> <unit_id2> ...
0 7 0 1 2 3 4 5 6
1 8 7 8 9 10 11 12 13 14
2 8 15 16 17 18 19 20 21 22
3 7 23 24 25 26 27 28 29

# RESOURCE UNITS (Calendars)
# Format: <unit_id> <num_steps> <t1> <v1> <t2> <v2> ...
0 25 0 100 42 0 60 100 178 0 182 100 241 0 247 100 361 0 363 100 516 0 531 100 768 0 780 100 846 0 852 100 990 0 994 100 1144 0 1156 100 1367 0 1383 100 1485 0 1494 100 1552 0 3184 0
1 25 0 100 128 0 135 100 224 0 233 100 395 0 411 100 490 0 497 100 584 0 590 100 742 0 755 100 926 0 942 100 1011 0 1024 100 1248 0 1266 100 1483 0 1492 100 1582 0 1595 100 1772 0 3184 0
2 25 0 100 170 0 184 100 389 0 401 100 543 0 562 100 635 0 651 100 787 0 794 100 993 0 1002 100 1225 0 1228 100 1324 0 1329 100 1406 0 1419 100 1615 0 1619 100 1828 0 1841 100 1885 0 3184 0
3 25 0 0 18 100 109 0 126 100 267 0 282 100 413 0 416 100 593 0 601 100 707 0 709 100 839 0 843 100 968 0 979 100 1213 0 1221 100 1391 0 1400 100 1510 0 1517 100 1726 0 1736 100 3184 0
4 25 0 0 13 100 194 0 196 100 252 0 269 100 411 0 429 100 583 0 588 100 634 0 649 100 748 0 750 100 971 0 978 100 1189 0 1195 100 1284 0 1288 100 1451 0 1465 100 1562 0 1577 100 3184 0
5 25 0 0 18 100 238 0 250 100 318 0 321 100 415 0 423 100 576 0 579 100 747 0 760 100 849 0 851 100 917 0 922 100 969 0 984 100 1152 0 1165 100 1288 0 1295 100 1366 0 1373 100 3184 0
6 25 0 0 7 100 151 0 170 100 376 0 394 100 446 0 461 100 524 0 542 100 686 0 698 100 838 0 853 100 964 0 981 100 1087 0 1103 100 1201 0 1203 100 1339 0 1349 100 1444 0 1457 100 3184 0
7 25 0 100 181 0 183 100 226 0 244 100 372 0 377 100 495 0 512 100 669 0 675 100 861 0 879 100 964 0 967 100 1205 0 1209 100 1336 0 1345 100 1414 0 1419 100 1485 0 1490 100 1628 0 3184 0
8 25 0 0 12 100 172 0 185 100 380 0 387 100 442 0 448 100 497 0 510 100 695 0 710 100 843 0 854 100 1029 0 1043 100 1146 0 1158 100 1338 0 1340 100 1559 0 1577 100 1622 0 1634 100 3184 0
9 25 0 0 10 100 134 0 151 100 379 0 394 100 563 0 567 100 656 0 667 100 736 0 746 100 965 0 982 100 1100 0 1119 100 1169 0 1171 100 1222 0 1225 100 1284 0 1291 100 1478 0 1483 100 3184 0
10 25 0 100 232 0 240 100 437 0 445 100 570 0 586 100 716 0 718 100 786 0 799 100 876 0 883 100 1047 0 1051 100 1268 0 1280 100 1383 0 1397 100 1573 0 1591 100 1782 0 1790 100 1873 0 3184 0
11 25 0 0 2 100 136 0 147 100 336 0 353 100 466 0 478 100 612 0 626 100 836 0 850 100 994 0 999 100 1080 0 1089 100 1147 0 1155 100 1335 0 1343 100 1522 0 1541 100 1727 0 1729 100 3184 0
12 25 0 0 2 100 202 0 216 100 285 0 303 100 433 0 444 100 491 0 502 100 659 0 675 100 721 0 732 100 808 0 821 100 905 0 911 100 1031 0 1036 100 1199 0 1212 100 1378 0 1386 100 3184 0
13 25 0 0 14 100 241 0 249 100 313 0 324 100 552 0 555 100 683 0 700 100 929 0 932 100 981 0 992 100 1128 0 1135 100 1354 0 1372 100 1578 0 1593 100 1821 0 1829 100 1909 0 1922 100 3184 0
14 25 0 100 46 0 51 100 191 0 195 100 291 0 303 100 480 0 483 100 529 0 538 100 654 0 661 100 766 0 779 100 849 0 864 100 949 0 955 100 1059 0 1075 100 1159 0 1171 100 1246 0 3184 0
15 25 0 100 105 0 121 100 235 0 237 100 407 0 412 100 497 0 514 100 608 0 613 100 829 0 839 100 1026 0 1028 100 1162 0 1176 100 1337 0 1350 100 1425 0 1433 100 1503 0 1515 100 1611 0 3184 0
16 25 0 0 6 100 200 0 204 100 402 0 421 100 466 0 470 100 692 0 707 100 793 0 808 100 993 0 1000 100 1093 0 1112 100 1276 0 1293 100 1451 0 1461 100 1673 0 1680 100 1834 0 1838 100 3184 0
17 25 0 100 120 0 139 100 235 0 238 100 430 0 448 100 604 0 608 100 796 0 812 100 854 0 863 100 997 0 1007 100 1158 0 1173 100 1285 0 1289 100 1338 0 1345 100 1576 0 1590 100 1705 0 3184 0
18 25 0 0 17 100 245 0 255 100 432 0 435 100 584 0 601 100 674 0 682 100 848 0 862 100 1018 0 1025 100 1116 0 1129 100 1204 0 1210 100 1378 0 1381 100 1591 0 1600 100 1755 0 1758 100 3184 0
19 25 0 0 15 100 197 0 200 100 390 0 409 100 637 0 646 100 732 0 736 100 864 0 880 100 1090 0 1096 100 1317 0 1325 100 1517 0 1534 100 1589 0 1601 100 1810 0 1826 100 1929 0 1941 100 3184 0
20 25 0 100 168 0 186 100 353 0 370 100 599 0 605 100 762 0 773 100 969 0 976 100 1042 0 1058 100 1273 0 1275 100 1454 0 1471 100 1613 0 1626 100 1689 0 1692 100 1787 0 1792 100 1926 0 3184 0
21 25 0 100 147 0 162 100 249 0 262 100 322 0 324 100 386 0 388 100 558 0 562 100 646 0 657 100 728 0 742 100 908 0 923 100 1042 0 1049 100 1225 0 1228 100 1367 0 1373 100 1605 0 3184 0
22 25 0 0 19 100 226 0 234 100 326 0 342 100 389 0 407 100 508 0 524 100 592 0 609 100 808 0 823 100 987 0 995 100 1193 0 1201 100 1317 0 1333 100 1505 0 1523 100 1633 0 1646 100 3184 0
23 25 0 0 4 100 222 0 231 100 356 0 372 100 599 0 609 100 688 0 695 100 858 0 873 100 1054 0 1072 100 1126 0 1135 100 1257 0 1274 100 1395 0 1402 100 1496 0 1509 100 1660 0 1675 100 3184 0
24 25 0 100 88 0 95 100 291 0 297 100 356 0 375 100 491 0 507 100 604 0 606 100 646 0 663 100 848 0 855 100 915 0 921 100 1022 0 1028 100 1233 0 1235 100 1288 0 1298 100 1450 0 3184 0
25 25 0 100 87 0 102 100 274 0 284 100 332 0 350 100 484 0 494 100 589 0 597 100 718 0 733 100 807 0 817 100 953 0 955 100 1162 0 1166 100 1324 0 1329 100 1446 0 1449 100 1531 0 3184 0
26 25 0 0 6 100 193 0 212 100 422 0 428 100 640 0 644 100 804 0 810 100 1045 0 1054 100 1098 0 1113 100 1198 0 1210 100 1438 0 1453 100 1565 0 1579 100 1628 0 1631 100 1792 0 1809 100 3184 0
27 25 0 0 8 100 241 0 257 100 492 0 499 100 541 0 557 100 631 0 648 100 744 0 755 100 873 0 880 100 1057 0 1075 100 1248 0 1254 100 1344 0 1359 100 1526 0 1533 100 1651 0 1656 100 3184 0
28 25 0 100 64 0 75 100 308 0 318 100 527 0 538 100 628 0 633 100 692 0 698 100 775 0 778 100 834 0 847 100 1016 0 1027 100 1234 0 1238 100 1473 0 1481 100 1578 0 1583 100 1732 0 3184 0
29 25 0 100 43 0 52 100 166 0 185 100 260 0 272 100 447 0 464 100 694 0 701 100 744 0 747 100 881 0 885 100 986 0 997 100 1191 0 1198 100 1391 0 1396 100 1564 0 1566 100 1725 0 3184 0

# TASKS
# Format: <task_id> <size> <num_reqs>
# Then for each requirement: <type_id> <qty>
0 0 4
 0 0
 1 0
 2 0
 3 0
1 6 4
 0 1
 1 0
 2 0
 3 3
2 10 4
 0 0
 1 2
 2 0
 3 3
3 15 4
 0 3
 1 0
 2 3
 3 3
4 8 4
 0 0
 1 1
 2 0
 3 1
5 19 4
 0 2
 1 1
 2 2
 3 3
6 17 4
 0 3
 1 1
 2 1
 3 0
7 14 4
 0 3
 1 0
 2 0
 3 3
8 19 4
 0 1
 1 0
 2 1
 3 3
9 15 4
 0 2
 1 1
 2 2
 3 0
10 6 4
 0 1
 1 1
 2 2
 3 0
11 15 4
 0 0
 1 0
 2 0
 3 3
12 11 4
 0 1
 1 0
 2 3
 3 0
13 10 4
 0 0
 1 0
 2 1
 3 3
14 19 4
 0 3
 1 0
 2 1
 3 2
15 14 4
 0 0
 1 3
 2 1
 3 1
16 17 4
 0 1
 1 2
 2 0
 3 3
17 16 4
 0 0
 1 1
 2 1
 3 2
18 11 4
 0 1
 1 0
 2 3
 3 0
19 19 4
 0 1
 1 2
 2 2
 3 3
20 18 4
 0 0
 1 0
 2 0
 3 3
21 19 4
 0 3
 1 0
 2 1
 3 0
22 9 4
 0 0
 1 2
 2 2
 3 0
23 19 4
 0 0
 1 3
 2 3
 3 0
24 4 4
 0 2
 1 0
 2 0
 3 2
25 7 4
 0 3
 1 2
 2 0
 3 1
26 7 4
 0 0
 1 1
 2 3
 3 0
27 20 4
 0 3
 1 0
 2 3
 3 2
28 2 4
 0 0
 1 0
 2 1
 3 1
29 12 4
 0 0
 1 2
 2 2
 3 1
30 15 4
 0 1
 1 2
 2 1
 3 0
31 16 4
 0 0
 1 0
 2 3
 3 1
32 15 4
 0 3
 1 3
 2 0
 3 0
33 1 4
 0 0
 1 1
 2 3
 3 0
34 16 4
 0 0
 1 0
 2 3
 3 0
35 20 4
 0 3
 1 1
 2 0
 3 3
36 12 4
 0 1
 1 1
 2 0
 3 1
37 14 4
 0 3
 1 0
 2 1
 3 0
38 6 4
 0 2
 1 3
 2 1
 3 1
39 15 4
 0 0
 1 2
 2 0
 3 1
40 20 4
 0 2
 1 1
 2 0
 3 1
41 9 4
 0 1
 1 2
 2 0
 3 0
42 2 4
 0 1
 1 3
 2 0
 3 3
43 11 4
 0 2
 1 1
 2 1
 3 3
44 11 4
 0 2
 1 0
 2 0
 3 0
45 7 4
 0 3
 1 1
 2 1
 3 3
46 18 4
 0 1
 1 0
 2 2
 3 0
47 3 4
 0 0
 1 0
 2 0
 3 1
48 7 4
 0 2
 1 0
 2 2
 3 3
49 10 4
 0 0
 1 0
 2 2
 3 0
50 17 4
 0 0
 1 2
 2 1
 3 0
51 3 4
 0 1
 1 1
 2 0
 3 0
52 19 4
 0 0
 1 0
 2 1
 3 3
53 10 4
 0 1
 1 0
 2 0
 3 3
54 20 4
 0 2
 1 1
 2 0
 3 0
55 12 4
 0 1
 1 1
 2 0
 3 0
56 11 4
 0 0
 1 1
 2 0
 3 0
57 16 4
 0 0
 1 2
 2 0
 3 2
58 8 4
 0 0
 1 0
 2 3
 3 0
59 3 4
 0 0
 1 3
 2 1
 3 0
60 15 4
 0 2
 1 0
 2 3
 3 0
61 4 4
 0 3
 1 3
 2 3
 3 1
62 11 4
 0 1
 1 2
 2 0
 3 0
63 7 4
 0 3
 1 0
 2 1
 3 2
64 8 4
 0 1
 1 0
 2 2
 3 3
65 9 4
 0 0
 1 2
 2 3
 3 2
66 14 4
 0 3
 1 0
 2 0
 3 3
67 12 4
 0 2
 1 2
 2 0
 3 0
68 13 4
 0 1
 1 1
 2 2
 3 2
69 10 4
 0 0
 1 1
 2 0
 3 0
70 2 4
 0 3
 1 0
 2 0
 3 1
71 12 4
 0 0
 1 1
 2 0
 3 0
72 18 4
 0 0
 1 0
 2 1
 3 3
73 6 4
 0 1
 1 3
 2 2
 3 0
74 1 4
 0 1
 1 0
 2 0
 3 0
75 18 4
 0 0
 1 2
 2 2
 3 2
76 6 4
 0 1
 1 0
 2 2
 3 0
77 8 4
 0 0
 1 0
 2 2
 3 2
78 6 4
 0 1
 1 3
 2 3
 3 0
79 16 4
 0 0
 1 0
 2 1
 3 0
80 15 4
 0 0
 1 1
 2 0
 3 0
81 11 4
 0 0
 1 3
 2 3
 3 2
82 13 4
 0 1
 1 3
 2 0
 3 0
83 1 4
 0 0
 1 2
 2 1
 3 1
84 8 4
 0 0
 1 0
 2 0
 3 2
85 10 4
 0 0
 1 2
 2 1
 3 3
86 20 4
 0 3
 1 3
 2 1
 3 2
87 13 4
 0 3
 1 2
 2 0
 3 0
88 10 4
 0 0
 1 0
 2 2
 3 2
89 11 4
 0 0
 1 3
 2 0
 3 3
90 4 4
 0 2
 1 3
 2 0
 3 1
91 16 4
 0 2
 1 2
 2 2
 3 2
92 2 4
 0 1
 1 1
 2 2
 3 0
93 13 4
 0 1
 1 1
 2 0
 3 3
94 2 4
 0 2
 1 0
 2 3
 3 1
95 3 4
 0 0
 1 1
 2 0
 3 0
96 10 4
 0 2
 1 3
 2 2
 3 1
97 13 4
 0 0
 1 0
 2 0
 3 2
98 10 4
 0 3
 1 0
 2 3
 3 3
99 7 4
 0 2
 1 1
 2 0
 3 1
100 19 4
 0 1
 1 1
 2 1
 3 3
101 4 4
 0 0
 1 0
 2 0
 3 2
102 10 4
 0 0
 1 3
 2 0
 3 0
103 20 4
 0 0
 1 2
 2 2
 3 1
104 2 4
 0 2
 1 0
 2 0
 3 0
105 13 4
 0 0
 1 0
 2 3
 3 0
106 7 4
 0 1
 1 0
 2 3
 3 1
107 8 4
 0 2
 1 0
 2 2
 3 0
108 1 4
 0 0
 1 3
 2 3
 3 2
109 19 4
 0 0
 1 1
 2 1
 3 2
110 19 4
 0 3
 1 0
 2 1
 3 1
111 19 4
 0 3
 1 0
 2 1
 3 1
112 11 4
 0 0
 1 3
 2 0
 3 0
113 20 4
 0 3
 1 0
 2 0
 3 2
114 10 4
 0 1
 1 2
 2 0
 3 0
115 15 4
 0 2
 1 0
 2 3
 3 2
116 18 4
 0 3
 1 1
 2 0
 3 0
117 9 4
 0 3
 1 3
 2 1
 3 2
118 6 4
 0 1
 1 1
 2 1
 3 1
119 10 4
 0 2
 1 2
 2 1
 3 3
120 10 4
 0 0
 1 3
 2 1
 3 3
121 4 4
 0 2
 1 1
 2 1
 3 1
122 17 4
 0 2
 1 0
 2 0
 3 2
123 2 4
 0 1
 1 3
 2 0
 3 1
124 11 4
 0 0
 1 0
 2 2
 3 1
125 12 4
 0 3
 1 0
 2 2
 3 0
126 14 4
 0 0
 1 3
 2 2
 3 1
127 4 4
 0 3
 1 3
 2 3
 3 2
128 16 4
 0 3
 1 0
 2 3
 3 0
129 8 4
 0 1
 1 0
 2 1
 3 2
130 1 4
 0 2
 1 1
 2 2
 3 1
131 6 4
 0 1
 1 3
 2 0
 3 2
132 20 4
 0 1
 1 3
 2 2
 3 0
133 14 4
 0 0
 1 1
 2 0
 3 0
134 6 4
 0 1
 1 1
 2 3
 3 0
135 6 4
 0 2
 1 0
 2 1
 3 0
136 11 4
 0 0
 1 0
 2 1
 3 3
137 7 4
 0 1
 1 1
 2 2
 3 0
138 14 4
 0 0
 1 2
 2 0
 3 0
139 9 4
 0 1
 1 3
 2 0
 3 0
140 17 4
 0 2
 1 1
 2 1
 3 1
141 10 4
 0 1
 1 1
 2 3
 3 0
142 7 4
 0 0
 1 1
 2 3
 3 2
143 15 4
 0 0
 1 0
 2 3
 3 0
144 18 4
 0 3
 1 3
 2 0
 3 0
145 10 4
 0 2
 1 3
 2 3
 3 0
146 7 4
 0 2
 1 2
 2 3
 3 0
147 11 4
 0 0
 1 0
 2 0
 3 1
148 3 4
 0 3
 1 0
 2 3
 3 0
149 11 4
 0 1
 1 2
 2 2
 3 0
150 17 4
 0 2
 1 0
 2 0
 3 0
151 1 4
 0 0
 1 1
 2 3
 3 0
152 4 4
 0 1
 1 1
 2 2
 3 0
153 8 4
 0 2
 1 0
 2 3
 3 1
154 20 4
 0 0
 1 2
 2 0
 3 2
155 17 4
 0 3
 1 1
 2 2
 3 0
156 9 4
 0 3
 1 0
 2 0
 3 1
157 2 4
 0 0
 1 3
 2 3
 3 0
158 4 4
 0 1
 1 0
 2 0
 3 0
159 16 4
 0 0
 1 1
 2 3
 3 1
160 6 4
 0 0
 1 0
 2 3
 3 2
161 20 4
 0 0
 1 1
 2 1
 3 0
162 11 4
 0 1
 1 0
 2 0
 3 3
163 8 4
 0 0
 1 0
 2 1
 3 0
164 18 4
 0 0
 1 1
 2 3
 3 1
165 1 4
 0 2
 1 0
 2 3
 3 0
166 4 4
 0 2
 1 1
 2 0
 3 2
167 15 4
 0 2
 1 3
 2 1
 3 0
168 1 4
 0 0
 1 3
 2 0
 3 0
169 5 4
 0 3
 1 0
 2 3
 3 0
170 8 4
 0 0
 1 3
 2 0
 3 2
171 10 4
 0 2
 1 1
 2 3
 3 2
172 11 4
 0 2
 1 2
 2 0
 3 0
173 19 4
 0 3
 1 3
 2 2
 3 0
174 5 4
 0 0
 1 3
 2 1
 3 0
175 7 4
 0 0
 1 2
 2 1
 3 2
176 8 4
 0 1
 1 0
 2 3
 3 0
177 12 4
 0 0
 1 1
 2 0
 3 0
178 1 4
 0 1
 1 1
 2 1
 3 3
179 19 4
 0 0
 1 1
 2 1
 3 0
180 5 4
 0 1
 1 0
 2 0
 3 3
181 18 4
 0 3
 1 3
 2 1
 3 2
182 7 4
 0 1
 1 0
 2 0
 3 0
183 5 4
 0 1
 1 0
 2 2
 3 0
184 9 4
 0 2
 1 0
 2 2
 3 0
185 8 4
 0 1
 1 1
 2 0
 3 0
186 6 4
 0 0
 1 2
 2 0
 3 1
187 5 4
 0 3
 1 2
 2 2
 3 1
188 15 4
 0 0
 1 3
 2 1
 3 2
189 6 4
 0 3
 1 0
 2 0
 3 1
190 14 4
 0 1
 1 1
 2 0
 3 3
191 3 4
 0 0
 1 2
 2 0
 3 3
192 10 4
 0 0
 1 2
 2 1
 3 0
193 17 4
 0 0
 1 2
 2 3
 3 2
194 4 4
 0 1
 1 1
 2 2
 3 3
195 7 4
 0 2
 1 2
 2 3
 3 1
196 2 4
 0 2
 1 3
 2 2
 3 3
197 13 4
 0 0
 1 1
 2 0
 3 0
198 10 4
 0 1
 1 1
 2 3
 3 3
199 3 4
 0 3
 1 1
 2 0
 3 0
200 3 4
 0 0
 1 0
 2 1
 3 2
201 7 4
 0 2
 1 2
 2 0
 3 3
202 10 4
 0 1
 1 0
 2 1
 3 1
203 9 4
 0 0
 1 2
 2 0
 3 1
204 2 4
 0 2
 1 3
 2 0
 3 0
205 17 4
 0 1
 1 3
 2 1
 3 1
206 12 4
 0 0
 1 1
 2 3
 3 0
207 2 4
 0 0
 1 0
 2 0
 3 1
208 4 4
 0 0
 1 1
 2 1
 3 2
209 15 4
 0 0
 1 0
 2 3
 3 0
210 15 4
 0 3
 1 0
 2 0
 3 3
211 18 4
 0 2
 1 0
 2 1
 3 1
212 18 4
 0 2
 1 3
 2 0
 3 2
213 14 4
 0 0
 1 1
 2 1
 3 1
214 16 4
 0 2
 1 3
 2 0
 3 3
215 9 4
 0 2
 1 0
 2 1
 3 0
216 6 4
 0 1
 1 3
 2 3
 3 1
217 7 4
 0 0
 1 0
 2 2
 3 0
218 20 4
 0 2
 1 0
 2 2
 3 1
219 2 4
 0 0
 1 2
 2 2
 3 0
220 9 4
 0 0
 1 3
 2 3
 3 1
221 7 4
 0 3
 1 2
 2 0
 3 3
222 8 4
 0 2
 1 2
 2 3
 3 1
223 2 4
 0 0
 1 3
 2 1
 3 0
224 10 4
 0 0
 1 3
 2 0
 3 3
225 14 4
 0 1
 1 1
 2 1
 3 2
226 13 4
 0 0
 1 0
 2 3
 3 2
227 17 4
 0 3
 1 3
 2 3
 3 0
228 10 4
 0 1
 1 1
 2 2
 3 0
229 19 4
 0 2
 1 1
 2 2
 3 0
230 13 4
 0 2
 1 1
 2 3
 3 0
231 3 4
 0 2
 1 0
 2 1
 3 0
232 3 4
 0 3
 1 2
 2 1
 3 1
233 4 4
 0 0
 1 0
 2 1
 3 0
234 11 4
 0 0
 1 3
 2 1
 3 0
235 4 4
 0 1
 1 2
 2 0
 3 3
236 8 4
 0 1
 1 1
 2 1
 3 0
237 19 4
 0 3
 1 2
 2 2
 3 2
238 18 4
 0 1
 1 2
 2 1
 3 0
239 10 4
 0 0
 1 3
 2 0
 3 2
240 18 4
 0 2
 1 3
 2 0
 3 2
241 4 4
 0 0
 1 1
 2 1
 3 2
242 1 4
 0 1
 1 0
 2 0
 3 0
243 14 4
 0 3
 1 0
 2 1
 3 0
244 20 4
 0 0
 1 1
 2 1
 3 1
245 14 4
 0 2
 1 0
 2 0
 3 2
246 9 4
 0 1
 1 3
 2 0
 3 1
247 2 4
 0 0
 1 3
 2 0
 3 0
248 19 4
 0 1
 1 1
 2 0
 3 0
249 13 4
 0 2
 1 1
 2 3
 3 0
250 4 4
 0 0
 1 3
 2 0
 3 3
251 9 4
 0 2
 1 3
 2 2
 3 0
252 17 4
 0 2
 1 2
 2 2
 3 0
253 12 4
 0 1
 1 1
 2 0
 3 0
254 20 4
 0 0
 1 0
 2 3
 3 2
255 19 4
 0 3
 1 0
 2 3
 3 1
256 16 4
 0 0
 1 0
 2 0
 3 1
257 7 4
 0 0
 1 2
 2 2
 3 2
258 18 4
 0 0
 1 3
 2 1
 3 1
259 2 4
 0 2
 1 3
 2 0
 3 3
260 20 4
 0 0
 1 0
 2 1
 3 1
261 9 4
 0 3
 1 1
 2 3
 3 0
262 3 4
 0 3
 1 3
 2 2
 3 1
263 3 4
 0 2
 1 3
 2 3
 3 0
264 15 4
 0 3
 1 0
 2 0
 3 3
265 12 4
 0 1
 1 3
 2 3
 3 3
266 9 4
 0 2
 1 3
 2 0
 3 2
267 18 4
 0 2
 1 0
 2 3
 3 0
268 1 4
 0 3
 1 2
 2 3
 3 1
269 17 4
 0 0
 1 0
 2 0
 3 3
270 6 4
 0 0
 1 3
 2 1
 3 3
271 13 4
 0 0
 1 1
 2 0
 3 3
272 5 4
 0 0
 1 3
 2 0
 3 0
273 18 4
 0 0
 1 0
 2 1
 3 0
274 12 4
 0 1
 1 1
 2 0
 3 2
275 5 4
 0 2
 1 0
 2 3
 3 3
276 17 4
 0 0
 1 3
 2 0
 3 2
277 9 4
 0 2
 1 1
 2 2
 3 0
278 3 4
 0 0
 1 0
 2 2
 3 2
279 15 4
 0 0
 1 3
 2 3
 3 3
280 8 4
 0 0
 1 0
 2 2
 3 0
281 19 4
 0 2
 1 3
 2 0
 3 0
282 18 4
 0 0
 1 1
 2 0
 3 0
283 11 4
 0 0
 1 0
 2 3
 3 0
284 15 4
 0 0
 1 0
 2 0
 3 2
285 11 4
 0 1
 1 3
 2 3
 3 1
286 10 4
 0 3
 1 0
 2 1
 3 0
287 8 4
 0 1
 1 1
 2 0
 3 0
288 15 4
 0 0
 1 3
 2 2
 3 0
289 12 4
 0 3
 1 0
 2 0
 3 2
290 15 4
 0 2
 1 2
 2 3
 3 3
291 13 4
 0 0
 1 2
 2 3
 3 2
292 5 4
 0 1
 1 2
 2 2
 3 3
293 7 4
 0 0
 1 3
 2 2
 3 2
294 14 4
 0 0
 1 1
 2 2
 3 3
295 2 4
 0 3
 1 0
 2 3
 3 0
296 16 4
 0 0
 1 3
 2 1
 3 0
297 6 4
 0 0
 1 1
 2 3
 3 3
298 16 4
 0 0
 1 1
 2 3
 3 2
299 8 4
 0 0
 1 3
 2 0
 3 3
300 20 4
 0 3
 1 0
 2 3
 3 2
301 19 4
 0 1
 1 3
 2 2
 3 0
302 17 4
 0 0
 1 0
 2 2
 3 0
303 10 4
 0 2
 1 0
 2 0
 3 0
304 4 4
 0 1
 1 1
 2 3
 3 2
305 18 4
 0 0
 1 2
 2 3
 3 0
306 13 4
 0 3
 1 0
 2 1
 3 0
307 1 4
 0 1
 1 1
 2 2
 3 0
308 13 4
 0 2
 1 1
 2 1
 3 3
309 4 4
 0 2
 1 3
 2 0
 3 2
310 7 4
 0 2
 1 3
 2 0
 3 0
311 16 4
 0 1
 1 0
 2 3
 3 0
312 5 4
 0 0
 1 3
 2 2
 3 1
313 16 4
 0 1
 1 3
 2 2
 3 3
314 15 4
 0 0
 1 1
 2 0
 3 0
315 16 4
 0 3
 1 0
 2 1
 3 3
316 19 4
 0 0
 1 3
 2 3
 3 1
317 0 4
 0 0
 1 0
 2 0
 3 0

# PRECEDENCES
1273
0 1
0 2
0 7
0 11
0 12
0 15
0 16
0 23
0 24
0 25
0 26
0 32
0 33
0 41
0 44
0 47
0 49
0 64
0 65
0 68
0 69
0 75
0 76
0 78
0 80
0 81
0 82
0 83
0 84
0 86
0 89
0 90
0 91
0 92
0 93
0 94
0 96
0 98
0 103
0 108
0 110
0 115
0 118
0 121
0 123
0 124
0 128
0 130
0 133
0 134
0 137
0 138
0 144
0 151
0 152
0 156
0 160
0 161
0 162
0 164
0 167
0 168
0 175
0 178
0 180
0 184
0 185
0 188
0 190
0 192
0 193
0 194
0 201
0 205
0 207
0 212
0 216
0 217
0 219
0 220
0 222
0 226
0 228
0 230
0 234
0 239
0 250
0 254
0 255
0 260
0 261
0 263
0 264
0 265
0 267
0 269
0 270
0 271
0 274
0 276
0 279
0 280
0 281
0 282
0 283
0 286
0 292
0 298
0 304
0 305
0 306
0 308
0 309
0 310
0 312
1 15
1 147
1 221
1 255
2 87
2 116
2 209
2 213
2 248
3 27
3 42
3 56
4 142
4 213
4 257
4 296
5 169
5 171
5 189
6 106
6 139
6 176
6 242
6 275
6 288
7 42
7 109
7 159
7 160
7 253
8 18
8 53
8 145
8 198
8 313
9 8
9 72
10 42
10 232
10 253
11 63
11 156
11 313
12 102
12 186
12 213
13 9
13 20
13 22
13 170
13 251
14 102
14 246
15 115
15 147
15 193
15 293
16 7
16 101
16 143
16 146
16 253
17 43
17 51
17 116
17 183
17 272
17 277
18 27
18 71
18 95
18 211
19 317
20 45
20 104
20 127
20 229
20 242
21 317
22 129
22 146
22 158
22 199
23 71
23 111
23 119
23 225
24 156
24 159
24 178
24 198
24 225
25 112
25 143
25 196
25 203
25 275
25 313
26 52
26 180
26 185
26 275
27 317
28 95
28 148
28 153
28 272
29 204
29 218
30 109
30 225
30 287
30 289
31 35
31 62
31 66
31 139
31 245
31 297
32 51
32 63
33 139
33 155
33 288
34 6
34 101
34 102
35 141
35 209
35 294
36 145
36 148
36 170
36 291
37 63
37 143
37 177
38 95
38 119
38 195
38 204
39 3
39 60
39 77
40 71
40 169
40 240
41 70
41 74
41 100
41 122
41 218
41 227
42 317
43 317
44 47
44 143
44 152
45 4
45 19
45 129
45 142
46 48
46 71
46 117
46 126
46 243
47 179
47 193
48 159
48 294
49 2
49 101
49 137
50 67
50 299
51 18
51 42
51 67
52 58
52 126
52 170
53 67
53 284
54 45
54 177
54 233
55 48
55 127
55 294
56 317
57 58
57 87
57 200
57 213
58 317
59 57
59 127
59 176
59 197
59 225
59 313
60 3
60 112
60 215
60 259
61 198
61 206
61 236
61 295
62 42
62 107
63 8
63 18
63 107
63 163
63 179
63 231
64 19
64 67
64 180
64 231
64 275
65 102
65 135
65 182
66 111
66 231
66 247
66 284
66 294
67 317
68 13
68 99
68 202
69 8
69 42
69 61
69 143
69 290
70 39
70 147
71 317
72 19
72 198
72 285
72 291
73 58
73 129
73 171
73 206
74 189
74 246
75 69
75 139
75 149
75 204
76 75
76 109
76 185
77 53
77 87
77 104
77 204
77 246
78 6
78 69
78 98
78 157
78 300
78 310
79 18
79 70
79 87
79 148
79 200
79 294
80 88
80 116
80 249
80 281
81 17
81 28
81 199
81 216
81 268
81 274
82 22
82 31
82 112
82 179
82 218
82 303
83 5
83 37
83 54
83 66
83 274
84 17
84 50
84 105
84 159
85 28
85 57
85 199
85 204
85 213
85 248
86 177
86 197
86 235
86 240
87 27
87 67
87 143
87 177
87 200
88 43
88 159
88 165
89 119
89 120
90 42
90 141
90 179
90 248
90 278
91 38
91 61
91 188
91 231
92 152
92 245
93 57
93 185
94 112
94 153
94 223
95 317
96 27
96 285
97 10
97 56
97 145
97 206
97 227
97 253
98 59
98 196
98 232
98 233
98 266
98 297
99 22
99 28
99 197
99 256
100 275
100 289
101 317
102 19
102 58
102 232
103 152
103 207
104 53
104 102
104 204
105 29
105 59
105 97
105 114
106 10
106 53
106 165
106 186
106 211
106 249
107 317
108 106
108 196
108 197
108 199
108 232
108 295
109 127
109 129
109 232
109 236
109 297
109 314
110 14
110 236
111 147
111 170
111 198
111 206
111 218
112 43
112 145
112 257
113 125
113 129
113 153
113 213
114 56
114 136
115 56
115 57
115 154
115 186
115 287
115 310
116 42
116 67
116 204
116 209
117 14
117 34
118 8
118 51
118 126
118 142
118 187
118 294
119 104
119 143
119 150
119 191
119 211
119 285
120 42
120 106
120 213
120 277
121 14
121 50
121 116
121 175
121 268
122 21
122 43
122 67
122 177
122 200
123 27
123 115
123 126
123 129
123 140
123 193
124 159
124 189
124 229
124 237
124 314
125 19
125 42
125 145
125 147
125 213
125 295
126 317
127 141
127 232
128 196
128 199
128 203
128 223
128 240
128 249
129 173
129 209
129 227
129 285
130 190
130 291
130 293
131 50
131 87
131 150
131 275
132 18
132 213
132 302
133 170
133 226
133 231
134 79
134 116
134 200
134 252
134 262
134 313
135 19
135 58
135 249
136 63
136 126
136 154
136 170
136 237
137 225
137 282
138 37
138 140
138 302
139 101
139 102
139 145
139 173
139 243
140 17
140 28
140 88
140 272
141 317
142 122
142 147
142 148
142 209
142 240
142 277
143 317
144 88
144 152
144 164
144 313
145 42
145 67
145 71
145 95
145 101
146 240
146 278
147 27
147 148
147 159
148 317
149 174
149 245
150 67
150 101
150 165
150 299
151 118
151 189
151 221
151 269
152 111
152 146
152 169
152 177
152 185
152 190
153 27
153 56
153 87
153 143
154 29
154 119
154 142
154 159
154 189
155 10
155 72
156 104
156 288
157 17
157 38
157 149
157 166
157 241
157 258
158 129
158 197
158 278
159 19
159 27
159 71
159 101
159 141
159 165
160 35
160 36
160 106
160 236
160 291
161 55
161 60
161 157
161 214
162 18
162 186
162 204
162 218
162 232
162 296
163 104
163 291
164 6
164 158
165 317
166 45
166 62
166 95
166 113
166 148
167 30
167 96
167 126
167 240
168 169
168 256
169 199
169 256
170 27
170 204
170 296
171 21
171 56
171 116
171 150
171 272
172 159
172 257
173 43
173 95
173 200
173 296
174 116
174 198
174 204
174 246
175 21
175 36
175 107
176 4
176 10
176 50
176 88
176 181
177 317
178 112
178 158
178 175
178 273
178 301
179 67
179 101
179 284
180 52
180 90
180 122
180 187
180 266
181 126
181 227
181 296
182 204
182 272
182 275
182 285
183 27
183 113
183 141
183 143
183 249
184 102
184 211
185 23
185 203
185 215
185 266
185 300
186 19
186 56
187 120
187 145
187 198
187 227
188 116
188 228
188 268
189 4
189 227
189 275
190 48
190 186
190 243
190 253
191 248
191 285
192 52
192 206
193 97
193 108
193 116
193 231
193 294
194 35
194 71
194 85
194 102
194 114
194 206
195 43
195 71
195 272
195 287
195 294
196 19
196 111
196 172
196 233
197 142
197 195
197 240
197 314
198 21
198 27
198 107
198 126
198 232
199 88
199 101
199 172
199 209
199 240
199 273
200 317
201 32
201 153
201 181
201 253
202 116
202 224
203 225
203 278
204 71
204 95
204 177
204 200
205 72
205 87
206 42
206 148
206 232
207 23
207 61
207 69
207 133
207 191
207 296
208 87
208 173
209 317
210 30
210 36
210 131
210 132
210 197
211 317
212 19
212 136
212 140
212 165
212 187
212 246
213 67
213 143
214 150
214 232
215 19
215 125
215 199
215 208
215 236
215 257
216 8
216 36
216 122
216 209
216 233
217 132
217 147
217 150
218 19
218 42
218 107
218 253
219 3
219 8
219 93
219 156
219 235
220 181
220 247
220 315
220 316
221 6
221 50
221 56
221 126
221 179
222 50
222 141
222 228
222 238
222 245
222 250
223 57
223 58
223 63
223 107
224 166
224 189
224 251
225 18
225 125
225 126
225 182
225 233
225 277
226 106
226 288
227 27
227 165
227 209
227 253
227 275
227 284
228 45
228 237
228 300
229 36
229 170
229 181
229 278
230 208
230 288
231 27
231 126
231 294
232 317
233 173
233 284
234 4
234 30
234 164
234 168
234 211
234 282
235 50
235 61
235 112
235 176
235 256
236 153
236 195
236 227
237 71
237 198
237 287
237 295
238 67
238 116
238 126
239 51
239 60
239 88
239 189
239 282
240 27
240 150
240 204
241 34
241 35
241 52
241 236
241 266
242 112
242 127
243 71
243 177
243 200
243 299
244 21
244 43
244 126
244 211
244 232
244 299
245 53
245 122
245 150
245 170
245 244
246 107
246 244
247 48
247 148
248 27
248 177
249 19
249 43
249 56
249 206
250 3
250 67
250 87
250 97
250 116
250 291
251 4
251 104
251 119
251 182
251 238
251 249
252 5
252 19
252 106
252 176
252 229
252 293
253 101
253 107
253 148
253 177
253 209
253 275
254 4
254 117
254 203
254 299
254 302
255 2
255 73
255 142
255 237
256 150
256 227
257 107
257 204
257 218
257 244
257 291
258 4
258 59
258 141
258 165
259 10
259 18
259 62
259 195
259 198
260 54
260 106
260 115
260 247
260 255
261 34
261 311
262 72
262 145
263 55
263 73
263 301
264 45
264 61
264 196
264 210
264 290
264 311
265 73
265 104
265 109
265 110
265 150
266 18
266 51
266 206
266 240
266 278
267 187
267 290
268 29
268 243
268 245
268 272
269 74
269 209
270 273
270 314
271 115
271 177
271 183
272 67
272 141
272 200
272 211
272 287
273 53
273 159
273 209
273 213
273 244
273 275
274 59
274 107
275 317
276 48
276 57
277 19
277 58
277 150
278 107
278 182
278 248
278 253
278 257
278 272
279 63
279 273
280 52
280 97
280 142
280 162
280 164
280 296
281 59
281 120
281 122
281 256
281 287
282 160
282 204
283 149
283 207
284 177
284 287
285 102
285 143
285 200
285 209
285 284
286 5
286 25
286 66
286 120
286 221
286 313
287 317
288 27
288 61
288 172
288 204
288 240
288 275
289 104
289 186
290 67
290 278
290 285
290 300
291 95
291 101
291 107
291 253
291 287
292 3
292 46
292 54
292 221
293 77
293 150
293 159
293 244
293 284
293 300
294 42
294 148
294 165
294 209
295 58
295 101
296 317
297 72
297 259
297 295
298 34
298 164
299 317
300 18
300 21
300 147
300 153
300 275
301 50
301 106
302 199
302 296
303 40
303 62
303 106
303 307
304 19
304 74
304 163
304 293
304 311
305 10
305 18
305 257
306 53
306 235
307 43
307 148
307 268
307 293
308 116
308 146
308 249
309 63
309 69
309 160
309 236
310 18
310 48
310 95
310 169
310 171
310 272
311 50
311 95
311 172
312 168
312 304
313 18
313 56
313 67
313 88
313 122
313 227
314 95
314 165
314 218
314 249
314 275
314 294
315 30
315 104
315 150
315 174
315 236
316 29
316 249
