# Tier 7 (Very Large) - Instance 53
# Generated with config: N=454, K=4, topology=grid, calendar=random

# HEADER: <num_tasks> <num_types> <num_units>
456 4 21

# RESOURCE TYPES
# Format: <type_id> <num_units> <unit_id1> <unit_id2> ...
0 6 0 1 2 3 4 5
1 5 6 7 8 9 10
2 4 11 12 13 14
3 6 15 16 17 18 19 20

# RESOURCE UNITS (Calendars)
# Format: <unit_id> <num_steps> <t1> <v1> <t2> <v2> ...
0 27 0 0 15 100 197 0 203 100 398 0 404 100 646 0 659 100 873 0 895 100 974 0 997 100 1078 0 1100 100 1341 0 1343 100 1424 0 1427 100 1484 0 1502 100 1723 0 1745 100 1991 0 2008 100 2144 0 2149 100 4140 0
1 27 0 0 5 100 209 0 226 100 450 0 454 100 707 0 710 100 771 0 777 100 916 0 933 100 1063 0 1078 100 1281 0 1286 100 1519 0 1528 100 1625 0 1634 100 1697 0 1720 100 1845 0 1866 100 2005 0 2025 100 4140 0
2 27 0 100 191 0 195 100 386 0 405 100 589 0 593 100 673 0 688 100 900 0 907 100 1129 0 1135 100 1362 0 1372 100 1536 0 1553 100 1747 0 1768 100 2042 0 2061 100 2141 0 2158 100 2208 0 2213 100 2280 0 4140 0
3 27 0 0 15 100 191 0 204 100 384 0 388 100 570 0 588 100 745 0 751 100 803 0 809 100 882 0 894 100 979 0 991 100 1207 0 1223 100 1488 0 1503 100 1618 0 1640 100 1760 0 1777 100 1900 0 1920 100 4140 0
4 27 0 100 144 0 163 100 243 0 262 100 474 0 497 100 686 0 689 100 861 0 871 100 990 0 994 100 1112 0 1124 100 1382 0 1389 100 1522 0 1527 100 1804 0 1826 100 1951 0 1954 100 2173 0 2187 100 2250 0 4140 0
5 27 0 100 284 0 288 100 555 0 572 100 720 0 741 100 936 0 957 100 1180 0 1189 100 1390 0 1412 100 1690 0 1706 100 1983 0 1988 100 2167 0 2189 100 2435 0 2458 100 2556 0 2575 100 2709 0 2713 100 2868 0 4140 0
6 27 0 0 8 100 255 0 275 100 412 0 419 100 696 0 718 100 842 0 855 100 917 0 920 100 1123 0 1135 100 1370 0 1389 100 1530 0 1540 100 1607 0 1618 100 1815 0 1827 100 2078 0 2084 100 2162 0 2170 100 4140 0
7 27 0 0 4 100 105 0 109 100 246 0 257 100 525 0 541 100 660 0 665 100 776 0 784 100 926 0 940 100 1184 0 1191 100 1246 0 1252 100 1526 0 1531 100 1716 0 1733 100 1920 0 1942 100 2151 0 2169 100 4140 0
8 27 0 0 5 100 288 0 310 100 396 0 408 100 509 0 531 100 603 0 613 100 894 0 906 100 1006 0 1024 100 1288 0 1295 100 1494 0 1508 100 1585 0 1589 100 1783 0 1799 100 2006 0 2017 100 2142 0 2150 100 4140 0
9 27 0 0 7 100 160 0 165 100 289 0 299 100 366 0 369 100 470 0 484 100 644 0 655 100 744 0 755 100 934 0 954 100 1198 0 1202 100 1364 0 1386 100 1481 0 1494 100 1712 0 1716 100 1987 0 1996 100 4140 0
10 27 0 0 3 100 261 0 263 100 400 0 408 100 680 0 685 100 887 0 889 100 1052 0 1065 100 1148 0 1168 100 1284 0 1303 100 1433 0 1450 100 1653 0 1672 100 1843 0 1861 100 2128 0 2147 100 2269 0 2273 100 4140 0
11 27 0 0 7 100 227 0 238 100 484 0 488 100 756 0 779 100 1013 0 1035 100 1184 0 1191 100 1451 0 1461 100 1551 0 1572 100 1854 0 1868 100 1917 0 1920 100 2111 0 2124 100 2200 0 2221 100 2467 0 2480 100 4140 0
12 27 0 0 20 100 104 0 112 100 306 0 323 100 578 0 591 100 665 0 686 100 858 0 881 100 1029 0 1052 100 1293 0 1307 100 1479 0 1501 100 1571 0 1582 100 1722 0 1732 100 1789 0 1795 100 1862 0 1872 100 4140 0
13 27 0 100 78 0 86 100 173 0 189 100 237 0 252 100 367 0 373 100 578 0 589 100 638 0 645 100 886 0 894 100 996 0 1015 100 1209 0 1224 100 1369 0 1388 100 1466 0 1476 100 1669 0 1686 100 1909 0 4140 0
14 27 0 100 87 0 95 100 310 0 329 100 513 0 534 100 751 0 770 100 983 0 985 100 1242 0 1265 100 1517 0 1532 100 1730 0 1741 100 2019 0 2042 100 2172 0 2182 100 2288 0 2301 100 2354 0 2369 100 2651 0 4140 0
15 27 0 100 90 0 105 100 216 0 235 100 469 0 490 100 705 0 714 100 939 0 956 100 1119 0 1122 100 1274 0 1286 100 1408 0 1416 100 1641 0 1658 100 1775 0 1778 100 1919 0 1932 100 2123 0 2138 100 2224 0 4140 0
16 27 0 0 10 100 216 0 236 100 467 0 483 100 692 0 715 100 816 0 818 100 1029 0 1032 100 1151 0 1166 100 1236 0 1249 100 1344 0 1355 100 1449 0 1471 100 1614 0 1629 100 1755 0 1771 100 2051 0 2053 100 4140 0
17 27 0 100 250 0 269 100 352 0 366 100 593 0 609 100 835 0 853 100 913 0 929 100 1128 0 1149 100 1356 0 1361 100 1624 0 1634 100 1786 0 1796 100 2044 0 2067 100 2226 0 2248 100 2455 0 2457 100 2628 0 4140 0
18 27 0 100 108 0 119 100 353 0 369 100 452 0 459 100 604 0 610 100 875 0 897 100 954 0 974 100 1106 0 1112 100 1297 0 1317 100 1521 0 1542 100 1675 0 1680 100 1830 0 1846 100 1956 0 1972 100 2060 0 4140 0
19 27 0 0 10 100 268 0 270 100 452 0 454 100 703 0 723 100 953 0 961 100 1049 0 1051 100 1208 0 1226 100 1398 0 1415 100 1486 0 1494 100 1768 0 1774 100 1934 0 1939 100 2120 0 2142 100 2252 0 2256 100 4140 0
20 27 0 0 22 100 298 0 319 100 582 0 600 100 840 0 852 100 967 0 988 100 1210 0 1230 100 1440 0 1446 100 1571 0 1593 100 1650 0 1662 100 1798 0 1816 100 2090 0 2097 100 2295 0 2298 100 2554 0 2564 100 4140 0

# TASKS
# Format: <task_id> <size> <num_reqs>
# Then for each requirement: <type_id> <qty>
0 0 4
 0 0
 1 0
 2 0
 3 0
1 19 4
 0 0
 1 1
 2 1
 3 3
2 13 4
 0 2
 1 0
 2 0
 3 1
3 17 4
 0 0
 1 0
 2 1
 3 0
4 2 4
 0 0
 1 2
 2 3
 3 3
5 1 4
 0 2
 1 3
 2 3
 3 1
6 10 4
 0 1
 1 0
 2 0
 3 2
7 7 4
 0 2
 1 3
 2 0
 3 1
8 8 4
 0 2
 1 1
 2 3
 3 0
9 14 4
 0 2
 1 0
 2 1
 3 0
10 1 4
 0 0
 1 3
 2 3
 3 0
11 8 4
 0 3
 1 1
 2 0
 3 0
12 10 4
 0 3
 1 1
 2 3
 3 3
13 3 4
 0 3
 1 1
 2 0
 3 3
14 18 4
 0 0
 1 3
 2 0
 3 0
15 6 4
 0 0
 1 0
 2 1
 3 0
16 17 4
 0 3
 1 1
 2 0
 3 0
17 2 4
 0 0
 1 2
 2 2
 3 0
18 11 4
 0 0
 1 2
 2 1
 3 3
19 11 4
 0 2
 1 3
 2 0
 3 0
20 8 4
 0 2
 1 0
 2 2
 3 1
21 4 4
 0 0
 1 0
 2 2
 3 0
22 2 4
 0 0
 1 3
 2 3
 3 0
23 5 4
 0 1
 1 0
 2 0
 3 3
24 14 4
 0 0
 1 0
 2 1
 3 0
25 4 4
 0 2
 1 2
 2 0
 3 0
26 2 4
 0 0
 1 2
 2 1
 3 2
27 11 4
 0 1
 1 3
 2 0
 3 2
28 9 4
 0 0
 1 3
 2 3
 3 0
29 4 4
 0 0
 1 2
 2 2
 3 1
30 13 4
 0 0
 1 2
 2 3
 3 2
31 15 4
 0 3
 1 1
 2 0
 3 3
32 9 4
 0 1
 1 0
 2 2
 3 0
33 4 4
 0 0
 1 0
 2 1
 3 0
34 16 4
 0 2
 1 3
 2 0
 3 1
35 9 4
 0 0
 1 0
 2 3
 3 0
36 2 4
 0 3
 1 1
 2 2
 3 1
37 1 4
 0 0
 1 1
 2 1
 3 0
38 3 4
 0 3
 1 0
 2 3
 3 1
39 2 4
 0 3
 1 1
 2 3
 3 3
40 6 4
 0 0
 1 0
 2 2
 3 2
41 8 4
 0 0
 1 2
 2 2
 3 1
42 19 4
 0 2
 1 1
 2 1
 3 0
43 6 4
 0 2
 1 2
 2 3
 3 3
44 13 4
 0 0
 1 0
 2 0
 3 1
45 10 4
 0 1
 1 0
 2 0
 3 1
46 17 4
 0 3
 1 0
 2 2
 3 3
47 4 4
 0 3
 1 0
 2 0
 3 0
48 1 4
 0 1
 1 1
 2 0
 3 2
49 2 4
 0 2
 1 3
 2 1
 3 2
50 9 4
 0 1
 1 0
 2 3
 3 2
51 9 4
 0 3
 1 0
 2 2
 3 0
52 5 4
 0 0
 1 3
 2 2
 3 0
53 19 4
 0 1
 1 0
 2 0
 3 1
54 10 4
 0 2
 1 0
 2 0
 3 3
55 5 4
 0 1
 1 2
 2 2
 3 0
56 6 4
 0 2
 1 3
 2 2
 3 3
57 12 4
 0 0
 1 0
 2 1
 3 2
58 9 4
 0 0
 1 2
 2 0
 3 2
59 2 4
 0 2
 1 0
 2 1
 3 1
60 12 4
 0 2
 1 1
 2 0
 3 1
61 3 4
 0 0
 1 0
 2 1
 3 0
62 13 4
 0 0
 1 0
 2 0
 3 1
63 19 4
 0 3
 1 1
 2 2
 3 0
64 19 4
 0 0
 1 0
 2 0
 3 1
65 17 4
 0 2
 1 1
 2 1
 3 3
66 5 4
 0 2
 1 3
 2 3
 3 3
67 12 4
 0 1
 1 3
 2 0
 3 2
68 13 4
 0 0
 1 2
 2 3
 3 0
69 7 4
 0 2
 1 1
 2 0
 3 2
70 7 4
 0 0
 1 1
 2 3
 3 0
71 6 4
 0 3
 1 0
 2 0
 3 2
72 10 4
 0 1
 1 1
 2 0
 3 1
73 14 4
 0 0
 1 2
 2 3
 3 0
74 4 4
 0 2
 1 1
 2 2
 3 0
75 18 4
 0 0
 1 1
 2 2
 3 1
76 19 4
 0 3
 1 0
 2 0
 3 2
77 9 4
 0 3
 1 2
 2 2
 3 3
78 14 4
 0 0
 1 0
 2 3
 3 2
79 7 4
 0 3
 1 1
 2 1
 3 1
80 19 4
 0 1
 1 3
 2 2
 3 0
81 5 4
 0 2
 1 2
 2 2
 3 0
82 1 4
 0 1
 1 0
 2 0
 3 0
83 12 4
 0 2
 1 0
 2 2
 3 1
84 17 4
 0 0
 1 0
 2 0
 3 1
85 14 4
 0 2
 1 3
 2 3
 3 1
86 7 4
 0 0
 1 0
 2 0
 3 1
87 18 4
 0 0
 1 3
 2 1
 3 2
88 6 4
 0 0
 1 2
 2 3
 3 2
89 3 4
 0 0
 1 3
 2 3
 3 3
90 1 4
 0 1
 1 2
 2 2
 3 0
91 18 4
 0 3
 1 0
 2 0
 3 0
92 2 4
 0 2
 1 3
 2 1
 3 1
93 8 4
 0 3
 1 1
 2 3
 3 0
94 18 4
 0 0
 1 0
 2 3
 3 0
95 11 4
 0 0
 1 1
 2 3
 3 2
96 18 4
 0 3
 1 3
 2 0
 3 0
97 12 4
 0 0
 1 0
 2 2
 3 2
98 16 4
 0 0
 1 1
 2 3
 3 2
99 7 4
 0 0
 1 3
 2 3
 3 0
100 14 4
 0 1
 1 2
 2 3
 3 0
101 2 4
 0 0
 1 1
 2 0
 3 0
102 13 4
 0 2
 1 3
 2 2
 3 2
103 4 4
 0 0
 1 0
 2 3
 3 1
104 19 4
 0 3
 1 2
 2 1
 3 3
105 7 4
 0 0
 1 0
 2 1
 3 3
106 12 4
 0 2
 1 0
 2 0
 3 0
107 3 4
 0 0
 1 0
 2 0
 3 3
108 17 4
 0 2
 1 0
 2 2
 3 0
109 9 4
 0 1
 1 0
 2 0
 3 2
110 2 4
 0 1
 1 1
 2 3
 3 2
111 20 4
 0 3
 1 2
 2 3
 3 0
112 2 4
 0 3
 1 2
 2 1
 3 0
113 13 4
 0 0
 1 3
 2 3
 3 2
114 5 4
 0 2
 1 2
 2 2
 3 2
115 11 4
 0 2
 1 0
 2 3
 3 3
116 9 4
 0 1
 1 0
 2 2
 3 1
117 16 4
 0 1
 1 3
 2 3
 3 1
118 11 4
 0 2
 1 0
 2 1
 3 0
119 5 4
 0 1
 1 1
 2 0
 3 1
120 10 4
 0 2
 1 0
 2 0
 3 0
121 2 4
 0 2
 1 2
 2 1
 3 0
122 20 4
 0 0
 1 0
 2 0
 3 3
123 13 4
 0 0
 1 0
 2 1
 3 2
124 2 4
 0 2
 1 0
 2 3
 3 3
125 7 4
 0 2
 1 3
 2 0
 3 0
126 18 4
 0 0
 1 2
 2 0
 3 0
127 9 4
 0 0
 1 3
 2 0
 3 3
128 17 4
 0 3
 1 3
 2 1
 3 1
129 7 4
 0 2
 1 2
 2 3
 3 2
130 16 4
 0 0
 1 0
 2 3
 3 3
131 4 4
 0 0
 1 3
 2 0
 3 0
132 2 4
 0 0
 1 1
 2 3
 3 1
133 17 4
 0 2
 1 2
 2 2
 3 1
134 15 4
 0 0
 1 3
 2 1
 3 0
135 11 4
 0 0
 1 3
 2 3
 3 0
136 20 4
 0 2
 1 2
 2 0
 3 0
137 3 4
 0 0
 1 3
 2 3
 3 3
138 6 4
 0 3
 1 1
 2 1
 3 0
139 15 4
 0 0
 1 3
 2 1
 3 0
140 5 4
 0 3
 1 0
 2 2
 3 1
141 10 4
 0 3
 1 1
 2 0
 3 0
142 1 4
 0 2
 1 2
 2 0
 3 3
143 12 4
 0 0
 1 2
 2 3
 3 0
144 16 4
 0 3
 1 3
 2 0
 3 2
145 2 4
 0 1
 1 3
 2 1
 3 0
146 17 4
 0 2
 1 3
 2 1
 3 0
147 3 4
 0 1
 1 1
 2 3
 3 3
148 17 4
 0 0
 1 0
 2 1
 3 0
149 6 4
 0 1
 1 0
 2 1
 3 0
150 14 4
 0 0
 1 0
 2 0
 3 1
151 17 4
 0 0
 1 2
 2 3
 3 2
152 14 4
 0 2
 1 0
 2 3
 3 2
153 6 4
 0 0
 1 0
 2 1
 3 0
154 2 4
 0 3
 1 2
 2 1
 3 2
155 7 4
 0 1
 1 1
 2 0
 3 2
156 7 4
 0 3
 1 1
 2 0
 3 3
157 19 4
 0 0
 1 1
 2 2
 3 0
158 6 4
 0 0
 1 1
 2 3
 3 0
159 19 4
 0 0
 1 3
 2 3
 3 0
160 11 4
 0 1
 1 3
 2 1
 3 2
161 18 4
 0 3
 1 0
 2 2
 3 2
162 10 4
 0 2
 1 2
 2 0
 3 2
163 8 4
 0 1
 1 0
 2 0
 3 3
164 19 4
 0 0
 1 3
 2 2
 3 2
165 4 4
 0 0
 1 0
 2 1
 3 0
166 1 4
 0 2
 1 0
 2 0
 3 2
167 9 4
 0 0
 1 2
 2 3
 3 1
168 13 4
 0 1
 1 0
 2 0
 3 0
169 3 4
 0 1
 1 1
 2 0
 3 0
170 9 4
 0 2
 1 3
 2 0
 3 2
171 18 4
 0 1
 1 0
 2 0
 3 0
172 18 4
 0 3
 1 3
 2 0
 3 3
173 15 4
 0 2
 1 1
 2 0
 3 1
174 9 4
 0 0
 1 1
 2 0
 3 0
175 14 4
 0 1
 1 0
 2 0
 3 0
176 20 4
 0 0
 1 2
 2 2
 3 0
177 10 4
 0 0
 1 1
 2 2
 3 0
178 5 4
 0 1
 1 2
 2 0
 3 2
179 7 4
 0 0
 1 2
 2 0
 3 2
180 1 4
 0 3
 1 3
 2 0
 3 1
181 7 4
 0 2
 1 0
 2 0
 3 2
182 5 4
 0 2
 1 0
 2 0
 3 1
183 11 4
 0 2
 1 3
 2 2
 3 1
184 9 4
 0 2
 1 2
 2 3
 3 1
185 7 4
 0 3
 1 0
 2 1
 3 0
186 7 4
 0 1
 1 0
 2 3
 3 3
187 20 4
 0 0
 1 1
 2 3
 3 3
188 6 4
 0 2
 1 0
 2 0
 3 1
189 5 4
 0 0
 1 1
 2 0
 3 0
190 18 4
 0 0
 1 1
 2 0
 3 3
191 15 4
 0 2
 1 3
 2 0
 3 0
192 17 4
 0 3
 1 0
 2 1
 3 1
193 10 4
 0 0
 1 1
 2 0
 3 1
194 20 4
 0 1
 1 0
 2 2
 3 2
195 15 4
 0 3
 1 3
 2 0
 3 1
196 8 4
 0 0
 1 1
 2 1
 3 1
197 16 4
 0 0
 1 0
 2 0
 3 1
198 13 4
 0 1
 1 0
 2 3
 3 1
199 10 4
 0 1
 1 1
 2 0
 3 1
200 11 4
 0 2
 1 1
 2 2
 3 0
201 8 4
 0 0
 1 0
 2 1
 3 0
202 12 4
 0 2
 1 0
 2 0
 3 2
203 11 4
 0 3
 1 2
 2 2
 3 2
204 2 4
 0 2
 1 0
 2 3
 3 3
205 16 4
 0 2
 1 0
 2 2
 3 0
206 8 4
 0 0
 1 0
 2 2
 3 0
207 20 4
 0 0
 1 0
 2 0
 3 2
208 9 4
 0 1
 1 1
 2 0
 3 0
209 11 4
 0 2
 1 2
 2 0
 3 3
210 3 4
 0 3
 1 1
 2 0
 3 0
211 13 4
 0 1
 1 0
 2 0
 3 2
212 1 4
 0 3
 1 2
 2 1
 3 0
213 19 4
 0 0
 1 1
 2 0
 3 0
214 2 4
 0 0
 1 3
 2 0
 3 2
215 16 4
 0 3
 1 2
 2 2
 3 1
216 17 4
 0 1
 1 0
 2 0
 3 0
217 17 4
 0 0
 1 0
 2 0
 3 1
218 9 4
 0 0
 1 2
 2 1
 3 1
219 19 4
 0 0
 1 0
 2 2
 3 0
220 15 4
 0 0
 1 1
 2 1
 3 0
221 19 4
 0 0
 1 2
 2 1
 3 0
222 19 4
 0 3
 1 0
 2 1
 3 0
223 14 4
 0 2
 1 0
 2 0
 3 1
224 2 4
 0 3
 1 2
 2 0
 3 1
225 15 4
 0 0
 1 1
 2 0
 3 3
226 17 4
 0 3
 1 0
 2 1
 3 0
227 13 4
 0 2
 1 0
 2 2
 3 0
228 7 4
 0 0
 1 0
 2 1
 3 2
229 13 4
 0 0
 1 0
 2 2
 3 2
230 2 4
 0 2
 1 1
 2 0
 3 1
231 7 4
 0 3
 1 3
 2 0
 3 1
232 10 4
 0 1
 1 0
 2 2
 3 0
233 10 4
 0 1
 1 0
 2 0
 3 2
234 1 4
 0 0
 1 3
 2 2
 3 3
235 8 4
 0 1
 1 2
 2 1
 3 1
236 6 4
 0 1
 1 0
 2 2
 3 1
237 10 4
 0 1
 1 1
 2 1
 3 0
238 3 4
 0 2
 1 1
 2 3
 3 3
239 20 4
 0 1
 1 2
 2 2
 3 3
240 4 4
 0 0
 1 0
 2 0
 3 3
241 2 4
 0 3
 1 2
 2 0
 3 3
242 14 4
 0 0
 1 1
 2 0
 3 0
243 20 4
 0 0
 1 3
 2 3
 3 0
244 5 4
 0 1
 1 2
 2 3
 3 2
245 7 4
 0 1
 1 0
 2 0
 3 0
246 4 4
 0 0
 1 0
 2 1
 3 0
247 14 4
 0 0
 1 2
 2 0
 3 1
248 7 4
 0 1
 1 0
 2 2
 3 3
249 14 4
 0 3
 1 2
 2 1
 3 3
250 18 4
 0 0
 1 3
 2 1
 3 1
251 19 4
 0 0
 1 0
 2 1
 3 0
252 11 4
 0 0
 1 2
 2 0
 3 1
253 7 4
 0 2
 1 2
 2 2
 3 2
254 10 4
 0 0
 1 1
 2 3
 3 0
255 17 4
 0 0
 1 0
 2 3
 3 1
256 5 4
 0 1
 1 3
 2 2
 3 3
257 1 4
 0 3
 1 3
 2 0
 3 0
258 8 4
 0 2
 1 3
 2 0
 3 3
259 10 4
 0 2
 1 0
 2 0
 3 3
260 8 4
 0 2
 1 3
 2 0
 3 1
261 4 4
 0 0
 1 2
 2 0
 3 2
262 11 4
 0 3
 1 1
 2 0
 3 3
263 16 4
 0 1
 1 0
 2 0
 3 3
264 6 4
 0 0
 1 2
 2 3
 3 2
265 16 4
 0 2
 1 1
 2 3
 3 3
266 19 4
 0 2
 1 1
 2 2
 3 0
267 15 4
 0 3
 1 2
 2 1
 3 2
268 12 4
 0 0
 1 1
 2 1
 3 0
269 7 4
 0 0
 1 0
 2 1
 3 0
270 20 4
 0 1
 1 1
 2 1
 3 2
271 12 4
 0 2
 1 0
 2 0
 3 2
272 13 4
 0 3
 1 0
 2 0
 3 2
273 18 4
 0 0
 1 0
 2 1
 3 0
274 9 4
 0 2
 1 2
 2 0
 3 0
275 4 4
 0 2
 1 3
 2 2
 3 0
276 14 4
 0 2
 1 0
 2 2
 3 0
277 9 4
 0 2
 1 0
 2 1
 3 2
278 2 4
 0 0
 1 0
 2 2
 3 2
279 20 4
 0 3
 1 2
 2 0
 3 1
280 7 4
 0 0
 1 0
 2 1
 3 0
281 17 4
 0 0
 1 1
 2 3
 3 2
282 2 4
 0 1
 1 0
 2 0
 3 0
283 15 4
 0 0
 1 0
 2 3
 3 2
284 17 4
 0 2
 1 0
 2 2
 3 0
285 17 4
 0 1
 1 0
 2 1
 3 1
286 15 4
 0 0
 1 3
 2 3
 3 3
287 20 4
 0 3
 1 3
 2 1
 3 0
288 2 4
 0 3
 1 0
 2 1
 3 3
289 15 4
 0 0
 1 0
 2 2
 3 0
290 3 4
 0 0
 1 0
 2 2
 3 3
291 16 4
 0 1
 1 2
 2 1
 3 1
292 18 4
 0 1
 1 0
 2 2
 3 2
293 12 4
 0 1
 1 2
 2 3
 3 3
294 17 4
 0 0
 1 1
 2 1
 3 0
295 10 4
 0 2
 1 2
 2 1
 3 3
296 17 4
 0 0
 1 1
 2 3
 3 3
297 11 4
 0 0
 1 3
 2 2
 3 2
298 14 4
 0 0
 1 3
 2 3
 3 2
299 18 4
 0 0
 1 3
 2 3
 3 1
300 7 4
 0 0
 1 3
 2 2
 3 2
301 2 4
 0 2
 1 2
 2 0
 3 3
302 17 4
 0 1
 1 0
 2 3
 3 0
303 12 4
 0 2
 1 2
 2 0
 3 2
304 10 4
 0 0
 1 3
 2 1
 3 0
305 12 4
 0 3
 1 1
 2 2
 3 2
306 11 4
 0 0
 1 1
 2 0
 3 0
307 11 4
 0 3
 1 2
 2 1
 3 3
308 18 4
 0 0
 1 2
 2 0
 3 0
309 6 4
 0 3
 1 1
 2 1
 3 1
310 16 4
 0 3
 1 0
 2 2
 3 0
311 3 4
 0 1
 1 1
 2 3
 3 0
312 17 4
 0 1
 1 0
 2 2
 3 0
313 16 4
 0 0
 1 0
 2 3
 3 2
314 4 4
 0 2
 1 2
 2 0
 3 1
315 13 4
 0 2
 1 2
 2 0
 3 0
316 7 4
 0 3
 1 1
 2 1
 3 2
317 6 4
 0 0
 1 0
 2 0
 3 2
318 11 4
 0 3
 1 3
 2 1
 3 3
319 3 4
 0 0
 1 1
 2 0
 3 0
320 20 4
 0 0
 1 2
 2 3
 3 0
321 1 4
 0 0
 1 1
 2 1
 3 0
322 7 4
 0 0
 1 2
 2 2
 3 0
323 2 4
 0 2
 1 1
 2 2
 3 1
324 10 4
 0 1
 1 1
 2 0
 3 1
325 9 4
 0 0
 1 0
 2 0
 3 1
326 3 4
 0 3
 1 0
 2 0
 3 0
327 11 4
 0 0
 1 0
 2 1
 3 0
328 6 4
 0 1
 1 0
 2 0
 3 2
329 3 4
 0 0
 1 3
 2 3
 3 0
330 17 4
 0 2
 1 2
 2 1
 3 0
331 11 4
 0 2
 1 0
 2 1
 3 1
332 8 4
 0 0
 1 0
 2 1
 3 1
333 10 4
 0 0
 1 2
 2 2
 3 0
334 4 4
 0 0
 1 0
 2 1
 3 2
335 15 4
 0 0
 1 3
 2 0
 3 0
336 9 4
 0 0
 1 2
 2 1
 3 2
337 14 4
 0 2
 1 3
 2 1
 3 0
338 15 4
 0 0
 1 0
 2 0
 3 1
339 11 4
 0 2
 1 0
 2 2
 3 1
340 7 4
 0 0
 1 0
 2 0
 3 1
341 7 4
 0 2
 1 3
 2 1
 3 3
342 20 4
 0 1
 1 3
 2 3
 3 1
343 8 4
 0 1
 1 0
 2 3
 3 1
344 9 4
 0 1
 1 1
 2 0
 3 1
345 5 4
 0 3
 1 3
 2 0
 3 0
346 11 4
 0 1
 1 1
 2 3
 3 0
347 15 4
 0 1
 1 1
 2 0
 3 0
348 20 4
 0 1
 1 0
 2 0
 3 0
349 3 4
 0 0
 1 1
 2 2
 3 0
350 10 4
 0 3
 1 2
 2 2
 3 0
351 1 4
 0 2
 1 1
 2 1
 3 0
352 7 4
 0 0
 1 1
 2 0
 3 1
353 2 4
 0 1
 1 2
 2 0
 3 1
354 17 4
 0 3
 1 0
 2 0
 3 1
355 20 4
 0 0
 1 0
 2 0
 3 1
356 16 4
 0 0
 1 3
 2 2
 3 2
357 19 4
 0 2
 1 3
 2 3
 3 0
358 15 4
 0 0
 1 0
 2 0
 3 2
359 3 4
 0 1
 1 0
 2 1
 3 0
360 2 4
 0 3
 1 0
 2 3
 3 1
361 19 4
 0 0
 1 0
 2 0
 3 2
362 10 4
 0 0
 1 2
 2 0
 3 0
363 20 4
 0 1
 1 0
 2 1
 3 0
364 9 4
 0 2
 1 1
 2 2
 3 0
365 11 4
 0 3
 1 1
 2 0
 3 0
366 20 4
 0 3
 1 1
 2 3
 3 3
367 20 4
 0 0
 1 0
 2 0
 3 1
368 17 4
 0 0
 1 0
 2 3
 3 0
369 5 4
 0 1
 1 1
 2 1
 3 0
370 20 4
 0 1
 1 1
 2 1
 3 1
371 10 4
 0 0
 1 0
 2 1
 3 2
372 18 4
 0 2
 1 1
 2 2
 3 0
373 19 4
 0 0
 1 3
 2 3
 3 1
374 9 4
 0 1
 1 3
 2 3
 3 2
375 11 4
 0 2
 1 3
 2 0
 3 2
376 4 4
 0 1
 1 2
 2 3
 3 1
377 5 4
 0 0
 1 0
 2 0
 3 3
378 9 4
 0 3
 1 0
 2 0
 3 2
379 15 4
 0 1
 1 1
 2 0
 3 0
380 1 4
 0 0
 1 2
 2 0
 3 3
381 6 4
 0 2
 1 0
 2 3
 3 2
382 2 4
 0 0
 1 2
 2 3
 3 0
383 18 4
 0 3
 1 0
 2 3
 3 2
384 8 4
 0 0
 1 3
 2 0
 3 2
385 4 4
 0 1
 1 0
 2 0
 3 2
386 8 4
 0 0
 1 1
 2 2
 3 3
387 14 4
 0 0
 1 3
 2 3
 3 0
388 1 4
 0 0
 1 0
 2 1
 3 3
389 4 4
 0 3
 1 1
 2 0
 3 1
390 10 4
 0 3
 1 1
 2 1
 3 2
391 7 4
 0 3
 1 2
 2 1
 3 3
392 13 4
 0 0
 1 1
 2 0
 3 0
393 10 4
 0 2
 1 0
 2 3
 3 0
394 6 4
 0 1
 1 2
 2 0
 3 1
395 20 4
 0 0
 1 0
 2 3
 3 0
396 12 4
 0 1
 1 0
 2 0
 3 0
397 15 4
 0 0
 1 3
 2 0
 3 1
398 8 4
 0 2
 1 0
 2 3
 3 1
399 13 4
 0 2
 1 3
 2 1
 3 1
400 16 4
 0 3
 1 2
 2 0
 3 0
401 3 4
 0 0
 1 3
 2 0
 3 0
402 14 4
 0 3
 1 3
 2 2
 3 1
403 10 4
 0 2
 1 2
 2 0
 3 3
404 7 4
 0 1
 1 0
 2 0
 3 0
405 5 4
 0 2
 1 2
 2 0
 3 0
406 2 4
 0 3
 1 2
 2 3
 3 3
407 4 4
 0 1
 1 0
 2 0
 3 0
408 4 4
 0 1
 1 3
 2 3
 3 0
409 13 4
 0 2
 1 3
 2 2
 3 0
410 4 4
 0 0
 1 0
 2 0
 3 3
411 1 4
 0 2
 1 0
 2 3
 3 1
412 9 4
 0 3
 1 1
 2 1
 3 0
413 20 4
 0 1
 1 0
 2 0
 3 0
414 5 4
 0 2
 1 3
 2 3
 3 2
415 2 4
 0 0
 1 0
 2 3
 3 0
416 18 4
 0 0
 1 1
 2 2
 3 2
417 14 4
 0 0
 1 3
 2 3
 3 2
418 8 4
 0 3
 1 3
 2 0
 3 0
419 16 4
 0 2
 1 3
 2 0
 3 1
420 3 4
 0 0
 1 0
 2 0
 3 3
421 19 4
 0 2
 1 3
 2 0
 3 2
422 19 4
 0 0
 1 0
 2 0
 3 1
423 12 4
 0 3
 1 1
 2 3
 3 0
424 17 4
 0 2
 1 3
 2 1
 3 2
425 14 4
 0 1
 1 0
 2 0
 3 2
426 11 4
 0 1
 1 2
 2 0
 3 1
427 14 4
 0 3
 1 0
 2 1
 3 0
428 8 4
 0 3
 1 1
 2 2
 3 0
429 17 4
 0 1
 1 0
 2 0
 3 2
430 13 4
 0 0
 1 0
 2 1
 3 2
431 11 4
 0 1
 1 0
 2 3
 3 2
432 11 4
 0 0
 1 2
 2 0
 3 3
433 5 4
 0 0
 1 1
 2 0
 3 3
434 7 4
 0 1
 1 3
 2 2
 3 1
435 5 4
 0 0
 1 1
 2 2
 3 0
436 20 4
 0 0
 1 0
 2 3
 3 2
437 13 4
 0 3
 1 0
 2 2
 3 0
438 3 4
 0 2
 1 3
 2 0
 3 2
439 12 4
 0 2
 1 0
 2 0
 3 1
440 16 4
 0 0
 1 1
 2 2
 3 0
441 4 4
 0 2
 1 3
 2 2
 3 3
442 6 4
 0 1
 1 1
 2 1
 3 1
443 1 4
 0 1
 1 1
 2 0
 3 2
444 19 4
 0 3
 1 1
 2 0
 3 0
445 1 4
 0 3
 1 0
 2 1
 3 3
446 14 4
 0 3
 1 1
 2 2
 3 2
447 11 4
 0 0
 1 0
 2 2
 3 0
448 3 4
 0 3
 1 1
 2 0
 3 0
449 17 4
 0 2
 1 2
 2 3
 3 1
450 4 4
 0 3
 1 0
 2 3
 3 1
451 9 4
 0 1
 1 2
 2 0
 3 0
452 6 4
 0 0
 1 2
 2 1
 3 3
453 16 4
 0 0
 1 0
 2 1
 3 0
454 12 4
 0 1
 1 3
 2 2
 3 1
455 0 4
 0 0
 1 0
 2 0
 3 0

# PRECEDENCES
1024
0 1
0 31
0 61
0 91
0 121
0 151
0 181
0 211
0 241
0 271
0 301
0 331
0 361
0 391
0 421
0 451
1 2
1 31
2 3
2 32
3 4
3 33
3 34
4 5
4 34
4 35
5 6
5 35
6 7
6 36
7 8
7 37
8 9
8 38
9 10
9 39
10 11
10 40
10 41
11 12
11 41
12 13
12 42
13 14
13 43
14 15
14 44
15 16
15 45
16 17
16 46
17 18
17 47
18 19
18 48
19 20
19 49
20 21
20 50
21 22
21 51
22 23
22 52
23 24
23 53
24 25
24 54
25 26
25 55
26 27
26 56
27 28
27 57
28 29
28 58
28 59
29 30
29 59
30 60
30 455
31 32
31 61
32 33
32 62
33 34
33 63
34 35
34 64
35 36
35 65
36 37
36 66
37 38
37 67
38 39
38 68
38 69
39 40
39 69
39 70
40 41
40 70
41 42
41 71
42 43
42 72
43 44
43 73
44 45
44 74
44 75
45 46
45 75
45 76
46 47
46 76
46 77
47 48
47 77
48 49
48 78
49 50
49 79
49 80
50 51
50 80
51 52
51 81
52 53
52 82
53 54
53 83
54 55
54 84
55 56
55 85
55 86
56 57
56 86
57 58
57 87
58 59
58 88
59 60
59 89
59 90
60 90
60 455
61 62
61 91
62 63
62 92
62 93
63 64
63 93
64 65
64 94
64 95
65 66
65 95
66 67
66 96
66 97
67 68
67 97
68 69
68 98
69 70
69 99
70 71
70 100
71 72
71 101
72 73
72 102
73 74
73 103
74 75
74 104
75 76
75 105
75 106
76 77
76 106
77 78
77 107
77 108
78 79
78 108
78 109
79 80
79 109
80 81
80 110
80 111
81 82
81 111
82 83
82 112
83 84
83 113
83 114
84 85
84 114
85 86
85 115
86 87
86 116
87 88
87 117
88 89
88 118
89 90
89 119
90 120
90 455
91 92
91 121
92 93
92 122
92 123
93 94
93 123
94 95
94 124
95 96
95 125
96 97
96 126
96 127
97 98
97 127
98 99
98 128
99 100
99 129
100 101
100 130
100 131
101 102
101 131
101 132
102 103
102 132
102 133
103 104
103 133
104 105
104 134
104 135
105 106
105 135
106 107
106 136
107 108
107 137
108 109
108 138
109 110
109 139
110 111
110 140
110 141
111 112
111 141
111 142
112 113
112 142
113 114
113 143
113 144
114 115
114 144
115 116
115 145
116 117
116 146
117 118
117 147
117 148
118 119
118 148
119 120
119 149
120 150
120 455
121 122
121 151
121 152
122 123
122 152
123 124
123 153
124 125
124 154
125 126
125 155
125 156
126 127
126 156
127 128
127 157
127 158
128 129
128 158
128 159
129 130
129 159
130 131
130 160
131 132
131 161
131 162
132 133
132 162
132 163
133 134
133 163
134 135
134 164
135 136
135 165
136 137
136 166
137 138
137 167
137 168
138 139
138 168
139 140
139 169
140 141
140 170
140 171
141 142
141 171
142 143
142 172
142 173
143 144
143 173
143 174
144 145
144 174
145 146
145 175
145 176
146 147
146 176
146 177
147 148
147 177
147 178
148 149
148 178
148 179
149 150
149 179
149 180
150 180
150 455
151 152
151 181
151 182
152 153
152 182
152 183
153 154
153 183
154 155
154 184
155 156
155 185
156 157
156 186
157 158
157 187
158 159
158 188
158 189
159 160
159 189
160 161
160 190
160 191
161 162
161 191
162 163
162 192
163 164
163 193
164 165
164 194
165 166
165 195
166 167
166 196
166 197
167 168
167 197
167 198
168 169
168 198
168 199
169 170
169 199
169 200
170 171
170 200
171 172
171 201
172 173
172 202
172 203
173 174
173 203
174 175
174 204
175 176
175 205
175 206
176 177
176 206
177 178
177 207
178 179
178 208
179 180
179 209
180 210
180 455
181 182
181 211
182 183
182 212
182 213
183 184
183 213
183 214
184 185
184 214
185 186
185 215
185 216
186 187
186 216
187 188
187 217
188 189
188 218
188 219
189 190
189 219
190 191
190 220
191 192
191 221
191 222
192 193
192 222
192 223
193 194
193 223
194 195
194 224
195 196
195 225
196 197
196 226
196 227
197 198
197 227
198 199
198 228
199 200
199 229
200 201
200 230
201 202
201 231
201 232
202 203
202 232
203 204
203 233
204 205
204 234
205 206
205 235
206 207
206 236
206 237
207 208
207 237
208 209
208 238
209 210
209 239
210 240
210 455
211 212
211 241
212 213
212 242
212 243
213 214
213 243
213 244
214 215
214 244
215 216
215 245
216 217
216 246
216 247
217 218
217 247
218 219
218 248
219 220
219 249
220 221
220 250
221 222
221 251
221 252
222 223
222 252
222 253
223 224
223 253
224 225
224 254
224 255
225 226
225 255
226 227
226 256
227 228
227 257
227 258
228 229
228 258
229 230
229 259
230 231
230 260
231 232
231 261
231 262
232 233
232 262
232 263
233 234
233 263
234 235
234 264
234 265
235 236
235 265
236 237
236 266
236 267
237 238
237 267
238 239
238 268
239 240
239 269
240 270
240 455
241 242
241 271
242 243
242 272
242 273
243 244
243 273
244 245
244 274
244 275
245 246
245 275
246 247
246 276
247 248
247 277
248 249
248 278
249 250
249 279
250 251
250 280
251 252
251 281
252 253
252 282
253 254
253 283
254 255
254 284
254 285
255 256
255 285
256 257
256 286
257 258
257 287
257 288
258 259
258 288
259 260
259 289
260 261
260 290
260 291
261 262
261 291
262 263
262 292
263 264
263 293
264 265
264 294
264 295
265 266
265 295
266 267
266 296
267 268
267 297
268 269
268 298
269 270
269 299
269 300
270 300
270 455
271 272
271 301
272 273
272 302
273 274
273 303
274 275
274 304
275 276
275 305
275 306
276 277
276 306
277 278
277 307
278 279
278 308
278 309
279 280
279 309
280 281
280 310
281 282
281 311
282 283
282 312
283 284
283 313
284 285
284 314
285 286
285 315
286 287
286 316
286 317
287 288
287 317
288 289
288 318
289 290
289 319
289 320
290 291
290 320
291 292
291 321
291 322
292 293
292 322
293 294
293 323
294 295
294 324
295 296
295 325
295 326
296 297
296 326
297 298
297 327
298 299
298 328
299 300
299 329
299 330
300 330
300 455
301 302
301 331
302 303
302 332
302 333
303 304
303 333
304 305
304 334
304 335
305 306
305 335
306 307
306 336
306 337
307 308
307 337
308 309
308 338
309 310
309 339
309 340
310 311
310 340
310 341
311 312
311 341
312 313
312 342
313 314
313 343
314 315
314 344
314 345
315 316
315 345
316 317
316 346
317 318
317 347
318 319
318 348
318 349
319 320
319 349
320 321
320 350
321 322
321 351
322 323
322 352
323 324
323 353
323 354
324 325
324 354
324 355
325 326
325 355
326 327
326 356
327 328
327 357
328 329
328 358
329 330
329 359
330 360
330 455
331 332
331 361
332 333
332 362
332 363
333 334
333 363
334 335
334 364
334 365
335 336
335 365
336 337
336 366
336 367
337 338
337 367
338 339
338 368
339 340
339 369
339 370
340 341
340 370
340 371
341 342
341 371
341 372
342 343
342 372
343 344
343 373
344 345
344 374
345 346
345 375
346 347
346 376
347 348
347 377
348 349
348 378
348 379
349 350
349 379
349 380
350 351
350 380
351 352
351 381
352 353
352 382
352 383
353 354
353 383
354 355
354 384
354 385
355 356
355 385
355 386
356 357
356 386
357 358
357 387
358 359
358 388
358 389
359 360
359 389
360 390
360 455
361 362
361 391
361 392
362 363
362 392
363 364
363 393
364 365
364 394
365 366
365 395
366 367
366 396
367 368
367 397
368 369
368 398
369 370
369 399
370 371
370 400
371 372
371 401
371 402
372 373
372 402
372 403
373 374
373 403
373 404
374 375
374 404
374 405
375 376
375 405
376 377
376 406
376 407
377 378
377 407
378 379
378 408
379 380
379 409
380 381
380 410
381 382
381 411
382 383
382 412
383 384
383 413
384 385
384 414
384 415
385 386
385 415
386 387
386 416
386 417
387 388
387 417
387 418
388 389
388 418
389 390
389 419
389 420
390 420
390 455
391 392
391 421
392 393
392 422
393 394
393 423
394 395
394 424
394 425
395 396
395 425
396 397
396 426
397 398
397 427
398 399
398 428
399 400
399 429
399 430
400 401
400 430
401 402
401 431
402 403
402 432
403 404
403 433
403 434
404 405
404 434
405 406
405 435
406 407
406 436
406 437
407 408
407 437
408 409
408 438
409 410
409 439
410 411
410 440
410 441
411 412
411 441
412 413
412 442
412 443
413 414
413 443
413 444
414 415
414 444
415 416
415 445
416 417
416 446
417 418
417 447
418 419
418 448
419 420
419 449
420 450
420 455
421 422
421 451
422 423
422 452
423 424
423 453
424 425
424 454
425 426
426 427
427 428
428 429
429 430
430 431
431 432
432 433
433 434
434 435
435 436
436 437
437 438
438 439
439 440
440 441
441 442
442 443
443 444
444 445
445 446
446 447
447 448
448 449
449 450
450 455
451 452
451 455
452 453
452 455
453 454
453 455
454 455
