# Tier 7 (Very Large) - Instance 86
# Generated with config: N=439, K=4, topology=grid, calendar=staggered

# HEADER: <num_tasks> <num_types> <num_units>
441 4 21

# RESOURCE TYPES
# Format: <type_id> <num_units> <unit_id1> <unit_id2> ...
0 4 0 1 2 3
1 4 4 5 6 7
2 6 8 9 10 11 12 13
3 7 14 15 16 17 18 19 20

# RESOURCE UNITS (Calendars)
# Format: <unit_id> <num_steps> <t1> <v1> <t2> <v2> ...
0 26 0 100 1 0 29 100 346 0 373 100 692 0 721 100 1040 0 1067 100 1384 0 1412 100 1729 0 1758 100 2074 0 2105 100 2420 0 2448 100 2766 0 2797 100 3112 0 3141 100 3455 0 3483 100 3798 0 3827 100 4504 0
1 26 0 100 15 0 75 100 360 0 421 100 705 0 766 100 1052 0 1111 100 1393 0 1453 100 1737 0 1799 100 2083 0 2142 100 2429 0 2489 100 2775 0 2834 100 3118 0 3181 100 3464 0 3526 100 3808 0 3869 100 4504 0
2 26 0 100 32 0 70 100 377 0 415 100 724 0 763 100 1072 0 1109 100 1416 0 1453 100 1762 0 1799 100 2108 0 2147 100 2458 0 2495 100 2806 0 2844 100 3150 0 3187 100 3497 0 3532 100 3840 0 3878 100 4504 0
3 26 0 100 48 0 92 100 394 0 436 100 740 0 781 100 1082 0 1126 100 1429 0 1471 100 1772 0 1815 100 2116 0 2161 100 2467 0 2511 100 2813 0 2857 100 3159 0 3200 100 3503 0 3547 100 3851 0 3893 100 4504 0
4 26 0 100 65 0 120 100 409 0 464 100 755 0 811 100 1103 0 1159 100 1448 0 1504 100 1795 0 1851 100 2143 0 2198 100 2487 0 2543 100 2833 0 2889 100 3180 0 3236 100 3525 0 3579 100 3871 0 3927 100 4504 0
5 26 0 100 83 0 135 100 431 0 483 100 780 0 830 100 1125 0 1177 100 1475 0 1525 100 1821 0 1872 100 2165 0 2215 100 2508 0 2559 100 2851 0 2900 100 3198 0 3249 100 3544 0 3593 100 3888 0 3937 100 4504 0
6 26 0 100 98 0 130 100 446 0 476 100 787 0 817 100 1128 0 1161 100 1475 0 1508 100 1824 0 1857 100 2172 0 2205 100 2521 0 2553 100 2867 0 2899 100 3212 0 3243 100 3558 0 3588 100 3904 0 3935 100 4504 0
7 26 0 100 115 0 159 100 458 0 503 100 802 0 845 100 1147 0 1191 100 1492 0 1535 100 1834 0 1877 100 2177 0 2223 100 2525 0 2569 100 2868 0 2914 100 3215 0 3259 100 3561 0 3606 100 3908 0 3954 100 4504 0
8 26 0 100 133 0 189 100 477 0 535 100 827 0 881 100 1170 0 1226 100 1516 0 1574 100 1861 0 1916 100 2206 0 2263 100 2553 0 2608 100 2898 0 2954 100 3241 0 3297 100 3585 0 3640 100 3929 0 3987 100 4504 0
9 26 0 100 149 0 207 100 495 0 552 100 842 0 897 100 1186 0 1242 100 1533 0 1591 100 1878 0 1933 100 2221 0 2279 100 2567 0 2623 100 2909 0 2967 100 3258 0 3313 100 3604 0 3661 100 3948 0 4005 100 4504 0
10 26 0 100 165 0 210 100 512 0 557 100 857 0 903 100 1207 0 1251 100 1549 0 1593 100 1895 0 1939 100 2238 0 2283 100 2585 0 2630 100 2930 0 2977 100 3275 0 3319 100 3622 0 3667 100 3969 0 4013 100 4504 0
11 26 0 100 183 0 223 100 533 0 570 100 879 0 918 100 1225 0 1265 100 1575 0 1615 100 1919 0 1956 100 2262 0 2302 100 2611 0 2651 100 2959 0 2998 100 3308 0 3345 100 3650 0 3690 100 3997 0 4037 100 4504 0
12 26 0 100 199 0 232 100 545 0 581 100 892 0 927 100 1235 0 1271 100 1579 0 1614 100 1925 0 1958 100 2271 0 2308 100 2620 0 2656 100 2968 0 3004 100 3312 0 3347 100 3659 0 3693 100 4006 0 4041 100 4504 0
13 26 0 100 212 0 246 100 556 0 592 100 902 0 937 100 1247 0 1283 100 1591 0 1627 100 1935 0 1971 100 2282 0 2318 100 2630 0 2666 100 2974 0 3010 100 3319 0 3355 100 3667 0 3700 100 4011 0 4048 100 4504 0
14 26 0 100 229 0 287 100 575 0 632 100 918 0 977 100 1264 0 1323 100 1612 0 1668 100 1955 0 2013 100 2299 0 2358 100 2644 0 2700 100 2987 0 3045 100 3331 0 3388 100 3679 0 3736 100 4026 0 4082 100 4504 0
15 26 0 100 246 0 300 100 592 0 647 100 935 0 991 100 1283 0 1338 100 1628 0 1682 100 1974 0 2030 100 2320 0 2377 100 2665 0 2720 100 3012 0 3067 100 3357 0 3412 100 3700 0 3755 100 4044 0 4099 100 4504 0
16 26 0 100 265 0 322 100 609 0 667 100 956 0 1011 100 1299 0 1355 100 1643 0 1701 100 1988 0 2046 100 2335 0 2392 100 2682 0 2738 100 3028 0 3086 100 3373 0 3431 100 3719 0 3775 100 4064 0 4121 100 4504 0
17 26 0 100 279 0 332 100 623 0 678 100 966 0 1023 100 1316 0 1370 100 1659 0 1715 100 2004 0 2057 100 2347 0 2401 100 2691 0 2745 100 3034 0 3088 100 3379 0 3433 100 3721 0 3774 100 4065 0 4119 100 4504 0
18 26 0 100 295 0 357 100 639 0 701 100 987 0 1047 100 1331 0 1391 100 1676 0 1738 100 2024 0 2086 100 2368 0 2430 100 2713 0 2775 100 3062 0 3123 100 3409 0 3469 100 3754 0 3816 100 4099 0 4162 100 4504 0
19 26 0 100 312 0 359 100 659 0 705 100 1006 0 1052 100 1354 0 1402 100 1700 0 1747 100 2049 0 2094 100 2394 0 2441 100 2741 0 2788 100 3089 0 3134 100 3435 0 3479 100 3776 0 3822 100 4124 0 4168 100 4504 0
20 26 0 100 331 0 382 100 673 0 724 100 1018 0 1069 100 1360 0 1411 100 1704 0 1758 100 2052 0 2103 100 2397 0 2448 100 2744 0 2798 100 3093 0 3144 100 3438 0 3489 100 3782 0 3833 100 4127 0 4178 100 4504 0

# TASKS
# Format: <task_id> <size> <num_reqs>
# Then for each requirement: <type_id> <qty>
0 0 4
 0 0
 1 0
 2 0
 3 0
1 14 4
 0 3
 1 0
 2 3
 3 2
2 10 4
 0 3
 1 2
 2 2
 3 3
3 20 4
 0 0
 1 0
 2 3
 3 2
4 11 4
 0 0
 1 1
 2 0
 3 1
5 4 4
 0 3
 1 0
 2 2
 3 1
6 1 4
 0 3
 1 1
 2 2
 3 3
7 9 4
 0 0
 1 2
 2 3
 3 0
8 1 4
 0 0
 1 0
 2 0
 3 3
9 18 4
 0 3
 1 3
 2 3
 3 0
10 2 4
 0 0
 1 2
 2 1
 3 0
11 12 4
 0 0
 1 0
 2 0
 3 2
12 1 4
 0 2
 1 1
 2 1
 3 1
13 7 4
 0 1
 1 1
 2 0
 3 2
14 18 4
 0 3
 1 1
 2 0
 3 3
15 9 4
 0 1
 1 2
 2 3
 3 2
16 13 4
 0 2
 1 1
 2 1
 3 2
17 15 4
 0 0
 1 0
 2 3
 3 3
18 9 4
 0 2
 1 3
 2 1
 3 0
19 11 4
 0 2
 1 0
 2 0
 3 0
20 1 4
 0 3
 1 0
 2 2
 3 0
21 3 4
 0 1
 1 3
 2 1
 3 0
22 3 4
 0 3
 1 1
 2 3
 3 2
23 18 4
 0 2
 1 0
 2 2
 3 2
24 14 4
 0 3
 1 3
 2 0
 3 3
25 4 4
 0 1
 1 2
 2 2
 3 0
26 14 4
 0 2
 1 2
 2 3
 3 0
27 16 4
 0 3
 1 1
 2 2
 3 3
28 14 4
 0 1
 1 3
 2 2
 3 0
29 17 4
 0 0
 1 0
 2 3
 3 3
30 1 4
 0 2
 1 0
 2 3
 3 1
31 19 4
 0 0
 1 3
 2 1
 3 0
32 13 4
 0 0
 1 0
 2 0
 3 1
33 8 4
 0 0
 1 3
 2 2
 3 1
34 11 4
 0 0
 1 0
 2 1
 3 0
35 7 4
 0 1
 1 3
 2 0
 3 2
36 17 4
 0 0
 1 0
 2 0
 3 1
37 3 4
 0 3
 1 0
 2 0
 3 0
38 19 4
 0 3
 1 0
 2 0
 3 0
39 1 4
 0 1
 1 0
 2 3
 3 0
40 12 4
 0 1
 1 1
 2 0
 3 0
41 5 4
 0 0
 1 3
 2 2
 3 1
42 7 4
 0 2
 1 1
 2 0
 3 0
43 9 4
 0 0
 1 0
 2 1
 3 0
44 12 4
 0 0
 1 3
 2 0
 3 2
45 17 4
 0 2
 1 2
 2 0
 3 0
46 18 4
 0 1
 1 3
 2 2
 3 1
47 13 4
 0 3
 1 3
 2 0
 3 0
48 5 4
 0 3
 1 0
 2 0
 3 2
49 2 4
 0 0
 1 3
 2 0
 3 0
50 4 4
 0 2
 1 2
 2 2
 3 1
51 10 4
 0 0
 1 3
 2 2
 3 1
52 19 4
 0 0
 1 2
 2 1
 3 0
53 1 4
 0 0
 1 3
 2 1
 3 1
54 13 4
 0 0
 1 0
 2 3
 3 0
55 10 4
 0 2
 1 2
 2 3
 3 2
56 12 4
 0 1
 1 0
 2 2
 3 2
57 13 4
 0 2
 1 0
 2 2
 3 0
58 20 4
 0 0
 1 2
 2 0
 3 3
59 15 4
 0 1
 1 2
 2 0
 3 3
60 12 4
 0 3
 1 3
 2 2
 3 2
61 11 4
 0 1
 1 0
 2 1
 3 1
62 17 4
 0 2
 1 0
 2 1
 3 0
63 3 4
 0 2
 1 2
 2 0
 3 0
64 1 4
 0 3
 1 1
 2 2
 3 0
65 14 4
 0 2
 1 0
 2 1
 3 0
66 12 4
 0 0
 1 3
 2 0
 3 3
67 15 4
 0 0
 1 0
 2 2
 3 2
68 19 4
 0 1
 1 1
 2 3
 3 2
69 3 4
 0 0
 1 2
 2 0
 3 0
70 5 4
 0 3
 1 1
 2 0
 3 1
71 8 4
 0 2
 1 0
 2 2
 3 3
72 19 4
 0 0
 1 0
 2 2
 3 0
73 14 4
 0 0
 1 2
 2 0
 3 0
74 4 4
 0 0
 1 0
 2 3
 3 0
75 10 4
 0 0
 1 1
 2 0
 3 2
76 5 4
 0 2
 1 2
 2 3
 3 0
77 19 4
 0 0
 1 0
 2 1
 3 0
78 8 4
 0 0
 1 1
 2 2
 3 2
79 6 4
 0 1
 1 0
 2 1
 3 3
80 12 4
 0 0
 1 0
 2 1
 3 1
81 15 4
 0 0
 1 0
 2 3
 3 0
82 19 4
 0 1
 1 3
 2 0
 3 2
83 19 4
 0 2
 1 0
 2 1
 3 0
84 9 4
 0 0
 1 1
 2 0
 3 1
85 5 4
 0 0
 1 0
 2 1
 3 0
86 3 4
 0 3
 1 0
 2 3
 3 0
87 6 4
 0 1
 1 0
 2 3
 3 2
88 1 4
 0 0
 1 0
 2 0
 3 1
89 8 4
 0 1
 1 1
 2 3
 3 2
90 18 4
 0 2
 1 1
 2 3
 3 0
91 14 4
 0 0
 1 0
 2 0
 3 1
92 1 4
 0 1
 1 3
 2 0
 3 2
93 14 4
 0 0
 1 0
 2 2
 3 1
94 4 4
 0 3
 1 1
 2 0
 3 1
95 18 4
 0 2
 1 0
 2 2
 3 2
96 17 4
 0 1
 1 2
 2 3
 3 0
97 5 4
 0 2
 1 1
 2 2
 3 3
98 2 4
 0 3
 1 0
 2 3
 3 1
99 5 4
 0 0
 1 3
 2 0
 3 0
100 9 4
 0 0
 1 0
 2 3
 3 2
101 1 4
 0 0
 1 0
 2 1
 3 0
102 17 4
 0 0
 1 1
 2 2
 3 3
103 15 4
 0 0
 1 0
 2 1
 3 3
104 4 4
 0 0
 1 0
 2 0
 3 1
105 19 4
 0 2
 1 2
 2 0
 3 2
106 11 4
 0 3
 1 3
 2 0
 3 0
107 3 4
 0 0
 1 3
 2 2
 3 3
108 4 4
 0 0
 1 3
 2 0
 3 3
109 10 4
 0 0
 1 2
 2 0
 3 0
110 16 4
 0 1
 1 3
 2 2
 3 2
111 1 4
 0 2
 1 0
 2 1
 3 0
112 6 4
 0 2
 1 3
 2 0
 3 3
113 17 4
 0 1
 1 0
 2 1
 3 1
114 3 4
 0 3
 1 1
 2 1
 3 0
115 3 4
 0 0
 1 0
 2 3
 3 0
116 15 4
 0 0
 1 2
 2 3
 3 1
117 19 4
 0 3
 1 0
 2 0
 3 3
118 19 4
 0 1
 1 1
 2 3
 3 0
119 6 4
 0 0
 1 0
 2 3
 3 3
120 19 4
 0 1
 1 3
 2 0
 3 0
121 13 4
 0 0
 1 1
 2 2
 3 0
122 14 4
 0 0
 1 2
 2 0
 3 0
123 9 4
 0 0
 1 0
 2 1
 3 0
124 17 4
 0 2
 1 2
 2 1
 3 3
125 1 4
 0 1
 1 0
 2 0
 3 2
126 1 4
 0 3
 1 0
 2 3
 3 2
127 5 4
 0 3
 1 2
 2 2
 3 2
128 15 4
 0 3
 1 0
 2 2
 3 0
129 6 4
 0 0
 1 2
 2 0
 3 0
130 10 4
 0 2
 1 0
 2 1
 3 2
131 19 4
 0 0
 1 1
 2 2
 3 0
132 18 4
 0 2
 1 0
 2 2
 3 2
133 2 4
 0 1
 1 3
 2 1
 3 3
134 13 4
 0 1
 1 2
 2 2
 3 3
135 12 4
 0 3
 1 1
 2 1
 3 0
136 7 4
 0 3
 1 0
 2 0
 3 0
137 1 4
 0 1
 1 3
 2 3
 3 3
138 6 4
 0 3
 1 1
 2 3
 3 2
139 13 4
 0 1
 1 2
 2 3
 3 0
140 1 4
 0 1
 1 1
 2 0
 3 1
141 12 4
 0 1
 1 0
 2 1
 3 0
142 15 4
 0 0
 1 2
 2 0
 3 0
143 11 4
 0 0
 1 0
 2 0
 3 1
144 7 4
 0 2
 1 2
 2 1
 3 0
145 13 4
 0 2
 1 0
 2 3
 3 0
146 7 4
 0 0
 1 1
 2 0
 3 0
147 10 4
 0 2
 1 1
 2 2
 3 0
148 13 4
 0 0
 1 2
 2 0
 3 1
149 18 4
 0 0
 1 0
 2 2
 3 0
150 11 4
 0 0
 1 2
 2 0
 3 0
151 16 4
 0 0
 1 3
 2 1
 3 0
152 12 4
 0 3
 1 3
 2 0
 3 1
153 9 4
 0 1
 1 3
 2 0
 3 2
154 3 4
 0 3
 1 3
 2 3
 3 3
155 15 4
 0 3
 1 2
 2 1
 3 2
156 10 4
 0 1
 1 0
 2 1
 3 3
157 19 4
 0 2
 1 0
 2 0
 3 1
158 3 4
 0 1
 1 3
 2 1
 3 0
159 18 4
 0 0
 1 3
 2 1
 3 0
160 15 4
 0 2
 1 2
 2 0
 3 2
161 4 4
 0 2
 1 2
 2 1
 3 3
162 3 4
 0 3
 1 1
 2 0
 3 0
163 7 4
 0 0
 1 0
 2 0
 3 3
164 4 4
 0 1
 1 3
 2 2
 3 0
165 16 4
 0 0
 1 2
 2 1
 3 0
166 5 4
 0 2
 1 0
 2 3
 3 0
167 10 4
 0 3
 1 0
 2 0
 3 0
168 15 4
 0 2
 1 0
 2 2
 3 3
169 20 4
 0 0
 1 0
 2 2
 3 1
170 6 4
 0 2
 1 0
 2 0
 3 2
171 14 4
 0 2
 1 2
 2 3
 3 2
172 4 4
 0 3
 1 3
 2 3
 3 0
173 1 4
 0 0
 1 1
 2 1
 3 0
174 16 4
 0 3
 1 3
 2 2
 3 2
175 20 4
 0 0
 1 3
 2 2
 3 1
176 2 4
 0 2
 1 1
 2 0
 3 0
177 16 4
 0 2
 1 0
 2 0
 3 0
178 4 4
 0 2
 1 3
 2 2
 3 0
179 20 4
 0 2
 1 3
 2 0
 3 3
180 18 4
 0 3
 1 0
 2 3
 3 2
181 2 4
 0 0
 1 1
 2 0
 3 0
182 8 4
 0 2
 1 0
 2 2
 3 0
183 17 4
 0 0
 1 0
 2 2
 3 3
184 12 4
 0 2
 1 2
 2 0
 3 1
185 18 4
 0 2
 1 1
 2 0
 3 1
186 12 4
 0 3
 1 0
 2 0
 3 1
187 9 4
 0 0
 1 0
 2 3
 3 0
188 17 4
 0 0
 1 0
 2 2
 3 2
189 14 4
 0 1
 1 0
 2 2
 3 0
190 16 4
 0 0
 1 3
 2 1
 3 1
191 10 4
 0 0
 1 0
 2 3
 3 3
192 5 4
 0 0
 1 2
 2 2
 3 2
193 4 4
 0 3
 1 1
 2 2
 3 0
194 6 4
 0 0
 1 3
 2 3
 3 2
195 7 4
 0 3
 1 0
 2 0
 3 1
196 11 4
 0 0
 1 0
 2 3
 3 1
197 6 4
 0 2
 1 0
 2 1
 3 1
198 11 4
 0 1
 1 1
 2 3
 3 1
199 18 4
 0 1
 1 0
 2 1
 3 0
200 8 4
 0 3
 1 0
 2 0
 3 0
201 2 4
 0 3
 1 1
 2 0
 3 3
202 8 4
 0 3
 1 2
 2 0
 3 2
203 7 4
 0 3
 1 0
 2 2
 3 0
204 14 4
 0 1
 1 0
 2 3
 3 1
205 12 4
 0 0
 1 3
 2 0
 3 0
206 10 4
 0 2
 1 0
 2 2
 3 0
207 6 4
 0 0
 1 0
 2 2
 3 3
208 5 4
 0 1
 1 3
 2 1
 3 1
209 8 4
 0 3
 1 2
 2 1
 3 3
210 11 4
 0 0
 1 3
 2 3
 3 2
211 2 4
 0 3
 1 0
 2 2
 3 1
212 10 4
 0 2
 1 1
 2 3
 3 1
213 15 4
 0 2
 1 0
 2 0
 3 1
214 20 4
 0 3
 1 0
 2 2
 3 0
215 4 4
 0 2
 1 3
 2 2
 3 0
216 13 4
 0 0
 1 3
 2 2
 3 0
217 9 4
 0 0
 1 1
 2 0
 3 0
218 12 4
 0 1
 1 3
 2 2
 3 2
219 14 4
 0 3
 1 1
 2 1
 3 3
220 10 4
 0 3
 1 1
 2 3
 3 2
221 18 4
 0 0
 1 3
 2 0
 3 0
222 17 4
 0 0
 1 1
 2 1
 3 1
223 10 4
 0 0
 1 1
 2 1
 3 3
224 2 4
 0 0
 1 0
 2 3
 3 0
225 18 4
 0 0
 1 0
 2 1
 3 0
226 19 4
 0 3
 1 0
 2 0
 3 0
227 14 4
 0 3
 1 1
 2 1
 3 1
228 14 4
 0 1
 1 0
 2 0
 3 0
229 3 4
 0 2
 1 3
 2 2
 3 3
230 10 4
 0 0
 1 2
 2 0
 3 1
231 13 4
 0 0
 1 1
 2 3
 3 0
232 19 4
 0 2
 1 0
 2 1
 3 3
233 2 4
 0 0
 1 0
 2 3
 3 3
234 19 4
 0 3
 1 2
 2 1
 3 0
235 11 4
 0 3
 1 1
 2 3
 3 1
236 11 4
 0 0
 1 0
 2 0
 3 1
237 11 4
 0 2
 1 0
 2 0
 3 0
238 4 4
 0 0
 1 3
 2 0
 3 1
239 4 4
 0 3
 1 0
 2 2
 3 0
240 11 4
 0 3
 1 3
 2 2
 3 0
241 6 4
 0 2
 1 3
 2 1
 3 0
242 20 4
 0 0
 1 3
 2 0
 3 1
243 7 4
 0 3
 1 0
 2 1
 3 0
244 9 4
 0 2
 1 0
 2 0
 3 0
245 3 4
 0 2
 1 0
 2 3
 3 0
246 4 4
 0 2
 1 0
 2 1
 3 2
247 2 4
 0 3
 1 3
 2 1
 3 1
248 4 4
 0 0
 1 3
 2 0
 3 1
249 14 4
 0 0
 1 1
 2 1
 3 0
250 19 4
 0 0
 1 0
 2 2
 3 0
251 13 4
 0 1
 1 0
 2 0
 3 0
252 4 4
 0 3
 1 0
 2 3
 3 3
253 8 4
 0 0
 1 1
 2 2
 3 1
254 8 4
 0 0
 1 1
 2 3
 3 2
255 14 4
 0 3
 1 2
 2 0
 3 0
256 11 4
 0 0
 1 1
 2 2
 3 1
257 10 4
 0 0
 1 2
 2 3
 3 1
258 11 4
 0 1
 1 2
 2 1
 3 3
259 16 4
 0 0
 1 3
 2 0
 3 2
260 15 4
 0 0
 1 0
 2 0
 3 1
261 15 4
 0 2
 1 0
 2 1
 3 0
262 13 4
 0 0
 1 0
 2 0
 3 2
263 3 4
 0 3
 1 0
 2 3
 3 2
264 10 4
 0 1
 1 1
 2 0
 3 0
265 14 4
 0 3
 1 1
 2 0
 3 2
266 5 4
 0 0
 1 1
 2 0
 3 2
267 5 4
 0 0
 1 1
 2 0
 3 0
268 12 4
 0 2
 1 1
 2 1
 3 3
269 1 4
 0 1
 1 0
 2 0
 3 3
270 16 4
 0 3
 1 3
 2 0
 3 3
271 9 4
 0 1
 1 1
 2 3
 3 0
272 9 4
 0 0
 1 0
 2 1
 3 0
273 9 4
 0 0
 1 0
 2 2
 3 1
274 3 4
 0 1
 1 2
 2 0
 3 0
275 19 4
 0 3
 1 3
 2 0
 3 0
276 13 4
 0 1
 1 0
 2 2
 3 0
277 6 4
 0 1
 1 0
 2 0
 3 1
278 10 4
 0 3
 1 2
 2 0
 3 2
279 15 4
 0 0
 1 0
 2 1
 3 3
280 2 4
 0 2
 1 3
 2 0
 3 2
281 13 4
 0 3
 1 0
 2 3
 3 3
282 6 4
 0 2
 1 0
 2 3
 3 0
283 7 4
 0 2
 1 0
 2 0
 3 0
284 8 4
 0 1
 1 0
 2 0
 3 0
285 5 4
 0 0
 1 3
 2 1
 3 0
286 4 4
 0 0
 1 3
 2 2
 3 1
287 1 4
 0 0
 1 1
 2 0
 3 3
288 9 4
 0 0
 1 3
 2 2
 3 1
289 17 4
 0 0
 1 0
 2 0
 3 3
290 7 4
 0 1
 1 0
 2 1
 3 0
291 10 4
 0 2
 1 2
 2 3
 3 0
292 18 4
 0 0
 1 0
 2 0
 3 2
293 13 4
 0 2
 1 0
 2 1
 3 0
294 17 4
 0 0
 1 0
 2 1
 3 0
295 18 4
 0 1
 1 0
 2 0
 3 1
296 16 4
 0 3
 1 0
 2 1
 3 1
297 5 4
 0 0
 1 3
 2 0
 3 2
298 4 4
 0 1
 1 1
 2 0
 3 0
299 15 4
 0 0
 1 3
 2 2
 3 3
300 9 4
 0 0
 1 1
 2 2
 3 2
301 7 4
 0 1
 1 2
 2 2
 3 0
302 12 4
 0 0
 1 1
 2 2
 3 3
303 2 4
 0 0
 1 2
 2 2
 3 1
304 7 4
 0 0
 1 0
 2 3
 3 0
305 2 4
 0 2
 1 0
 2 1
 3 3
306 1 4
 0 2
 1 2
 2 3
 3 0
307 20 4
 0 3
 1 0
 2 0
 3 3
308 1 4
 0 3
 1 0
 2 0
 3 1
309 14 4
 0 1
 1 2
 2 0
 3 0
310 4 4
 0 2
 1 0
 2 3
 3 2
311 14 4
 0 2
 1 1
 2 0
 3 0
312 15 4
 0 1
 1 0
 2 0
 3 0
313 19 4
 0 2
 1 3
 2 1
 3 2
314 1 4
 0 1
 1 3
 2 3
 3 3
315 4 4
 0 0
 1 0
 2 3
 3 0
316 18 4
 0 3
 1 2
 2 1
 3 1
317 10 4
 0 0
 1 1
 2 2
 3 3
318 2 4
 0 3
 1 1
 2 0
 3 0
319 4 4
 0 0
 1 0
 2 0
 3 3
320 6 4
 0 0
 1 0
 2 1
 3 3
321 12 4
 0 0
 1 1
 2 0
 3 3
322 11 4
 0 1
 1 2
 2 0
 3 2
323 10 4
 0 2
 1 0
 2 2
 3 0
324 3 4
 0 1
 1 2
 2 1
 3 0
325 18 4
 0 0
 1 0
 2 3
 3 0
326 16 4
 0 0
 1 0
 2 0
 3 1
327 8 4
 0 0
 1 0
 2 0
 3 3
328 14 4
 0 2
 1 3
 2 2
 3 0
329 9 4
 0 2
 1 3
 2 1
 3 0
330 15 4
 0 0
 1 2
 2 0
 3 0
331 7 4
 0 2
 1 3
 2 1
 3 1
332 19 4
 0 2
 1 0
 2 0
 3 1
333 12 4
 0 2
 1 1
 2 0
 3 2
334 9 4
 0 2
 1 3
 2 0
 3 3
335 6 4
 0 0
 1 3
 2 2
 3 0
336 15 4
 0 2
 1 2
 2 2
 3 0
337 5 4
 0 0
 1 0
 2 0
 3 1
338 13 4
 0 0
 1 3
 2 2
 3 2
339 15 4
 0 2
 1 3
 2 3
 3 2
340 10 4
 0 3
 1 0
 2 0
 3 2
341 9 4
 0 1
 1 0
 2 0
 3 2
342 11 4
 0 3
 1 3
 2 3
 3 0
343 8 4
 0 3
 1 3
 2 1
 3 3
344 5 4
 0 1
 1 3
 2 3
 3 3
345 1 4
 0 0
 1 2
 2 3
 3 0
346 19 4
 0 3
 1 1
 2 1
 3 0
347 14 4
 0 3
 1 2
 2 3
 3 2
348 13 4
 0 0
 1 1
 2 0
 3 0
349 20 4
 0 3
 1 3
 2 3
 3 1
350 20 4
 0 0
 1 0
 2 1
 3 1
351 2 4
 0 0
 1 2
 2 0
 3 0
352 9 4
 0 3
 1 1
 2 3
 3 3
353 9 4
 0 0
 1 0
 2 1
 3 2
354 1 4
 0 0
 1 1
 2 2
 3 2
355 3 4
 0 2
 1 0
 2 3
 3 3
356 16 4
 0 0
 1 0
 2 2
 3 3
357 4 4
 0 0
 1 3
 2 0
 3 0
358 4 4
 0 1
 1 3
 2 2
 3 3
359 15 4
 0 0
 1 1
 2 0
 3 3
360 8 4
 0 1
 1 0
 2 3
 3 0
361 4 4
 0 3
 1 0
 2 3
 3 1
362 16 4
 0 1
 1 0
 2 0
 3 1
363 20 4
 0 3
 1 2
 2 0
 3 3
364 9 4
 0 1
 1 0
 2 0
 3 2
365 13 4
 0 1
 1 0
 2 0
 3 1
366 10 4
 0 3
 1 0
 2 2
 3 1
367 14 4
 0 3
 1 2
 2 3
 3 0
368 3 4
 0 3
 1 0
 2 3
 3 1
369 15 4
 0 0
 1 1
 2 0
 3 2
370 17 4
 0 2
 1 1
 2 1
 3 2
371 3 4
 0 2
 1 3
 2 3
 3 0
372 1 4
 0 2
 1 1
 2 0
 3 0
373 20 4
 0 1
 1 1
 2 2
 3 2
374 8 4
 0 0
 1 0
 2 3
 3 2
375 4 4
 0 3
 1 3
 2 0
 3 1
376 17 4
 0 0
 1 2
 2 0
 3 1
377 20 4
 0 0
 1 0
 2 3
 3 2
378 5 4
 0 0
 1 0
 2 1
 3 3
379 13 4
 0 3
 1 2
 2 1
 3 0
380 12 4
 0 2
 1 0
 2 1
 3 0
381 11 4
 0 1
 1 0
 2 3
 3 0
382 8 4
 0 2
 1 3
 2 1
 3 2
383 2 4
 0 0
 1 0
 2 1
 3 1
384 17 4
 0 3
 1 1
 2 1
 3 1
385 20 4
 0 0
 1 0
 2 1
 3 0
386 6 4
 0 1
 1 3
 2 3
 3 0
387 18 4
 0 3
 1 0
 2 0
 3 2
388 17 4
 0 3
 1 1
 2 0
 3 1
389 13 4
 0 3
 1 0
 2 0
 3 2
390 6 4
 0 0
 1 2
 2 3
 3 0
391 10 4
 0 0
 1 0
 2 3
 3 0
392 5 4
 0 3
 1 3
 2 1
 3 1
393 10 4
 0 1
 1 0
 2 0
 3 1
394 14 4
 0 2
 1 3
 2 1
 3 3
395 18 4
 0 1
 1 0
 2 0
 3 1
396 18 4
 0 2
 1 3
 2 1
 3 0
397 3 4
 0 0
 1 0
 2 0
 3 1
398 11 4
 0 3
 1 0
 2 0
 3 0
399 4 4
 0 0
 1 3
 2 0
 3 0
400 10 4
 0 0
 1 3
 2 3
 3 1
401 14 4
 0 2
 1 1
 2 0
 3 2
402 4 4
 0 0
 1 1
 2 2
 3 0
403 12 4
 0 1
 1 0
 2 3
 3 1
404 9 4
 0 0
 1 1
 2 2
 3 1
405 6 4
 0 3
 1 1
 2 0
 3 2
406 4 4
 0 0
 1 3
 2 0
 3 1
407 16 4
 0 3
 1 3
 2 0
 3 0
408 4 4
 0 3
 1 0
 2 0
 3 1
409 8 4
 0 0
 1 0
 2 0
 3 1
410 7 4
 0 1
 1 3
 2 1
 3 3
411 6 4
 0 2
 1 1
 2 2
 3 2
412 11 4
 0 1
 1 0
 2 1
 3 1
413 11 4
 0 0
 1 2
 2 3
 3 3
414 1 4
 0 0
 1 1
 2 3
 3 2
415 2 4
 0 0
 1 3
 2 0
 3 1
416 3 4
 0 0
 1 0
 2 2
 3 2
417 17 4
 0 0
 1 2
 2 3
 3 3
418 5 4
 0 2
 1 3
 2 1
 3 2
419 19 4
 0 1
 1 2
 2 1
 3 0
420 19 4
 0 2
 1 0
 2 2
 3 3
421 3 4
 0 2
 1 2
 2 0
 3 0
422 14 4
 0 2
 1 0
 2 0
 3 0
423 13 4
 0 0
 1 0
 2 0
 3 1
424 13 4
 0 2
 1 0
 2 3
 3 0
425 2 4
 0 0
 1 2
 2 0
 3 0
426 17 4
 0 0
 1 0
 2 1
 3 0
427 4 4
 0 2
 1 1
 2 1
 3 2
428 11 4
 0 3
 1 3
 2 3
 3 2
429 16 4
 0 3
 1 0
 2 2
 3 0
430 18 4
 0 2
 1 0
 2 0
 3 1
431 12 4
 0 1
 1 0
 2 0
 3 1
432 10 4
 0 2
 1 2
 2 0
 3 0
433 12 4
 0 0
 1 0
 2 0
 3 3
434 17 4
 0 2
 1 0
 2 0
 3 0
435 12 4
 0 0
 1 0
 2 0
 3 1
436 15 4
 0 0
 1 0
 2 0
 3 3
437 10 4
 0 0
 1 1
 2 1
 3 3
438 10 4
 0 2
 1 0
 2 1
 3 0
439 14 4
 0 0
 1 0
 2 2
 3 1
440 0 4
 0 0
 1 0
 2 0
 3 0

# PRECEDENCES
996
0 1
0 30
0 59
0 88
0 117
0 146
0 175
0 204
0 233
0 262
0 291
0 320
0 349
0 378
0 407
0 436
1 2
1 30
1 31
2 3
2 31
3 4
3 32
4 5
4 33
5 6
5 34
6 7
6 35
7 8
7 36
8 9
8 37
8 38
9 10
9 38
10 11
10 39
10 40
11 12
11 40
11 41
12 13
12 41
13 14
13 42
14 15
14 43
14 44
15 16
15 44
15 45
16 17
16 45
17 18
17 46
18 19
18 47
18 48
19 20
19 48
20 21
20 49
20 50
21 22
21 50
21 51
22 23
22 51
23 24
23 52
24 25
24 53
25 26
25 54
25 55
26 27
26 55
26 56
27 28
27 56
28 29
28 57
29 58
29 440
30 31
30 59
31 32
31 60
32 33
32 61
33 34
33 62
34 35
34 63
35 36
35 64
36 37
36 65
37 38
37 66
38 39
38 67
39 40
39 68
39 69
40 41
40 69
40 70
41 42
41 70
42 43
42 71
42 72
43 44
43 72
43 73
44 45
44 73
45 46
45 74
45 75
46 47
46 75
47 48
47 76
47 77
48 49
48 77
49 50
49 78
50 51
50 79
50 80
51 52
51 80
52 53
52 81
52 82
53 54
53 82
53 83
54 55
54 83
55 56
55 84
56 57
56 85
57 58
57 86
58 87
58 440
59 60
59 88
59 89
60 61
60 89
60 90
61 62
61 90
61 91
62 63
62 91
63 64
63 92
63 93
64 65
64 93
65 66
65 94
66 67
66 95
67 68
67 96
68 69
68 97
69 70
69 98
70 71
70 99
70 100
71 72
71 100
72 73
72 101
73 74
73 102
74 75
74 103
75 76
75 104
75 105
76 77
76 105
76 106
77 78
77 106
78 79
78 107
78 108
79 80
79 108
80 81
80 109
81 82
81 110
82 83
82 111
83 84
83 112
83 113
84 85
84 113
85 86
85 114
85 115
86 87
86 115
87 116
87 440
88 89
88 117
88 118
89 90
89 118
90 91
90 119
90 120
91 92
91 120
91 121
92 93
92 121
92 122
93 94
93 122
94 95
94 123
95 96
95 124
96 97
96 125
97 98
97 126
98 99
98 127
98 128
99 100
99 128
100 101
100 129
101 102
101 130
102 103
102 131
103 104
103 132
103 133
104 105
104 133
105 106
105 134
105 135
106 107
106 135
107 108
107 136
108 109
108 137
109 110
109 138
109 139
110 111
110 139
111 112
111 140
112 113
112 141
112 142
113 114
113 142
114 115
114 143
115 116
115 144
116 145
116 440
117 118
117 146
117 147
118 119
118 147
119 120
119 148
120 121
120 149
121 122
121 150
122 123
122 151
122 152
123 124
123 152
124 125
124 153
125 126
125 154
125 155
126 127
126 155
127 128
127 156
128 129
128 157
128 158
129 130
129 158
130 131
130 159
131 132
131 160
132 133
132 161
133 134
133 162
134 135
134 163
135 136
135 164
136 137
136 165
136 166
137 138
137 166
137 167
138 139
138 167
139 140
139 168
140 141
140 169
141 142
141 170
142 143
142 171
143 144
143 172
144 145
144 173
145 174
145 440
146 147
146 175
146 176
147 148
147 176
148 149
148 177
149 150
149 178
149 179
150 151
150 179
151 152
151 180
151 181
152 153
152 181
152 182
153 154
153 182
153 183
154 155
154 183
155 156
155 184
155 185
156 157
156 185
157 158
157 186
157 187
158 159
158 187
159 160
159 188
159 189
160 161
160 189
161 162
161 190
161 191
162 163
162 191
162 192
163 164
163 192
163 193
164 165
164 193
165 166
165 194
166 167
166 195
166 196
167 168
167 196
168 169
168 197
169 170
169 198
170 171
170 199
170 200
171 172
171 200
171 201
172 173
172 201
173 174
173 202
174 203
174 440
175 176
175 204
176 177
176 205
176 206
177 178
177 206
178 179
178 207
178 208
179 180
179 208
179 209
180 181
180 209
181 182
181 210
182 183
182 211
182 212
183 184
183 212
184 185
184 213
185 186
185 214
185 215
186 187
186 215
187 188
187 216
188 189
188 217
189 190
189 218
190 191
190 219
191 192
191 220
192 193
192 221
193 194
193 222
194 195
194 223
195 196
195 224
196 197
196 225
197 198
197 226
198 199
198 227
198 228
199 200
199 228
200 201
200 229
200 230
201 202
201 230
201 231
202 203
202 231
203 232
203 440
204 205
204 233
204 234
205 206
205 234
206 207
206 235
207 208
207 236
208 209
208 237
208 238
209 210
209 238
210 211
210 239
211 212
211 240
212 213
212 241
213 214
213 242
214 215
214 243
215 216
215 244
216 217
216 245
217 218
217 246
218 219
218 247
218 248
219 220
219 248
220 221
220 249
221 222
221 250
221 251
222 223
222 251
223 224
223 252
224 225
224 253
224 254
225 226
225 254
225 255
226 227
226 255
226 256
227 228
227 256
228 229
228 257
228 258
229 230
229 258
229 259
230 231
230 259
231 232
231 260
231 261
232 261
232 440
233 234
233 262
234 235
234 263
235 236
235 264
236 237
236 265
236 266
237 238
237 266
237 267
238 239
238 267
239 240
239 268
240 241
240 269
241 242
241 270
242 243
242 271
243 244
243 272
243 273
244 245
244 273
245 246
245 274
246 247
246 275
246 276
247 248
247 276
247 277
248 249
248 277
249 250
249 278
249 279
250 251
250 279
251 252
251 280
252 253
252 281
253 254
253 282
254 255
254 283
255 256
255 284
256 257
256 285
256 286
257 258
257 286
258 259
258 287
259 260
259 288
259 289
260 261
260 289
260 290
261 290
261 440
262 263
262 291
263 264
263 292
264 265
264 293
265 266
265 294
266 267
266 295
267 268
267 296
268 269
268 297
268 298
269 270
269 298
270 271
270 299
271 272
271 300
271 301
272 273
272 301
273 274
273 302
274 275
274 303
275 276
275 304
276 277
276 305
277 278
277 306
278 279
278 307
279 280
279 308
279 309
280 281
280 309
281 282
281 310
282 283
282 311
282 312
283 284
283 312
284 285
284 313
284 314
285 286
285 314
285 315
286 287
286 315
286 316
287 288
287 316
287 317
288 289
288 317
289 290
289 318
289 319
290 319
290 440
291 292
291 320
292 293
292 321
293 294
293 322
294 295
294 323
295 296
295 324
296 297
296 325
296 326
297 298
297 326
298 299
298 327
299 300
299 328
299 329
300 301
300 329
301 302
301 330
302 303
302 331
302 332
303 304
303 332
304 305
304 333
305 306
305 334
305 335
306 307
306 335
307 308
307 336
308 309
308 337
309 310
309 338
310 311
310 339
311 312
311 340
312 313
312 341
313 314
313 342
314 315
314 343
315 316
315 344
316 317
316 345
317 318
317 346
318 319
318 347
319 348
319 440
320 321
320 349
320 350
321 322
321 350
321 351
322 323
322 351
323 324
323 352
323 353
324 325
324 353
325 326
325 354
326 327
326 355
326 356
327 328
327 356
327 357
328 329
328 357
328 358
329 330
329 358
329 359
330 331
330 359
331 332
331 360
332 333
332 361
333 334
333 362
333 363
334 335
334 363
335 336
335 364
336 337
336 365
336 366
337 338
337 366
338 339
338 367
339 340
339 368
340 341
340 369
341 342
341 370
342 343
342 371
343 344
343 372
344 345
344 373
345 346
345 374
346 347
346 375
347 348
347 376
348 377
348 440
349 350
349 378
350 351
350 379
350 380
351 352
351 380
351 381
352 353
352 381
353 354
353 382
354 355
354 383
355 356
355 384
355 385
356 357
356 385
357 358
357 386
358 359
358 387
359 360
359 388
360 361
360 389
361 362
361 390
361 391
362 363
362 391
363 364
363 392
363 393
364 365
364 393
365 366
365 394
366 367
366 395
366 396
367 368
367 396
368 369
368 397
369 370
369 398
370 371
370 399
371 372
371 400
372 373
372 401
373 374
373 402
373 403
374 375
374 403
375 376
375 404
376 377
376 405
377 406
377 440
378 379
378 407
378 408
379 380
379 408
379 409
380 381
380 409
380 410
381 382
381 410
382 383
382 411
383 384
383 412
384 385
384 413
385 386
385 414
386 387
386 415
387 388
387 416
387 417
388 389
388 417
389 390
389 418
389 419
390 391
390 419
391 392
391 420
392 393
392 421
393 394
393 422
393 423
394 395
394 423
395 396
395 424
395 425
396 397
396 425
397 398
397 426
397 427
398 399
398 427
399 400
399 428
399 429
400 401
400 429
401 402
401 430
401 431
402 403
402 431
402 432
403 404
403 432
404 405
404 433
405 406
405 434
406 435
406 440
407 408
407 436
407 437
408 409
408 437
408 438
409 410
409 438
410 411
410 439
411 412
412 413
413 414
414 415
415 416
416 417
417 418
418 419
419 420
420 421
421 422
422 423
423 424
424 425
425 426
426 427
427 428
428 429
429 430
430 431
431 432
432 433
433 434
434 435
435 440
436 437
436 440
437 438
437 440
438 439
438 440
439 440
