# Tier 7 (Very Large) - Instance 25
# Generated with config: N=449, K=3, topology=random_dag, calendar=random

# HEADER: <num_tasks> <num_types> <num_units>
451 3 24

# RESOURCE TYPES
# Format: <type_id> <num_units> <unit_id1> <unit_id2> ...
0 8 0 1 2 3 4 5 6 7
1 8 8 9 10 11 12 13 14 15
2 8 16 17 18 19 20 21 22 23

# RESOURCE UNITS (Calendars)
# Format: <unit_id> <num_steps> <t1> <v1> <t2> <v2> ...
0 23 0 100 370 0 376 100 598 0 614 100 723 0 740 100 1100 0 1126 100 1429 0 1444 100 1803 0 1830 100 2198 0 2211 100 2289 0 2295 100 2553 0 2573 100 2783 0 2798 100 3017 0 4616 0
1 23 0 0 24 100 167 0 178 100 445 0 457 100 770 0 794 100 1087 0 1089 100 1367 0 1381 100 1758 0 1788 100 1999 0 2012 100 2289 0 2317 100 2576 0 2601 100 2795 0 2805 100 4616 0
2 23 0 100 323 0 337 100 674 0 696 100 810 0 834 100 1015 0 1031 100 1104 0 1132 100 1315 0 1321 100 1515 0 1539 100 1910 0 1940 100 2117 0 2120 100 2213 0 2222 100 2289 0 4616 0
3 23 0 0 11 100 378 0 394 100 633 0 651 100 863 0 869 100 976 0 983 100 1130 0 1137 100 1310 0 1319 100 1462 0 1476 100 1671 0 1696 100 1942 0 1958 100 2194 0 2225 100 4616 0
4 23 0 100 237 0 250 100 330 0 335 100 596 0 613 100 820 0 847 100 1097 0 1121 100 1295 0 1325 100 1447 0 1454 100 1598 0 1625 100 1984 0 2015 100 2144 0 2174 100 2472 0 4616 0
5 23 0 0 8 100 336 0 360 100 726 0 730 100 844 0 869 100 968 0 989 100 1325 0 1351 100 1602 0 1624 100 1715 0 1724 100 1957 0 1963 100 2137 0 2167 100 2346 0 2373 100 4616 0
6 23 0 100 316 0 339 100 618 0 634 100 940 0 955 100 1098 0 1102 100 1305 0 1314 100 1416 0 1425 100 1612 0 1630 100 1806 0 1831 100 1998 0 2013 100 2168 0 2189 100 2463 0 4616 0
7 23 0 100 100 0 110 100 367 0 395 100 708 0 731 100 838 0 841 100 988 0 998 100 1217 0 1241 100 1475 0 1483 100 1711 0 1735 100 1970 0 2000 100 2166 0 2169 100 2414 0 4616 0
8 23 0 100 134 0 160 100 483 0 489 100 702 0 704 100 881 0 901 100 977 0 996 100 1249 0 1254 100 1460 0 1468 100 1738 0 1753 100 2039 0 2045 100 2262 0 2273 100 2386 0 4616 0
9 23 0 100 86 0 112 100 417 0 426 100 534 0 544 100 838 0 841 100 993 0 1015 100 1341 0 1354 100 1448 0 1470 100 1584 0 1602 100 1958 0 1961 100 2045 0 2069 100 2140 0 4616 0
10 23 0 0 9 100 165 0 168 100 360 0 376 100 682 0 703 100 1035 0 1058 100 1391 0 1410 100 1735 0 1745 100 1884 0 1907 100 2191 0 2213 100 2298 0 2321 100 2494 0 2496 100 4616 0
11 23 0 0 11 100 308 0 311 100 608 0 612 100 754 0 779 100 1017 0 1032 100 1212 0 1220 100 1571 0 1595 100 1848 0 1857 100 1925 0 1936 100 2140 0 2149 100 2410 0 2431 100 4616 0
12 23 0 0 19 100 155 0 165 100 234 0 246 100 428 0 442 100 540 0 549 100 907 0 930 100 1024 0 1032 100 1243 0 1272 100 1430 0 1437 100 1772 0 1775 100 1854 0 1864 100 4616 0
13 23 0 100 241 0 260 100 445 0 455 100 704 0 724 100 809 0 840 100 1174 0 1190 100 1554 0 1561 100 1820 0 1839 100 2084 0 2104 100 2292 0 2317 100 2581 0 2606 100 2957 0 4616 0
14 23 0 100 119 0 146 100 381 0 383 100 507 0 515 100 845 0 862 100 993 0 1001 100 1193 0 1199 100 1487 0 1500 100 1846 0 1867 100 2018 0 2033 100 2291 0 2306 100 2383 0 4616 0
15 23 0 100 309 0 336 100 480 0 501 100 866 0 891 100 1257 0 1280 100 1428 0 1439 100 1514 0 1528 100 1793 0 1816 100 2041 0 2046 100 2287 0 2296 100 2452 0 2471 100 2643 0 4616 0
16 23 0 100 330 0 350 100 674 0 699 100 1015 0 1031 100 1197 0 1219 100 1328 0 1330 100 1609 0 1626 100 1845 0 1860 100 2197 0 2209 100 2442 0 2444 100 2712 0 2721 100 2902 0 4616 0
17 23 0 0 12 100 139 0 158 100 526 0 536 100 685 0 707 100 1048 0 1070 100 1331 0 1337 100 1610 0 1622 100 1987 0 1996 100 2346 0 2358 100 2492 0 2503 100 2604 0 2627 100 4616 0
18 23 0 0 4 100 104 0 127 100 330 0 333 100 450 0 475 100 812 0 820 100 1153 0 1177 100 1294 0 1313 100 1485 0 1502 100 1784 0 1787 100 1927 0 1944 100 2100 0 2107 100 4616 0
19 23 0 0 27 100 144 0 172 100 444 0 451 100 689 0 707 100 776 0 798 100 988 0 1010 100 1239 0 1267 100 1343 0 1356 100 1599 0 1617 100 1934 0 1955 100 2057 0 2065 100 4616 0
20 23 0 100 368 0 370 100 645 0 654 100 891 0 905 100 1250 0 1272 100 1378 0 1394 100 1577 0 1598 100 1737 0 1758 100 1978 0 2007 100 2338 0 2340 100 2474 0 2494 100 2868 0 4616 0
21 23 0 0 27 100 129 0 142 100 350 0 381 100 581 0 598 100 809 0 813 100 986 0 992 100 1306 0 1315 100 1432 0 1438 100 1551 0 1560 100 1637 0 1658 100 1996 0 2009 100 4616 0
22 23 0 100 68 0 99 100 333 0 361 100 536 0 566 100 902 0 915 100 1139 0 1168 100 1508 0 1520 100 1656 0 1676 100 1823 0 1854 100 2076 0 2095 100 2454 0 2485 100 2723 0 4616 0
23 23 0 0 19 100 361 0 386 100 634 0 643 100 981 0 995 100 1233 0 1262 100 1484 0 1511 100 1862 0 1877 100 1991 0 2006 100 2344 0 2366 100 2448 0 2465 100 2656 0 2677 100 4616 0

# TASKS
# Format: <task_id> <size> <num_reqs>
# Then for each requirement: <type_id> <qty>
0 0 3
 0 0
 1 0
 2 0
1 19 3
 0 3
 1 3
 2 1
2 1 3
 0 0
 1 3
 2 3
3 13 3
 0 1
 1 3
 2 3
4 13 3
 0 1
 1 0
 2 2
5 5 3
 0 0
 1 1
 2 2
6 10 3
 0 2
 1 2
 2 3
7 9 3
 0 0
 1 1
 2 0
8 14 3
 0 1
 1 3
 2 2
9 3 3
 0 1
 1 0
 2 0
10 3 3
 0 0
 1 1
 2 1
11 18 3
 0 0
 1 1
 2 0
12 20 3
 0 2
 1 1
 2 0
13 17 3
 0 2
 1 0
 2 2
14 11 3
 0 0
 1 1
 2 0
15 19 3
 0 0
 1 0
 2 3
16 17 3
 0 0
 1 1
 2 0
17 20 3
 0 2
 1 3
 2 1
18 8 3
 0 0
 1 1
 2 0
19 17 3
 0 0
 1 1
 2 0
20 13 3
 0 2
 1 3
 2 2
21 18 3
 0 1
 1 0
 2 0
22 20 3
 0 2
 1 0
 2 2
23 5 3
 0 2
 1 3
 2 2
24 2 3
 0 1
 1 0
 2 2
25 5 3
 0 3
 1 3
 2 3
26 15 3
 0 0
 1 0
 2 2
27 9 3
 0 0
 1 1
 2 0
28 7 3
 0 0
 1 1
 2 3
29 3 3
 0 2
 1 0
 2 1
30 1 3
 0 0
 1 1
 2 1
31 13 3
 0 0
 1 0
 2 2
32 17 3
 0 2
 1 0
 2 0
33 17 3
 0 1
 1 3
 2 0
34 15 3
 0 2
 1 2
 2 3
35 10 3
 0 2
 1 0
 2 0
36 8 3
 0 0
 1 2
 2 2
37 10 3
 0 3
 1 1
 2 0
38 3 3
 0 0
 1 0
 2 2
39 20 3
 0 2
 1 0
 2 3
40 4 3
 0 3
 1 0
 2 0
41 18 3
 0 1
 1 0
 2 3
42 7 3
 0 2
 1 0
 2 1
43 15 3
 0 1
 1 1
 2 1
44 4 3
 0 3
 1 0
 2 2
45 10 3
 0 1
 1 0
 2 0
46 8 3
 0 0
 1 0
 2 1
47 12 3
 0 0
 1 3
 2 0
48 3 3
 0 3
 1 1
 2 0
49 10 3
 0 0
 1 3
 2 2
50 13 3
 0 0
 1 1
 2 0
51 5 3
 0 2
 1 0
 2 1
52 8 3
 0 2
 1 1
 2 2
53 12 3
 0 0
 1 2
 2 2
54 15 3
 0 0
 1 0
 2 2
55 5 3
 0 0
 1 3
 2 3
56 15 3
 0 2
 1 2
 2 0
57 12 3
 0 3
 1 0
 2 3
58 2 3
 0 0
 1 3
 2 2
59 17 3
 0 3
 1 3
 2 0
60 18 3
 0 0
 1 2
 2 1
61 18 3
 0 0
 1 2
 2 0
62 5 3
 0 1
 1 0
 2 0
63 2 3
 0 0
 1 0
 2 1
64 3 3
 0 2
 1 1
 2 0
65 16 3
 0 1
 1 2
 2 1
66 15 3
 0 0
 1 3
 2 3
67 20 3
 0 0
 1 1
 2 3
68 18 3
 0 3
 1 0
 2 3
69 16 3
 0 1
 1 2
 2 1
70 13 3
 0 2
 1 3
 2 3
71 10 3
 0 2
 1 2
 2 0
72 3 3
 0 1
 1 0
 2 2
73 16 3
 0 0
 1 2
 2 2
74 6 3
 0 2
 1 0
 2 0
75 20 3
 0 1
 1 3
 2 0
76 18 3
 0 2
 1 3
 2 3
77 13 3
 0 0
 1 2
 2 1
78 13 3
 0 1
 1 0
 2 2
79 4 3
 0 0
 1 1
 2 0
80 18 3
 0 1
 1 0
 2 0
81 12 3
 0 0
 1 1
 2 1
82 8 3
 0 2
 1 0
 2 0
83 6 3
 0 1
 1 0
 2 1
84 5 3
 0 0
 1 2
 2 2
85 17 3
 0 1
 1 0
 2 1
86 3 3
 0 0
 1 1
 2 2
87 19 3
 0 3
 1 0
 2 3
88 1 3
 0 1
 1 3
 2 0
89 13 3
 0 3
 1 0
 2 3
90 2 3
 0 3
 1 3
 2 2
91 2 3
 0 3
 1 1
 2 3
92 9 3
 0 0
 1 3
 2 2
93 4 3
 0 3
 1 1
 2 0
94 17 3
 0 0
 1 3
 2 0
95 9 3
 0 2
 1 0
 2 0
96 16 3
 0 1
 1 0
 2 0
97 20 3
 0 1
 1 0
 2 2
98 8 3
 0 2
 1 0
 2 1
99 1 3
 0 0
 1 0
 2 1
100 3 3
 0 0
 1 0
 2 1
101 14 3
 0 2
 1 0
 2 3
102 12 3
 0 2
 1 1
 2 1
103 4 3
 0 0
 1 0
 2 3
104 19 3
 0 2
 1 0
 2 0
105 19 3
 0 0
 1 2
 2 3
106 12 3
 0 1
 1 1
 2 0
107 8 3
 0 1
 1 1
 2 1
108 3 3
 0 3
 1 2
 2 0
109 5 3
 0 3
 1 0
 2 0
110 9 3
 0 1
 1 1
 2 1
111 13 3
 0 0
 1 0
 2 3
112 11 3
 0 0
 1 3
 2 3
113 10 3
 0 1
 1 2
 2 0
114 17 3
 0 0
 1 3
 2 3
115 3 3
 0 0
 1 0
 2 2
116 3 3
 0 2
 1 0
 2 1
117 8 3
 0 0
 1 0
 2 3
118 10 3
 0 2
 1 1
 2 3
119 10 3
 0 0
 1 1
 2 0
120 4 3
 0 3
 1 0
 2 2
121 17 3
 0 1
 1 2
 2 0
122 16 3
 0 3
 1 0
 2 1
123 7 3
 0 2
 1 1
 2 0
124 16 3
 0 1
 1 2
 2 0
125 19 3
 0 3
 1 0
 2 0
126 14 3
 0 3
 1 0
 2 0
127 7 3
 0 3
 1 3
 2 0
128 7 3
 0 0
 1 2
 2 3
129 12 3
 0 2
 1 0
 2 2
130 12 3
 0 0
 1 3
 2 0
131 15 3
 0 0
 1 3
 2 3
132 13 3
 0 0
 1 3
 2 0
133 14 3
 0 0
 1 2
 2 1
134 11 3
 0 3
 1 2
 2 0
135 15 3
 0 2
 1 3
 2 2
136 9 3
 0 0
 1 1
 2 0
137 10 3
 0 2
 1 2
 2 0
138 8 3
 0 0
 1 3
 2 3
139 1 3
 0 3
 1 0
 2 0
140 16 3
 0 2
 1 1
 2 0
141 18 3
 0 0
 1 2
 2 1
142 1 3
 0 0
 1 2
 2 2
143 9 3
 0 0
 1 1
 2 3
144 14 3
 0 0
 1 3
 2 3
145 4 3
 0 0
 1 3
 2 2
146 15 3
 0 1
 1 0
 2 1
147 15 3
 0 1
 1 3
 2 1
148 7 3
 0 0
 1 2
 2 2
149 17 3
 0 2
 1 2
 2 1
150 2 3
 0 0
 1 0
 2 1
151 5 3
 0 0
 1 1
 2 0
152 6 3
 0 0
 1 2
 2 3
153 10 3
 0 0
 1 2
 2 0
154 15 3
 0 0
 1 0
 2 3
155 4 3
 0 3
 1 3
 2 2
156 11 3
 0 2
 1 2
 2 1
157 7 3
 0 0
 1 0
 2 1
158 4 3
 0 1
 1 1
 2 2
159 8 3
 0 0
 1 0
 2 3
160 11 3
 0 0
 1 0
 2 1
161 16 3
 0 0
 1 0
 2 3
162 19 3
 0 1
 1 2
 2 2
163 12 3
 0 0
 1 1
 2 0
164 8 3
 0 0
 1 1
 2 0
165 18 3
 0 2
 1 1
 2 1
166 11 3
 0 0
 1 0
 2 1
167 17 3
 0 0
 1 0
 2 3
168 8 3
 0 0
 1 1
 2 1
169 19 3
 0 3
 1 1
 2 0
170 13 3
 0 0
 1 2
 2 1
171 12 3
 0 0
 1 2
 2 0
172 20 3
 0 2
 1 2
 2 0
173 2 3
 0 0
 1 0
 2 1
174 20 3
 0 0
 1 3
 2 2
175 7 3
 0 0
 1 0
 2 1
176 1 3
 0 0
 1 2
 2 0
177 12 3
 0 3
 1 1
 2 0
178 10 3
 0 0
 1 1
 2 0
179 9 3
 0 3
 1 0
 2 0
180 10 3
 0 2
 1 0
 2 1
181 12 3
 0 3
 1 3
 2 0
182 3 3
 0 2
 1 0
 2 1
183 2 3
 0 3
 1 0
 2 0
184 4 3
 0 3
 1 3
 2 1
185 13 3
 0 2
 1 0
 2 0
186 19 3
 0 3
 1 2
 2 0
187 1 3
 0 3
 1 2
 2 3
188 17 3
 0 1
 1 0
 2 0
189 12 3
 0 0
 1 0
 2 2
190 7 3
 0 3
 1 1
 2 0
191 12 3
 0 1
 1 1
 2 3
192 5 3
 0 1
 1 3
 2 2
193 3 3
 0 2
 1 1
 2 0
194 12 3
 0 2
 1 3
 2 0
195 16 3
 0 0
 1 1
 2 2
196 8 3
 0 2
 1 0
 2 3
197 20 3
 0 3
 1 3
 2 0
198 20 3
 0 0
 1 1
 2 0
199 3 3
 0 1
 1 0
 2 0
200 3 3
 0 2
 1 0
 2 3
201 1 3
 0 2
 1 3
 2 2
202 9 3
 0 3
 1 0
 2 1
203 5 3
 0 1
 1 3
 2 2
204 18 3
 0 2
 1 3
 2 2
205 4 3
 0 2
 1 0
 2 0
206 20 3
 0 2
 1 2
 2 3
207 5 3
 0 3
 1 2
 2 3
208 11 3
 0 1
 1 2
 2 0
209 16 3
 0 3
 1 3
 2 3
210 1 3
 0 2
 1 1
 2 0
211 13 3
 0 1
 1 0
 2 0
212 7 3
 0 0
 1 2
 2 1
213 10 3
 0 0
 1 2
 2 1
214 10 3
 0 2
 1 0
 2 1
215 18 3
 0 3
 1 0
 2 0
216 7 3
 0 3
 1 2
 2 3
217 1 3
 0 3
 1 1
 2 0
218 5 3
 0 0
 1 3
 2 0
219 9 3
 0 3
 1 3
 2 1
220 13 3
 0 0
 1 3
 2 2
221 1 3
 0 3
 1 0
 2 1
222 10 3
 0 3
 1 0
 2 1
223 20 3
 0 3
 1 2
 2 2
224 5 3
 0 3
 1 0
 2 2
225 7 3
 0 1
 1 2
 2 2
226 14 3
 0 0
 1 2
 2 0
227 15 3
 0 0
 1 3
 2 0
228 10 3
 0 2
 1 1
 2 0
229 19 3
 0 0
 1 3
 2 2
230 7 3
 0 3
 1 2
 2 0
231 15 3
 0 3
 1 1
 2 3
232 18 3
 0 0
 1 3
 2 3
233 16 3
 0 2
 1 2
 2 3
234 13 3
 0 0
 1 1
 2 1
235 16 3
 0 2
 1 3
 2 1
236 10 3
 0 0
 1 0
 2 2
237 14 3
 0 3
 1 0
 2 1
238 9 3
 0 0
 1 2
 2 2
239 4 3
 0 3
 1 0
 2 0
240 14 3
 0 0
 1 0
 2 2
241 18 3
 0 3
 1 3
 2 3
242 12 3
 0 0
 1 3
 2 0
243 5 3
 0 1
 1 1
 2 2
244 8 3
 0 0
 1 3
 2 2
245 9 3
 0 3
 1 1
 2 0
246 16 3
 0 2
 1 0
 2 2
247 18 3
 0 0
 1 0
 2 1
248 3 3
 0 2
 1 1
 2 3
249 19 3
 0 1
 1 0
 2 0
250 16 3
 0 2
 1 2
 2 0
251 1 3
 0 1
 1 3
 2 0
252 12 3
 0 2
 1 1
 2 0
253 17 3
 0 1
 1 1
 2 3
254 7 3
 0 1
 1 0
 2 0
255 16 3
 0 0
 1 2
 2 1
256 3 3
 0 1
 1 3
 2 3
257 14 3
 0 0
 1 0
 2 2
258 1 3
 0 0
 1 3
 2 3
259 2 3
 0 1
 1 0
 2 0
260 20 3
 0 1
 1 0
 2 0
261 7 3
 0 3
 1 0
 2 0
262 5 3
 0 2
 1 1
 2 2
263 3 3
 0 0
 1 1
 2 0
264 17 3
 0 1
 1 0
 2 0
265 19 3
 0 2
 1 1
 2 1
266 6 3
 0 3
 1 2
 2 3
267 8 3
 0 1
 1 0
 2 1
268 5 3
 0 0
 1 2
 2 0
269 5 3
 0 0
 1 1
 2 1
270 17 3
 0 0
 1 0
 2 1
271 7 3
 0 2
 1 3
 2 3
272 15 3
 0 1
 1 0
 2 0
273 18 3
 0 0
 1 3
 2 2
274 4 3
 0 3
 1 2
 2 1
275 19 3
 0 3
 1 1
 2 1
276 18 3
 0 3
 1 0
 2 0
277 17 3
 0 0
 1 0
 2 3
278 20 3
 0 0
 1 2
 2 0
279 20 3
 0 3
 1 2
 2 3
280 7 3
 0 3
 1 0
 2 2
281 17 3
 0 3
 1 0
 2 0
282 4 3
 0 1
 1 3
 2 0
283 3 3
 0 2
 1 0
 2 2
284 7 3
 0 2
 1 0
 2 3
285 3 3
 0 0
 1 1
 2 0
286 14 3
 0 2
 1 1
 2 0
287 3 3
 0 0
 1 3
 2 0
288 4 3
 0 0
 1 1
 2 2
289 10 3
 0 2
 1 0
 2 1
290 6 3
 0 3
 1 0
 2 0
291 17 3
 0 1
 1 3
 2 3
292 9 3
 0 2
 1 2
 2 0
293 15 3
 0 0
 1 2
 2 0
294 5 3
 0 3
 1 2
 2 0
295 17 3
 0 0
 1 0
 2 2
296 7 3
 0 1
 1 3
 2 1
297 11 3
 0 0
 1 2
 2 1
298 8 3
 0 1
 1 1
 2 2
299 11 3
 0 0
 1 0
 2 1
300 5 3
 0 1
 1 2
 2 2
301 16 3
 0 0
 1 3
 2 3
302 13 3
 0 2
 1 3
 2 0
303 2 3
 0 2
 1 3
 2 3
304 8 3
 0 0
 1 2
 2 3
305 8 3
 0 2
 1 0
 2 3
306 11 3
 0 2
 1 3
 2 2
307 4 3
 0 0
 1 3
 2 0
308 11 3
 0 3
 1 0
 2 2
309 10 3
 0 3
 1 3
 2 1
310 9 3
 0 0
 1 2
 2 1
311 19 3
 0 2
 1 0
 2 0
312 1 3
 0 3
 1 3
 2 1
313 15 3
 0 3
 1 2
 2 2
314 7 3
 0 0
 1 0
 2 2
315 12 3
 0 0
 1 3
 2 0
316 13 3
 0 2
 1 3
 2 1
317 7 3
 0 2
 1 3
 2 0
318 10 3
 0 1
 1 0
 2 3
319 2 3
 0 1
 1 0
 2 2
320 5 3
 0 2
 1 1
 2 2
321 19 3
 0 1
 1 2
 2 3
322 9 3
 0 3
 1 0
 2 3
323 10 3
 0 3
 1 0
 2 0
324 17 3
 0 0
 1 1
 2 0
325 20 3
 0 3
 1 3
 2 1
326 16 3
 0 0
 1 0
 2 2
327 7 3
 0 3
 1 0
 2 1
328 10 3
 0 0
 1 0
 2 1
329 20 3
 0 2
 1 3
 2 0
330 14 3
 0 3
 1 0
 2 0
331 7 3
 0 2
 1 3
 2 0
332 8 3
 0 3
 1 2
 2 2
333 12 3
 0 1
 1 3
 2 3
334 6 3
 0 1
 1 0
 2 1
335 5 3
 0 1
 1 0
 2 0
336 20 3
 0 1
 1 3
 2 0
337 19 3
 0 2
 1 1
 2 1
338 4 3
 0 0
 1 2
 2 3
339 1 3
 0 3
 1 2
 2 0
340 15 3
 0 0
 1 0
 2 1
341 16 3
 0 1
 1 0
 2 0
342 6 3
 0 1
 1 0
 2 0
343 8 3
 0 0
 1 1
 2 0
344 8 3
 0 0
 1 0
 2 2
345 8 3
 0 0
 1 2
 2 0
346 14 3
 0 3
 1 1
 2 0
347 8 3
 0 0
 1 1
 2 3
348 16 3
 0 0
 1 0
 2 2
349 6 3
 0 3
 1 2
 2 1
350 7 3
 0 2
 1 1
 2 3
351 12 3
 0 3
 1 0
 2 2
352 5 3
 0 0
 1 3
 2 1
353 4 3
 0 2
 1 0
 2 3
354 8 3
 0 1
 1 2
 2 3
355 8 3
 0 2
 1 0
 2 3
356 2 3
 0 1
 1 3
 2 0
357 12 3
 0 1
 1 2
 2 1
358 11 3
 0 0
 1 0
 2 1
359 5 3
 0 3
 1 3
 2 3
360 8 3
 0 3
 1 0
 2 0
361 15 3
 0 2
 1 0
 2 0
362 8 3
 0 0
 1 3
 2 2
363 10 3
 0 2
 1 2
 2 2
364 1 3
 0 1
 1 0
 2 0
365 8 3
 0 2
 1 0
 2 0
366 4 3
 0 0
 1 0
 2 3
367 15 3
 0 0
 1 0
 2 3
368 16 3
 0 0
 1 0
 2 1
369 10 3
 0 0
 1 1
 2 0
370 4 3
 0 1
 1 1
 2 1
371 11 3
 0 3
 1 3
 2 2
372 1 3
 0 3
 1 3
 2 2
373 10 3
 0 2
 1 1
 2 1
374 18 3
 0 0
 1 1
 2 0
375 3 3
 0 1
 1 0
 2 0
376 3 3
 0 0
 1 1
 2 0
377 17 3
 0 3
 1 0
 2 0
378 15 3
 0 0
 1 0
 2 3
379 8 3
 0 1
 1 0
 2 0
380 11 3
 0 1
 1 0
 2 2
381 19 3
 0 0
 1 0
 2 2
382 7 3
 0 3
 1 3
 2 1
383 10 3
 0 2
 1 0
 2 3
384 2 3
 0 0
 1 1
 2 0
385 8 3
 0 0
 1 3
 2 2
386 18 3
 0 1
 1 3
 2 3
387 17 3
 0 0
 1 1
 2 3
388 14 3
 0 1
 1 0
 2 1
389 20 3
 0 0
 1 3
 2 2
390 6 3
 0 2
 1 0
 2 0
391 14 3
 0 2
 1 3
 2 2
392 16 3
 0 2
 1 2
 2 0
393 18 3
 0 0
 1 1
 2 0
394 1 3
 0 2
 1 3
 2 3
395 4 3
 0 3
 1 2
 2 0
396 14 3
 0 2
 1 0
 2 0
397 1 3
 0 3
 1 0
 2 2
398 12 3
 0 3
 1 2
 2 3
399 5 3
 0 0
 1 3
 2 2
400 3 3
 0 0
 1 1
 2 0
401 8 3
 0 2
 1 0
 2 0
402 14 3
 0 0
 1 0
 2 1
403 4 3
 0 3
 1 1
 2 1
404 3 3
 0 2
 1 0
 2 3
405 12 3
 0 2
 1 0
 2 3
406 15 3
 0 0
 1 3
 2 2
407 13 3
 0 3
 1 0
 2 0
408 4 3
 0 3
 1 3
 2 2
409 7 3
 0 2
 1 0
 2 2
410 12 3
 0 2
 1 2
 2 3
411 8 3
 0 3
 1 0
 2 0
412 4 3
 0 0
 1 3
 2 1
413 13 3
 0 3
 1 3
 2 2
414 7 3
 0 1
 1 2
 2 3
415 12 3
 0 2
 1 0
 2 1
416 14 3
 0 0
 1 3
 2 3
417 18 3
 0 3
 1 1
 2 1
418 15 3
 0 0
 1 1
 2 0
419 15 3
 0 3
 1 1
 2 1
420 14 3
 0 0
 1 2
 2 0
421 19 3
 0 0
 1 1
 2 2
422 14 3
 0 0
 1 1
 2 3
423 6 3
 0 2
 1 1
 2 2
424 17 3
 0 3
 1 1
 2 0
425 8 3
 0 0
 1 1
 2 0
426 10 3
 0 3
 1 0
 2 0
427 14 3
 0 1
 1 1
 2 1
428 6 3
 0 1
 1 1
 2 1
429 16 3
 0 2
 1 3
 2 2
430 10 3
 0 1
 1 0
 2 0
431 13 3
 0 3
 1 3
 2 1
432 19 3
 0 2
 1 3
 2 0
433 9 3
 0 0
 1 1
 2 2
434 4 3
 0 3
 1 0
 2 0
435 9 3
 0 0
 1 1
 2 3
436 10 3
 0 0
 1 0
 2 3
437 19 3
 0 0
 1 3
 2 0
438 15 3
 0 0
 1 1
 2 0
439 9 3
 0 0
 1 1
 2 3
440 14 3
 0 1
 1 3
 2 3
441 6 3
 0 0
 1 2
 2 0
442 17 3
 0 2
 1 0
 2 3
443 3 3
 0 1
 1 0
 2 0
444 7 3
 0 2
 1 0
 2 1
445 12 3
 0 2
 1 1
 2 3
446 8 3
 0 3
 1 0
 2 2
447 18 3
 0 1
 1 3
 2 2
448 4 3
 0 2
 1 0
 2 2
449 2 3
 0 1
 1 1
 2 1
450 0 3
 0 0
 1 0
 2 0

# PRECEDENCES
1931
0 3
0 6
0 7
0 9
0 11
0 14
0 15
0 20
0 28
0 29
0 30
0 31
0 32
0 38
0 39
0 41
0 43
0 45
0 46
0 53
0 56
0 58
0 59
0 60
0 68
0 71
0 72
0 73
0 76
0 77
0 82
0 83
0 85
0 88
0 91
0 94
0 96
0 97
0 98
0 101
0 104
0 105
0 106
0 108
0 111
0 113
0 114
0 115
0 117
0 119
0 121
0 124
0 125
0 127
0 129
0 133
0 139
0 140
0 141
0 146
0 153
0 155
0 160
0 161
0 163
0 165
0 166
0 170
0 174
0 175
0 176
0 181
0 185
0 186
0 187
0 192
0 196
0 197
0 198
0 201
0 202
0 204
0 206
0 210
0 211
0 212
0 214
0 215
0 216
0 218
0 220
0 223
0 229
0 233
0 242
0 243
0 244
0 245
0 246
0 247
0 250
0 252
0 254
0 258
0 264
0 265
0 270
0 271
0 274
0 276
0 280
0 281
0 282
0 286
0 287
0 288
0 290
0 291
0 292
0 293
0 294
0 298
0 299
0 300
0 304
0 308
0 309
0 311
0 317
0 319
0 320
0 321
0 323
0 325
0 326
0 330
0 332
0 334
0 335
0 337
0 338
0 346
0 347
0 349
0 350
0 351
0 352
0 354
0 357
0 358
0 359
0 361
0 366
0 367
0 368
0 370
0 371
0 372
0 375
0 377
0 380
0 395
0 396
0 399
0 400
0 402
0 403
0 409
0 411
0 412
0 413
0 416
0 417
0 422
0 424
0 434
0 436
0 438
0 439
0 440
0 444
0 445
1 34
1 74
1 284
2 90
2 112
2 301
2 401
3 61
3 82
3 195
3 226
3 314
3 406
4 173
4 261
4 363
5 34
5 67
5 231
6 262
6 419
7 168
7 246
7 397
7 425
8 1
8 5
8 433
9 110
9 131
9 136
9 408
10 74
10 100
10 118
10 383
10 401
10 441
11 294
11 447
12 42
12 69
12 86
12 156
12 235
13 27
13 116
13 217
14 103
14 284
14 427
15 148
15 334
15 433
16 148
16 360
16 435
16 437
17 12
17 49
17 255
18 10
18 35
18 87
18 147
18 184
18 425
19 74
19 157
19 327
19 333
19 383
19 426
20 55
20 294
20 429
21 131
21 200
22 75
22 231
23 249
23 376
23 429
24 69
24 240
24 447
25 54
25 107
25 284
25 331
25 376
25 387
26 10
26 24
26 118
27 37
27 75
27 100
27 150
27 383
28 74
28 126
28 134
28 340
29 18
29 194
29 333
29 383
29 410
30 37
30 78
30 186
30 295
30 410
31 137
31 209
31 297
31 310
32 81
32 291
33 450
34 67
34 74
34 289
34 327
34 362
34 426
35 178
35 184
35 316
35 386
36 26
36 145
36 362
36 425
36 443
36 448
37 34
37 86
37 157
37 369
38 155
38 219
38 226
38 389
38 427
39 129
39 274
40 224
40 447
41 265
41 315
42 54
42 57
42 67
42 289
42 327
42 362
43 128
43 131
43 170
43 185
43 257
44 158
44 394
45 92
45 114
45 116
45 185
45 332
46 37
46 120
46 130
46 449
47 86
47 239
47 336
48 157
48 184
48 327
48 443
48 447
49 37
49 40
49 159
49 393
50 183
50 269
50 333
50 381
51 67
51 75
51 221
51 235
51 369
52 10
52 92
52 369
52 374
52 376
52 449
53 150
53 182
53 289
53 374
54 74
54 145
54 184
54 327
54 447
55 8
55 188
55 207
55 236
55 283
56 13
56 63
56 277
56 289
56 341
56 364
57 74
57 157
57 269
57 426
57 443
58 52
58 190
58 268
58 269
58 322
58 365
59 286
59 309
59 327
60 77
60 167
60 305
61 224
61 302
61 378
61 388
61 419
62 26
62 81
62 200
63 90
63 158
63 284
63 382
63 447
64 316
64 379
65 22
65 199
65 303
65 343
66 74
66 355
66 426
67 450
68 18
68 137
68 150
68 159
68 379
68 392
69 118
69 157
69 383
69 443
69 447
70 33
70 109
70 145
71 13
71 180
71 222
71 266
72 91
72 265
72 301
72 302
72 344
72 360
73 283
73 345
73 348
73 353
74 450
75 1
75 10
75 42
75 48
75 70
75 118
76 113
76 182
76 303
76 304
76 347
77 27
77 113
77 114
77 133
77 203
77 274
78 67
78 74
78 184
78 226
78 231
78 433
79 42
79 48
79 75
79 92
79 235
80 37
80 95
80 100
80 199
80 227
81 42
81 86
81 179
81 269
81 425
82 25
82 75
82 194
82 265
82 305
82 378
83 48
83 106
83 126
83 140
83 223
83 397
84 169
84 289
85 69
85 78
85 229
85 250
85 313
86 67
86 118
86 184
86 269
86 426
87 92
87 157
87 232
87 374
88 1
88 42
88 130
88 135
88 365
88 382
89 169
89 315
90 450
91 11
91 80
91 221
92 231
92 256
93 33
93 295
93 432
94 87
94 195
94 248
94 291
95 57
95 70
95 103
95 441
95 443
96 18
96 70
96 87
97 27
97 223
97 285
98 100
98 143
98 148
98 224
99 57
99 79
99 103
99 301
99 386
100 109
100 184
100 333
100 362
101 78
101 411
102 75
102 449
103 109
103 184
103 333
103 362
103 443
104 202
104 203
104 249
105 87
105 282
105 318
105 430
106 37
106 48
106 61
106 100
106 405
106 424
107 57
107 100
107 420
107 429
108 40
108 135
108 158
108 286
108 325
108 377
109 450
110 103
110 427
111 1
111 15
111 217
111 286
111 369
112 10
112 24
112 67
112 362
113 92
113 262
114 34
114 75
114 159
114 189
114 266
115 32
115 138
115 331
115 356
116 157
116 273
117 174
117 216
117 287
117 301
117 447
118 450
119 59
119 264
119 322
119 360
120 5
120 289
121 262
121 386
121 432
122 19
122 365
122 447
123 10
123 52
123 54
123 69
123 100
124 238
124 272
124 385
125 103
125 182
125 294
125 303
125 362
125 449
126 156
126 221
127 68
127 84
127 102
128 36
128 55
128 184
128 446
129 67
129 144
129 426
130 86
130 118
130 273
130 297
130 305
130 425
131 24
131 50
131 62
131 193
131 237
131 269
132 40
132 191
132 331
132 360
132 373
132 388
133 40
133 42
133 327
133 341
133 373
134 107
134 401
135 19
135 90
135 107
135 148
135 158
135 378
136 25
136 51
136 272
136 381
136 441
136 447
137 112
137 118
137 278
137 284
138 313
138 389
139 24
139 113
139 211
140 37
140 75
140 305
141 17
141 21
141 224
141 257
141 343
142 8
142 24
142 34
142 122
142 248
143 109
143 376
144 199
144 388
145 450
146 26
146 61
146 240
146 313
147 1
147 81
147 217
147 394
147 407
147 433
148 48
148 109
148 150
148 184
148 449
149 5
149 12
149 107
149 207
149 433
149 443
150 33
150 90
150 109
150 157
150 184
150 447
151 145
151 169
151 260
152 70
152 87
152 329
152 430
153 32
153 256
154 24
154 162
154 379
154 420
155 388
155 389
156 109
156 184
156 443
157 450
158 157
158 269
158 289
159 189
159 221
159 251
159 261
159 419
160 86
160 401
160 431
161 4
161 25
161 65
161 255
161 313
161 429
162 89
162 116
162 191
162 232
163 249
163 405
164 18
164 118
164 259
164 312
165 23
165 57
165 145
165 210
165 378
165 401
166 246
166 255
166 394
167 296
167 406
167 423
167 433
167 441
168 118
168 426
169 86
169 331
169 362
170 13
170 69
170 98
170 394
170 432
170 437
171 79
171 118
171 362
171 419
172 23
172 54
172 262
172 275
172 296
172 420
173 19
173 80
173 148
173 423
174 180
174 191
174 256
174 425
175 61
175 99
175 324
175 429
176 186
176 300
176 303
177 126
177 182
177 224
177 267
178 92
178 369
178 449
179 2
179 109
179 289
179 306
179 437
180 92
180 224
180 227
180 378
180 392
180 442
181 21
181 167
181 225
181 356
182 148
182 194
182 219
182 410
182 449
183 25
183 95
183 143
183 238
183 381
183 385
184 450
185 2
185 103
185 297
185 391
185 428
185 442
186 156
186 219
187 69
187 99
187 442
188 74
188 90
188 118
188 184
188 289
188 362
189 84
189 339
189 369
189 420
189 425
190 25
190 90
190 134
190 272
190 328
191 5
191 69
191 75
191 92
191 381
192 42
192 170
193 255
193 296
193 339
193 433
194 90
194 109
194 118
194 269
194 376
194 447
195 5
195 194
195 278
196 100
196 265
196 275
196 279
196 296
196 423
197 5
197 113
198 261
198 284
198 386
199 1
199 340
200 54
200 143
200 256
201 37
201 238
201 307
202 227
202 289
203 52
203 143
203 224
203 382
204 138
204 379
205 224
205 333
205 420
206 219
206 234
206 281
207 107
207 261
207 262
208 34
208 435
209 135
209 147
209 178
209 428
210 157
210 286
210 378
210 427
211 63
211 74
211 98
211 148
211 263
211 407
212 188
212 316
212 385
212 392
213 266
213 382
213 391
214 179
214 240
215 221
215 317
216 8
216 15
216 142
216 223
216 305
216 313
217 23
217 24
217 25
217 322
218 36
218 136
218 139
218 248
218 341
218 439
219 70
219 180
219 231
219 383
219 388
220 44
220 237
220 351
220 398
220 418
221 24
221 75
221 158
221 362
222 138
222 387
222 435
223 27
223 235
223 388
223 429
224 109
224 184
224 333
224 362
224 383
224 426
225 132
225 154
225 171
225 344
226 33
226 67
226 109
226 269
226 443
227 269
227 362
227 376
227 426
228 44
228 205
228 217
228 249
229 123
229 202
229 205
229 392
229 412
229 432
230 64
230 442
231 74
231 443
232 10
232 301
233 148
233 189
233 227
233 292
234 34
234 269
234 289
234 297
234 433
235 19
235 70
235 90
235 194
235 285
235 443
236 34
236 195
236 221
236 268
236 392
237 23
237 52
237 84
237 134
237 184
237 327
238 57
238 78
238 118
238 376
238 383
239 19
239 50
239 195
239 387
240 67
240 157
240 184
240 269
240 376
241 109
241 157
242 63
242 202
242 325
243 269
243 338
243 369
244 157
244 166
244 305
244 392
244 416
245 156
245 415
245 449
246 36
246 67
246 120
246 364
246 418
246 420
247 66
247 237
248 100
248 148
249 34
249 231
250 53
250 95
250 100
250 185
251 89
251 232
252 3
252 121
252 128
252 262
252 324
253 279
253 401
254 234
254 363
254 383
255 109
255 116
255 180
255 189
255 234
256 90
256 289
257 33
257 54
257 168
257 394
257 433
258 49
258 69
259 13
259 420
260 92
260 100
260 199
260 238
260 383
261 199
261 369
261 392
262 10
262 205
263 24
263 90
263 235
263 261
263 289
263 315
264 80
264 231
264 234
264 322
264 405
265 51
265 75
265 98
265 376
266 1
266 33
266 107
266 188
266 207
266 224
267 37
267 144
267 150
267 275
267 390
268 112
268 134
268 208
268 355
268 369
268 443
269 450
270 16
270 213
270 384
270 421
270 449
271 48
271 111
271 148
271 250
271 256
271 414
272 10
272 33
272 34
272 75
272 145
273 103
273 191
273 426
274 228
274 384
275 33
275 199
276 147
276 197
276 218
276 313
276 339
277 37
277 57
278 226
278 420
278 449
279 25
279 272
280 132
280 143
280 359
280 425
281 89
281 239
281 373
282 223
282 448
283 67
283 78
283 95
283 200
283 226
283 328
284 109
284 362
285 90
285 333
286 37
286 70
286 272
286 273
286 333
287 129
287 232
287 363
288 24
288 102
288 112
288 152
288 200
289 450
290 184
290 277
290 364
290 415
290 423
291 89
291 365
292 51
292 80
293 89
293 179
293 208
293 315
293 317
293 341
294 1
294 202
295 123
295 183
295 205
295 278
295 383
295 385
296 67
296 205
296 238
296 392
296 443
297 70
297 78
297 90
297 100
297 331
297 387
298 178
298 286
299 136
299 150
299 295
299 390
300 15
300 25
300 170
300 216
300 279
300 344
301 34
301 74
301 374
301 429
301 441
302 19
302 57
302 67
302 74
302 86
302 382
303 86
303 353
304 40
304 62
304 301
304 342
304 383
305 19
305 443
306 54
306 109
306 256
307 22
307 23
307 226
307 259
307 329
308 22
308 151
308 268
308 345
308 429
309 67
309 69
309 208
309 249
309 420
310 69
310 241
311 62
311 115
311 218
312 315
312 385
313 8
313 142
313 268
313 329
314 235
314 383
315 67
315 226
315 360
316 235
316 449
317 120
317 219
317 406
318 240
318 249
318 365
319 74
319 109
319 223
319 404
319 447
320 298
320 370
320 448
321 79
321 195
321 228
321 237
321 313
322 23
322 42
322 100
322 301
322 302
323 133
323 173
323 326
323 356
323 386
324 302
324 383
324 447
325 263
325 309
325 441
325 449
326 62
326 69
326 285
326 373
326 385
326 419
327 450
328 78
328 184
328 188
328 278
329 51
329 118
329 248
330 187
330 257
331 57
331 103
331 145
331 224
331 362
332 273
332 333
332 406
332 422
333 450
334 27
334 392
335 28
335 229
335 302
335 443
336 205
336 435
336 446
337 5
337 10
337 79
337 177
337 253
337 338
338 129
338 316
339 122
339 442
340 54
340 57
340 118
340 327
341 62
341 149
341 199
341 389
341 428
341 443
342 48
342 61
342 253
343 151
343 256
343 263
343 427
344 24
344 27
344 69
344 182
344 443
345 13
345 149
345 157
345 303
345 443
346 162
346 205
346 210
346 224
346 242
346 298
347 35
347 131
347 158
347 341
347 379
348 52
348 194
348 219
348 388
349 103
349 235
349 314
350 332
350 344
350 376
350 380
350 386
350 414
351 98
351 217
351 353
352 57
352 158
352 229
352 408
352 422
353 205
353 333
353 378
354 78
354 188
354 254
354 264
354 267
354 367
355 37
355 100
355 158
355 227
355 240
356 2
356 328
357 3
357 58
357 88
357 146
357 180
357 384
358 33
358 61
358 123
358 238
358 304
358 338
359 26
359 92
359 200
359 377
359 385
359 448
360 67
360 118
360 227
361 58
361 79
361 278
362 450
363 48
363 107
363 135
363 171
363 356
364 25
364 331
364 381
365 1
365 109
365 188
365 302
365 374
365 426
366 320
366 341
367 207
367 255
367 379
368 237
368 401
368 420
368 422
368 423
369 70
369 100
370 19
370 42
370 52
370 362
371 178
371 189
371 207
371 235
371 249
371 353
372 144
372 374
372 428
373 37
373 135
373 151
373 172
373 315
374 67
374 103
374 227
374 231
374 240
374 426
375 8
375 58
375 341
375 424
375 426
376 450
377 27
377 86
377 140
377 285
378 40
378 57
378 227
378 240
378 362
379 61
379 63
379 75
379 283
379 342
379 385
380 14
380 108
380 162
380 241
380 294
380 295
381 10
381 63
382 327
382 376
383 450
384 203
384 231
384 369
384 391
384 448
385 63
385 224
385 289
385 302
385 383
385 449
386 143
386 188
386 305
387 382
387 426
388 10
388 188
388 224
388 418
389 40
389 266
389 297
389 435
390 35
390 240
390 253
390 285
390 398
391 52
391 297
391 324
391 333
392 63
392 103
392 418
393 203
393 231
393 442
394 95
394 316
394 435
395 68
395 154
396 11
396 146
397 364
397 376
397 427
398 24
398 240
398 296
398 322
399 42
399 162
399 188
399 189
399 237
399 254
400 314
400 365
400 384
401 157
401 333
402 98
402 118
402 186
402 384
402 442
403 233
403 253
404 189
404 199
404 238
404 251
404 378
405 2
405 52
405 188
405 306
405 394
405 433
406 19
406 67
406 86
406 221
406 224
406 362
407 51
407 100
407 179
407 226
407 441
408 42
408 122
408 263
408 303
408 404
409 35
409 128
409 164
410 79
410 190
410 260
411 82
411 118
411 134
411 207
411 238
411 426
412 8
412 75
412 122
412 199
412 419
412 448
413 99
413 414
414 1
414 93
414 156
414 159
414 228
415 103
415 135
415 385
415 397
416 42
416 262
416 376
417 19
417 36
417 45
417 176
417 394
417 431
418 34
418 74
418 100
418 194
418 256
419 178
419 227
419 278
419 340
420 33
420 145
420 383
421 67
421 235
421 307
421 385
421 394
422 27
422 48
422 305
422 355
422 377
422 392
423 184
423 231
423 418
423 426
424 86
424 319
424 334
424 356
424 407
424 428
425 75
425 92
425 235
425 240
425 269
425 433
426 450
427 2
427 318
427 392
427 426
428 118
428 305
428 447
429 34
429 54
429 69
429 100
429 224
430 35
430 130
430 341
430 433
431 99
431 195
431 283
432 23
432 44
432 118
432 355
432 376
433 109
433 157
433 327
433 447
434 13
434 103
434 147
434 315
435 10
435 178
435 392
435 401
435 449
436 47
436 103
436 177
436 191
436 230
436 401
437 27
437 188
437 226
437 284
437 360
437 374
438 159
438 228
438 334
438 380
438 408
438 418
439 82
439 171
440 100
440 228
440 261
440 334
441 33
441 90
441 109
441 184
441 376
442 103
442 109
442 327
442 383
443 450
444 16
444 22
444 223
444 440
445 24
445 225
445 291
445 389
446 50
446 51
446 92
446 189
446 284
447 450
448 331
448 387
449 145
449 157
449 289
449 362
449 426
