# Tier 7 (Very Large) - Instance 68
# Generated with config: N=363, K=5, topology=grid, calendar=random

# HEADER: <num_tasks> <num_types> <num_units>
365 5 20

# RESOURCE TYPES
# Format: <type_id> <num_units> <unit_id1> <unit_id2> ...
0 4 0 1 2 3
1 4 4 5 6 7
2 4 8 9 10 11
3 4 12 13 14 15
4 4 16 17 18 19

# RESOURCE UNITS (Calendars)
# Format: <unit_id> <num_steps> <t1> <v1> <t2> <v2> ...
0 24 0 100 171 0 174 100 416 0 423 100 575 0 581 100 711 0 726 100 967 0 991 100 1106 0 1128 100 1264 0 1288 100 1359 0 1374 100 1434 0 1440 100 1517 0 1526 100 1655 0 1660 100 3751 0
1 24 0 100 244 0 264 100 353 0 361 100 508 0 516 100 597 0 609 100 739 0 761 100 815 0 825 100 940 0 958 100 1149 0 1171 100 1403 0 1415 100 1464 0 1473 100 1646 0 1660 100 3751 0
2 24 0 0 23 100 129 0 152 100 233 0 247 100 343 0 350 100 483 0 493 100 742 0 757 100 1008 0 1014 100 1120 0 1136 100 1400 0 1422 100 1708 0 1713 100 1966 0 1986 100 2149 0 3751 0
3 24 0 100 128 0 145 100 195 0 200 100 395 0 407 100 632 0 634 100 830 0 848 100 1033 0 1039 100 1320 0 1332 100 1602 0 1619 100 1736 0 1743 100 1967 0 1975 100 2212 0 2219 100 3751 0
4 24 0 0 20 100 90 0 112 100 319 0 333 100 476 0 478 100 625 0 631 100 782 0 786 100 919 0 933 100 1092 0 1094 100 1209 0 1231 100 1473 0 1476 100 1604 0 1606 100 1893 0 3751 0
5 24 0 100 281 0 300 100 371 0 384 100 473 0 479 100 553 0 571 100 746 0 752 100 985 0 996 100 1288 0 1296 100 1558 0 1560 100 1814 0 1831 100 1893 0 1897 100 1995 0 2004 100 3751 0
6 24 0 100 66 0 85 100 145 0 168 100 290 0 308 100 436 0 460 100 653 0 676 100 912 0 927 100 1091 0 1105 100 1232 0 1255 100 1401 0 1409 100 1595 0 1606 100 1700 0 1703 100 3751 0
7 24 0 100 106 0 110 100 348 0 366 100 475 0 483 100 711 0 713 100 863 0 868 100 1159 0 1171 100 1307 0 1321 100 1438 0 1451 100 1519 0 1523 100 1664 0 1669 100 1812 0 1825 100 3751 0
8 24 0 100 286 0 293 100 366 0 377 100 565 0 578 100 648 0 666 100 845 0 863 100 965 0 989 100 1096 0 1108 100 1333 0 1350 100 1570 0 1574 100 1824 0 1837 100 2077 0 2101 100 3751 0
9 24 0 0 6 100 165 0 181 100 252 0 260 100 402 0 421 100 700 0 718 100 979 0 984 100 1132 0 1139 100 1194 0 1204 100 1368 0 1386 100 1633 0 1638 100 1811 0 1830 100 1905 0 3751 0
10 24 0 100 185 0 193 100 389 0 403 100 562 0 564 100 767 0 770 100 888 0 891 100 1083 0 1096 100 1321 0 1331 100 1442 0 1460 100 1680 0 1703 100 1924 0 1946 100 2161 0 2176 100 3751 0
11 24 0 0 21 100 137 0 145 100 246 0 259 100 448 0 467 100 759 0 779 100 857 0 863 100 1118 0 1136 100 1227 0 1235 100 1381 0 1383 100 1595 0 1608 100 1894 0 1905 100 1967 0 3751 0
12 24 0 0 3 100 295 0 302 100 542 0 559 100 757 0 769 100 855 0 875 100 984 0 1007 100 1108 0 1123 100 1195 0 1199 100 1483 0 1505 100 1622 0 1624 100 1693 0 1717 100 1893 0 3751 0
13 24 0 0 9 100 59 0 76 100 269 0 273 100 508 0 526 100 815 0 824 100 1067 0 1087 100 1343 0 1349 100 1523 0 1540 100 1753 0 1774 100 1916 0 1938 100 2000 0 2015 100 2114 0 3751 0
14 24 0 100 224 0 231 100 463 0 484 100 693 0 701 100 770 0 779 100 916 0 924 100 1139 0 1163 100 1331 0 1344 100 1635 0 1638 100 1736 0 1746 100 2013 0 2033 100 2168 0 2189 100 3751 0
15 24 0 100 102 0 123 100 244 0 253 100 420 0 422 100 580 0 589 100 741 0 743 100 1018 0 1040 100 1244 0 1248 100 1391 0 1395 100 1584 0 1586 100 1848 0 1866 100 2143 0 2156 100 3751 0
16 24 0 0 15 100 172 0 194 100 444 0 446 100 712 0 714 100 836 0 851 100 1085 0 1104 100 1204 0 1225 100 1495 0 1502 100 1753 0 1763 100 1957 0 1960 100 2141 0 2161 100 2278 0 3751 0
17 24 0 0 18 100 214 0 231 100 450 0 469 100 727 0 749 100 1024 0 1040 100 1321 0 1338 100 1573 0 1588 100 1655 0 1665 100 1786 0 1795 100 2015 0 2039 100 2233 0 2253 100 2505 0 3751 0
18 24 0 100 256 0 271 100 464 0 469 100 535 0 548 100 633 0 640 100 857 0 867 100 1111 0 1117 100 1349 0 1358 100 1518 0 1541 100 1776 0 1784 100 1861 0 1884 100 2168 0 2179 100 3751 0
19 24 0 0 24 100 106 0 126 100 312 0 314 100 607 0 629 100 884 0 894 100 1017 0 1022 100 1312 0 1320 100 1389 0 1407 100 1489 0 1495 100 1769 0 1782 100 1850 0 1857 100 2098 0 3751 0

# TASKS
# Format: <task_id> <size> <num_reqs>
# Then for each requirement: <type_id> <qty>
0 0 5
 0 0
 1 0
 2 0
 3 0
 4 0
1 15 5
 0 2
 1 3
 2 1
 3 2
 4 1
2 16 5
 0 2
 1 1
 2 1
 3 0
 4 1
3 14 5
 0 0
 1 1
 2 2
 3 3
 4 0
4 15 5
 0 0
 1 0
 2 3
 3 1
 4 3
5 8 5
 0 3
 1 0
 2 3
 3 3
 4 3
6 2 5
 0 0
 1 2
 2 2
 3 3
 4 3
7 6 5
 0 1
 1 3
 2 2
 3 0
 4 1
8 7 5
 0 0
 1 2
 2 0
 3 1
 4 1
9 2 5
 0 0
 1 0
 2 2
 3 2
 4 3
10 3 5
 0 2
 1 2
 2 3
 3 3
 4 0
11 7 5
 0 0
 1 1
 2 0
 3 0
 4 0
12 13 5
 0 2
 1 0
 2 2
 3 1
 4 1
13 10 5
 0 0
 1 1
 2 1
 3 0
 4 1
14 4 5
 0 0
 1 0
 2 3
 3 1
 4 2
15 18 5
 0 0
 1 3
 2 0
 3 1
 4 2
16 20 5
 0 3
 1 1
 2 3
 3 3
 4 0
17 15 5
 0 1
 1 1
 2 3
 3 1
 4 1
18 11 5
 0 0
 1 1
 2 0
 3 2
 4 0
19 13 5
 0 2
 1 1
 2 3
 3 3
 4 2
20 11 5
 0 1
 1 1
 2 1
 3 2
 4 3
21 8 5
 0 0
 1 0
 2 0
 3 0
 4 2
22 13 5
 0 0
 1 0
 2 1
 3 3
 4 0
23 4 5
 0 2
 1 3
 2 0
 3 2
 4 1
24 9 5
 0 2
 1 1
 2 2
 3 1
 4 3
25 19 5
 0 2
 1 0
 2 0
 3 1
 4 0
26 8 5
 0 2
 1 2
 2 1
 3 3
 4 0
27 8 5
 0 3
 1 1
 2 1
 3 1
 4 3
28 10 5
 0 2
 1 3
 2 0
 3 1
 4 0
29 8 5
 0 2
 1 1
 2 3
 3 3
 4 2
30 2 5
 0 0
 1 0
 2 1
 3 0
 4 2
31 6 5
 0 2
 1 0
 2 3
 3 2
 4 0
32 6 5
 0 2
 1 2
 2 0
 3 0
 4 1
33 7 5
 0 3
 1 0
 2 0
 3 0
 4 0
34 17 5
 0 0
 1 0
 2 3
 3 2
 4 3
35 8 5
 0 3
 1 0
 2 3
 3 2
 4 1
36 14 5
 0 3
 1 0
 2 3
 3 3
 4 3
37 12 5
 0 2
 1 2
 2 2
 3 0
 4 1
38 1 5
 0 0
 1 3
 2 3
 3 3
 4 1
39 19 5
 0 2
 1 2
 2 1
 3 0
 4 3
40 6 5
 0 1
 1 2
 2 2
 3 0
 4 3
41 9 5
 0 1
 1 0
 2 0
 3 0
 4 3
42 5 5
 0 1
 1 2
 2 2
 3 0
 4 2
43 19 5
 0 0
 1 1
 2 1
 3 0
 4 0
44 18 5
 0 2
 1 1
 2 3
 3 0
 4 2
45 16 5
 0 0
 1 0
 2 0
 3 1
 4 2
46 20 5
 0 0
 1 2
 2 1
 3 0
 4 1
47 4 5
 0 1
 1 1
 2 3
 3 2
 4 3
48 4 5
 0 2
 1 3
 2 0
 3 2
 4 3
49 16 5
 0 2
 1 2
 2 3
 3 2
 4 2
50 6 5
 0 2
 1 2
 2 0
 3 3
 4 0
51 18 5
 0 2
 1 0
 2 0
 3 0
 4 1
52 10 5
 0 0
 1 0
 2 3
 3 2
 4 1
53 17 5
 0 0
 1 2
 2 3
 3 0
 4 0
54 7 5
 0 2
 1 1
 2 1
 3 0
 4 0
55 11 5
 0 0
 1 2
 2 2
 3 0
 4 2
56 15 5
 0 3
 1 2
 2 0
 3 3
 4 0
57 15 5
 0 0
 1 3
 2 0
 3 3
 4 3
58 17 5
 0 0
 1 0
 2 3
 3 3
 4 3
59 3 5
 0 0
 1 2
 2 1
 3 3
 4 0
60 9 5
 0 0
 1 3
 2 0
 3 2
 4 2
61 18 5
 0 2
 1 3
 2 1
 3 2
 4 0
62 1 5
 0 3
 1 1
 2 0
 3 3
 4 0
63 18 5
 0 0
 1 0
 2 0
 3 0
 4 2
64 4 5
 0 3
 1 3
 2 3
 3 2
 4 0
65 13 5
 0 1
 1 0
 2 0
 3 0
 4 3
66 6 5
 0 0
 1 0
 2 1
 3 2
 4 0
67 13 5
 0 3
 1 1
 2 0
 3 3
 4 0
68 4 5
 0 0
 1 0
 2 0
 3 1
 4 0
69 10 5
 0 1
 1 2
 2 1
 3 0
 4 0
70 20 5
 0 0
 1 2
 2 0
 3 0
 4 0
71 15 5
 0 3
 1 2
 2 2
 3 0
 4 1
72 14 5
 0 1
 1 1
 2 2
 3 0
 4 0
73 9 5
 0 0
 1 2
 2 3
 3 1
 4 2
74 11 5
 0 3
 1 0
 2 3
 3 0
 4 3
75 17 5
 0 2
 1 2
 2 2
 3 1
 4 3
76 6 5
 0 1
 1 3
 2 3
 3 3
 4 0
77 5 5
 0 2
 1 0
 2 1
 3 3
 4 0
78 2 5
 0 0
 1 1
 2 0
 3 0
 4 2
79 19 5
 0 1
 1 3
 2 3
 3 0
 4 2
80 10 5
 0 2
 1 3
 2 3
 3 0
 4 0
81 18 5
 0 1
 1 2
 2 1
 3 0
 4 0
82 13 5
 0 3
 1 0
 2 3
 3 1
 4 2
83 8 5
 0 2
 1 3
 2 0
 3 1
 4 1
84 6 5
 0 1
 1 3
 2 0
 3 3
 4 3
85 15 5
 0 0
 1 3
 2 0
 3 3
 4 3
86 9 5
 0 0
 1 2
 2 0
 3 0
 4 2
87 4 5
 0 1
 1 0
 2 1
 3 2
 4 0
88 19 5
 0 2
 1 0
 2 1
 3 2
 4 1
89 8 5
 0 2
 1 0
 2 0
 3 0
 4 0
90 9 5
 0 0
 1 0
 2 0
 3 0
 4 1
91 14 5
 0 2
 1 0
 2 3
 3 0
 4 0
92 1 5
 0 0
 1 3
 2 0
 3 0
 4 1
93 4 5
 0 3
 1 1
 2 0
 3 2
 4 0
94 20 5
 0 0
 1 0
 2 0
 3 0
 4 3
95 9 5
 0 1
 1 1
 2 0
 3 1
 4 3
96 11 5
 0 0
 1 1
 2 1
 3 0
 4 0
97 20 5
 0 3
 1 0
 2 1
 3 0
 4 1
98 5 5
 0 0
 1 3
 2 3
 3 3
 4 0
99 3 5
 0 3
 1 3
 2 0
 3 3
 4 3
100 12 5
 0 0
 1 0
 2 1
 3 0
 4 2
101 1 5
 0 2
 1 0
 2 1
 3 2
 4 0
102 18 5
 0 0
 1 1
 2 1
 3 3
 4 0
103 15 5
 0 2
 1 3
 2 2
 3 0
 4 0
104 6 5
 0 1
 1 1
 2 0
 3 2
 4 0
105 16 5
 0 1
 1 1
 2 1
 3 3
 4 3
106 6 5
 0 3
 1 3
 2 3
 3 0
 4 0
107 15 5
 0 0
 1 3
 2 3
 3 3
 4 3
108 15 5
 0 0
 1 2
 2 1
 3 1
 4 0
109 12 5
 0 2
 1 2
 2 0
 3 1
 4 0
110 20 5
 0 0
 1 1
 2 3
 3 1
 4 0
111 20 5
 0 2
 1 2
 2 2
 3 0
 4 2
112 16 5
 0 0
 1 0
 2 0
 3 0
 4 1
113 12 5
 0 1
 1 2
 2 0
 3 2
 4 0
114 9 5
 0 2
 1 2
 2 0
 3 1
 4 1
115 8 5
 0 1
 1 3
 2 2
 3 0
 4 0
116 20 5
 0 0
 1 3
 2 2
 3 0
 4 2
117 7 5
 0 3
 1 0
 2 2
 3 2
 4 0
118 17 5
 0 0
 1 3
 2 2
 3 0
 4 0
119 7 5
 0 1
 1 2
 2 0
 3 2
 4 0
120 14 5
 0 1
 1 1
 2 2
 3 3
 4 0
121 15 5
 0 0
 1 0
 2 0
 3 0
 4 3
122 1 5
 0 2
 1 1
 2 1
 3 0
 4 0
123 6 5
 0 1
 1 1
 2 1
 3 0
 4 0
124 4 5
 0 2
 1 0
 2 3
 3 0
 4 3
125 20 5
 0 2
 1 0
 2 2
 3 2
 4 0
126 10 5
 0 2
 1 1
 2 0
 3 1
 4 0
127 1 5
 0 1
 1 1
 2 3
 3 0
 4 2
128 11 5
 0 1
 1 0
 2 0
 3 2
 4 0
129 5 5
 0 0
 1 0
 2 1
 3 1
 4 1
130 12 5
 0 0
 1 0
 2 3
 3 0
 4 0
131 2 5
 0 0
 1 1
 2 1
 3 3
 4 0
132 20 5
 0 1
 1 0
 2 0
 3 3
 4 0
133 1 5
 0 1
 1 2
 2 3
 3 2
 4 1
134 20 5
 0 2
 1 0
 2 0
 3 0
 4 0
135 11 5
 0 3
 1 0
 2 0
 3 2
 4 3
136 7 5
 0 0
 1 0
 2 1
 3 3
 4 1
137 5 5
 0 0
 1 1
 2 2
 3 2
 4 3
138 4 5
 0 1
 1 0
 2 0
 3 3
 4 1
139 15 5
 0 2
 1 0
 2 2
 3 1
 4 3
140 15 5
 0 1
 1 3
 2 1
 3 0
 4 3
141 13 5
 0 3
 1 1
 2 1
 3 1
 4 0
142 8 5
 0 3
 1 0
 2 3
 3 0
 4 1
143 18 5
 0 2
 1 2
 2 2
 3 0
 4 0
144 6 5
 0 0
 1 0
 2 3
 3 2
 4 2
145 8 5
 0 2
 1 1
 2 1
 3 0
 4 0
146 15 5
 0 1
 1 2
 2 2
 3 1
 4 2
147 16 5
 0 1
 1 0
 2 0
 3 0
 4 1
148 14 5
 0 3
 1 3
 2 0
 3 0
 4 3
149 13 5
 0 2
 1 1
 2 3
 3 0
 4 3
150 13 5
 0 0
 1 3
 2 0
 3 1
 4 1
151 9 5
 0 0
 1 1
 2 0
 3 2
 4 0
152 1 5
 0 3
 1 3
 2 3
 3 3
 4 1
153 15 5
 0 0
 1 3
 2 0
 3 0
 4 0
154 14 5
 0 3
 1 0
 2 0
 3 1
 4 3
155 2 5
 0 3
 1 3
 2 2
 3 0
 4 2
156 13 5
 0 0
 1 3
 2 1
 3 3
 4 3
157 11 5
 0 0
 1 0
 2 3
 3 1
 4 0
158 17 5
 0 3
 1 0
 2 0
 3 1
 4 3
159 17 5
 0 1
 1 0
 2 0
 3 0
 4 0
160 3 5
 0 0
 1 1
 2 1
 3 2
 4 2
161 5 5
 0 0
 1 0
 2 3
 3 2
 4 3
162 5 5
 0 2
 1 0
 2 0
 3 2
 4 1
163 20 5
 0 3
 1 0
 2 0
 3 3
 4 1
164 8 5
 0 3
 1 2
 2 0
 3 0
 4 0
165 10 5
 0 0
 1 0
 2 1
 3 0
 4 2
166 16 5
 0 3
 1 3
 2 0
 3 2
 4 3
167 9 5
 0 0
 1 3
 2 0
 3 0
 4 0
168 17 5
 0 0
 1 1
 2 0
 3 0
 4 0
169 4 5
 0 1
 1 2
 2 0
 3 1
 4 2
170 2 5
 0 2
 1 0
 2 0
 3 0
 4 0
171 13 5
 0 1
 1 1
 2 2
 3 1
 4 0
172 1 5
 0 2
 1 2
 2 0
 3 0
 4 3
173 20 5
 0 0
 1 0
 2 0
 3 0
 4 3
174 18 5
 0 2
 1 0
 2 0
 3 0
 4 3
175 18 5
 0 2
 1 2
 2 1
 3 2
 4 3
176 1 5
 0 1
 1 0
 2 0
 3 3
 4 0
177 1 5
 0 3
 1 1
 2 0
 3 2
 4 3
178 11 5
 0 0
 1 0
 2 0
 3 2
 4 3
179 16 5
 0 1
 1 2
 2 3
 3 0
 4 0
180 3 5
 0 0
 1 1
 2 0
 3 0
 4 2
181 19 5
 0 1
 1 1
 2 2
 3 3
 4 3
182 10 5
 0 1
 1 3
 2 0
 3 2
 4 1
183 7 5
 0 1
 1 0
 2 2
 3 2
 4 0
184 2 5
 0 1
 1 1
 2 3
 3 3
 4 0
185 1 5
 0 1
 1 0
 2 0
 3 3
 4 0
186 4 5
 0 2
 1 0
 2 2
 3 2
 4 1
187 20 5
 0 3
 1 0
 2 3
 3 3
 4 2
188 7 5
 0 1
 1 0
 2 2
 3 2
 4 2
189 2 5
 0 3
 1 2
 2 1
 3 0
 4 3
190 10 5
 0 0
 1 2
 2 2
 3 2
 4 1
191 1 5
 0 0
 1 0
 2 2
 3 0
 4 2
192 15 5
 0 1
 1 0
 2 3
 3 2
 4 2
193 18 5
 0 1
 1 0
 2 0
 3 1
 4 2
194 10 5
 0 2
 1 0
 2 0
 3 0
 4 3
195 10 5
 0 3
 1 0
 2 1
 3 0
 4 0
196 18 5
 0 0
 1 3
 2 2
 3 3
 4 3
197 17 5
 0 0
 1 2
 2 3
 3 3
 4 1
198 14 5
 0 0
 1 3
 2 0
 3 2
 4 2
199 5 5
 0 1
 1 0
 2 1
 3 3
 4 0
200 10 5
 0 1
 1 2
 2 3
 3 0
 4 0
201 15 5
 0 3
 1 0
 2 1
 3 0
 4 0
202 2 5
 0 2
 1 1
 2 0
 3 0
 4 3
203 7 5
 0 2
 1 2
 2 1
 3 3
 4 2
204 8 5
 0 1
 1 2
 2 3
 3 3
 4 0
205 14 5
 0 1
 1 1
 2 1
 3 2
 4 3
206 14 5
 0 0
 1 0
 2 1
 3 3
 4 1
207 6 5
 0 2
 1 3
 2 1
 3 0
 4 2
208 19 5
 0 2
 1 1
 2 0
 3 0
 4 1
209 5 5
 0 3
 1 1
 2 0
 3 0
 4 0
210 6 5
 0 3
 1 2
 2 0
 3 0
 4 0
211 5 5
 0 1
 1 0
 2 2
 3 3
 4 0
212 8 5
 0 1
 1 2
 2 3
 3 0
 4 0
213 18 5
 0 0
 1 0
 2 0
 3 0
 4 3
214 9 5
 0 3
 1 3
 2 3
 3 0
 4 3
215 1 5
 0 0
 1 0
 2 3
 3 1
 4 0
216 11 5
 0 3
 1 0
 2 3
 3 3
 4 0
217 12 5
 0 3
 1 0
 2 3
 3 1
 4 1
218 13 5
 0 0
 1 3
 2 1
 3 3
 4 0
219 16 5
 0 1
 1 0
 2 0
 3 2
 4 1
220 17 5
 0 0
 1 1
 2 1
 3 2
 4 3
221 14 5
 0 0
 1 3
 2 3
 3 0
 4 1
222 2 5
 0 1
 1 1
 2 0
 3 0
 4 0
223 2 5
 0 0
 1 2
 2 3
 3 3
 4 2
224 1 5
 0 0
 1 3
 2 0
 3 2
 4 0
225 20 5
 0 0
 1 0
 2 0
 3 3
 4 0
226 4 5
 0 0
 1 1
 2 1
 3 0
 4 0
227 13 5
 0 2
 1 3
 2 0
 3 0
 4 0
228 17 5
 0 2
 1 0
 2 1
 3 3
 4 2
229 11 5
 0 2
 1 3
 2 1
 3 3
 4 2
230 7 5
 0 0
 1 3
 2 0
 3 3
 4 0
231 15 5
 0 3
 1 3
 2 0
 3 0
 4 0
232 6 5
 0 1
 1 3
 2 1
 3 0
 4 3
233 1 5
 0 1
 1 0
 2 0
 3 0
 4 2
234 6 5
 0 2
 1 0
 2 0
 3 1
 4 0
235 11 5
 0 0
 1 1
 2 0
 3 0
 4 0
236 17 5
 0 0
 1 1
 2 3
 3 2
 4 0
237 7 5
 0 3
 1 2
 2 1
 3 2
 4 0
238 2 5
 0 3
 1 3
 2 2
 3 0
 4 3
239 11 5
 0 0
 1 0
 2 0
 3 3
 4 2
240 14 5
 0 0
 1 0
 2 1
 3 0
 4 3
241 1 5
 0 3
 1 1
 2 1
 3 2
 4 1
242 7 5
 0 0
 1 0
 2 2
 3 2
 4 2
243 1 5
 0 2
 1 0
 2 3
 3 1
 4 3
244 11 5
 0 1
 1 2
 2 0
 3 2
 4 1
245 5 5
 0 0
 1 2
 2 0
 3 0
 4 1
246 20 5
 0 0
 1 1
 2 1
 3 0
 4 3
247 7 5
 0 3
 1 3
 2 0
 3 1
 4 1
248 18 5
 0 0
 1 0
 2 3
 3 3
 4 0
249 20 5
 0 0
 1 2
 2 3
 3 1
 4 2
250 10 5
 0 3
 1 2
 2 1
 3 3
 4 0
251 7 5
 0 0
 1 2
 2 3
 3 3
 4 1
252 6 5
 0 2
 1 2
 2 3
 3 0
 4 2
253 17 5
 0 0
 1 3
 2 0
 3 0
 4 3
254 2 5
 0 0
 1 3
 2 2
 3 3
 4 0
255 16 5
 0 0
 1 3
 2 0
 3 3
 4 0
256 14 5
 0 3
 1 0
 2 0
 3 1
 4 0
257 6 5
 0 3
 1 1
 2 3
 3 2
 4 0
258 17 5
 0 1
 1 0
 2 1
 3 2
 4 0
259 2 5
 0 0
 1 3
 2 2
 3 2
 4 0
260 6 5
 0 0
 1 3
 2 2
 3 2
 4 1
261 1 5
 0 1
 1 1
 2 2
 3 0
 4 1
262 4 5
 0 2
 1 2
 2 1
 3 3
 4 0
263 6 5
 0 1
 1 1
 2 0
 3 0
 4 0
264 2 5
 0 0
 1 3
 2 3
 3 3
 4 0
265 14 5
 0 0
 1 2
 2 0
 3 3
 4 2
266 9 5
 0 1
 1 3
 2 0
 3 0
 4 2
267 6 5
 0 2
 1 3
 2 2
 3 0
 4 0
268 17 5
 0 3
 1 2
 2 2
 3 3
 4 1
269 14 5
 0 2
 1 1
 2 3
 3 3
 4 0
270 16 5
 0 1
 1 2
 2 3
 3 1
 4 2
271 12 5
 0 0
 1 1
 2 1
 3 2
 4 0
272 11 5
 0 3
 1 1
 2 1
 3 0
 4 2
273 2 5
 0 3
 1 0
 2 2
 3 3
 4 1
274 3 5
 0 0
 1 0
 2 0
 3 2
 4 1
275 5 5
 0 0
 1 0
 2 3
 3 0
 4 1
276 19 5
 0 2
 1 3
 2 2
 3 2
 4 0
277 16 5
 0 2
 1 0
 2 0
 3 1
 4 0
278 6 5
 0 2
 1 0
 2 2
 3 0
 4 3
279 12 5
 0 2
 1 1
 2 0
 3 3
 4 0
280 10 5
 0 0
 1 2
 2 1
 3 0
 4 1
281 7 5
 0 2
 1 1
 2 0
 3 0
 4 0
282 1 5
 0 3
 1 0
 2 2
 3 0
 4 0
283 2 5
 0 2
 1 1
 2 0
 3 3
 4 0
284 7 5
 0 0
 1 0
 2 2
 3 0
 4 0
285 19 5
 0 2
 1 3
 2 0
 3 3
 4 1
286 7 5
 0 3
 1 0
 2 3
 3 0
 4 0
287 4 5
 0 0
 1 0
 2 2
 3 0
 4 0
288 3 5
 0 1
 1 3
 2 1
 3 0
 4 1
289 7 5
 0 0
 1 3
 2 3
 3 1
 4 3
290 13 5
 0 0
 1 1
 2 2
 3 0
 4 0
291 3 5
 0 0
 1 2
 2 1
 3 3
 4 0
292 12 5
 0 1
 1 0
 2 0
 3 2
 4 0
293 3 5
 0 1
 1 3
 2 0
 3 0
 4 3
294 10 5
 0 0
 1 3
 2 0
 3 2
 4 1
295 3 5
 0 0
 1 2
 2 0
 3 0
 4 0
296 15 5
 0 0
 1 3
 2 1
 3 1
 4 1
297 4 5
 0 3
 1 0
 2 0
 3 1
 4 0
298 6 5
 0 2
 1 0
 2 3
 3 0
 4 1
299 12 5
 0 1
 1 3
 2 0
 3 2
 4 3
300 8 5
 0 2
 1 0
 2 0
 3 0
 4 0
301 2 5
 0 3
 1 3
 2 0
 3 0
 4 3
302 10 5
 0 0
 1 1
 2 0
 3 2
 4 0
303 4 5
 0 0
 1 1
 2 1
 3 3
 4 2
304 10 5
 0 0
 1 0
 2 2
 3 0
 4 0
305 12 5
 0 0
 1 0
 2 2
 3 3
 4 2
306 3 5
 0 2
 1 2
 2 3
 3 0
 4 0
307 1 5
 0 0
 1 3
 2 1
 3 2
 4 2
308 19 5
 0 0
 1 2
 2 2
 3 0
 4 2
309 20 5
 0 0
 1 1
 2 3
 3 2
 4 1
310 8 5
 0 2
 1 1
 2 0
 3 0
 4 0
311 6 5
 0 3
 1 2
 2 0
 3 0
 4 3
312 20 5
 0 0
 1 0
 2 3
 3 2
 4 0
313 7 5
 0 2
 1 2
 2 2
 3 1
 4 0
314 2 5
 0 1
 1 0
 2 2
 3 0
 4 3
315 4 5
 0 1
 1 2
 2 0
 3 3
 4 1
316 7 5
 0 0
 1 0
 2 3
 3 0
 4 1
317 16 5
 0 1
 1 0
 2 0
 3 0
 4 0
318 13 5
 0 3
 1 1
 2 0
 3 0
 4 1
319 15 5
 0 0
 1 2
 2 3
 3 0
 4 2
320 8 5
 0 0
 1 2
 2 3
 3 3
 4 2
321 5 5
 0 2
 1 0
 2 0
 3 1
 4 3
322 17 5
 0 2
 1 2
 2 0
 3 1
 4 0
323 14 5
 0 3
 1 0
 2 0
 3 0
 4 0
324 16 5
 0 2
 1 3
 2 2
 3 3
 4 0
325 16 5
 0 2
 1 0
 2 0
 3 0
 4 0
326 17 5
 0 3
 1 0
 2 0
 3 1
 4 0
327 3 5
 0 3
 1 0
 2 1
 3 0
 4 0
328 15 5
 0 0
 1 2
 2 1
 3 1
 4 0
329 20 5
 0 1
 1 2
 2 1
 3 0
 4 2
330 5 5
 0 2
 1 2
 2 3
 3 2
 4 0
331 20 5
 0 3
 1 1
 2 2
 3 1
 4 2
332 11 5
 0 0
 1 0
 2 0
 3 1
 4 3
333 2 5
 0 1
 1 0
 2 0
 3 1
 4 1
334 8 5
 0 0
 1 0
 2 3
 3 0
 4 1
335 2 5
 0 1
 1 0
 2 3
 3 1
 4 2
336 16 5
 0 0
 1 1
 2 0
 3 0
 4 1
337 10 5
 0 0
 1 2
 2 1
 3 0
 4 3
338 17 5
 0 1
 1 1
 2 0
 3 0
 4 0
339 5 5
 0 3
 1 3
 2 1
 3 1
 4 2
340 1 5
 0 0
 1 0
 2 1
 3 2
 4 2
341 17 5
 0 0
 1 0
 2 3
 3 3
 4 1
342 13 5
 0 3
 1 2
 2 1
 3 3
 4 3
343 7 5
 0 1
 1 0
 2 2
 3 3
 4 3
344 4 5
 0 0
 1 0
 2 2
 3 1
 4 0
345 18 5
 0 0
 1 1
 2 1
 3 0
 4 3
346 7 5
 0 2
 1 0
 2 0
 3 0
 4 1
347 4 5
 0 3
 1 2
 2 0
 3 0
 4 3
348 10 5
 0 1
 1 2
 2 1
 3 1
 4 0
349 20 5
 0 2
 1 2
 2 0
 3 2
 4 2
350 14 5
 0 0
 1 3
 2 2
 3 0
 4 1
351 14 5
 0 2
 1 0
 2 3
 3 1
 4 0
352 12 5
 0 0
 1 0
 2 1
 3 0
 4 1
353 9 5
 0 1
 1 0
 2 1
 3 1
 4 1
354 4 5
 0 0
 1 1
 2 0
 3 2
 4 1
355 5 5
 0 3
 1 0
 2 0
 3 0
 4 0
356 7 5
 0 2
 1 0
 2 2
 3 0
 4 2
357 4 5
 0 0
 1 2
 2 0
 3 3
 4 3
358 5 5
 0 1
 1 1
 2 0
 3 1
 4 0
359 15 5
 0 1
 1 2
 2 2
 3 2
 4 3
360 12 5
 0 0
 1 3
 2 0
 3 0
 4 0
361 13 5
 0 0
 1 1
 2 3
 3 3
 4 0
362 5 5
 0 1
 1 2
 2 2
 3 0
 4 0
363 17 5
 0 1
 1 3
 2 2
 3 1
 4 1
364 0 5
 0 0
 1 0
 2 0
 3 0
 4 0

# PRECEDENCES
834
0 1
0 27
0 53
0 79
0 105
0 131
0 157
0 183
0 209
0 235
0 261
0 287
0 313
0 339
1 2
1 27
1 28
2 3
2 28
2 29
3 4
3 29
3 30
4 5
4 30
5 6
5 31
6 7
6 32
6 33
7 8
7 33
7 34
8 9
8 34
8 35
9 10
9 35
9 36
10 11
10 36
11 12
11 37
11 38
12 13
12 38
12 39
13 14
13 39
13 40
14 15
14 40
15 16
15 41
16 17
16 42
17 18
17 43
17 44
18 19
18 44
18 45
19 20
19 45
20 21
20 46
20 47
21 22
21 47
22 23
22 48
23 24
23 49
24 25
24 50
24 51
25 26
25 51
26 52
26 364
27 28
27 53
28 29
28 54
29 30
29 55
30 31
30 56
30 57
31 32
31 57
31 58
32 33
32 58
33 34
33 59
33 60
34 35
34 60
35 36
35 61
36 37
36 62
37 38
37 63
38 39
38 64
39 40
39 65
39 66
40 41
40 66
41 42
41 67
42 43
42 68
43 44
43 69
43 70
44 45
44 70
44 71
45 46
45 71
46 47
46 72
47 48
47 73
48 49
48 74
49 50
49 75
50 51
50 76
51 52
51 77
52 78
52 364
53 54
53 79
53 80
54 55
54 80
55 56
55 81
56 57
56 82
57 58
57 83
58 59
58 84
59 60
59 85
60 61
60 86
61 62
61 87
62 63
62 88
62 89
63 64
63 89
64 65
64 90
65 66
65 91
66 67
66 92
67 68
67 93
67 94
68 69
68 94
69 70
69 95
70 71
70 96
71 72
71 97
71 98
72 73
72 98
73 74
73 99
73 100
74 75
74 100
75 76
75 101
76 77
76 102
77 78
77 103
77 104
78 104
78 364
79 80
79 105
80 81
80 106
81 82
81 107
81 108
82 83
82 108
83 84
83 109
84 85
84 110
85 86
85 111
86 87
86 112
86 113
87 88
87 113
87 114
88 89
88 114
88 115
89 90
89 115
89 116
90 91
90 116
91 92
91 117
92 93
92 118
93 94
93 119
93 120
94 95
94 120
95 96
95 121
96 97
96 122
97 98
97 123
98 99
98 124
99 100
99 125
99 126
100 101
100 126
101 102
101 127
102 103
102 128
102 129
103 104
103 129
103 130
104 130
104 364
105 106
105 131
106 107
106 132
107 108
107 133
107 134
108 109
108 134
109 110
109 135
110 111
110 136
110 137
111 112
111 137
112 113
112 138
113 114
113 139
114 115
114 140
115 116
115 141
116 117
116 142
116 143
117 118
117 143
118 119
118 144
119 120
119 145
120 121
120 146
120 147
121 122
121 147
122 123
122 148
123 124
123 149
124 125
124 150
125 126
125 151
125 152
126 127
126 152
126 153
127 128
127 153
128 129
128 154
129 130
129 155
130 156
130 364
131 132
131 157
131 158
132 133
132 158
133 134
133 159
134 135
134 160
135 136
135 161
136 137
136 162
137 138
137 163
138 139
138 164
139 140
139 165
140 141
140 166
141 142
141 167
142 143
142 168
143 144
143 169
143 170
144 145
144 170
144 171
145 146
145 171
146 147
146 172
146 173
147 148
147 173
148 149
148 174
149 150
149 175
150 151
150 176
151 152
151 177
151 178
152 153
152 178
152 179
153 154
153 179
154 155
154 180
154 181
155 156
155 181
156 182
156 364
157 158
157 183
158 159
158 184
159 160
159 185
160 161
160 186
161 162
161 187
161 188
162 163
162 188
163 164
163 189
164 165
164 190
164 191
165 166
165 191
166 167
166 192
167 168
167 193
168 169
168 194
168 195
169 170
169 195
169 196
170 171
170 196
171 172
171 197
172 173
172 198
173 174
173 199
174 175
174 200
175 176
175 201
176 177
176 202
177 178
177 203
178 179
178 204
179 180
179 205
180 181
180 206
180 207
181 182
181 207
181 208
182 208
182 364
183 184
183 209
184 185
184 210
184 211
185 186
185 211
186 187
186 212
187 188
187 213
187 214
188 189
188 214
189 190
189 215
189 216
190 191
190 216
191 192
191 217
191 218
192 193
192 218
193 194
193 219
194 195
194 220
194 221
195 196
195 221
196 197
196 222
197 198
197 223
198 199
198 224
199 200
199 225
200 201
200 226
201 202
201 227
202 203
202 228
202 229
203 204
203 229
204 205
204 230
205 206
205 231
206 207
206 232
207 208
207 233
208 234
208 364
209 210
209 235
210 211
210 236
210 237
211 212
211 237
212 213
212 238
212 239
213 214
213 239
214 215
214 240
215 216
215 241
216 217
216 242
216 243
217 218
217 243
218 219
218 244
219 220
219 245
220 221
220 246
221 222
221 247
222 223
222 248
223 224
223 249
224 225
224 250
225 226
225 251
226 227
226 252
226 253
227 228
227 253
228 229
228 254
229 230
229 255
229 256
230 231
230 256
231 232
231 257
231 258
232 233
232 258
233 234
233 259
233 260
234 260
234 364
235 236
235 261
236 237
236 262
237 238
237 263
238 239
238 264
239 240
239 265
240 241
240 266
241 242
241 267
242 243
242 268
242 269
243 244
243 269
243 270
244 245
244 270
245 246
245 271
245 272
246 247
246 272
247 248
247 273
248 249
248 274
249 250
249 275
250 251
250 276
251 252
251 277
252 253
252 278
253 254
253 279
254 255
254 280
254 281
255 256
255 281
255 282
256 257
256 282
257 258
257 283
258 259
258 284
258 285
259 260
259 285
260 286
260 364
261 262
261 287
262 263
262 288
262 289
263 264
263 289
264 265
264 290
265 266
265 291
266 267
266 292
267 268
267 293
267 294
268 269
268 294
269 270
269 295
270 271
270 296
271 272
271 297
271 298
272 273
272 298
273 274
273 299
274 275
274 300
275 276
275 301
276 277
276 302
277 278
277 303
278 279
278 304
278 305
279 280
279 305
279 306
280 281
280 306
281 282
281 307
282 283
282 308
283 284
283 309
284 285
284 310
285 286
285 311
286 312
286 364
287 288
287 313
287 314
288 289
288 314
289 290
289 315
290 291
290 316
291 292
291 317
292 293
292 318
293 294
293 319
294 295
294 320
294 321
295 296
295 321
296 297
296 322
296 323
297 298
297 323
298 299
298 324
299 300
299 325
299 326
300 301
300 326
301 302
301 327
301 328
302 303
302 328
302 329
303 304
303 329
303 330
304 305
304 330
304 331
305 306
305 331
306 307
306 332
306 333
307 308
307 333
308 309
308 334
308 335
309 310
309 335
309 336
310 311
310 336
311 312
311 337
312 338
312 364
313 314
313 339
313 340
314 315
314 340
314 341
315 316
315 341
316 317
316 342
316 343
317 318
317 343
318 319
318 344
318 345
319 320
319 345
320 321
320 346
321 322
321 347
322 323
322 348
323 324
323 349
324 325
324 350
325 326
325 351
326 327
326 352
327 328
327 353
327 354
328 329
328 354
328 355
329 330
329 355
330 331
330 356
331 332
331 357
332 333
332 358
332 359
333 334
333 359
334 335
334 360
335 336
335 361
336 337
336 362
337 338
337 363
338 364
339 340
339 364
340 341
340 364
341 342
341 364
342 343
342 364
343 344
343 364
344 345
344 364
345 346
345 364
346 347
346 364
347 348
347 364
348 349
348 364
349 350
349 364
350 351
350 364
351 352
351 364
352 353
352 364
353 354
353 364
354 355
354 364
355 356
355 364
356 357
356 364
357 358
357 364
358 359
358 364
359 360
359 364
360 361
360 364
361 362
361 364
362 363
362 364
363 364
