# Tier 7 (Very Large) - Instance 56
# Generated with config: N=410, K=5, topology=grid, calendar=staggered

# HEADER: <num_tasks> <num_types> <num_units>
412 5 28

# RESOURCE TYPES
# Format: <type_id> <num_units> <unit_id1> <unit_id2> ...
0 6 0 1 2 3 4 5
1 4 6 7 8 9
2 5 10 11 12 13 14
3 7 15 16 17 18 19 20 21
4 6 22 23 24 25 26 27

# RESOURCE UNITS (Calendars)
# Format: <unit_id> <num_steps> <t1> <v1> <t2> <v2> ...
0 21 0 100 1 0 60 100 388 0 448 100 777 0 838 100 1169 0 1230 100 1559 0 1618 100 1949 0 2009 100 2337 0 2397 100 2726 0 2788 100 3119 0 3180 100 3511 0 3915 0
1 21 0 100 12 0 74 100 398 0 462 100 788 0 851 100 1176 0 1239 100 1564 0 1628 100 1957 0 2019 100 2346 0 2409 100 2734 0 2798 100 3124 0 3188 100 3515 0 3915 0
2 21 0 100 26 0 69 100 414 0 458 100 806 0 848 100 1195 0 1238 100 1587 0 1630 100 1979 0 2023 100 2370 0 2414 100 2763 0 2807 100 3155 0 3199 100 3546 0 3915 0
3 21 0 100 43 0 109 100 434 0 500 100 827 0 894 100 1215 0 1282 100 1605 0 1671 100 1993 0 2057 100 2383 0 2449 100 2773 0 2838 100 3162 0 3230 100 3555 0 3915 0
4 21 0 100 57 0 89 100 446 0 481 100 842 0 876 100 1234 0 1267 100 1622 0 1655 100 2015 0 2050 100 2407 0 2440 100 2800 0 2832 100 3187 0 3222 100 3583 0 3915 0
5 21 0 100 68 0 114 100 461 0 504 100 850 0 895 100 1244 0 1289 100 1633 0 1679 100 2024 0 2068 100 2416 0 2462 100 2809 0 2853 100 3201 0 3244 100 3591 0 3915 0
6 21 0 100 84 0 133 100 475 0 524 100 865 0 915 100 1257 0 1309 100 1647 0 1700 100 2040 0 2091 100 2429 0 2479 100 2818 0 2868 100 3209 0 3259 100 3598 0 3915 0
7 21 0 100 96 0 147 100 483 0 537 100 872 0 924 100 1261 0 1312 100 1652 0 1707 100 2047 0 2099 100 2435 0 2488 100 2825 0 2876 100 3213 0 3266 100 3603 0 3915 0
8 21 0 100 113 0 169 100 505 0 559 100 894 0 948 100 1282 0 1340 100 1676 0 1732 100 2066 0 2124 100 2459 0 2514 100 2846 0 2902 100 3235 0 3290 100 3626 0 3915 0
9 21 0 100 124 0 177 100 513 0 567 100 906 0 960 100 1295 0 1349 100 1683 0 1738 100 2076 0 2129 100 2468 0 2521 100 2856 0 2912 100 3250 0 3305 100 3644 0 3915 0
10 21 0 100 139 0 203 100 530 0 592 100 922 0 985 100 1311 0 1374 100 1704 0 1768 100 2093 0 2157 100 2482 0 2546 100 2877 0 2938 100 3268 0 3331 100 3658 0 3915 0
11 21 0 100 152 0 193 100 540 0 579 100 931 0 972 100 1322 0 1362 100 1713 0 1754 100 2104 0 2146 100 2496 0 2535 100 2884 0 2924 100 3275 0 3314 100 3664 0 3915 0
12 21 0 100 168 0 234 100 559 0 625 100 950 0 1017 100 1343 0 1409 100 1732 0 1797 100 2120 0 2188 100 2512 0 2576 100 2899 0 2966 100 3291 0 3356 100 3681 0 3915 0
13 21 0 100 182 0 253 100 575 0 645 100 967 0 1037 100 1360 0 1428 100 1752 0 1821 100 2140 0 2208 100 2532 0 2603 100 2923 0 2990 100 3314 0 3385 100 3706 0 3915 0
14 21 0 100 194 0 240 100 580 0 627 100 970 0 1020 100 1364 0 1413 100 1756 0 1802 100 2147 0 2196 100 2537 0 2584 100 2926 0 2974 100 3315 0 3363 100 3704 0 3915 0
15 21 0 100 208 0 262 100 599 0 653 100 990 0 1044 100 1383 0 1436 100 1773 0 1827 100 2167 0 2219 100 2555 0 2607 100 2947 0 2998 100 3338 0 3392 100 3729 0 3915 0
16 21 0 100 224 0 273 100 615 0 663 100 1001 0 1052 100 1393 0 1444 100 1784 0 1834 100 2172 0 2223 100 2564 0 2612 100 2955 0 3007 100 3350 0 3400 100 3739 0 3915 0
17 21 0 100 239 0 301 100 625 0 689 100 1016 0 1080 100 1405 0 1468 100 1793 0 1855 100 2184 0 2246 100 2572 0 2636 100 2961 0 3023 100 3349 0 3414 100 3742 0 3915 0
18 21 0 100 252 0 311 100 642 0 700 100 1034 0 1091 100 1422 0 1481 100 1815 0 1873 100 2203 0 2260 100 2591 0 2650 100 2979 0 3038 100 3372 0 3431 100 3765 0 3915 0
19 21 0 100 266 0 314 100 656 0 702 100 1043 0 1092 100 1434 0 1481 100 1823 0 1869 100 2214 0 2260 100 2602 0 2650 100 2993 0 3042 100 3387 0 3434 100 3779 0 3915 0
20 21 0 100 278 0 329 100 667 0 719 100 1056 0 1108 100 1444 0 1497 100 1834 0 1887 100 2229 0 2282 100 2622 0 2675 100 3015 0 3067 100 3404 0 3456 100 3794 0 3915 0
21 21 0 100 293 0 355 100 682 0 746 100 1071 0 1135 100 1462 0 1525 100 1850 0 1913 100 2238 0 2303 100 2632 0 2696 100 3022 0 3083 100 3411 0 3475 100 3802 0 3915 0
22 21 0 100 307 0 367 100 700 0 761 100 1092 0 1150 100 1479 0 1538 100 1867 0 1925 100 2254 0 2313 100 2645 0 2703 100 3035 0 3093 100 3424 0 3482 100 3813 0 3915 0
23 21 0 100 321 0 371 100 709 0 759 100 1098 0 1147 100 1490 0 1540 100 1883 0 1932 100 2270 0 2322 100 2665 0 2714 100 3055 0 3107 100 3446 0 3495 100 3833 0 3915 0
24 21 0 100 334 0 373 100 725 0 762 100 1115 0 1151 100 1504 0 1541 100 1892 0 1931 100 2285 0 2322 100 2676 0 2716 100 3072 0 3110 100 3461 0 3497 100 3853 0 3915 0
25 21 0 100 350 0 394 100 739 0 783 100 1128 0 1173 100 1520 0 1564 100 1911 0 1956 100 2305 0 2349 100 2697 0 2741 100 3089 0 3134 100 3483 0 3529 100 3872 0 3915 0
26 21 0 100 365 0 408 100 756 0 802 100 1146 0 1189 100 1538 0 1582 100 1930 0 1975 100 2319 0 2364 100 2709 0 2754 100 3102 0 3146 100 3490 0 3535 100 3881 0 3915 0
27 21 0 100 377 0 414 100 771 0 804 100 1162 0 1199 100 1555 0 1588 100 1941 0 1977 100 2331 0 2365 100 2718 0 2752 100 3106 0 3141 100 3495 0 3530 100 3887 0 3915 0

# TASKS
# Format: <task_id> <size> <num_reqs>
# Then for each requirement: <type_id> <qty>
0 0 5
 0 0
 1 0
 2 0
 3 0
 4 0
1 18 5
 0 1
 1 1
 2 3
 3 0
 4 2
2 11 5
 0 1
 1 0
 2 1
 3 0
 4 1
3 2 5
 0 1
 1 3
 2 0
 3 1
 4 1
4 1 5
 0 0
 1 2
 2 3
 3 0
 4 2
5 9 5
 0 0
 1 2
 2 0
 3 3
 4 2
6 6 5
 0 0
 1 1
 2 3
 3 0
 4 1
7 13 5
 0 1
 1 0
 2 1
 3 2
 4 0
8 7 5
 0 0
 1 3
 2 1
 3 1
 4 1
9 5 5
 0 1
 1 1
 2 1
 3 0
 4 0
10 9 5
 0 2
 1 2
 2 1
 3 3
 4 1
11 16 5
 0 2
 1 0
 2 0
 3 0
 4 1
12 18 5
 0 0
 1 0
 2 1
 3 3
 4 1
13 16 5
 0 0
 1 1
 2 0
 3 2
 4 3
14 4 5
 0 0
 1 3
 2 0
 3 2
 4 1
15 3 5
 0 2
 1 0
 2 2
 3 0
 4 1
16 6 5
 0 0
 1 0
 2 0
 3 1
 4 1
17 16 5
 0 0
 1 1
 2 0
 3 0
 4 2
18 7 5
 0 0
 1 0
 2 0
 3 0
 4 1
19 19 5
 0 3
 1 2
 2 0
 3 1
 4 1
20 20 5
 0 0
 1 3
 2 3
 3 0
 4 1
21 12 5
 0 1
 1 1
 2 0
 3 3
 4 2
22 16 5
 0 0
 1 3
 2 1
 3 0
 4 0
23 1 5
 0 3
 1 3
 2 1
 3 2
 4 0
24 3 5
 0 0
 1 3
 2 0
 3 0
 4 3
25 17 5
 0 3
 1 2
 2 2
 3 3
 4 0
26 10 5
 0 3
 1 2
 2 3
 3 2
 4 3
27 8 5
 0 2
 1 1
 2 0
 3 1
 4 3
28 1 5
 0 0
 1 2
 2 3
 3 2
 4 0
29 17 5
 0 2
 1 1
 2 2
 3 2
 4 2
30 7 5
 0 0
 1 0
 2 3
 3 3
 4 0
31 17 5
 0 0
 1 2
 2 0
 3 0
 4 0
32 15 5
 0 0
 1 0
 2 2
 3 3
 4 2
33 17 5
 0 0
 1 2
 2 2
 3 1
 4 0
34 18 5
 0 3
 1 2
 2 0
 3 3
 4 0
35 14 5
 0 3
 1 2
 2 0
 3 1
 4 0
36 13 5
 0 3
 1 2
 2 2
 3 0
 4 0
37 9 5
 0 0
 1 3
 2 0
 3 0
 4 3
38 10 5
 0 1
 1 2
 2 1
 3 0
 4 3
39 6 5
 0 1
 1 3
 2 1
 3 3
 4 2
40 6 5
 0 2
 1 0
 2 3
 3 1
 4 0
41 8 5
 0 0
 1 0
 2 0
 3 2
 4 0
42 10 5
 0 1
 1 0
 2 1
 3 3
 4 0
43 17 5
 0 1
 1 1
 2 0
 3 0
 4 1
44 7 5
 0 0
 1 0
 2 3
 3 0
 4 3
45 13 5
 0 2
 1 3
 2 3
 3 0
 4 2
46 14 5
 0 3
 1 0
 2 1
 3 2
 4 2
47 5 5
 0 3
 1 2
 2 3
 3 0
 4 0
48 5 5
 0 3
 1 2
 2 2
 3 2
 4 2
49 10 5
 0 2
 1 0
 2 2
 3 0
 4 1
50 15 5
 0 0
 1 2
 2 0
 3 2
 4 3
51 19 5
 0 0
 1 0
 2 1
 3 0
 4 1
52 12 5
 0 1
 1 3
 2 0
 3 0
 4 0
53 14 5
 0 0
 1 2
 2 0
 3 1
 4 3
54 18 5
 0 3
 1 2
 2 1
 3 3
 4 1
55 14 5
 0 0
 1 3
 2 3
 3 1
 4 0
56 9 5
 0 3
 1 0
 2 1
 3 1
 4 0
57 20 5
 0 0
 1 3
 2 0
 3 0
 4 0
58 11 5
 0 2
 1 0
 2 1
 3 1
 4 3
59 20 5
 0 1
 1 0
 2 0
 3 0
 4 3
60 9 5
 0 1
 1 0
 2 0
 3 0
 4 3
61 14 5
 0 0
 1 2
 2 0
 3 0
 4 0
62 1 5
 0 3
 1 0
 2 3
 3 0
 4 1
63 20 5
 0 1
 1 2
 2 0
 3 1
 4 3
64 3 5
 0 0
 1 0
 2 0
 3 1
 4 2
65 20 5
 0 0
 1 2
 2 3
 3 3
 4 3
66 20 5
 0 0
 1 2
 2 1
 3 3
 4 0
67 18 5
 0 1
 1 0
 2 1
 3 1
 4 2
68 2 5
 0 0
 1 0
 2 3
 3 1
 4 0
69 9 5
 0 0
 1 2
 2 0
 3 3
 4 0
70 4 5
 0 3
 1 3
 2 0
 3 2
 4 1
71 14 5
 0 0
 1 1
 2 2
 3 2
 4 0
72 19 5
 0 2
 1 0
 2 0
 3 3
 4 3
73 7 5
 0 0
 1 0
 2 1
 3 0
 4 0
74 3 5
 0 0
 1 0
 2 1
 3 2
 4 0
75 1 5
 0 0
 1 1
 2 0
 3 1
 4 0
76 7 5
 0 0
 1 0
 2 1
 3 3
 4 2
77 15 5
 0 0
 1 1
 2 0
 3 3
 4 2
78 3 5
 0 0
 1 2
 2 2
 3 0
 4 2
79 20 5
 0 2
 1 0
 2 1
 3 1
 4 1
80 19 5
 0 2
 1 1
 2 0
 3 2
 4 3
81 5 5
 0 0
 1 0
 2 2
 3 0
 4 2
82 15 5
 0 3
 1 0
 2 0
 3 1
 4 3
83 19 5
 0 2
 1 0
 2 0
 3 0
 4 2
84 2 5
 0 0
 1 2
 2 2
 3 1
 4 3
85 19 5
 0 3
 1 0
 2 0
 3 1
 4 0
86 2 5
 0 2
 1 3
 2 0
 3 0
 4 0
87 5 5
 0 3
 1 0
 2 1
 3 0
 4 0
88 17 5
 0 3
 1 0
 2 0
 3 3
 4 3
89 8 5
 0 3
 1 0
 2 0
 3 1
 4 1
90 15 5
 0 2
 1 0
 2 0
 3 1
 4 0
91 17 5
 0 2
 1 3
 2 1
 3 3
 4 3
92 11 5
 0 0
 1 0
 2 0
 3 2
 4 2
93 12 5
 0 3
 1 0
 2 2
 3 1
 4 1
94 9 5
 0 2
 1 3
 2 0
 3 3
 4 3
95 10 5
 0 0
 1 1
 2 0
 3 1
 4 0
96 19 5
 0 2
 1 2
 2 2
 3 0
 4 0
97 5 5
 0 3
 1 0
 2 3
 3 3
 4 1
98 8 5
 0 1
 1 3
 2 2
 3 0
 4 1
99 19 5
 0 1
 1 0
 2 1
 3 0
 4 2
100 20 5
 0 1
 1 2
 2 0
 3 1
 4 0
101 6 5
 0 3
 1 0
 2 1
 3 0
 4 0
102 10 5
 0 0
 1 1
 2 3
 3 2
 4 0
103 7 5
 0 1
 1 0
 2 0
 3 0
 4 0
104 5 5
 0 2
 1 1
 2 2
 3 0
 4 0
105 18 5
 0 0
 1 2
 2 0
 3 0
 4 3
106 14 5
 0 3
 1 2
 2 0
 3 0
 4 3
107 8 5
 0 2
 1 3
 2 2
 3 2
 4 2
108 3 5
 0 0
 1 0
 2 3
 3 1
 4 3
109 5 5
 0 0
 1 3
 2 3
 3 1
 4 1
110 10 5
 0 3
 1 1
 2 2
 3 0
 4 2
111 14 5
 0 0
 1 3
 2 0
 3 0
 4 1
112 19 5
 0 0
 1 0
 2 0
 3 3
 4 0
113 7 5
 0 1
 1 0
 2 1
 3 0
 4 3
114 2 5
 0 2
 1 1
 2 0
 3 0
 4 3
115 2 5
 0 0
 1 3
 2 1
 3 0
 4 0
116 4 5
 0 0
 1 0
 2 0
 3 3
 4 2
117 5 5
 0 3
 1 2
 2 0
 3 1
 4 1
118 14 5
 0 3
 1 0
 2 1
 3 2
 4 3
119 9 5
 0 3
 1 3
 2 1
 3 0
 4 0
120 1 5
 0 0
 1 0
 2 1
 3 0
 4 0
121 5 5
 0 0
 1 0
 2 0
 3 0
 4 3
122 12 5
 0 2
 1 0
 2 0
 3 1
 4 2
123 1 5
 0 3
 1 1
 2 3
 3 1
 4 0
124 6 5
 0 2
 1 0
 2 1
 3 0
 4 3
125 16 5
 0 3
 1 0
 2 0
 3 3
 4 1
126 11 5
 0 0
 1 0
 2 0
 3 3
 4 1
127 2 5
 0 3
 1 2
 2 3
 3 3
 4 2
128 11 5
 0 1
 1 0
 2 3
 3 1
 4 0
129 13 5
 0 2
 1 0
 2 0
 3 2
 4 2
130 3 5
 0 3
 1 0
 2 3
 3 0
 4 3
131 14 5
 0 0
 1 2
 2 3
 3 3
 4 2
132 17 5
 0 1
 1 3
 2 0
 3 2
 4 2
133 6 5
 0 1
 1 1
 2 1
 3 3
 4 0
134 20 5
 0 0
 1 3
 2 3
 3 2
 4 1
135 13 5
 0 0
 1 2
 2 1
 3 3
 4 2
136 19 5
 0 0
 1 0
 2 0
 3 1
 4 0
137 3 5
 0 0
 1 0
 2 1
 3 0
 4 3
138 11 5
 0 0
 1 1
 2 0
 3 0
 4 0
139 18 5
 0 0
 1 3
 2 0
 3 3
 4 3
140 20 5
 0 0
 1 1
 2 1
 3 3
 4 0
141 2 5
 0 3
 1 1
 2 2
 3 3
 4 0
142 20 5
 0 3
 1 0
 2 0
 3 3
 4 3
143 2 5
 0 1
 1 1
 2 3
 3 0
 4 3
144 9 5
 0 2
 1 0
 2 3
 3 3
 4 3
145 18 5
 0 1
 1 0
 2 3
 3 0
 4 2
146 1 5
 0 3
 1 0
 2 1
 3 0
 4 1
147 17 5
 0 3
 1 1
 2 1
 3 3
 4 3
148 8 5
 0 1
 1 1
 2 0
 3 0
 4 3
149 2 5
 0 0
 1 2
 2 1
 3 0
 4 0
150 6 5
 0 3
 1 0
 2 0
 3 0
 4 1
151 19 5
 0 1
 1 0
 2 3
 3 0
 4 2
152 20 5
 0 0
 1 0
 2 3
 3 2
 4 0
153 8 5
 0 0
 1 2
 2 0
 3 3
 4 0
154 12 5
 0 1
 1 2
 2 3
 3 1
 4 0
155 18 5
 0 1
 1 3
 2 0
 3 0
 4 2
156 9 5
 0 0
 1 3
 2 3
 3 0
 4 0
157 16 5
 0 0
 1 0
 2 3
 3 1
 4 2
158 6 5
 0 2
 1 0
 2 0
 3 2
 4 0
159 7 5
 0 1
 1 2
 2 0
 3 2
 4 0
160 3 5
 0 0
 1 0
 2 2
 3 0
 4 1
161 9 5
 0 0
 1 3
 2 0
 3 0
 4 0
162 10 5
 0 2
 1 1
 2 2
 3 3
 4 0
163 7 5
 0 2
 1 0
 2 3
 3 0
 4 0
164 16 5
 0 1
 1 2
 2 3
 3 2
 4 3
165 5 5
 0 1
 1 3
 2 0
 3 1
 4 0
166 11 5
 0 3
 1 3
 2 0
 3 2
 4 3
167 16 5
 0 3
 1 0
 2 2
 3 2
 4 0
168 1 5
 0 2
 1 1
 2 0
 3 1
 4 2
169 19 5
 0 2
 1 1
 2 0
 3 0
 4 0
170 9 5
 0 0
 1 1
 2 0
 3 3
 4 3
171 2 5
 0 0
 1 3
 2 0
 3 0
 4 3
172 8 5
 0 1
 1 2
 2 0
 3 0
 4 0
173 11 5
 0 0
 1 0
 2 0
 3 0
 4 3
174 14 5
 0 3
 1 1
 2 0
 3 0
 4 0
175 5 5
 0 1
 1 0
 2 0
 3 0
 4 0
176 10 5
 0 3
 1 0
 2 0
 3 0
 4 0
177 12 5
 0 0
 1 3
 2 2
 3 2
 4 3
178 3 5
 0 0
 1 0
 2 0
 3 2
 4 0
179 7 5
 0 2
 1 0
 2 3
 3 1
 4 0
180 14 5
 0 3
 1 0
 2 0
 3 3
 4 3
181 18 5
 0 3
 1 0
 2 2
 3 3
 4 2
182 6 5
 0 3
 1 0
 2 3
 3 1
 4 1
183 11 5
 0 0
 1 0
 2 1
 3 3
 4 2
184 10 5
 0 3
 1 0
 2 0
 3 0
 4 3
185 5 5
 0 1
 1 0
 2 2
 3 0
 4 2
186 10 5
 0 1
 1 2
 2 1
 3 2
 4 3
187 15 5
 0 0
 1 2
 2 3
 3 3
 4 0
188 8 5
 0 3
 1 2
 2 0
 3 0
 4 1
189 17 5
 0 3
 1 3
 2 3
 3 1
 4 2
190 9 5
 0 0
 1 1
 2 0
 3 3
 4 3
191 6 5
 0 0
 1 2
 2 2
 3 0
 4 1
192 5 5
 0 1
 1 3
 2 0
 3 0
 4 3
193 16 5
 0 1
 1 2
 2 3
 3 3
 4 2
194 4 5
 0 3
 1 2
 2 1
 3 2
 4 1
195 6 5
 0 3
 1 3
 2 1
 3 0
 4 2
196 7 5
 0 3
 1 1
 2 0
 3 0
 4 1
197 2 5
 0 2
 1 2
 2 0
 3 2
 4 0
198 16 5
 0 3
 1 3
 2 0
 3 3
 4 3
199 8 5
 0 0
 1 0
 2 0
 3 1
 4 0
200 7 5
 0 2
 1 1
 2 2
 3 0
 4 3
201 16 5
 0 0
 1 2
 2 0
 3 1
 4 1
202 1 5
 0 2
 1 1
 2 0
 3 3
 4 0
203 3 5
 0 3
 1 2
 2 2
 3 3
 4 2
204 3 5
 0 3
 1 0
 2 1
 3 3
 4 0
205 16 5
 0 1
 1 0
 2 2
 3 1
 4 1
206 9 5
 0 0
 1 1
 2 2
 3 0
 4 0
207 14 5
 0 0
 1 0
 2 3
 3 0
 4 1
208 15 5
 0 1
 1 0
 2 2
 3 0
 4 1
209 3 5
 0 0
 1 2
 2 3
 3 3
 4 2
210 13 5
 0 1
 1 3
 2 2
 3 3
 4 1
211 11 5
 0 0
 1 1
 2 3
 3 2
 4 0
212 14 5
 0 2
 1 0
 2 2
 3 2
 4 1
213 12 5
 0 0
 1 0
 2 0
 3 1
 4 3
214 16 5
 0 0
 1 2
 2 1
 3 0
 4 0
215 12 5
 0 2
 1 0
 2 0
 3 3
 4 0
216 12 5
 0 0
 1 0
 2 1
 3 0
 4 2
217 18 5
 0 0
 1 3
 2 0
 3 3
 4 0
218 20 5
 0 2
 1 2
 2 3
 3 3
 4 0
219 3 5
 0 0
 1 0
 2 0
 3 0
 4 2
220 8 5
 0 3
 1 0
 2 0
 3 2
 4 2
221 9 5
 0 3
 1 1
 2 0
 3 2
 4 0
222 8 5
 0 0
 1 0
 2 1
 3 2
 4 0
223 15 5
 0 0
 1 3
 2 1
 3 1
 4 0
224 1 5
 0 2
 1 3
 2 3
 3 2
 4 3
225 20 5
 0 3
 1 0
 2 0
 3 1
 4 2
226 18 5
 0 2
 1 2
 2 0
 3 1
 4 0
227 8 5
 0 2
 1 0
 2 0
 3 1
 4 1
228 7 5
 0 1
 1 2
 2 1
 3 2
 4 2
229 13 5
 0 3
 1 2
 2 3
 3 3
 4 2
230 4 5
 0 1
 1 1
 2 1
 3 3
 4 0
231 19 5
 0 0
 1 1
 2 0
 3 2
 4 0
232 1 5
 0 2
 1 2
 2 0
 3 2
 4 2
233 8 5
 0 2
 1 1
 2 1
 3 0
 4 2
234 6 5
 0 2
 1 0
 2 1
 3 0
 4 0
235 19 5
 0 3
 1 0
 2 1
 3 1
 4 0
236 14 5
 0 0
 1 0
 2 1
 3 2
 4 3
237 5 5
 0 0
 1 0
 2 2
 3 0
 4 1
238 2 5
 0 0
 1 2
 2 0
 3 3
 4 1
239 2 5
 0 2
 1 0
 2 3
 3 0
 4 3
240 5 5
 0 0
 1 3
 2 0
 3 1
 4 0
241 7 5
 0 2
 1 0
 2 3
 3 0
 4 0
242 3 5
 0 0
 1 1
 2 0
 3 0
 4 3
243 18 5
 0 1
 1 3
 2 0
 3 0
 4 1
244 12 5
 0 1
 1 0
 2 2
 3 0
 4 0
245 14 5
 0 1
 1 3
 2 2
 3 3
 4 3
246 12 5
 0 1
 1 0
 2 0
 3 0
 4 1
247 2 5
 0 0
 1 2
 2 2
 3 0
 4 0
248 8 5
 0 3
 1 0
 2 3
 3 1
 4 2
249 8 5
 0 2
 1 1
 2 3
 3 2
 4 0
250 18 5
 0 0
 1 1
 2 3
 3 2
 4 2
251 18 5
 0 1
 1 1
 2 1
 3 1
 4 1
252 14 5
 0 1
 1 0
 2 3
 3 0
 4 2
253 16 5
 0 3
 1 3
 2 1
 3 2
 4 0
254 7 5
 0 3
 1 1
 2 3
 3 1
 4 1
255 20 5
 0 2
 1 1
 2 0
 3 1
 4 1
256 1 5
 0 2
 1 1
 2 3
 3 0
 4 3
257 15 5
 0 2
 1 2
 2 3
 3 0
 4 3
258 20 5
 0 3
 1 0
 2 1
 3 0
 4 3
259 20 5
 0 3
 1 0
 2 0
 3 1
 4 3
260 15 5
 0 1
 1 1
 2 2
 3 3
 4 1
261 18 5
 0 2
 1 2
 2 0
 3 0
 4 3
262 12 5
 0 1
 1 3
 2 3
 3 1
 4 0
263 9 5
 0 0
 1 2
 2 1
 3 0
 4 0
264 8 5
 0 3
 1 3
 2 2
 3 0
 4 0
265 12 5
 0 1
 1 0
 2 0
 3 3
 4 1
266 2 5
 0 2
 1 3
 2 2
 3 0
 4 2
267 10 5
 0 3
 1 2
 2 0
 3 1
 4 1
268 14 5
 0 0
 1 0
 2 0
 3 1
 4 3
269 12 5
 0 2
 1 3
 2 1
 3 1
 4 1
270 18 5
 0 0
 1 0
 2 3
 3 0
 4 1
271 19 5
 0 1
 1 1
 2 0
 3 0
 4 2
272 10 5
 0 0
 1 0
 2 2
 3 0
 4 0
273 16 5
 0 0
 1 2
 2 2
 3 0
 4 3
274 19 5
 0 1
 1 0
 2 1
 3 0
 4 0
275 7 5
 0 0
 1 0
 2 2
 3 3
 4 2
276 8 5
 0 1
 1 3
 2 0
 3 0
 4 0
277 8 5
 0 0
 1 0
 2 0
 3 2
 4 1
278 18 5
 0 2
 1 2
 2 0
 3 0
 4 1
279 12 5
 0 0
 1 1
 2 2
 3 2
 4 2
280 1 5
 0 0
 1 0
 2 0
 3 3
 4 2
281 10 5
 0 0
 1 1
 2 2
 3 0
 4 3
282 15 5
 0 0
 1 0
 2 1
 3 0
 4 2
283 11 5
 0 3
 1 0
 2 0
 3 0
 4 2
284 3 5
 0 0
 1 3
 2 2
 3 1
 4 1
285 4 5
 0 1
 1 1
 2 2
 3 3
 4 1
286 14 5
 0 2
 1 0
 2 0
 3 0
 4 0
287 10 5
 0 1
 1 0
 2 3
 3 0
 4 0
288 9 5
 0 0
 1 0
 2 1
 3 3
 4 0
289 7 5
 0 3
 1 0
 2 0
 3 1
 4 0
290 17 5
 0 0
 1 1
 2 0
 3 1
 4 1
291 19 5
 0 1
 1 3
 2 2
 3 0
 4 1
292 12 5
 0 1
 1 1
 2 0
 3 0
 4 3
293 14 5
 0 1
 1 0
 2 1
 3 0
 4 1
294 10 5
 0 2
 1 3
 2 1
 3 0
 4 3
295 9 5
 0 1
 1 2
 2 0
 3 1
 4 1
296 6 5
 0 0
 1 2
 2 3
 3 2
 4 0
297 6 5
 0 0
 1 2
 2 3
 3 2
 4 0
298 6 5
 0 0
 1 2
 2 3
 3 0
 4 2
299 2 5
 0 3
 1 0
 2 0
 3 0
 4 1
300 17 5
 0 1
 1 0
 2 0
 3 0
 4 0
301 12 5
 0 0
 1 0
 2 1
 3 2
 4 2
302 6 5
 0 0
 1 1
 2 2
 3 1
 4 2
303 5 5
 0 3
 1 3
 2 0
 3 0
 4 0
304 5 5
 0 0
 1 0
 2 0
 3 3
 4 0
305 1 5
 0 1
 1 0
 2 0
 3 3
 4 3
306 19 5
 0 0
 1 0
 2 2
 3 2
 4 0
307 11 5
 0 0
 1 0
 2 1
 3 0
 4 2
308 7 5
 0 0
 1 0
 2 3
 3 0
 4 2
309 5 5
 0 0
 1 0
 2 0
 3 3
 4 3
310 10 5
 0 0
 1 0
 2 2
 3 0
 4 0
311 5 5
 0 0
 1 1
 2 0
 3 3
 4 0
312 5 5
 0 0
 1 1
 2 0
 3 0
 4 1
313 18 5
 0 3
 1 0
 2 1
 3 3
 4 0
314 8 5
 0 1
 1 3
 2 0
 3 3
 4 0
315 19 5
 0 0
 1 0
 2 1
 3 2
 4 0
316 9 5
 0 2
 1 0
 2 2
 3 2
 4 0
317 14 5
 0 2
 1 0
 2 0
 3 1
 4 0
318 16 5
 0 2
 1 2
 2 3
 3 3
 4 3
319 7 5
 0 0
 1 3
 2 3
 3 2
 4 0
320 20 5
 0 0
 1 0
 2 0
 3 2
 4 0
321 3 5
 0 2
 1 3
 2 2
 3 2
 4 0
322 14 5
 0 1
 1 0
 2 1
 3 2
 4 0
323 19 5
 0 0
 1 0
 2 2
 3 3
 4 0
324 19 5
 0 1
 1 3
 2 0
 3 0
 4 0
325 17 5
 0 2
 1 0
 2 3
 3 0
 4 1
326 15 5
 0 3
 1 2
 2 3
 3 2
 4 0
327 3 5
 0 0
 1 3
 2 3
 3 3
 4 3
328 18 5
 0 2
 1 0
 2 1
 3 2
 4 2
329 15 5
 0 2
 1 1
 2 2
 3 0
 4 3
330 1 5
 0 0
 1 2
 2 0
 3 1
 4 1
331 8 5
 0 3
 1 0
 2 3
 3 1
 4 2
332 9 5
 0 1
 1 0
 2 0
 3 0
 4 1
333 4 5
 0 2
 1 0
 2 3
 3 3
 4 1
334 1 5
 0 0
 1 0
 2 0
 3 0
 4 2
335 13 5
 0 3
 1 0
 2 2
 3 2
 4 3
336 9 5
 0 2
 1 1
 2 2
 3 0
 4 3
337 1 5
 0 2
 1 0
 2 0
 3 0
 4 2
338 14 5
 0 2
 1 3
 2 3
 3 0
 4 0
339 8 5
 0 1
 1 0
 2 3
 3 0
 4 0
340 20 5
 0 0
 1 1
 2 0
 3 0
 4 0
341 6 5
 0 0
 1 1
 2 0
 3 3
 4 0
342 19 5
 0 1
 1 0
 2 2
 3 1
 4 3
343 18 5
 0 3
 1 0
 2 1
 3 0
 4 0
344 18 5
 0 0
 1 2
 2 0
 3 2
 4 0
345 13 5
 0 1
 1 1
 2 3
 3 3
 4 0
346 16 5
 0 0
 1 1
 2 0
 3 3
 4 0
347 10 5
 0 1
 1 0
 2 1
 3 3
 4 0
348 1 5
 0 2
 1 0
 2 0
 3 2
 4 3
349 5 5
 0 0
 1 1
 2 2
 3 1
 4 3
350 17 5
 0 0
 1 2
 2 1
 3 1
 4 1
351 14 5
 0 1
 1 0
 2 0
 3 0
 4 3
352 12 5
 0 0
 1 1
 2 3
 3 0
 4 3
353 14 5
 0 2
 1 0
 2 1
 3 2
 4 0
354 8 5
 0 0
 1 0
 2 2
 3 3
 4 3
355 18 5
 0 0
 1 3
 2 1
 3 2
 4 0
356 18 5
 0 0
 1 3
 2 2
 3 1
 4 0
357 7 5
 0 3
 1 1
 2 0
 3 2
 4 0
358 8 5
 0 0
 1 0
 2 0
 3 0
 4 1
359 8 5
 0 3
 1 0
 2 0
 3 3
 4 0
360 13 5
 0 3
 1 0
 2 0
 3 3
 4 1
361 3 5
 0 0
 1 0
 2 3
 3 2
 4 3
362 1 5
 0 2
 1 2
 2 2
 3 3
 4 1
363 12 5
 0 3
 1 0
 2 1
 3 0
 4 0
364 4 5
 0 1
 1 0
 2 0
 3 1
 4 0
365 10 5
 0 0
 1 0
 2 3
 3 3
 4 0
366 13 5
 0 0
 1 0
 2 1
 3 1
 4 0
367 7 5
 0 3
 1 3
 2 0
 3 1
 4 0
368 1 5
 0 0
 1 0
 2 2
 3 2
 4 3
369 7 5
 0 3
 1 1
 2 2
 3 0
 4 2
370 9 5
 0 0
 1 0
 2 1
 3 0
 4 3
371 11 5
 0 0
 1 0
 2 3
 3 2
 4 1
372 19 5
 0 0
 1 1
 2 2
 3 0
 4 3
373 12 5
 0 2
 1 1
 2 1
 3 0
 4 3
374 18 5
 0 1
 1 2
 2 0
 3 2
 4 0
375 7 5
 0 2
 1 0
 2 0
 3 3
 4 0
376 5 5
 0 0
 1 1
 2 3
 3 0
 4 2
377 14 5
 0 1
 1 0
 2 3
 3 0
 4 0
378 12 5
 0 3
 1 0
 2 0
 3 1
 4 1
379 5 5
 0 3
 1 3
 2 1
 3 2
 4 0
380 5 5
 0 0
 1 0
 2 1
 3 2
 4 0
381 1 5
 0 0
 1 0
 2 2
 3 0
 4 2
382 6 5
 0 1
 1 0
 2 1
 3 0
 4 3
383 17 5
 0 1
 1 3
 2 1
 3 0
 4 2
384 9 5
 0 2
 1 1
 2 0
 3 1
 4 0
385 7 5
 0 1
 1 3
 2 1
 3 0
 4 0
386 1 5
 0 1
 1 3
 2 0
 3 0
 4 1
387 9 5
 0 3
 1 2
 2 2
 3 0
 4 1
388 12 5
 0 0
 1 0
 2 2
 3 0
 4 2
389 20 5
 0 0
 1 1
 2 0
 3 3
 4 0
390 20 5
 0 1
 1 1
 2 2
 3 0
 4 1
391 15 5
 0 2
 1 1
 2 0
 3 0
 4 1
392 2 5
 0 0
 1 2
 2 0
 3 0
 4 1
393 7 5
 0 1
 1 0
 2 1
 3 0
 4 3
394 14 5
 0 1
 1 2
 2 0
 3 2
 4 0
395 16 5
 0 3
 1 3
 2 3
 3 0
 4 3
396 15 5
 0 1
 1 0
 2 0
 3 0
 4 0
397 19 5
 0 3
 1 0
 2 2
 3 1
 4 0
398 13 5
 0 1
 1 0
 2 2
 3 3
 4 1
399 5 5
 0 0
 1 0
 2 1
 3 0
 4 0
400 9 5
 0 3
 1 1
 2 3
 3 0
 4 2
401 7 5
 0 3
 1 1
 2 0
 3 3
 4 1
402 4 5
 0 0
 1 0
 2 0
 3 2
 4 1
403 15 5
 0 2
 1 0
 2 0
 3 0
 4 0
404 12 5
 0 3
 1 1
 2 1
 3 0
 4 1
405 4 5
 0 3
 1 2
 2 1
 3 1
 4 1
406 6 5
 0 3
 1 2
 2 0
 3 3
 4 2
407 13 5
 0 3
 1 3
 2 0
 3 0
 4 3
408 13 5
 0 0
 1 0
 2 2
 3 0
 4 0
409 2 5
 0 0
 1 2
 2 0
 3 0
 4 2
410 20 5
 0 2
 1 1
 2 0
 3 3
 4 3
411 0 5
 0 0
 1 0
 2 0
 3 0
 4 0

# PRECEDENCES
936
0 1
0 29
0 57
0 85
0 113
0 141
0 169
0 197
0 225
0 253
0 281
0 309
0 337
0 365
0 393
1 2
1 29
1 30
2 3
2 30
3 4
3 31
4 5
4 32
5 6
5 33
5 34
6 7
6 34
6 35
7 8
7 35
8 9
8 36
8 37
9 10
9 37
9 38
10 11
10 38
11 12
11 39
11 40
12 13
12 40
13 14
13 41
13 42
14 15
14 42
14 43
15 16
15 43
16 17
16 44
16 45
17 18
17 45
18 19
18 46
19 20
19 47
20 21
20 48
20 49
21 22
21 49
21 50
22 23
22 50
23 24
23 51
24 25
24 52
25 26
25 53
26 27
26 54
27 28
27 55
28 56
28 411
29 30
29 57
30 31
30 58
31 32
31 59
32 33
32 60
32 61
33 34
33 61
33 62
34 35
34 62
35 36
35 63
35 64
36 37
36 64
36 65
37 38
37 65
37 66
38 39
38 66
39 40
39 67
40 41
40 68
41 42
41 69
41 70
42 43
42 70
43 44
43 71
43 72
44 45
44 72
45 46
45 73
46 47
46 74
46 75
47 48
47 75
48 49
48 76
49 50
49 77
50 51
50 78
51 52
51 79
51 80
52 53
52 80
53 54
53 81
54 55
54 82
55 56
55 83
55 84
56 84
56 411
57 58
57 85
57 86
58 59
58 86
59 60
59 87
60 61
60 88
61 62
61 89
62 63
62 90
63 64
63 91
64 65
64 92
64 93
65 66
65 93
66 67
66 94
66 95
67 68
67 95
67 96
68 69
68 96
68 97
69 70
69 97
70 71
70 98
71 72
71 99
72 73
72 100
73 74
73 101
74 75
74 102
75 76
75 103
76 77
76 104
77 78
77 105
77 106
78 79
78 106
79 80
79 107
80 81
80 108
80 109
81 82
81 109
82 83
82 110
83 84
83 111
84 112
84 411
85 86
85 113
86 87
86 114
87 88
87 115
88 89
88 116
88 117
89 90
89 117
90 91
90 118
91 92
91 119
92 93
92 120
93 94
93 121
94 95
94 122
94 123
95 96
95 123
96 97
96 124
97 98
97 125
98 99
98 126
99 100
99 127
99 128
100 101
100 128
100 129
101 102
101 129
101 130
102 103
102 130
102 131
103 104
103 131
103 132
104 105
104 132
105 106
105 133
105 134
106 107
106 134
106 135
107 108
107 135
108 109
108 136
109 110
109 137
110 111
110 138
111 112
111 139
112 140
112 411
113 114
113 141
114 115
114 142
114 143
115 116
115 143
116 117
116 144
117 118
117 145
118 119
118 146
119 120
119 147
119 148
120 121
120 148
121 122
121 149
121 150
122 123
122 150
123 124
123 151
124 125
124 152
125 126
125 153
125 154
126 127
126 154
126 155
127 128
127 155
127 156
128 129
128 156
129 130
129 157
130 131
130 158
130 159
131 132
131 159
132 133
132 160
133 134
133 161
134 135
134 162
135 136
135 163
135 164
136 137
136 164
137 138
137 165
138 139
138 166
138 167
139 140
139 167
139 168
140 168
140 411
141 142
141 169
141 170
142 143
142 170
143 144
143 171
144 145
144 172
145 146
145 173
145 174
146 147
146 174
146 175
147 148
147 175
148 149
148 176
149 150
149 177
149 178
150 151
150 178
151 152
151 179
151 180
152 153
152 180
153 154
153 181
154 155
154 182
155 156
155 183
156 157
156 184
156 185
157 158
157 185
158 159
158 186
159 160
159 187
160 161
160 188
161 162
161 189
161 190
162 163
162 190
163 164
163 191
164 165
164 192
165 166
165 193
166 167
166 194
167 168
167 195
167 196
168 196
168 411
169 170
169 197
170 171
170 198
171 172
171 199
172 173
172 200
173 174
173 201
173 202
174 175
174 202
175 176
175 203
176 177
176 204
176 205
177 178
177 205
178 179
178 206
178 207
179 180
179 207
180 181
180 208
181 182
181 209
181 210
182 183
182 210
183 184
183 211
183 212
184 185
184 212
185 186
185 213
186 187
186 214
186 215
187 188
187 215
188 189
188 216
189 190
189 217
190 191
190 218
190 219
191 192
191 219
192 193
192 220
193 194
193 221
194 195
194 222
195 196
195 223
196 224
196 411
197 198
197 225
197 226
198 199
198 226
199 200
199 227
200 201
200 228
200 229
201 202
201 229
202 203
202 230
203 204
203 231
204 205
204 232
204 233
205 206
205 233
205 234
206 207
206 234
207 208
207 235
208 209
208 236
209 210
209 237
210 211
210 238
211 212
211 239
212 213
212 240
213 214
213 241
214 215
214 242
214 243
215 216
215 243
215 244
216 217
216 244
216 245
217 218
217 245
217 246
218 219
218 246
219 220
219 247
220 221
220 248
221 222
221 249
221 250
222 223
222 250
223 224
223 251
224 252
224 411
225 226
225 253
226 227
226 254
227 228
227 255
228 229
228 256
229 230
229 257
230 231
230 258
231 232
231 259
232 233
232 260
233 234
233 261
234 235
234 262
234 263
235 236
235 263
236 237
236 264
237 238
237 265
238 239
238 266
238 267
239 240
239 267
240 241
240 268
241 242
241 269
242 243
242 270
243 244
243 271
244 245
244 272
245 246
245 273
246 247
246 274
247 248
247 275
247 276
248 249
248 276
249 250
249 277
250 251
250 278
251 252
251 279
252 280
252 411
253 254
253 281
254 255
254 282
254 283
255 256
255 283
256 257
256 284
257 258
257 285
257 286
258 259
258 286
259 260
259 287
260 261
260 288
261 262
261 289
261 290
262 263
262 290
263 264
263 291
264 265
264 292
265 266
265 293
266 267
266 294
267 268
267 295
268 269
268 296
269 270
269 297
270 271
270 298
270 299
271 272
271 299
271 300
272 273
272 300
273 274
273 301
274 275
274 302
274 303
275 276
275 303
276 277
276 304
277 278
277 305
278 279
278 306
278 307
279 280
279 307
279 308
280 308
280 411
281 282
281 309
282 283
282 310
283 284
283 311
284 285
284 312
285 286
285 313
285 314
286 287
286 314
287 288
287 315
288 289
288 316
289 290
289 317
290 291
290 318
291 292
291 319
292 293
292 320
293 294
293 321
294 295
294 322
295 296
295 323
295 324
296 297
296 324
297 298
297 325
298 299
298 326
299 300
299 327
300 301
300 328
300 329
301 302
301 329
301 330
302 303
302 330
303 304
303 331
304 305
304 332
305 306
305 333
306 307
306 334
306 335
307 308
307 335
307 336
308 336
308 411
309 310
309 337
309 338
310 311
310 338
310 339
311 312
311 339
312 313
312 340
313 314
313 341
314 315
314 342
314 343
315 316
315 343
316 317
316 344
316 345
317 318
317 345
318 319
318 346
319 320
319 347
319 348
320 321
320 348
320 349
321 322
321 349
322 323
322 350
322 351
323 324
323 351
324 325
324 352
325 326
325 353
325 354
326 327
326 354
327 328
327 355
328 329
328 356
329 330
329 357
330 331
330 358
330 359
331 332
331 359
332 333
332 360
333 334
333 361
334 335
334 362
335 336
335 363
336 364
336 411
337 338
337 365
337 366
338 339
338 366
339 340
339 367
340 341
340 368
341 342
341 369
342 343
342 370
343 344
343 371
344 345
344 372
344 373
345 346
345 373
346 347
346 374
346 375
347 348
347 375
348 349
348 376
348 377
349 350
349 377
350 351
350 378
350 379
351 352
351 379
352 353
352 380
353 354
353 381
354 355
354 382
355 356
355 383
355 384
356 357
356 384
357 358
357 385
358 359
358 386
359 360
359 387
359 388
360 361
360 388
360 389
361 362
361 389
362 363
362 390
363 364
363 391
363 392
364 392
364 411
365 366
365 393
365 394
366 367
366 394
367 368
367 395
367 396
368 369
368 396
369 370
369 397
370 371
370 398
370 399
371 372
371 399
371 400
372 373
372 400
372 401
373 374
373 401
374 375
374 402
375 376
375 403
375 404
376 377
376 404
377 378
377 405
378 379
378 406
379 380
379 407
380 381
380 408
381 382
381 409
382 383
382 410
383 384
384 385
385 386
386 387
387 388
388 389
389 390
390 391
391 392
392 411
393 394
393 411
394 395
394 411
395 396
395 411
396 397
396 411
397 398
397 411
398 399
398 411
399 400
399 411
400 401
400 411
401 402
401 411
402 403
402 411
403 404
403 411
404 405
404 411
405 406
405 411
406 407
406 411
407 408
407 411
408 409
408 411
409 410
409 411
410 411
