# Tier 7 (Very Large) - Instance 1
# Generated with config: N=429, K=4, topology=random_dag, calendar=staggered

# HEADER: <num_tasks> <num_types> <num_units>
431 4 30

# RESOURCE TYPES
# Format: <type_id> <num_units> <unit_id1> <unit_id2> ...
0 6 0 1 2 3 4 5
1 8 6 7 8 9 10 11 12 13
2 8 14 15 16 17 18 19 20 21
3 8 22 23 24 25 26 27 28 29

# RESOURCE UNITS (Calendars)
# Format: <unit_id> <num_steps> <t1> <v1> <t2> <v2> ...
0 22 0 100 1 0 34 100 359 0 392 100 717 0 751 100 1078 0 1113 100 1443 0 1477 100 1804 0 1836 100 2161 0 2196 100 2521 0 2555 100 2885 0 2920 100 3248 0 3281 100 3978 0
1 22 0 100 11 0 44 100 370 0 404 100 732 0 766 100 1090 0 1126 100 1456 0 1491 100 1818 0 1852 100 2178 0 2213 100 2540 0 2573 100 2898 0 2931 100 3256 0 3290 100 3978 0
2 22 0 100 22 0 63 100 381 0 420 100 742 0 784 100 1103 0 1143 100 1460 0 1499 100 1819 0 1859 100 2181 0 2222 100 2543 0 2584 100 2907 0 2949 100 3268 0 3310 100 3978 0
3 22 0 100 36 0 79 100 397 0 438 100 755 0 797 100 1116 0 1157 100 1476 0 1518 100 1838 0 1880 100 2202 0 2245 100 2567 0 2609 100 2926 0 2966 100 3287 0 3328 100 3978 0
4 22 0 100 48 0 99 100 406 0 455 100 765 0 816 100 1126 0 1177 100 1485 0 1535 100 1846 0 1897 100 2206 0 2259 100 2566 0 2619 100 2928 0 2981 100 3293 0 3346 100 3978 0
5 22 0 100 58 0 90 100 416 0 451 100 777 0 809 100 1136 0 1168 100 1497 0 1531 100 1856 0 1891 100 2220 0 2252 100 2579 0 2612 100 2939 0 2972 100 3296 0 3330 100 3978 0
6 22 0 100 73 0 104 100 435 0 463 100 790 0 821 100 1150 0 1182 100 1511 0 1540 100 1870 0 1899 100 2227 0 2255 100 2588 0 2618 100 2949 0 2979 100 3309 0 3340 100 3978 0
7 22 0 100 84 0 114 100 444 0 474 100 808 0 835 100 1165 0 1196 100 1526 0 1553 100 1885 0 1912 100 2245 0 2275 100 2606 0 2635 100 2969 0 2998 100 3331 0 3358 100 3978 0
8 22 0 100 94 0 127 100 453 0 486 100 811 0 846 100 1171 0 1206 100 1529 0 1563 100 1887 0 1921 100 2248 0 2283 100 2609 0 2645 100 2971 0 3006 100 3331 0 3366 100 3978 0
9 22 0 100 109 0 153 100 474 0 516 100 834 0 875 100 1193 0 1237 100 1556 0 1598 100 1914 0 1955 100 2271 0 2312 100 2631 0 2674 100 2995 0 3039 100 3355 0 3398 100 3978 0
10 22 0 100 120 0 163 100 481 0 520 100 841 0 884 100 1205 0 1246 100 1566 0 1607 100 1924 0 1967 100 2289 0 2328 100 2645 0 2687 100 3005 0 3048 100 3370 0 3410 100 3978 0
11 22 0 100 131 0 181 100 490 0 541 100 853 0 905 100 1214 0 1265 100 1577 0 1627 100 1934 0 1986 100 2298 0 2350 100 2657 0 2710 100 3019 0 3070 100 3379 0 3431 100 3978 0
12 22 0 100 146 0 190 100 510 0 554 100 872 0 914 100 1234 0 1276 100 1592 0 1635 100 1950 0 1994 100 2312 0 2355 100 2674 0 2715 100 3036 0 3080 100 3398 0 3441 100 3978 0
13 22 0 100 157 0 206 100 519 0 569 100 879 0 929 100 1243 0 1292 100 1601 0 1652 100 1964 0 2013 100 2325 0 2373 100 2686 0 2734 100 3045 0 3093 100 3405 0 3454 100 3978 0
14 22 0 100 167 0 202 100 528 0 561 100 887 0 921 100 1249 0 1285 100 1608 0 1643 100 1966 0 2001 100 2329 0 2365 100 2693 0 2729 100 3057 0 3092 100 3419 0 3454 100 3978 0
15 22 0 100 182 0 218 100 543 0 579 100 905 0 941 100 1266 0 1301 100 1624 0 1659 100 1982 0 2016 100 2343 0 2379 100 2705 0 2739 100 3063 0 3099 100 3425 0 3461 100 3978 0
16 22 0 100 191 0 240 100 549 0 600 100 909 0 960 100 1269 0 1318 100 1630 0 1678 100 1990 0 2040 100 2349 0 2400 100 2711 0 2761 100 3072 0 3124 100 3432 0 3483 100 3978 0
17 22 0 100 205 0 256 100 569 0 620 100 933 0 981 100 1295 0 1342 100 1655 0 1704 100 2015 0 2065 100 2376 0 2425 100 2738 0 2786 100 3097 0 3145 100 3455 0 3505 100 3978 0
18 22 0 100 218 0 261 100 581 0 624 100 941 0 985 100 1303 0 1345 100 1661 0 1705 100 2024 0 2068 100 2384 0 2428 100 2749 0 2791 100 3109 0 3152 100 3471 0 3515 100 3978 0
19 22 0 100 230 0 274 100 592 0 637 100 954 0 999 100 1316 0 1358 100 1673 0 1716 100 2030 0 2072 100 2388 0 2433 100 2753 0 2797 100 3112 0 3154 100 3473 0 3515 100 3978 0
20 22 0 100 240 0 292 100 602 0 654 100 961 0 1013 100 1321 0 1373 100 1684 0 1736 100 2046 0 2096 100 2404 0 2455 100 2766 0 2818 100 3130 0 3180 100 3490 0 3540 100 3978 0
21 22 0 100 252 0 284 100 612 0 646 100 972 0 1006 100 1335 0 1367 100 1696 0 1728 100 2055 0 2090 100 2415 0 2450 100 2779 0 2811 100 3135 0 3168 100 3494 0 3526 100 3978 0
22 22 0 100 265 0 331 100 624 0 690 100 987 0 1052 100 1349 0 1415 100 1710 0 1776 100 2073 0 2136 100 2433 0 2497 100 2796 0 2860 100 3158 0 3221 100 3518 0 3582 100 3978 0
23 22 0 100 277 0 309 100 636 0 670 100 999 0 1032 100 1360 0 1394 100 1723 0 1754 100 2081 0 2113 100 2442 0 2476 100 2802 0 2833 100 3163 0 3195 100 3525 0 3556 100 3978 0
24 22 0 100 287 0 325 100 649 0 687 100 1009 0 1047 100 1368 0 1407 100 1728 0 1765 100 2085 0 2125 100 2449 0 2488 100 2811 0 2848 100 3171 0 3208 100 3531 0 3571 100 3978 0
25 22 0 100 302 0 338 100 664 0 700 100 1023 0 1058 100 1381 0 1416 100 1739 0 1772 100 2096 0 2130 100 2453 0 2489 100 2817 0 2851 100 3177 0 3211 100 3536 0 3570 100 3978 0
26 22 0 100 314 0 377 100 675 0 738 100 1036 0 1100 100 1396 0 1460 100 1757 0 1822 100 2117 0 2183 100 2479 0 2545 100 2838 0 2901 100 3196 0 3261 100 3559 0 3625 100 3978 0
27 22 0 100 324 0 367 100 689 0 732 100 1052 0 1095 100 1411 0 1454 100 1771 0 1811 100 2130 0 2171 100 2490 0 2530 100 2847 0 2890 100 3210 0 3251 100 3572 0 3615 100 3978 0
28 22 0 100 337 0 394 100 694 0 753 100 1056 0 1112 100 1416 0 1476 100 1779 0 1838 100 2138 0 2197 100 2498 0 2555 100 2858 0 2918 100 3220 0 3279 100 3580 0 3637 100 3978 0
29 22 0 100 349 0 406 100 710 0 768 100 1069 0 1127 100 1432 0 1491 100 1792 0 1849 100 2154 0 2212 100 2516 0 2573 100 2875 0 2933 100 3235 0 3293 100 3596 0 3655 100 3978 0

# TASKS
# Format: <task_id> <size> <num_reqs>
# Then for each requirement: <type_id> <qty>
0 0 4
 0 0
 1 0
 2 0
 3 0
1 16 4
 0 3
 1 0
 2 0
 3 3
2 13 4
 0 1
 1 2
 2 2
 3 2
3 17 4
 0 0
 1 3
 2 0
 3 0
4 14 4
 0 0
 1 0
 2 2
 3 1
5 9 4
 0 0
 1 3
 2 0
 3 0
6 19 4
 0 0
 1 3
 2 0
 3 3
7 1 4
 0 0
 1 0
 2 1
 3 3
8 15 4
 0 3
 1 1
 2 3
 3 3
9 7 4
 0 0
 1 0
 2 0
 3 3
10 5 4
 0 3
 1 1
 2 0
 3 0
11 9 4
 0 3
 1 0
 2 0
 3 0
12 9 4
 0 0
 1 0
 2 1
 3 0
13 6 4
 0 0
 1 1
 2 2
 3 0
14 9 4
 0 0
 1 2
 2 1
 3 0
15 6 4
 0 0
 1 3
 2 0
 3 3
16 4 4
 0 0
 1 0
 2 1
 3 3
17 9 4
 0 0
 1 2
 2 3
 3 1
18 13 4
 0 3
 1 2
 2 3
 3 0
19 16 4
 0 2
 1 0
 2 0
 3 0
20 18 4
 0 2
 1 0
 2 0
 3 3
21 18 4
 0 0
 1 3
 2 1
 3 0
22 3 4
 0 2
 1 2
 2 0
 3 1
23 6 4
 0 2
 1 0
 2 2
 3 0
24 12 4
 0 3
 1 1
 2 1
 3 3
25 8 4
 0 1
 1 0
 2 0
 3 2
26 1 4
 0 1
 1 3
 2 1
 3 3
27 17 4
 0 3
 1 0
 2 3
 3 1
28 2 4
 0 0
 1 1
 2 3
 3 3
29 5 4
 0 3
 1 2
 2 0
 3 3
30 6 4
 0 0
 1 1
 2 3
 3 0
31 8 4
 0 1
 1 3
 2 0
 3 3
32 19 4
 0 2
 1 0
 2 0
 3 0
33 19 4
 0 1
 1 1
 2 0
 3 2
34 18 4
 0 1
 1 0
 2 1
 3 0
35 20 4
 0 1
 1 2
 2 1
 3 1
36 19 4
 0 0
 1 2
 2 0
 3 3
37 9 4
 0 2
 1 1
 2 0
 3 1
38 16 4
 0 0
 1 2
 2 1
 3 1
39 4 4
 0 0
 1 1
 2 0
 3 0
40 15 4
 0 0
 1 0
 2 1
 3 1
41 16 4
 0 1
 1 0
 2 3
 3 1
42 14 4
 0 3
 1 0
 2 0
 3 3
43 2 4
 0 0
 1 1
 2 1
 3 1
44 15 4
 0 2
 1 3
 2 0
 3 1
45 11 4
 0 1
 1 0
 2 0
 3 1
46 3 4
 0 2
 1 2
 2 3
 3 2
47 12 4
 0 3
 1 2
 2 0
 3 1
48 2 4
 0 0
 1 1
 2 2
 3 1
49 11 4
 0 2
 1 0
 2 0
 3 0
50 20 4
 0 0
 1 3
 2 0
 3 3
51 16 4
 0 0
 1 2
 2 0
 3 3
52 14 4
 0 0
 1 2
 2 1
 3 0
53 19 4
 0 0
 1 0
 2 0
 3 1
54 2 4
 0 0
 1 0
 2 2
 3 2
55 4 4
 0 1
 1 1
 2 0
 3 1
56 5 4
 0 1
 1 0
 2 2
 3 0
57 6 4
 0 0
 1 0
 2 0
 3 2
58 15 4
 0 0
 1 0
 2 2
 3 0
59 1 4
 0 0
 1 3
 2 1
 3 2
60 20 4
 0 1
 1 0
 2 2
 3 0
61 2 4
 0 3
 1 1
 2 2
 3 1
62 12 4
 0 3
 1 1
 2 1
 3 2
63 8 4
 0 3
 1 3
 2 0
 3 0
64 8 4
 0 2
 1 2
 2 1
 3 2
65 16 4
 0 1
 1 3
 2 0
 3 2
66 15 4
 0 1
 1 0
 2 0
 3 0
67 7 4
 0 0
 1 1
 2 1
 3 1
68 4 4
 0 1
 1 0
 2 1
 3 3
69 1 4
 0 3
 1 1
 2 2
 3 3
70 1 4
 0 1
 1 1
 2 0
 3 2
71 14 4
 0 3
 1 0
 2 3
 3 0
72 17 4
 0 0
 1 2
 2 2
 3 2
73 8 4
 0 2
 1 0
 2 2
 3 1
74 20 4
 0 0
 1 0
 2 1
 3 0
75 5 4
 0 1
 1 2
 2 2
 3 1
76 7 4
 0 1
 1 0
 2 0
 3 2
77 18 4
 0 0
 1 1
 2 0
 3 2
78 5 4
 0 0
 1 0
 2 3
 3 3
79 11 4
 0 0
 1 2
 2 0
 3 0
80 19 4
 0 0
 1 0
 2 1
 3 0
81 4 4
 0 0
 1 0
 2 3
 3 1
82 13 4
 0 0
 1 2
 2 1
 3 0
83 7 4
 0 1
 1 0
 2 0
 3 1
84 18 4
 0 0
 1 0
 2 0
 3 1
85 7 4
 0 3
 1 0
 2 0
 3 0
86 12 4
 0 3
 1 0
 2 2
 3 2
87 12 4
 0 2
 1 0
 2 3
 3 0
88 14 4
 0 0
 1 3
 2 0
 3 2
89 5 4
 0 0
 1 1
 2 2
 3 0
90 17 4
 0 0
 1 3
 2 0
 3 2
91 9 4
 0 3
 1 3
 2 0
 3 1
92 13 4
 0 2
 1 2
 2 0
 3 3
93 15 4
 0 1
 1 2
 2 0
 3 0
94 16 4
 0 3
 1 0
 2 2
 3 0
95 8 4
 0 2
 1 1
 2 2
 3 3
96 14 4
 0 0
 1 0
 2 3
 3 0
97 12 4
 0 3
 1 2
 2 1
 3 2
98 5 4
 0 1
 1 2
 2 0
 3 0
99 2 4
 0 3
 1 0
 2 1
 3 0
100 6 4
 0 0
 1 1
 2 2
 3 0
101 10 4
 0 3
 1 0
 2 3
 3 1
102 1 4
 0 2
 1 2
 2 1
 3 1
103 17 4
 0 1
 1 0
 2 3
 3 0
104 17 4
 0 0
 1 0
 2 0
 3 1
105 15 4
 0 0
 1 1
 2 0
 3 2
106 12 4
 0 2
 1 0
 2 2
 3 2
107 1 4
 0 0
 1 1
 2 0
 3 1
108 10 4
 0 1
 1 0
 2 1
 3 2
109 14 4
 0 1
 1 3
 2 1
 3 2
110 2 4
 0 3
 1 1
 2 0
 3 0
111 7 4
 0 1
 1 2
 2 1
 3 0
112 9 4
 0 0
 1 1
 2 0
 3 0
113 20 4
 0 3
 1 3
 2 0
 3 3
114 7 4
 0 0
 1 3
 2 3
 3 1
115 17 4
 0 0
 1 3
 2 2
 3 0
116 4 4
 0 2
 1 0
 2 3
 3 1
117 11 4
 0 1
 1 2
 2 0
 3 0
118 18 4
 0 0
 1 2
 2 2
 3 3
119 10 4
 0 0
 1 0
 2 2
 3 2
120 7 4
 0 0
 1 0
 2 1
 3 0
121 6 4
 0 3
 1 1
 2 3
 3 0
122 3 4
 0 2
 1 3
 2 0
 3 0
123 6 4
 0 1
 1 3
 2 0
 3 1
124 14 4
 0 0
 1 3
 2 0
 3 3
125 13 4
 0 3
 1 0
 2 2
 3 1
126 15 4
 0 2
 1 1
 2 0
 3 1
127 2 4
 0 0
 1 1
 2 0
 3 3
128 11 4
 0 3
 1 0
 2 0
 3 0
129 17 4
 0 0
 1 0
 2 3
 3 3
130 9 4
 0 3
 1 1
 2 0
 3 0
131 4 4
 0 2
 1 0
 2 1
 3 3
132 10 4
 0 0
 1 2
 2 3
 3 1
133 19 4
 0 0
 1 0
 2 0
 3 2
134 18 4
 0 0
 1 2
 2 3
 3 0
135 20 4
 0 0
 1 0
 2 1
 3 1
136 5 4
 0 0
 1 3
 2 3
 3 1
137 14 4
 0 2
 1 1
 2 0
 3 3
138 10 4
 0 3
 1 2
 2 1
 3 2
139 2 4
 0 2
 1 2
 2 3
 3 1
140 11 4
 0 2
 1 1
 2 0
 3 3
141 7 4
 0 3
 1 0
 2 0
 3 2
142 12 4
 0 0
 1 3
 2 0
 3 0
143 18 4
 0 2
 1 3
 2 1
 3 0
144 3 4
 0 0
 1 3
 2 1
 3 3
145 16 4
 0 2
 1 0
 2 0
 3 2
146 14 4
 0 0
 1 2
 2 3
 3 3
147 18 4
 0 1
 1 0
 2 1
 3 1
148 15 4
 0 3
 1 3
 2 0
 3 0
149 19 4
 0 0
 1 1
 2 1
 3 3
150 10 4
 0 0
 1 1
 2 0
 3 0
151 9 4
 0 0
 1 0
 2 3
 3 1
152 4 4
 0 1
 1 2
 2 3
 3 0
153 14 4
 0 0
 1 1
 2 1
 3 2
154 18 4
 0 1
 1 0
 2 1
 3 1
155 11 4
 0 0
 1 0
 2 0
 3 2
156 3 4
 0 3
 1 0
 2 3
 3 0
157 4 4
 0 3
 1 0
 2 0
 3 1
158 8 4
 0 2
 1 3
 2 0
 3 0
159 8 4
 0 0
 1 1
 2 2
 3 2
160 19 4
 0 3
 1 1
 2 2
 3 1
161 9 4
 0 0
 1 0
 2 3
 3 2
162 1 4
 0 0
 1 0
 2 3
 3 0
163 2 4
 0 0
 1 0
 2 3
 3 3
164 12 4
 0 0
 1 0
 2 1
 3 0
165 13 4
 0 2
 1 0
 2 0
 3 1
166 10 4
 0 1
 1 0
 2 0
 3 0
167 14 4
 0 0
 1 1
 2 0
 3 0
168 16 4
 0 0
 1 0
 2 2
 3 0
169 4 4
 0 0
 1 0
 2 2
 3 3
170 18 4
 0 0
 1 1
 2 0
 3 0
171 6 4
 0 0
 1 0
 2 2
 3 2
172 11 4
 0 1
 1 3
 2 0
 3 0
173 5 4
 0 0
 1 0
 2 0
 3 2
174 5 4
 0 3
 1 2
 2 0
 3 2
175 12 4
 0 2
 1 0
 2 0
 3 1
176 18 4
 0 0
 1 1
 2 0
 3 0
177 9 4
 0 0
 1 2
 2 0
 3 0
178 5 4
 0 2
 1 3
 2 3
 3 2
179 16 4
 0 3
 1 2
 2 2
 3 2
180 7 4
 0 0
 1 0
 2 3
 3 1
181 14 4
 0 0
 1 2
 2 2
 3 0
182 12 4
 0 3
 1 1
 2 2
 3 0
183 13 4
 0 0
 1 0
 2 1
 3 0
184 3 4
 0 1
 1 1
 2 2
 3 0
185 20 4
 0 0
 1 0
 2 3
 3 0
186 10 4
 0 0
 1 0
 2 3
 3 1
187 9 4
 0 2
 1 0
 2 0
 3 2
188 17 4
 0 2
 1 1
 2 0
 3 2
189 12 4
 0 0
 1 2
 2 0
 3 0
190 9 4
 0 2
 1 0
 2 2
 3 0
191 5 4
 0 3
 1 0
 2 1
 3 1
192 6 4
 0 2
 1 2
 2 2
 3 2
193 18 4
 0 2
 1 3
 2 0
 3 1
194 7 4
 0 0
 1 1
 2 0
 3 0
195 19 4
 0 0
 1 3
 2 0
 3 3
196 6 4
 0 1
 1 2
 2 0
 3 0
197 1 4
 0 3
 1 2
 2 1
 3 0
198 5 4
 0 2
 1 0
 2 0
 3 2
199 20 4
 0 0
 1 1
 2 0
 3 0
200 11 4
 0 0
 1 1
 2 0
 3 0
201 7 4
 0 0
 1 0
 2 1
 3 0
202 18 4
 0 0
 1 2
 2 1
 3 0
203 13 4
 0 1
 1 2
 2 3
 3 2
204 16 4
 0 0
 1 1
 2 0
 3 0
205 12 4
 0 0
 1 0
 2 2
 3 2
206 16 4
 0 3
 1 2
 2 0
 3 0
207 14 4
 0 0
 1 3
 2 2
 3 0
208 5 4
 0 0
 1 3
 2 2
 3 1
209 16 4
 0 1
 1 0
 2 1
 3 2
210 19 4
 0 1
 1 0
 2 3
 3 1
211 15 4
 0 0
 1 2
 2 3
 3 3
212 1 4
 0 3
 1 1
 2 0
 3 2
213 10 4
 0 3
 1 3
 2 2
 3 1
214 7 4
 0 3
 1 0
 2 3
 3 3
215 1 4
 0 1
 1 3
 2 3
 3 3
216 20 4
 0 0
 1 3
 2 3
 3 0
217 13 4
 0 0
 1 1
 2 1
 3 0
218 7 4
 0 0
 1 3
 2 1
 3 3
219 18 4
 0 2
 1 0
 2 2
 3 1
220 5 4
 0 0
 1 2
 2 2
 3 1
221 10 4
 0 2
 1 1
 2 3
 3 2
222 16 4
 0 0
 1 3
 2 0
 3 2
223 16 4
 0 3
 1 0
 2 0
 3 0
224 16 4
 0 1
 1 2
 2 3
 3 3
225 14 4
 0 0
 1 3
 2 0
 3 3
226 14 4
 0 2
 1 0
 2 2
 3 1
227 19 4
 0 0
 1 3
 2 0
 3 0
228 15 4
 0 2
 1 0
 2 2
 3 0
229 12 4
 0 0
 1 0
 2 1
 3 0
230 3 4
 0 0
 1 1
 2 2
 3 2
231 16 4
 0 1
 1 1
 2 2
 3 1
232 6 4
 0 0
 1 0
 2 1
 3 1
233 20 4
 0 3
 1 2
 2 0
 3 0
234 2 4
 0 0
 1 1
 2 0
 3 0
235 20 4
 0 0
 1 0
 2 0
 3 2
236 4 4
 0 1
 1 0
 2 0
 3 0
237 18 4
 0 1
 1 1
 2 0
 3 0
238 6 4
 0 0
 1 0
 2 0
 3 1
239 5 4
 0 0
 1 1
 2 1
 3 2
240 1 4
 0 2
 1 3
 2 2
 3 2
241 12 4
 0 0
 1 3
 2 1
 3 2
242 14 4
 0 0
 1 0
 2 0
 3 3
243 12 4
 0 0
 1 1
 2 0
 3 1
244 3 4
 0 2
 1 0
 2 1
 3 1
245 5 4
 0 0
 1 3
 2 0
 3 0
246 17 4
 0 0
 1 3
 2 0
 3 0
247 11 4
 0 0
 1 2
 2 0
 3 0
248 5 4
 0 0
 1 1
 2 0
 3 0
249 20 4
 0 0
 1 0
 2 0
 3 1
250 7 4
 0 0
 1 3
 2 3
 3 0
251 5 4
 0 3
 1 1
 2 2
 3 3
252 6 4
 0 3
 1 1
 2 0
 3 2
253 17 4
 0 1
 1 0
 2 3
 3 1
254 4 4
 0 3
 1 0
 2 1
 3 0
255 19 4
 0 3
 1 0
 2 0
 3 2
256 10 4
 0 0
 1 0
 2 1
 3 0
257 17 4
 0 0
 1 3
 2 2
 3 1
258 14 4
 0 0
 1 1
 2 1
 3 2
259 3 4
 0 3
 1 3
 2 2
 3 0
260 19 4
 0 2
 1 0
 2 0
 3 0
261 14 4
 0 0
 1 1
 2 2
 3 3
262 17 4
 0 0
 1 1
 2 1
 3 0
263 18 4
 0 1
 1 0
 2 1
 3 2
264 2 4
 0 1
 1 2
 2 2
 3 1
265 5 4
 0 0
 1 2
 2 0
 3 3
266 16 4
 0 3
 1 1
 2 3
 3 2
267 11 4
 0 0
 1 3
 2 0
 3 1
268 17 4
 0 0
 1 0
 2 0
 3 3
269 11 4
 0 3
 1 0
 2 1
 3 0
270 11 4
 0 3
 1 0
 2 0
 3 0
271 6 4
 0 0
 1 3
 2 3
 3 3
272 3 4
 0 3
 1 1
 2 0
 3 2
273 17 4
 0 0
 1 3
 2 1
 3 1
274 8 4
 0 0
 1 0
 2 1
 3 0
275 20 4
 0 3
 1 1
 2 1
 3 3
276 11 4
 0 1
 1 1
 2 2
 3 2
277 3 4
 0 2
 1 0
 2 2
 3 3
278 2 4
 0 1
 1 2
 2 0
 3 1
279 2 4
 0 3
 1 2
 2 3
 3 1
280 9 4
 0 2
 1 1
 2 2
 3 0
281 1 4
 0 3
 1 0
 2 3
 3 0
282 5 4
 0 2
 1 3
 2 1
 3 1
283 8 4
 0 2
 1 0
 2 1
 3 2
284 20 4
 0 1
 1 2
 2 2
 3 0
285 13 4
 0 0
 1 0
 2 3
 3 1
286 18 4
 0 2
 1 3
 2 1
 3 0
287 9 4
 0 0
 1 3
 2 0
 3 3
288 11 4
 0 0
 1 0
 2 0
 3 3
289 11 4
 0 2
 1 0
 2 3
 3 1
290 20 4
 0 1
 1 0
 2 3
 3 0
291 13 4
 0 3
 1 0
 2 3
 3 1
292 12 4
 0 0
 1 3
 2 1
 3 0
293 1 4
 0 2
 1 0
 2 1
 3 0
294 9 4
 0 0
 1 0
 2 3
 3 0
295 8 4
 0 2
 1 0
 2 2
 3 0
296 20 4
 0 1
 1 0
 2 0
 3 2
297 19 4
 0 1
 1 3
 2 0
 3 0
298 20 4
 0 1
 1 3
 2 2
 3 0
299 8 4
 0 0
 1 0
 2 3
 3 3
300 18 4
 0 0
 1 0
 2 0
 3 2
301 2 4
 0 0
 1 2
 2 3
 3 2
302 12 4
 0 1
 1 0
 2 2
 3 0
303 18 4
 0 1
 1 2
 2 3
 3 0
304 8 4
 0 0
 1 1
 2 0
 3 2
305 10 4
 0 3
 1 2
 2 1
 3 3
306 11 4
 0 0
 1 2
 2 2
 3 0
307 11 4
 0 1
 1 0
 2 0
 3 0
308 4 4
 0 0
 1 1
 2 0
 3 0
309 13 4
 0 3
 1 1
 2 2
 3 3
310 14 4
 0 3
 1 1
 2 2
 3 3
311 14 4
 0 3
 1 0
 2 0
 3 2
312 14 4
 0 0
 1 0
 2 3
 3 0
313 15 4
 0 3
 1 1
 2 3
 3 1
314 19 4
 0 3
 1 2
 2 3
 3 1
315 5 4
 0 0
 1 2
 2 3
 3 0
316 12 4
 0 3
 1 0
 2 2
 3 0
317 10 4
 0 1
 1 3
 2 0
 3 3
318 18 4
 0 0
 1 1
 2 0
 3 0
319 7 4
 0 0
 1 3
 2 3
 3 0
320 20 4
 0 0
 1 0
 2 2
 3 0
321 14 4
 0 1
 1 1
 2 1
 3 0
322 8 4
 0 1
 1 3
 2 0
 3 0
323 13 4
 0 1
 1 0
 2 1
 3 1
324 18 4
 0 2
 1 3
 2 2
 3 1
325 7 4
 0 1
 1 2
 2 0
 3 3
326 8 4
 0 1
 1 2
 2 0
 3 3
327 5 4
 0 1
 1 1
 2 1
 3 2
328 6 4
 0 1
 1 0
 2 0
 3 0
329 4 4
 0 1
 1 0
 2 2
 3 0
330 11 4
 0 3
 1 1
 2 0
 3 3
331 10 4
 0 0
 1 1
 2 0
 3 1
332 17 4
 0 0
 1 0
 2 1
 3 0
333 20 4
 0 3
 1 3
 2 0
 3 3
334 15 4
 0 3
 1 3
 2 2
 3 3
335 13 4
 0 0
 1 0
 2 0
 3 1
336 15 4
 0 0
 1 2
 2 2
 3 2
337 9 4
 0 1
 1 0
 2 3
 3 3
338 2 4
 0 3
 1 2
 2 2
 3 2
339 11 4
 0 1
 1 1
 2 1
 3 1
340 10 4
 0 0
 1 3
 2 2
 3 0
341 4 4
 0 2
 1 1
 2 3
 3 2
342 9 4
 0 3
 1 0
 2 0
 3 0
343 18 4
 0 0
 1 2
 2 2
 3 0
344 13 4
 0 0
 1 0
 2 0
 3 3
345 17 4
 0 0
 1 0
 2 0
 3 3
346 7 4
 0 3
 1 3
 2 0
 3 0
347 15 4
 0 1
 1 1
 2 3
 3 2
348 15 4
 0 0
 1 1
 2 1
 3 3
349 1 4
 0 3
 1 0
 2 2
 3 2
350 18 4
 0 3
 1 1
 2 0
 3 2
351 19 4
 0 0
 1 0
 2 0
 3 1
352 7 4
 0 0
 1 2
 2 1
 3 2
353 10 4
 0 1
 1 0
 2 3
 3 0
354 1 4
 0 1
 1 0
 2 1
 3 3
355 17 4
 0 1
 1 1
 2 2
 3 1
356 5 4
 0 2
 1 0
 2 1
 3 1
357 10 4
 0 3
 1 0
 2 3
 3 0
358 19 4
 0 3
 1 0
 2 1
 3 0
359 15 4
 0 2
 1 0
 2 2
 3 0
360 16 4
 0 3
 1 1
 2 2
 3 3
361 10 4
 0 1
 1 1
 2 0
 3 0
362 15 4
 0 3
 1 3
 2 3
 3 0
363 8 4
 0 0
 1 3
 2 3
 3 0
364 7 4
 0 0
 1 3
 2 2
 3 1
365 17 4
 0 0
 1 2
 2 1
 3 2
366 1 4
 0 3
 1 0
 2 2
 3 0
367 7 4
 0 1
 1 3
 2 0
 3 3
368 15 4
 0 1
 1 3
 2 2
 3 2
369 6 4
 0 1
 1 0
 2 1
 3 2
370 6 4
 0 1
 1 0
 2 2
 3 3
371 2 4
 0 0
 1 2
 2 0
 3 0
372 17 4
 0 0
 1 0
 2 0
 3 2
373 15 4
 0 1
 1 2
 2 0
 3 0
374 12 4
 0 0
 1 1
 2 1
 3 1
375 3 4
 0 1
 1 0
 2 0
 3 1
376 2 4
 0 1
 1 0
 2 3
 3 1
377 18 4
 0 2
 1 1
 2 2
 3 2
378 11 4
 0 1
 1 1
 2 0
 3 3
379 12 4
 0 1
 1 3
 2 1
 3 0
380 19 4
 0 1
 1 3
 2 0
 3 0
381 5 4
 0 3
 1 0
 2 0
 3 0
382 16 4
 0 1
 1 0
 2 2
 3 3
383 8 4
 0 3
 1 0
 2 3
 3 0
384 4 4
 0 3
 1 1
 2 0
 3 2
385 16 4
 0 1
 1 3
 2 3
 3 2
386 11 4
 0 2
 1 0
 2 0
 3 2
387 10 4
 0 0
 1 3
 2 1
 3 1
388 8 4
 0 0
 1 0
 2 2
 3 1
389 15 4
 0 0
 1 2
 2 1
 3 1
390 7 4
 0 1
 1 1
 2 1
 3 2
391 10 4
 0 1
 1 1
 2 0
 3 3
392 15 4
 0 0
 1 2
 2 2
 3 1
393 16 4
 0 3
 1 0
 2 1
 3 0
394 16 4
 0 2
 1 1
 2 0
 3 0
395 20 4
 0 3
 1 0
 2 2
 3 2
396 13 4
 0 2
 1 1
 2 0
 3 1
397 1 4
 0 3
 1 0
 2 2
 3 0
398 13 4
 0 0
 1 2
 2 3
 3 1
399 4 4
 0 3
 1 2
 2 0
 3 0
400 12 4
 0 2
 1 0
 2 1
 3 0
401 14 4
 0 0
 1 1
 2 0
 3 3
402 1 4
 0 0
 1 0
 2 2
 3 0
403 5 4
 0 3
 1 3
 2 0
 3 1
404 13 4
 0 3
 1 0
 2 1
 3 0
405 6 4
 0 0
 1 2
 2 3
 3 0
406 13 4
 0 3
 1 3
 2 0
 3 3
407 12 4
 0 0
 1 1
 2 0
 3 2
408 1 4
 0 0
 1 0
 2 1
 3 0
409 14 4
 0 3
 1 2
 2 2
 3 1
410 7 4
 0 3
 1 0
 2 1
 3 1
411 6 4
 0 0
 1 2
 2 3
 3 3
412 6 4
 0 1
 1 2
 2 1
 3 2
413 16 4
 0 0
 1 1
 2 1
 3 0
414 2 4
 0 3
 1 0
 2 3
 3 0
415 9 4
 0 0
 1 2
 2 0
 3 3
416 11 4
 0 0
 1 0
 2 0
 3 1
417 20 4
 0 2
 1 0
 2 0
 3 3
418 13 4
 0 0
 1 0
 2 3
 3 3
419 9 4
 0 0
 1 0
 2 2
 3 0
420 16 4
 0 3
 1 3
 2 0
 3 0
421 1 4
 0 0
 1 0
 2 0
 3 1
422 8 4
 0 0
 1 3
 2 0
 3 2
423 4 4
 0 0
 1 1
 2 0
 3 0
424 19 4
 0 0
 1 0
 2 2
 3 0
425 10 4
 0 0
 1 0
 2 0
 3 2
426 4 4
 0 3
 1 1
 2 3
 3 0
427 4 4
 0 3
 1 2
 2 0
 3 0
428 8 4
 0 0
 1 1
 2 0
 3 0
429 18 4
 0 0
 1 3
 2 1
 3 0
430 0 4
 0 0
 1 0
 2 0
 3 0

# PRECEDENCES
1446
0 4
0 5
0 8
0 9
0 10
0 11
0 12
0 13
0 18
0 19
0 27
0 30
0 31
0 35
0 37
0 39
0 42
0 44
0 46
0 47
0 50
0 52
0 53
0 56
0 57
0 58
0 59
0 60
0 61
0 62
0 63
0 65
0 68
0 70
0 71
0 73
0 79
0 83
0 85
0 87
0 88
0 90
0 91
0 95
0 97
0 99
0 101
0 103
0 105
0 106
0 107
0 110
0 111
0 114
0 115
0 120
0 122
0 123
0 124
0 125
0 128
0 129
0 133
0 134
0 135
0 136
0 137
0 139
0 142
0 143
0 144
0 145
0 150
0 151
0 152
0 156
0 160
0 162
0 165
0 169
0 170
0 171
0 175
0 178
0 180
0 183
0 184
0 186
0 187
0 189
0 192
0 195
0 196
0 197
0 200
0 206
0 207
0 208
0 209
0 219
0 220
0 223
0 225
0 226
0 227
0 231
0 232
0 235
0 236
0 240
0 244
0 245
0 249
0 250
0 253
0 254
0 255
0 257
0 258
0 259
0 260
0 261
0 263
0 264
0 265
0 268
0 271
0 274
0 276
0 279
0 280
0 281
0 282
0 284
0 285
0 287
0 288
0 289
0 292
0 294
0 295
0 298
0 299
0 300
0 302
0 303
0 307
0 310
0 311
0 312
0 313
0 315
0 316
0 318
0 319
0 320
0 322
0 324
0 325
0 326
0 328
0 331
0 333
0 336
0 340
0 342
0 345
0 347
0 349
0 352
0 353
0 361
0 362
0 363
0 366
0 368
0 369
0 370
0 371
0 372
0 373
0 379
0 380
0 381
0 382
0 383
0 385
0 386
0 388
0 389
0 390
0 392
0 395
0 398
0 399
0 402
0 403
0 404
0 405
0 407
0 408
0 410
0 411
0 414
0 416
0 418
0 421
0 423
0 425
0 428
0 429
1 33
1 40
1 80
1 118
1 242
2 430
3 80
3 146
3 191
3 213
4 337
4 354
5 28
5 73
6 77
6 221
6 321
6 335
6 419
7 100
7 159
8 77
8 155
9 60
9 193
9 261
9 297
9 345
10 235
10 330
11 154
11 275
11 297
11 391
11 419
12 413
12 419
13 3
13 55
13 213
13 238
14 109
14 270
14 290
15 140
16 77
16 199
16 277
17 94
17 163
17 241
17 278
17 413
18 205
18 236
19 2
19 98
19 213
19 369
19 403
20 164
21 108
22 157
22 181
22 241
22 355
23 270
23 339
23 355
24 173
24 329
25 306
26 86
26 256
27 82
27 214
27 297
27 412
28 84
28 217
29 94
29 157
29 270
29 293
29 304
30 130
30 216
31 175
31 248
32 48
32 75
32 116
32 194
32 291
33 48
33 221
33 256
33 339
34 163
34 247
34 251
34 308
34 346
35 99
35 214
35 429
36 66
36 201
36 344
37 92
37 126
37 201
37 239
37 256
38 157
38 163
38 221
38 252
39 179
39 214
39 267
39 378
40 26
40 89
40 413
41 430
42 247
42 253
42 292
42 308
42 405
43 77
43 82
43 132
43 378
44 67
44 102
44 348
45 84
45 148
45 182
45 214
46 15
46 301
47 364
48 308
49 41
49 177
49 290
49 293
49 419
50 371
51 278
52 86
52 92
52 96
52 181
52 319
53 16
53 63
53 110
53 164
53 169
54 393
55 29
55 130
56 89
56 117
56 407
57 263
57 358
58 289
59 191
59 207
59 234
59 327
60 24
60 92
60 146
61 100
61 223
62 38
62 73
62 308
62 426
63 17
63 256
63 422
64 146
64 194
64 251
65 51
66 38
66 82
66 127
66 222
66 293
67 49
67 157
68 154
68 184
68 279
69 21
69 81
69 214
69 228
70 6
70 82
70 121
70 167
71 50
71 51
71 196
71 250
72 23
72 157
72 182
73 2
73 140
73 152
73 214
73 318
74 32
75 2
75 286
75 413
76 140
76 141
76 190
76 365
77 241
77 270
77 278
77 290
78 166
79 162
79 184
79 359
79 413
80 188
80 246
80 290
80 321
81 55
81 216
81 262
81 343
82 182
82 214
82 419
83 259
84 177
85 207
86 153
86 238
86 247
86 248
86 377
87 245
87 378
87 420
88 330
89 148
89 201
90 291
91 210
92 82
92 251
93 198
93 215
93 246
93 270
93 278
94 430
95 29
96 14
96 163
96 164
96 330
97 8
98 210
98 354
98 355
98 406
99 103
99 239
99 255
100 138
101 169
101 198
101 358
101 368
102 2
102 241
102 269
102 335
102 346
103 167
103 279
103 301
103 389
104 21
104 153
104 233
105 284
106 16
106 346
107 41
107 66
107 300
108 51
108 153
108 337
108 419
109 430
110 22
110 44
110 73
110 112
110 423
111 26
111 190
111 273
111 424
112 360
112 426
113 6
113 247
114 92
114 238
114 246
114 349
115 335
116 43
116 109
116 177
116 185
116 323
117 141
117 163
117 173
117 354
118 159
119 41
119 147
119 177
120 265
120 360
121 141
121 173
121 190
122 69
122 131
122 242
122 273
122 387
123 246
124 4
124 12
124 33
125 158
125 265
125 341
125 387
126 163
126 177
126 290
126 406
126 419
127 304
128 28
128 167
128 356
129 91
129 297
130 239
131 78
131 89
131 212
132 41
132 147
132 290
132 308
133 312
134 119
134 306
134 398
135 94
135 193
135 300
135 330
136 84
136 139
136 141
136 158
136 168
137 26
137 52
137 153
137 339
138 2
138 163
138 205
138 246
138 286
139 279
139 415
140 430
141 293
141 406
141 419
142 412
142 420
143 251
144 15
144 107
144 272
144 402
144 423
145 41
145 202
145 235
146 14
146 48
146 92
146 126
146 323
147 430
148 215
149 140
150 98
150 191
150 320
151 30
152 55
152 248
153 430
154 357
154 424
155 177
156 205
156 292
156 307
156 349
156 422
157 430
158 41
158 119
158 126
158 293
158 415
159 20
159 173
159 417
160 195
160 201
160 267
160 330
161 24
161 202
162 130
163 430
164 94
164 140
164 278
164 419
165 239
166 75
166 164
166 305
167 75
167 198
167 305
168 55
168 93
169 30
169 263
170 41
170 216
171 341
172 394
173 49
173 237
173 321
173 393
174 119
174 140
174 290
174 308
174 321
175 22
175 41
175 149
175 205
175 214
176 54
176 174
176 215
176 301
177 430
178 314
178 350
178 353
178 357
179 7
179 49
179 367
179 420
180 63
180 75
180 130
180 158
180 247
181 430
182 430
183 96
183 145
183 242
183 277
183 329
184 2
184 82
185 246
185 335
186 155
186 198
187 52
187 70
187 159
187 333
188 34
188 41
188 190
188 215
188 270
189 136
189 190
189 258
189 319
190 430
191 147
191 339
192 138
192 211
192 314
193 190
193 247
193 344
193 387
193 419
194 163
194 327
194 413
194 419
195 147
195 335
196 67
196 273
197 66
197 75
197 349
198 147
198 252
198 304
199 23
199 84
199 140
199 147
199 224
200 45
201 215
201 241
201 246
201 323
201 393
202 112
202 308
203 33
203 182
203 251
203 321
204 140
204 163
204 293
205 2
205 163
205 406
206 81
206 109
206 323
207 32
207 296
208 15
209 387
209 415
210 76
210 305
211 34
211 74
211 246
211 356
211 427
212 49
212 84
212 104
212 172
213 148
213 163
213 413
214 430
215 119
215 359
215 406
216 365
217 357
218 163
218 185
219 40
219 138
219 283
219 334
219 338
220 228
220 229
220 309
221 293
222 2
222 221
223 73
223 146
223 249
224 419
225 41
225 48
225 218
225 332
226 119
226 175
226 234
227 147
227 418
228 43
228 82
228 163
228 168
228 243
229 173
230 117
230 168
230 266
230 344
231 60
231 108
232 89
232 108
232 222
232 278
232 312
233 141
233 155
233 327
233 364
233 378
234 290
234 406
235 88
235 161
235 251
235 320
235 335
236 121
236 362
237 82
237 190
237 419
238 20
238 67
238 138
238 174
238 323
239 241
239 308
240 174
240 198
240 293
240 406
240 421
241 430
242 330
242 415
243 41
243 121
243 221
243 286
244 308
244 311
245 215
246 14
246 48
247 119
248 164
248 237
248 270
249 188
250 17
250 127
250 205
250 415
250 419
251 49
251 82
251 190
251 365
252 182
252 308
253 22
253 94
253 174
253 222
254 213
254 246
254 268
254 367
254 384
255 306
256 147
256 163
256 419
257 387
258 12
258 190
259 7
259 245
260 365
261 79
261 158
261 304
262 75
262 116
262 204
263 65
263 67
263 211
263 256
263 417
264 188
264 205
264 234
264 420
265 14
265 34
265 184
265 426
265 427
266 419
267 49
267 82
267 146
267 354
268 55
268 76
268 273
268 318
268 377
269 241
269 304
269 419
269 422
270 430
271 25
271 177
271 311
271 384
272 14
272 155
273 84
273 94
273 121
273 185
273 270
274 161
274 203
274 400
275 25
275 409
276 200
276 420
277 23
277 173
278 430
279 157
279 251
279 290
280 92
280 117
280 203
281 146
281 190
281 198
281 227
281 255
282 24
283 86
283 401
284 20
285 82
285 151
285 237
285 251
285 363
286 430
287 18
287 191
287 207
287 249
287 254
288 140
288 245
288 335
288 360
288 421
289 22
289 343
290 430
291 190
291 215
291 239
291 251
292 65
292 338
292 357
293 430
294 191
294 226
294 348
295 67
295 88
295 98
295 255
295 384
296 359
297 34
297 174
297 224
297 234
297 387
298 176
298 272
298 296
298 367
299 203
300 354
300 406
301 16
301 204
301 230
301 387
302 286
302 305
303 25
303 79
303 368
303 374
303 395
304 430
305 378
306 153
306 286
307 256
307 308
307 343
307 390
308 430
309 21
310 143
310 255
311 17
311 116
311 168
311 378
312 65
312 329
312 332
312 389
313 164
313 351
314 54
314 283
314 341
314 374
314 396
315 52
315 72
315 130
315 132
315 375
316 177
316 251
316 413
317 148
318 77
318 168
318 194
318 406
319 177
320 245
320 262
320 266
320 352
320 364
321 147
321 270
322 81
322 177
322 269
322 296
322 424
323 153
323 335
323 393
324 28
324 36
324 149
325 136
325 173
325 180
326 98
327 94
327 127
327 177
327 365
327 422
328 29
328 185
328 215
328 406
329 147
329 335
329 339
329 393
330 41
330 94
330 140
330 181
330 293
331 162
331 226
331 359
331 360
331 377
332 76
332 296
332 375
332 397
333 91
333 190
333 292
334 153
334 350
334 401
335 430
336 96
336 188
336 286
337 117
337 247
337 355
338 194
338 201
338 277
338 290
339 270
339 413
340 1
340 7
340 339
340 419
341 214
341 237
341 286
342 103
342 329
343 277
344 49
344 234
345 16
345 73
345 133
345 211
346 127
346 155
346 365
347 89
347 193
347 401
348 140
348 205
348 308
349 253
349 428
350 358
351 344
352 20
352 251
352 406
353 17
353 43
353 267
353 363
354 14
354 41
354 153
354 278
354 413
355 157
355 190
355 308
355 413
356 335
357 286
358 82
358 147
358 163
358 181
358 277
359 147
359 153
359 304
359 406
360 132
360 158
360 204
360 252
360 323
361 116
361 164
361 293
361 362
361 378
362 243
362 365
362 419
363 147
363 164
364 348
364 378
364 413
365 41
365 163
365 182
365 304
365 406
366 69
366 358
367 22
367 157
367 198
367 237
367 293
368 58
369 190
369 323
369 421
370 186
370 420
371 229
371 266
371 297
372 177
372 391
373 121
373 152
373 190
373 346
373 364
374 153
375 119
375 346
375 406
376 182
376 243
376 256
376 367
377 2
377 204
377 215
377 241
377 346
378 94
378 270
379 229
379 376
380 34
380 52
380 65
380 86
380 296
381 148
381 382
382 45
382 79
382 184
382 262
382 360
383 63
384 45
384 215
384 247
385 84
385 363
385 424
386 113
386 376
387 140
387 153
387 359
388 58
388 396
389 239
389 266
389 426
390 181
390 258
390 371
391 2
391 20
391 76
391 229
391 358
392 180
392 215
392 371
392 413
393 41
394 29
394 96
394 113
394 301
394 317
395 164
395 226
395 290
395 354
395 417
396 38
396 130
396 168
396 193
396 286
397 215
398 28
398 291
398 334
398 346
399 48
399 130
399 196
399 385
400 20
400 102
400 305
400 384
401 51
401 343
401 424
402 41
402 123
402 350
403 34
403 235
403 258
404 56
404 258
404 364
405 36
405 221
405 234
406 430
407 48
407 98
407 121
407 155
407 214
408 107
408 235
408 320
408 376
409 64
410 50
410 93
410 404
411 130
411 157
411 178
411 253
412 29
412 72
412 185
412 204
412 251
413 430
414 67
414 266
415 2
415 17
415 153
416 74
416 305
416 355
417 77
418 198
418 300
419 430
420 167
421 158
422 190
422 241
423 45
423 292
424 15
424 72
424 130
424 378
425 201
426 6
426 191
426 293
427 22
427 98
427 199
428 32
428 94
428 132
428 222
429 146
