# Tier 7 (Very Large) - Instance 43
# Generated with config: N=457, K=3, topology=random_dag, calendar=staggered

# HEADER: <num_tasks> <num_types> <num_units>
459 3 23

# RESOURCE TYPES
# Format: <type_id> <num_units> <unit_id1> <unit_id2> ...
0 8 0 1 2 3 4 5 6 7
1 8 8 9 10 11 12 13 14 15
2 7 16 17 18 19 20 21 22

# RESOURCE UNITS (Calendars)
# Format: <unit_id> <num_steps> <t1> <v1> <t2> <v2> ...
0 27 0 100 1 0 39 100 360 0 397 100 722 0 759 100 1085 0 1122 100 1443 0 1481 100 1805 0 1843 100 2168 0 2203 100 2527 0 2564 100 2887 0 2925 100 3246 0 3282 100 3606 0 3642 100 3966 0 4002 100 4328 0 4695 0
1 27 0 100 17 0 65 100 378 0 427 100 740 0 788 100 1097 0 1146 100 1461 0 1511 100 1821 0 1869 100 2182 0 2233 100 2542 0 2591 100 2903 0 2950 100 3261 0 3311 100 3624 0 3674 100 3984 0 4031 100 4343 0 4695 0
2 27 0 100 30 0 78 100 391 0 438 100 749 0 793 100 1108 0 1154 100 1465 0 1511 100 1826 0 1871 100 2185 0 2231 100 2547 0 2593 100 2904 0 2950 100 3263 0 3311 100 3627 0 3672 100 3987 0 4032 100 4345 0 4695 0
3 27 0 100 47 0 91 100 408 0 451 100 769 0 811 100 1128 0 1170 100 1488 0 1532 100 1846 0 1889 100 2203 0 2246 100 2561 0 2606 100 2924 0 2968 100 3284 0 3328 100 3645 0 3689 100 4004 0 4046 100 4361 0 4695 0
4 27 0 100 61 0 115 100 419 0 475 100 782 0 836 100 1141 0 1194 100 1502 0 1556 100 1863 0 1918 100 2224 0 2278 100 2585 0 2640 100 2945 0 3001 100 3307 0 3362 100 3669 0 3722 100 4030 0 4086 100 4390 0 4695 0
5 27 0 100 77 0 106 100 435 0 463 100 795 0 824 100 1153 0 1183 100 1516 0 1546 100 1878 0 1906 100 2239 0 2267 100 2599 0 2628 100 2958 0 2988 100 3317 0 3346 100 3680 0 3710 100 4039 0 4068 100 4398 0 4695 0
6 27 0 100 92 0 131 100 452 0 491 100 816 0 854 100 1175 0 1213 100 1536 0 1575 100 1896 0 1935 100 2260 0 2300 100 2619 0 2656 100 2976 0 3013 100 3336 0 3373 100 3695 0 3734 100 4054 0 4091 100 4411 0 4695 0
7 27 0 100 111 0 153 100 467 0 510 100 829 0 871 100 1187 0 1231 100 1545 0 1588 100 1906 0 1951 100 2267 0 2309 100 2624 0 2669 100 2983 0 3028 100 3346 0 3389 100 3705 0 3748 100 4065 0 4110 100 4427 0 4695 0
8 27 0 100 127 0 174 100 487 0 533 100 847 0 893 100 1205 0 1254 100 1570 0 1619 100 1933 0 1979 100 2293 0 2340 100 2652 0 2698 100 3012 0 3061 100 3371 0 3418 100 3729 0 3776 100 4087 0 4133 100 4447 0 4695 0
9 27 0 100 141 0 182 100 500 0 541 100 860 0 902 100 1222 0 1262 100 1578 0 1621 100 1941 0 1980 100 2300 0 2341 100 2660 0 2703 100 3020 0 3059 100 3381 0 3424 100 3742 0 3783 100 4103 0 4146 100 4465 0 4695 0
10 27 0 100 156 0 222 100 519 0 584 100 879 0 943 100 1238 0 1302 100 1595 0 1660 100 1958 0 2023 100 2320 0 2385 100 2679 0 2745 100 3038 0 3103 100 3401 0 3464 100 3763 0 3826 100 4123 0 4186 100 4483 0 4695 0
11 27 0 100 174 0 220 100 535 0 582 100 895 0 942 100 1254 0 1303 100 1618 0 1664 100 1979 0 2026 100 2336 0 2384 100 2694 0 2742 100 3053 0 3102 100 3412 0 3458 100 3770 0 3818 100 4131 0 4178 100 4493 0 4695 0
12 27 0 100 190 0 227 100 552 0 589 100 911 0 945 100 1272 0 1308 100 1633 0 1668 100 1994 0 2027 100 2349 0 2384 100 2710 0 2746 100 3070 0 3105 100 3428 0 3464 100 3792 0 3827 100 4151 0 4186 100 4513 0 4695 0
13 27 0 100 204 0 252 100 566 0 614 100 928 0 976 100 1290 0 1338 100 1647 0 1696 100 2011 0 2061 100 2372 0 2420 100 2735 0 2784 100 3099 0 3147 100 3461 0 3508 100 3822 0 3871 100 4182 0 4231 100 4542 0 4695 0
14 27 0 100 220 0 281 100 584 0 641 100 940 0 997 100 1298 0 1358 100 1661 0 1721 100 2020 0 2080 100 2379 0 2439 100 2739 0 2797 100 3097 0 3155 100 3458 0 3519 100 3822 0 3880 100 4182 0 4240 100 4542 0 4695 0
15 27 0 100 234 0 295 100 592 0 653 100 954 0 1017 100 1315 0 1378 100 1674 0 1738 100 2034 0 2094 100 2394 0 2456 100 2754 0 2817 100 3116 0 3176 100 3475 0 3537 100 3836 0 3896 100 4195 0 4256 100 4553 0 4695 0
16 27 0 100 251 0 313 100 613 0 674 100 973 0 1034 100 1335 0 1395 100 1697 0 1759 100 2056 0 2118 100 2416 0 2478 100 2777 0 2836 100 3136 0 3199 100 3499 0 3560 100 3861 0 3921 100 4221 0 4282 100 4579 0 4695 0
17 27 0 100 268 0 307 100 626 0 663 100 986 0 1025 100 1347 0 1387 100 1706 0 1746 100 2069 0 2109 100 2431 0 2469 100 2791 0 2829 100 3149 0 3187 100 3507 0 3546 100 3866 0 3906 100 4227 0 4267 100 4586 0 4695 0
18 27 0 100 281 0 329 100 640 0 691 100 1003 0 1054 100 1365 0 1413 100 1726 0 1774 100 2087 0 2137 100 2446 0 2495 100 2804 0 2855 100 3163 0 3214 100 3523 0 3574 100 3885 0 3934 100 4244 0 4294 100 4607 0 4695 0
19 27 0 100 300 0 343 100 659 0 703 100 1019 0 1062 100 1376 0 1420 100 1738 0 1784 100 2100 0 2143 100 2456 0 2499 100 2816 0 2861 100 3175 0 3221 100 3536 0 3579 100 3894 0 3938 100 4255 0 4298 100 4611 0 4695 0
20 27 0 100 312 0 369 100 671 0 729 100 1033 0 1090 100 1390 0 1447 100 1747 0 1806 100 2112 0 2170 100 2471 0 2530 100 2834 0 2893 100 3193 0 3249 100 3550 0 3607 100 3913 0 3971 100 4272 0 4327 100 4629 0 4695 0
21 27 0 100 328 0 382 100 687 0 741 100 1048 0 1100 100 1406 0 1461 100 1770 0 1822 100 2129 0 2181 100 2489 0 2543 100 2850 0 2902 100 3208 0 3261 100 3569 0 3622 100 3927 0 3978 100 4286 0 4341 100 4645 0 4695 0
22 27 0 100 346 0 408 100 706 0 767 100 1066 0 1127 100 1422 0 1482 100 1783 0 1845 100 2141 0 2201 100 2497 0 2561 100 2858 0 2921 100 3217 0 3279 100 3579 0 3641 100 3938 0 3999 100 4299 0 4361 100 4660 0 4695 0

# TASKS
# Format: <task_id> <size> <num_reqs>
# Then for each requirement: <type_id> <qty>
0 0 3
 0 0
 1 0
 2 0
1 18 3
 0 1
 1 1
 2 3
2 3 3
 0 1
 1 1
 2 0
3 2 3
 0 1
 1 0
 2 2
4 11 3
 0 3
 1 3
 2 3
5 16 3
 0 1
 1 0
 2 3
6 2 3
 0 2
 1 0
 2 0
7 10 3
 0 2
 1 3
 2 0
8 18 3
 0 0
 1 3
 2 1
9 10 3
 0 0
 1 1
 2 0
10 17 3
 0 1
 1 0
 2 0
11 16 3
 0 1
 1 0
 2 0
12 15 3
 0 3
 1 2
 2 0
13 20 3
 0 1
 1 2
 2 1
14 12 3
 0 1
 1 1
 2 0
15 16 3
 0 2
 1 3
 2 3
16 12 3
 0 1
 1 1
 2 1
17 16 3
 0 0
 1 3
 2 1
18 10 3
 0 3
 1 0
 2 0
19 11 3
 0 3
 1 0
 2 0
20 7 3
 0 1
 1 2
 2 0
21 6 3
 0 2
 1 0
 2 3
22 2 3
 0 2
 1 0
 2 0
23 8 3
 0 0
 1 2
 2 0
24 13 3
 0 3
 1 0
 2 0
25 10 3
 0 0
 1 0
 2 1
26 10 3
 0 0
 1 0
 2 3
27 5 3
 0 2
 1 0
 2 0
28 3 3
 0 0
 1 3
 2 2
29 5 3
 0 0
 1 2
 2 3
30 6 3
 0 3
 1 3
 2 3
31 15 3
 0 2
 1 3
 2 3
32 2 3
 0 0
 1 0
 2 3
33 1 3
 0 2
 1 1
 2 0
34 1 3
 0 2
 1 0
 2 0
35 5 3
 0 3
 1 1
 2 2
36 10 3
 0 3
 1 0
 2 3
37 3 3
 0 0
 1 0
 2 1
38 9 3
 0 2
 1 3
 2 1
39 7 3
 0 0
 1 0
 2 2
40 7 3
 0 2
 1 1
 2 2
41 11 3
 0 0
 1 2
 2 0
42 12 3
 0 3
 1 1
 2 3
43 1 3
 0 2
 1 1
 2 0
44 7 3
 0 0
 1 1
 2 0
45 16 3
 0 0
 1 3
 2 1
46 3 3
 0 0
 1 1
 2 3
47 9 3
 0 1
 1 3
 2 1
48 4 3
 0 0
 1 1
 2 0
49 1 3
 0 0
 1 1
 2 2
50 18 3
 0 2
 1 0
 2 3
51 11 3
 0 0
 1 3
 2 2
52 5 3
 0 0
 1 0
 2 2
53 8 3
 0 3
 1 2
 2 0
54 15 3
 0 0
 1 2
 2 0
55 17 3
 0 0
 1 3
 2 0
56 7 3
 0 1
 1 0
 2 0
57 3 3
 0 2
 1 0
 2 3
58 14 3
 0 1
 1 0
 2 2
59 4 3
 0 0
 1 1
 2 3
60 15 3
 0 2
 1 0
 2 0
61 9 3
 0 3
 1 1
 2 1
62 16 3
 0 1
 1 0
 2 0
63 9 3
 0 0
 1 1
 2 0
64 19 3
 0 3
 1 3
 2 3
65 1 3
 0 0
 1 0
 2 2
66 8 3
 0 0
 1 0
 2 2
67 3 3
 0 2
 1 2
 2 1
68 5 3
 0 2
 1 1
 2 1
69 5 3
 0 0
 1 2
 2 2
70 1 3
 0 1
 1 3
 2 1
71 19 3
 0 2
 1 2
 2 1
72 17 3
 0 2
 1 0
 2 3
73 10 3
 0 1
 1 2
 2 0
74 10 3
 0 0
 1 3
 2 3
75 2 3
 0 0
 1 1
 2 3
76 4 3
 0 1
 1 0
 2 1
77 3 3
 0 3
 1 0
 2 3
78 9 3
 0 1
 1 1
 2 2
79 3 3
 0 0
 1 2
 2 3
80 10 3
 0 3
 1 0
 2 3
81 11 3
 0 1
 1 0
 2 3
82 19 3
 0 0
 1 0
 2 1
83 13 3
 0 1
 1 0
 2 3
84 13 3
 0 1
 1 0
 2 0
85 1 3
 0 1
 1 0
 2 2
86 9 3
 0 0
 1 1
 2 0
87 6 3
 0 0
 1 1
 2 3
88 5 3
 0 3
 1 2
 2 2
89 15 3
 0 3
 1 0
 2 3
90 4 3
 0 2
 1 0
 2 2
91 11 3
 0 0
 1 3
 2 0
92 17 3
 0 0
 1 1
 2 1
93 2 3
 0 3
 1 3
 2 3
94 17 3
 0 0
 1 1
 2 3
95 18 3
 0 0
 1 1
 2 3
96 12 3
 0 2
 1 2
 2 0
97 14 3
 0 1
 1 2
 2 0
98 6 3
 0 1
 1 3
 2 2
99 6 3
 0 0
 1 0
 2 3
100 15 3
 0 0
 1 1
 2 0
101 16 3
 0 3
 1 1
 2 3
102 5 3
 0 0
 1 1
 2 1
103 17 3
 0 3
 1 2
 2 2
104 3 3
 0 3
 1 3
 2 0
105 4 3
 0 2
 1 1
 2 0
106 3 3
 0 2
 1 3
 2 1
107 2 3
 0 3
 1 1
 2 3
108 12 3
 0 2
 1 2
 2 1
109 19 3
 0 2
 1 3
 2 2
110 13 3
 0 0
 1 3
 2 0
111 18 3
 0 3
 1 0
 2 1
112 19 3
 0 3
 1 2
 2 0
113 13 3
 0 0
 1 0
 2 1
114 14 3
 0 0
 1 1
 2 2
115 12 3
 0 0
 1 1
 2 0
116 3 3
 0 0
 1 1
 2 2
117 19 3
 0 2
 1 1
 2 0
118 10 3
 0 1
 1 0
 2 0
119 6 3
 0 3
 1 0
 2 2
120 14 3
 0 1
 1 0
 2 0
121 19 3
 0 1
 1 2
 2 0
122 4 3
 0 0
 1 1
 2 1
123 15 3
 0 0
 1 3
 2 3
124 6 3
 0 2
 1 0
 2 0
125 11 3
 0 1
 1 3
 2 0
126 4 3
 0 1
 1 0
 2 2
127 12 3
 0 0
 1 1
 2 3
128 20 3
 0 0
 1 1
 2 0
129 13 3
 0 1
 1 0
 2 0
130 6 3
 0 1
 1 2
 2 2
131 6 3
 0 2
 1 0
 2 0
132 12 3
 0 1
 1 1
 2 2
133 18 3
 0 0
 1 0
 2 1
134 17 3
 0 1
 1 3
 2 3
135 7 3
 0 0
 1 1
 2 2
136 20 3
 0 0
 1 0
 2 2
137 20 3
 0 1
 1 3
 2 2
138 2 3
 0 2
 1 3
 2 2
139 13 3
 0 3
 1 0
 2 0
140 15 3
 0 3
 1 1
 2 0
141 19 3
 0 1
 1 1
 2 3
142 7 3
 0 1
 1 0
 2 2
143 18 3
 0 3
 1 0
 2 1
144 11 3
 0 0
 1 0
 2 1
145 20 3
 0 2
 1 0
 2 0
146 6 3
 0 0
 1 0
 2 3
147 13 3
 0 3
 1 3
 2 0
148 17 3
 0 1
 1 0
 2 0
149 11 3
 0 1
 1 1
 2 1
150 18 3
 0 0
 1 0
 2 2
151 2 3
 0 1
 1 0
 2 3
152 12 3
 0 3
 1 0
 2 3
153 7 3
 0 3
 1 2
 2 0
154 2 3
 0 1
 1 0
 2 0
155 13 3
 0 1
 1 1
 2 2
156 8 3
 0 1
 1 1
 2 2
157 17 3
 0 3
 1 3
 2 1
158 15 3
 0 2
 1 0
 2 3
159 1 3
 0 1
 1 0
 2 0
160 7 3
 0 3
 1 2
 2 0
161 12 3
 0 2
 1 2
 2 2
162 20 3
 0 2
 1 3
 2 0
163 6 3
 0 0
 1 2
 2 0
164 1 3
 0 0
 1 0
 2 3
165 11 3
 0 2
 1 1
 2 3
166 5 3
 0 1
 1 0
 2 1
167 17 3
 0 2
 1 1
 2 0
168 6 3
 0 0
 1 1
 2 2
169 14 3
 0 1
 1 2
 2 0
170 15 3
 0 1
 1 3
 2 3
171 10 3
 0 2
 1 2
 2 0
172 16 3
 0 3
 1 1
 2 0
173 12 3
 0 0
 1 1
 2 2
174 7 3
 0 1
 1 0
 2 3
175 14 3
 0 3
 1 1
 2 2
176 6 3
 0 2
 1 1
 2 0
177 7 3
 0 0
 1 0
 2 1
178 1 3
 0 3
 1 3
 2 3
179 3 3
 0 0
 1 1
 2 0
180 19 3
 0 3
 1 1
 2 1
181 20 3
 0 0
 1 2
 2 0
182 9 3
 0 0
 1 1
 2 2
183 18 3
 0 0
 1 0
 2 1
184 1 3
 0 3
 1 0
 2 0
185 4 3
 0 3
 1 0
 2 0
186 5 3
 0 1
 1 2
 2 1
187 3 3
 0 3
 1 3
 2 0
188 20 3
 0 2
 1 3
 2 3
189 13 3
 0 0
 1 1
 2 3
190 5 3
 0 2
 1 0
 2 2
191 9 3
 0 3
 1 2
 2 3
192 18 3
 0 2
 1 0
 2 0
193 3 3
 0 3
 1 1
 2 1
194 13 3
 0 0
 1 0
 2 1
195 7 3
 0 0
 1 0
 2 3
196 8 3
 0 0
 1 0
 2 1
197 12 3
 0 0
 1 0
 2 2
198 7 3
 0 1
 1 2
 2 3
199 8 3
 0 0
 1 2
 2 3
200 2 3
 0 1
 1 0
 2 3
201 9 3
 0 0
 1 2
 2 0
202 20 3
 0 2
 1 0
 2 1
203 18 3
 0 1
 1 3
 2 1
204 20 3
 0 2
 1 0
 2 0
205 19 3
 0 3
 1 0
 2 0
206 2 3
 0 1
 1 2
 2 0
207 2 3
 0 1
 1 0
 2 0
208 9 3
 0 1
 1 0
 2 0
209 15 3
 0 0
 1 1
 2 2
210 3 3
 0 1
 1 1
 2 0
211 14 3
 0 3
 1 2
 2 0
212 10 3
 0 0
 1 2
 2 3
213 4 3
 0 2
 1 2
 2 2
214 6 3
 0 1
 1 3
 2 2
215 20 3
 0 3
 1 3
 2 0
216 19 3
 0 3
 1 0
 2 3
217 16 3
 0 2
 1 3
 2 0
218 12 3
 0 0
 1 0
 2 2
219 18 3
 0 3
 1 0
 2 1
220 19 3
 0 0
 1 3
 2 1
221 13 3
 0 3
 1 0
 2 0
222 7 3
 0 1
 1 0
 2 0
223 12 3
 0 0
 1 3
 2 0
224 14 3
 0 3
 1 1
 2 1
225 10 3
 0 0
 1 1
 2 0
226 20 3
 0 2
 1 3
 2 1
227 9 3
 0 0
 1 1
 2 0
228 16 3
 0 0
 1 0
 2 3
229 10 3
 0 0
 1 1
 2 0
230 17 3
 0 2
 1 2
 2 0
231 18 3
 0 0
 1 2
 2 0
232 12 3
 0 0
 1 2
 2 2
233 8 3
 0 1
 1 2
 2 3
234 1 3
 0 0
 1 1
 2 0
235 6 3
 0 2
 1 1
 2 2
236 12 3
 0 3
 1 3
 2 0
237 18 3
 0 3
 1 2
 2 3
238 1 3
 0 0
 1 3
 2 3
239 6 3
 0 2
 1 0
 2 2
240 16 3
 0 0
 1 0
 2 1
241 1 3
 0 0
 1 2
 2 2
242 16 3
 0 0
 1 3
 2 0
243 19 3
 0 2
 1 3
 2 0
244 18 3
 0 2
 1 3
 2 3
245 17 3
 0 0
 1 1
 2 0
246 12 3
 0 1
 1 3
 2 3
247 1 3
 0 0
 1 0
 2 1
248 14 3
 0 0
 1 0
 2 1
249 4 3
 0 0
 1 0
 2 3
250 3 3
 0 1
 1 1
 2 2
251 15 3
 0 0
 1 0
 2 1
252 20 3
 0 0
 1 2
 2 2
253 1 3
 0 0
 1 1
 2 3
254 20 3
 0 0
 1 1
 2 3
255 10 3
 0 3
 1 1
 2 3
256 1 3
 0 0
 1 3
 2 0
257 1 3
 0 0
 1 3
 2 2
258 19 3
 0 1
 1 2
 2 0
259 20 3
 0 0
 1 3
 2 1
260 2 3
 0 0
 1 1
 2 1
261 4 3
 0 3
 1 2
 2 0
262 3 3
 0 0
 1 0
 2 1
263 11 3
 0 0
 1 3
 2 2
264 16 3
 0 0
 1 2
 2 0
265 12 3
 0 0
 1 1
 2 0
266 15 3
 0 0
 1 3
 2 0
267 19 3
 0 1
 1 2
 2 3
268 18 3
 0 0
 1 3
 2 3
269 1 3
 0 2
 1 1
 2 1
270 18 3
 0 3
 1 2
 2 0
271 2 3
 0 0
 1 1
 2 1
272 7 3
 0 3
 1 0
 2 2
273 13 3
 0 3
 1 0
 2 3
274 4 3
 0 1
 1 3
 2 1
275 20 3
 0 3
 1 0
 2 3
276 4 3
 0 0
 1 2
 2 3
277 15 3
 0 1
 1 2
 2 1
278 19 3
 0 2
 1 0
 2 0
279 17 3
 0 2
 1 1
 2 3
280 20 3
 0 3
 1 3
 2 3
281 18 3
 0 0
 1 1
 2 0
282 14 3
 0 0
 1 0
 2 1
283 5 3
 0 3
 1 0
 2 3
284 18 3
 0 0
 1 1
 2 0
285 13 3
 0 3
 1 1
 2 2
286 7 3
 0 1
 1 0
 2 1
287 13 3
 0 0
 1 1
 2 0
288 16 3
 0 0
 1 0
 2 1
289 12 3
 0 1
 1 0
 2 3
290 7 3
 0 1
 1 0
 2 1
291 17 3
 0 3
 1 0
 2 1
292 13 3
 0 1
 1 2
 2 0
293 7 3
 0 0
 1 0
 2 3
294 1 3
 0 1
 1 1
 2 3
295 5 3
 0 0
 1 2
 2 3
296 16 3
 0 2
 1 2
 2 0
297 5 3
 0 0
 1 3
 2 0
298 9 3
 0 0
 1 1
 2 0
299 1 3
 0 1
 1 2
 2 0
300 8 3
 0 1
 1 0
 2 2
301 16 3
 0 1
 1 2
 2 2
302 2 3
 0 3
 1 2
 2 0
303 12 3
 0 3
 1 0
 2 3
304 13 3
 0 1
 1 1
 2 0
305 20 3
 0 3
 1 0
 2 0
306 17 3
 0 2
 1 2
 2 0
307 4 3
 0 0
 1 1
 2 3
308 1 3
 0 3
 1 3
 2 0
309 12 3
 0 0
 1 0
 2 2
310 11 3
 0 3
 1 0
 2 1
311 2 3
 0 0
 1 2
 2 2
312 10 3
 0 0
 1 3
 2 2
313 15 3
 0 0
 1 2
 2 1
314 13 3
 0 2
 1 0
 2 0
315 8 3
 0 1
 1 0
 2 1
316 19 3
 0 0
 1 1
 2 2
317 10 3
 0 1
 1 1
 2 1
318 15 3
 0 0
 1 0
 2 2
319 11 3
 0 0
 1 1
 2 1
320 15 3
 0 0
 1 0
 2 3
321 16 3
 0 3
 1 2
 2 3
322 20 3
 0 0
 1 0
 2 2
323 19 3
 0 0
 1 1
 2 3
324 11 3
 0 1
 1 3
 2 0
325 14 3
 0 0
 1 2
 2 0
326 4 3
 0 0
 1 0
 2 3
327 15 3
 0 0
 1 2
 2 0
328 9 3
 0 3
 1 2
 2 1
329 13 3
 0 3
 1 0
 2 3
330 20 3
 0 3
 1 2
 2 0
331 12 3
 0 0
 1 0
 2 3
332 7 3
 0 2
 1 0
 2 3
333 11 3
 0 3
 1 1
 2 2
334 6 3
 0 3
 1 1
 2 3
335 10 3
 0 3
 1 3
 2 1
336 10 3
 0 0
 1 1
 2 1
337 6 3
 0 0
 1 3
 2 3
338 15 3
 0 1
 1 0
 2 0
339 17 3
 0 3
 1 3
 2 2
340 12 3
 0 1
 1 0
 2 3
341 19 3
 0 0
 1 3
 2 2
342 10 3
 0 0
 1 0
 2 2
343 14 3
 0 2
 1 3
 2 2
344 1 3
 0 2
 1 1
 2 0
345 16 3
 0 2
 1 0
 2 3
346 14 3
 0 0
 1 2
 2 0
347 12 3
 0 3
 1 0
 2 0
348 1 3
 0 0
 1 0
 2 3
349 10 3
 0 3
 1 2
 2 0
350 1 3
 0 0
 1 1
 2 0
351 15 3
 0 0
 1 0
 2 1
352 9 3
 0 1
 1 0
 2 1
353 13 3
 0 3
 1 1
 2 3
354 1 3
 0 3
 1 3
 2 0
355 12 3
 0 3
 1 1
 2 0
356 14 3
 0 0
 1 1
 2 1
357 1 3
 0 3
 1 0
 2 2
358 12 3
 0 3
 1 2
 2 0
359 2 3
 0 0
 1 0
 2 1
360 3 3
 0 2
 1 3
 2 2
361 2 3
 0 2
 1 3
 2 0
362 13 3
 0 1
 1 0
 2 0
363 9 3
 0 2
 1 1
 2 3
364 2 3
 0 0
 1 1
 2 1
365 19 3
 0 0
 1 2
 2 1
366 7 3
 0 2
 1 3
 2 1
367 10 3
 0 3
 1 0
 2 1
368 13 3
 0 0
 1 1
 2 0
369 2 3
 0 1
 1 0
 2 3
370 13 3
 0 0
 1 2
 2 2
371 4 3
 0 1
 1 1
 2 0
372 6 3
 0 0
 1 1
 2 0
373 14 3
 0 0
 1 0
 2 3
374 19 3
 0 1
 1 0
 2 1
375 4 3
 0 3
 1 0
 2 1
376 3 3
 0 2
 1 2
 2 0
377 19 3
 0 3
 1 2
 2 0
378 12 3
 0 2
 1 1
 2 0
379 13 3
 0 2
 1 1
 2 0
380 3 3
 0 0
 1 3
 2 3
381 8 3
 0 1
 1 0
 2 3
382 17 3
 0 2
 1 3
 2 1
383 14 3
 0 0
 1 0
 2 2
384 12 3
 0 3
 1 3
 2 0
385 4 3
 0 1
 1 0
 2 3
386 16 3
 0 0
 1 3
 2 0
387 11 3
 0 1
 1 2
 2 3
388 14 3
 0 3
 1 0
 2 1
389 19 3
 0 1
 1 1
 2 3
390 3 3
 0 1
 1 1
 2 0
391 11 3
 0 0
 1 0
 2 3
392 18 3
 0 2
 1 3
 2 0
393 18 3
 0 1
 1 0
 2 0
394 5 3
 0 2
 1 2
 2 0
395 10 3
 0 0
 1 1
 2 2
396 2 3
 0 0
 1 1
 2 0
397 19 3
 0 0
 1 3
 2 3
398 7 3
 0 1
 1 0
 2 0
399 18 3
 0 1
 1 0
 2 0
400 8 3
 0 1
 1 3
 2 2
401 11 3
 0 3
 1 0
 2 2
402 13 3
 0 3
 1 1
 2 2
403 14 3
 0 0
 1 1
 2 0
404 9 3
 0 0
 1 2
 2 3
405 8 3
 0 3
 1 3
 2 0
406 5 3
 0 3
 1 3
 2 0
407 5 3
 0 3
 1 2
 2 0
408 7 3
 0 0
 1 1
 2 0
409 17 3
 0 0
 1 0
 2 2
410 10 3
 0 0
 1 0
 2 1
411 18 3
 0 1
 1 0
 2 1
412 8 3
 0 0
 1 0
 2 3
413 14 3
 0 3
 1 0
 2 1
414 8 3
 0 3
 1 1
 2 3
415 14 3
 0 1
 1 3
 2 0
416 4 3
 0 0
 1 1
 2 1
417 5 3
 0 3
 1 3
 2 0
418 5 3
 0 3
 1 1
 2 1
419 1 3
 0 2
 1 0
 2 1
420 12 3
 0 2
 1 0
 2 1
421 13 3
 0 1
 1 2
 2 2
422 16 3
 0 0
 1 0
 2 3
423 18 3
 0 0
 1 0
 2 1
424 12 3
 0 0
 1 1
 2 1
425 9 3
 0 2
 1 0
 2 0
426 7 3
 0 0
 1 2
 2 0
427 2 3
 0 2
 1 2
 2 0
428 1 3
 0 3
 1 2
 2 2
429 9 3
 0 0
 1 0
 2 1
430 2 3
 0 3
 1 0
 2 0
431 12 3
 0 1
 1 1
 2 1
432 9 3
 0 0
 1 0
 2 2
433 2 3
 0 1
 1 1
 2 0
434 16 3
 0 0
 1 2
 2 0
435 4 3
 0 2
 1 1
 2 1
436 2 3
 0 3
 1 3
 2 0
437 16 3
 0 0
 1 3
 2 2
438 20 3
 0 0
 1 1
 2 1
439 6 3
 0 1
 1 2
 2 0
440 4 3
 0 0
 1 3
 2 3
441 1 3
 0 1
 1 0
 2 0
442 9 3
 0 0
 1 3
 2 3
443 14 3
 0 0
 1 0
 2 3
444 10 3
 0 3
 1 2
 2 2
445 18 3
 0 2
 1 1
 2 1
446 6 3
 0 2
 1 3
 2 2
447 13 3
 0 3
 1 1
 2 0
448 1 3
 0 2
 1 0
 2 0
449 8 3
 0 0
 1 0
 2 1
450 13 3
 0 1
 1 0
 2 1
451 12 3
 0 0
 1 0
 2 1
452 7 3
 0 1
 1 2
 2 3
453 19 3
 0 1
 1 3
 2 0
454 7 3
 0 3
 1 0
 2 2
455 9 3
 0 2
 1 3
 2 3
456 16 3
 0 3
 1 3
 2 0
457 1 3
 0 0
 1 1
 2 0
458 0 3
 0 0
 1 0
 2 0

# PRECEDENCES
1888
0 3
0 5
0 13
0 21
0 22
0 25
0 26
0 35
0 36
0 38
0 44
0 47
0 59
0 61
0 65
0 70
0 72
0 76
0 81
0 84
0 86
0 87
0 88
0 91
0 99
0 102
0 103
0 104
0 105
0 107
0 112
0 113
0 116
0 117
0 119
0 120
0 123
0 126
0 130
0 132
0 134
0 137
0 138
0 139
0 141
0 148
0 150
0 151
0 152
0 153
0 155
0 162
0 163
0 164
0 166
0 171
0 176
0 177
0 182
0 184
0 185
0 188
0 192
0 207
0 214
0 221
0 223
0 228
0 231
0 232
0 233
0 237
0 238
0 241
0 243
0 244
0 246
0 251
0 253
0 254
0 255
0 256
0 257
0 259
0 264
0 265
0 266
0 267
0 268
0 270
0 274
0 277
0 279
0 281
0 282
0 285
0 286
0 295
0 310
0 311
0 313
0 314
0 320
0 321
0 322
0 323
0 324
0 328
0 338
0 340
0 343
0 344
0 346
0 352
0 353
0 361
0 367
0 368
0 377
0 383
0 384
0 389
0 391
0 394
0 396
0 399
0 401
0 402
0 405
0 406
0 408
0 409
0 411
0 412
0 417
0 418
0 427
0 431
0 434
0 441
0 443
1 183
1 195
1 240
1 299
1 305
2 30
2 40
2 442
3 9
3 10
3 64
3 152
4 45
4 98
4 175
4 301
5 20
5 42
5 196
5 227
5 367
5 377
6 16
6 33
6 124
6 299
7 80
7 168
7 245
7 326
7 388
7 432
8 400
8 425
9 52
9 58
9 93
9 217
9 287
10 222
10 304
10 337
10 381
10 446
10 449
11 83
11 178
11 242
11 341
11 439
12 199
12 342
13 32
13 149
14 109
14 292
15 198
15 306
15 317
15 356
15 439
16 101
16 115
16 128
16 213
16 336
17 195
17 222
17 240
17 305
18 128
18 142
18 337
18 342
18 445
19 278
19 287
20 149
20 156
20 213
20 290
20 299
21 52
21 140
21 252
21 258
21 428
22 49
22 137
22 186
22 229
22 274
23 19
23 173
23 305
24 222
24 326
25 97
25 199
25 254
25 262
25 342
25 429
26 167
26 179
26 290
26 367
26 445
27 80
27 354
28 161
28 342
29 127
29 385
30 45
30 354
31 17
31 33
31 64
31 252
32 30
32 128
32 350
32 429
32 439
33 122
33 287
33 304
33 347
33 446
34 97
34 329
35 261
35 331
36 46
36 293
36 356
37 32
37 125
37 208
37 309
38 202
38 287
38 426
39 56
39 58
39 100
39 108
39 398
39 437
40 93
40 186
40 333
40 432
40 440
41 64
41 68
41 186
42 43
42 283
42 341
43 62
43 64
43 124
43 201
43 303
43 304
44 78
44 197
44 365
45 458
46 56
46 69
46 80
46 115
46 319
46 373
47 11
47 45
47 93
47 301
48 136
48 239
48 303
48 342
48 436
49 73
49 181
49 222
49 292
49 364
50 115
50 186
50 364
51 115
51 284
51 387
52 195
52 356
53 54
53 140
53 203
53 306
53 365
54 364
54 378
55 204
55 206
55 339
55 373
56 161
56 222
56 239
56 248
56 366
56 400
57 1
57 78
57 83
57 248
58 1
58 64
58 100
58 131
58 230
58 336
59 39
59 122
59 131
60 133
60 172
60 366
61 142
61 376
61 378
62 186
62 347
62 366
63 10
63 222
63 287
64 161
64 248
64 283
65 79
65 253
65 260
66 6
66 20
66 269
66 302
66 395
66 433
67 169
67 245
67 449
68 108
68 114
68 297
69 161
69 303
69 381
70 186
70 252
70 348
70 413
71 115
71 133
71 327
71 363
72 44
72 157
72 457
73 161
73 294
73 305
74 8
74 17
74 128
74 287
75 90
75 299
75 329
75 369
76 81
76 94
76 122
76 198
76 318
77 215
77 347
78 240
78 287
79 56
79 213
79 385
79 424
80 73
80 179
80 449
81 166
81 198
81 242
81 356
82 1
82 8
82 360
82 392
83 17
83 294
83 332
83 342
84 118
84 159
84 198
85 31
85 62
85 110
85 359
86 1
86 31
86 118
86 305
86 455
87 11
87 115
87 213
87 215
87 252
87 398
88 16
88 62
88 362
88 435
89 6
89 11
89 58
89 413
89 439
89 440
90 230
90 235
90 240
90 440
91 97
91 146
91 242
91 451
92 14
92 71
93 327
93 449
94 48
94 135
94 439
95 154
95 160
95 337
95 393
96 6
96 34
96 291
96 370
96 426
97 198
97 283
97 347
98 6
98 229
99 172
99 216
99 329
99 342
99 353
100 19
100 294
101 173
101 195
101 222
101 337
102 130
102 269
103 31
103 75
103 260
103 273
103 409
103 437
104 267
104 336
104 402
104 426
104 438
104 447
105 39
105 124
105 208
105 404
106 16
106 17
106 200
106 222
106 452
107 45
107 118
107 254
107 280
107 296
107 304
108 69
108 74
108 224
108 307
109 458
110 52
110 83
110 161
110 213
110 229
110 432
111 74
111 143
111 200
111 229
111 239
112 39
112 198
112 225
112 287
112 317
112 341
113 146
113 403
114 342
114 347
115 73
115 122
115 248
115 332
115 436
116 6
116 96
116 300
116 317
117 157
117 186
117 197
117 201
117 352
118 45
118 174
118 195
118 222
118 248
118 347
119 312
119 325
120 73
120 108
120 337
121 136
121 173
121 183
121 239
122 458
123 74
123 292
123 295
123 385
123 432
124 208
124 222
124 239
125 149
125 201
125 222
125 242
125 392
125 400
126 125
126 205
126 229
126 248
126 276
127 19
127 348
127 403
127 457
128 56
128 240
129 11
129 37
129 57
129 175
129 252
130 93
130 284
130 290
130 388
131 181
131 227
131 294
131 305
132 269
132 293
132 375
132 384
133 229
133 235
133 351
133 366
133 381
133 446
134 6
134 12
134 180
134 234
134 372
134 421
135 174
135 289
135 303
135 350
136 294
136 304
136 342
136 381
136 449
137 71
137 102
137 108
137 219
137 403
137 438
138 152
138 173
139 371
139 404
140 83
140 335
140 403
140 407
140 437
141 130
141 239
141 245
141 419
141 438
142 210
142 355
142 376
143 56
143 414
143 446
143 453
144 298
144 403
145 67
145 167
145 330
145 378
145 410
145 449
146 11
146 128
146 347
146 356
146 374
146 454
147 212
147 218
147 430
148 79
148 102
148 197
148 351
149 240
149 342
149 366
149 445
150 296
150 305
151 46
151 75
151 77
151 157
151 283
151 343
152 31
152 125
152 208
152 334
153 41
153 82
153 182
153 242
153 356
153 403
154 74
154 111
154 438
155 53
155 101
155 145
155 147
155 172
155 220
156 181
156 216
156 239
156 289
156 360
157 14
157 33
157 178
158 12
158 316
158 424
158 436
159 304
159 436
159 449
159 452
160 8
160 127
160 404
161 458
162 115
162 365
162 382
163 345
163 385
163 437
164 23
164 24
164 30
164 202
164 283
165 62
165 263
165 426
166 95
166 144
166 247
167 52
167 230
167 440
168 45
168 156
168 224
168 326
168 423
169 179
169 327
169 342
170 48
170 186
170 197
171 130
171 183
171 191
172 30
172 101
172 209
172 289
173 109
173 216
174 222
174 248
174 304
174 337
174 342
174 366
175 248
175 342
175 436
175 445
176 70
176 156
176 161
176 183
176 250
176 342
177 41
177 93
177 252
177 410
178 183
178 261
178 332
178 351
178 449
179 10
179 45
179 136
179 173
179 240
180 57
180 80
180 89
180 217
180 242
180 436
181 109
181 118
181 229
181 317
181 337
182 173
182 218
182 261
182 394
183 239
183 278
183 337
183 381
184 242
184 336
185 12
185 46
185 99
185 169
185 183
186 209
186 366
187 210
187 258
187 275
187 280
187 329
188 78
188 114
188 293
188 302
189 332
189 446
190 23
190 199
190 208
190 213
190 226
190 284
191 80
191 186
191 333
191 369
191 450
192 230
192 449
193 106
193 224
193 332
193 457
194 56
194 82
194 189
194 332
195 222
195 248
195 304
195 342
196 83
196 110
196 124
196 356
197 83
197 201
197 212
198 121
198 287
199 56
199 173
199 294
199 303
199 304
199 347
200 179
200 219
200 342
201 149
201 230
201 235
201 304
201 333
202 195
202 271
203 43
203 337
204 50
204 78
204 159
204 261
204 307
204 355
205 80
205 215
205 227
206 100
206 248
206 305
207 2
207 203
207 225
207 363
207 390
208 45
208 161
208 354
208 366
209 109
209 173
209 248
209 304
209 351
210 12
210 16
210 48
210 100
210 110
210 215
211 80
211 275
212 121
212 149
212 432
213 222
213 239
213 334
213 366
214 96
214 114
214 246
214 298
214 320
215 179
215 299
215 332
216 458
217 83
217 125
217 222
218 8
218 108
218 199
218 289
218 332
218 355
219 294
219 381
220 45
220 56
220 161
220 449
221 85
221 213
221 296
221 345
221 371
221 393
222 458
223 129
223 359
223 451
224 30
224 122
224 278
225 51
225 53
225 129
225 183
225 211
226 19
226 28
226 136
226 174
226 219
226 304
227 173
227 317
227 332
228 252
228 329
229 219
229 305
229 332
230 213
230 219
231 8
231 214
231 226
231 303
231 322
231 405
232 11
232 179
233 52
233 124
233 226
233 289
234 287
234 337
234 342
234 381
234 446
235 33
235 73
235 299
235 354
235 446
236 248
236 287
236 425
237 124
237 133
237 213
237 424
238 101
238 389
238 407
238 415
238 455
239 458
240 216
240 239
240 278
240 294
240 381
241 32
241 354
241 357
241 416
242 93
242 121
242 174
242 369
243 11
243 220
244 28
244 260
244 381
245 78
245 90
245 173
245 239
245 252
246 39
246 168
246 169
246 235
246 252
246 297
247 169
247 261
247 364
247 445
248 458
249 40
249 224
249 289
249 354
249 386
249 404
250 109
250 170
250 240
250 245
250 348
250 435
251 7
251 12
251 327
252 226
252 334
252 436
252 452
253 89
253 97
254 233
254 356
254 376
254 393
254 402
255 138
255 151
255 226
255 389
255 453
256 43
256 212
256 333
256 357
256 385
256 440
257 159
257 376
258 97
258 172
258 304
258 437
259 196
259 218
260 329
260 342
261 1
261 16
261 284
261 446
261 449
261 452
262 174
262 336
263 19
263 78
263 236
263 375
263 426
263 447
264 55
264 108
264 194
264 226
264 247
264 419
265 70
265 165
265 392
266 201
266 204
266 230
266 407
267 60
267 156
268 104
268 133
268 136
268 408
268 438
269 227
269 312
270 82
270 198
271 27
271 140
271 200
271 287
271 327
272 7
272 24
272 262
272 307
273 293
273 302
274 118
274 224
274 266
274 350
274 415
275 158
275 444
276 12
276 374
277 20
277 262
277 402
278 458
279 41
279 104
279 138
279 236
279 432
280 179
280 329
281 13
281 77
282 195
282 410
283 10
283 83
283 115
283 181
283 289
283 425
284 304
284 337
285 19
285 104
285 275
285 312
286 230
286 452
286 454
287 458
288 77
288 82
288 240
289 69
289 174
289 278
289 299
289 327
290 392
290 447
291 234
291 309
292 73
292 124
293 39
293 196
293 226
293 305
293 397
294 458
295 178
295 230
295 327
295 419
295 436
296 57
296 73
296 235
296 290
297 240
297 303
297 364
297 423
298 109
298 124
298 159
298 227
298 292
299 278
299 294
299 334
299 337
299 342
300 90
300 234
301 108
301 335
301 378
301 424
302 174
302 317
303 45
303 122
303 248
303 446
304 458
305 458
306 101
306 190
306 240
306 362
307 195
307 215
307 354
308 6
308 168
308 226
308 245
308 429
309 124
309 219
309 376
310 118
310 131
310 275
310 307
310 413
311 94
311 146
311 158
311 201
311 283
312 17
312 62
312 136
312 199
312 284
312 294
313 10
313 45
313 201
313 248
313 351
313 364
314 69
314 135
314 352
315 29
315 41
315 74
315 190
315 331
315 376
316 110
316 208
316 436
317 239
317 248
317 278
317 287
317 400
317 449
318 143
318 450
319 12
319 32
320 11
320 58
320 199
320 239
320 278
320 356
321 125
321 126
321 133
321 158
321 248
321 285
322 135
322 429
323 42
323 85
323 191
323 372
323 455
324 146
324 445
324 450
325 121
325 258
325 287
325 341
325 350
325 416
326 83
326 100
326 183
326 220
326 333
327 28
327 239
327 425
328 318
328 335
328 420
328 428
328 429
329 374
329 425
330 128
330 173
330 201
330 292
330 355
331 142
331 262
331 312
331 376
331 453
332 287
332 342
332 449
333 45
333 73
333 216
333 219
333 337
333 425
334 458
335 10
335 56
335 64
335 78
335 236
335 287
336 183
336 303
336 305
337 458
338 110
338 366
339 73
339 142
339 262
339 293
339 448
340 113
340 122
340 330
340 394
341 17
341 30
341 186
342 458
343 173
343 199
343 222
343 304
343 305
343 366
344 49
344 95
344 173
344 182
345 305
345 413
345 438
346 69
346 168
346 194
346 358
346 366
347 287
347 304
347 342
347 366
348 121
348 287
349 28
349 212
350 121
350 292
350 449
351 45
351 122
351 278
351 305
351 449
352 111
352 197
352 394
353 80
353 362
354 458
355 305
355 364
356 109
356 234
356 332
356 334
356 342
356 381
357 308
357 365
357 426
358 62
358 92
358 101
358 106
358 158
358 456
359 46
359 198
359 327
359 331
360 122
360 305
361 27
361 106
361 298
361 329
361 353
362 199
362 200
362 236
362 287
362 398
363 201
363 307
363 350
363 423
364 10
364 19
364 28
364 45
364 278
364 287
365 110
365 157
365 179
365 262
365 303
365 325
366 458
367 39
367 52
367 93
367 326
367 336
368 152
368 320
368 350
368 378
368 421
369 17
369 110
369 215
369 226
369 360
369 366
370 63
370 415
370 439
371 31
371 273
371 375
371 380
372 66
372 157
372 248
372 271
373 144
373 199
373 305
374 219
374 239
374 289
374 298
375 101
375 398
375 415
375 445
376 226
376 234
376 307
376 327
376 369
377 71
377 172
377 229
377 382
377 408
378 74
378 97
378 142
378 326
378 336
379 16
379 300
380 98
380 133
380 135
380 362
380 422
381 458
382 272
382 438
383 46
383 187
383 248
383 315
383 332
383 450
384 54
384 101
384 243
385 178
385 196
385 219
385 234
386 100
386 101
386 156
386 226
386 239
387 27
387 57
387 124
387 382
388 118
388 220
388 224
388 236
388 307
388 403
389 16
389 83
389 178
390 250
390 349
390 423
391 39
391 424
392 109
392 172
392 355
392 360
393 71
393 168
393 230
393 430
394 135
394 284
394 403
395 8
395 20
395 24
395 80
395 174
396 170
396 274
396 330
396 347
396 449
397 190
397 235
397 381
397 432
398 45
398 136
398 195
398 294
398 334
399 210
399 227
399 376
399 432
399 457
400 458
401 9
401 60
401 95
401 204
401 379
402 23
402 27
402 199
402 219
402 350
402 403
403 118
403 159
403 213
403 278
403 294
403 440
404 114
404 245
404 350
404 436
405 1
405 77
405 124
405 131
405 325
406 10
406 106
406 159
406 326
406 363
407 45
407 183
407 186
407 240
407 283
408 98
408 337
408 339
409 254
409 362
409 382
410 79
410 114
410 206
410 249
410 307
410 312
411 126
411 157
411 219
411 305
411 309
412 156
412 380
412 448
413 304
413 332
413 432
413 439
414 109
414 317
414 327
414 332
415 27
415 49
415 197
415 200
415 216
415 333
416 16
416 178
416 199
416 298
417 188
417 392
417 397
417 422
418 29
418 94
418 280
418 316
418 400
418 410
419 115
419 204
419 364
419 415
419 424
420 261
420 288
420 350
421 109
421 209
421 222
421 316
421 336
422 63
422 122
423 100
423 332
424 80
424 93
424 355
425 287
425 304
425 337
426 240
426 247
426 289
426 334
426 362
427 67
427 131
427 260
427 426
428 1
428 108
428 205
428 325
428 407
428 421
429 74
429 439
430 75
430 224
430 327
431 123
431 302
431 426
431 449
432 19
432 118
432 179
432 216
432 305
432 364
433 49
433 100
433 154
433 276
433 335
433 436
434 57
434 138
434 315
434 363
434 453
434 456
435 18
435 106
435 272
435 413
436 109
436 239
436 278
436 287
436 354
436 400
437 159
437 236
437 327
438 58
438 114
438 236
439 174
439 222
439 381
440 208
440 425
441 4
441 234
441 425
442 39
442 422
443 260
443 299
444 200
444 306
444 326
444 386
444 435
445 10
445 45
445 73
445 354
446 458
447 245
447 400
447 429
448 15
448 193
448 229
448 429
449 458
450 43
450 48
450 173
450 181
450 245
450 333
451 9
451 96
451 100
451 165
452 45
452 174
452 381
453 101
453 122
453 299
453 337
453 400
454 156
454 169
454 278
455 34
455 114
455 224
455 312
456 199
456 356
456 425
457 115
457 400
457 439
