# Tier 7 (Very Large) - Instance 89
# Generated with config: N=426, K=4, topology=grid, calendar=staggered

# HEADER: <num_tasks> <num_types> <num_units>
428 4 25

# RESOURCE TYPES
# Format: <type_id> <num_units> <unit_id1> <unit_id2> ...
0 6 0 1 2 3 4 5
1 8 6 7 8 9 10 11 12 13
2 5 14 15 16 17 18
3 6 19 20 21 22 23 24

# RESOURCE UNITS (Calendars)
# Format: <unit_id> <num_steps> <t1> <v1> <t2> <v2> ...
0 25 0 100 1 0 37 100 336 0 373 100 669 0 702 100 998 0 1034 100 1333 0 1368 100 1665 0 1699 100 1994 0 2029 100 2325 0 2361 100 2659 0 2693 100 2988 0 3024 100 3323 0 3356 100 3650 0 3984 0
1 25 0 100 14 0 58 100 344 0 388 100 675 0 721 100 1009 0 1052 100 1341 0 1386 100 1672 0 1716 100 2000 0 2044 100 2334 0 2378 100 2662 0 2706 100 2995 0 3041 100 3331 0 3375 100 3664 0 3984 0
2 25 0 100 27 0 54 100 354 0 382 100 682 0 712 100 1017 0 1046 100 1350 0 1378 100 1677 0 1706 100 2011 0 2038 100 2341 0 2369 100 2673 0 2703 100 3003 0 3030 100 3334 0 3362 100 3665 0 3984 0
3 25 0 100 38 0 88 100 369 0 418 100 698 0 747 100 1030 0 1081 100 1362 0 1411 100 1689 0 1741 100 2024 0 2074 100 2353 0 2404 100 2684 0 2734 100 3015 0 3067 100 3347 0 3396 100 3674 0 3984 0
4 25 0 100 52 0 93 100 381 0 424 100 714 0 756 100 1044 0 1088 100 1375 0 1417 100 1707 0 1752 100 2042 0 2087 100 2374 0 2417 100 2705 0 2750 100 3036 0 3080 100 3368 0 3411 100 3698 0 3984 0
5 25 0 100 66 0 121 100 394 0 448 100 724 0 778 100 1054 0 1111 100 1383 0 1440 100 1716 0 1772 100 2049 0 2104 100 2382 0 2439 100 2712 0 2766 100 3040 0 3095 100 3371 0 3428 100 3704 0 3984 0
6 25 0 100 78 0 128 100 405 0 455 100 733 0 783 100 1062 0 1113 100 1394 0 1445 100 1725 0 1775 100 2055 0 2108 100 2389 0 2439 100 2718 0 2769 100 3046 0 3098 100 3377 0 3429 100 3708 0 3984 0
7 25 0 100 91 0 131 100 423 0 463 100 753 0 792 100 1082 0 1121 100 1411 0 1452 100 1744 0 1783 100 2073 0 2113 100 2406 0 2448 100 2737 0 2777 100 3067 0 3106 100 3397 0 3436 100 3725 0 3984 0
8 25 0 100 107 0 165 100 437 0 495 100 769 0 827 100 1098 0 1157 100 1432 0 1492 100 1762 0 1821 100 2093 0 2151 100 2425 0 2484 100 2757 0 2815 100 3087 0 3145 100 3418 0 3475 100 3745 0 3984 0
9 25 0 100 117 0 147 100 451 0 480 100 784 0 813 100 1114 0 1144 100 1448 0 1478 100 1781 0 1809 100 2109 0 2137 100 2439 0 2466 100 2768 0 2797 100 3099 0 3126 100 3427 0 3456 100 3760 0 3984 0
10 25 0 100 133 0 187 100 464 0 517 100 791 0 848 100 1122 0 1176 100 1452 0 1508 100 1783 0 1838 100 2114 0 2168 100 2445 0 2502 100 2780 0 2833 100 3106 0 3162 100 3436 0 3490 100 3767 0 3984 0
11 25 0 100 144 0 198 100 475 0 530 100 809 0 862 100 1137 0 1191 100 1469 0 1522 100 1798 0 1850 100 2126 0 2180 100 2457 0 2511 100 2786 0 2841 100 3118 0 3170 100 3449 0 3502 100 3782 0 3984 0
12 25 0 100 159 0 207 100 489 0 537 100 819 0 866 100 1147 0 1193 100 1480 0 1529 100 1812 0 1860 100 2146 0 2193 100 2479 0 2526 100 2809 0 2857 100 3141 0 3187 100 3471 0 3516 100 3799 0 3984 0
13 25 0 100 173 0 233 100 503 0 562 100 836 0 893 100 1166 0 1223 100 1493 0 1554 100 1827 0 1888 100 2162 0 2223 100 2498 0 2556 100 2829 0 2889 100 3158 0 3216 100 3489 0 3548 100 3818 0 3984 0
14 25 0 100 186 0 216 100 517 0 544 100 848 0 876 100 1176 0 1204 100 1504 0 1535 100 1838 0 1865 100 2166 0 2196 100 2496 0 2525 100 2830 0 2857 100 3162 0 3192 100 3495 0 3524 100 3826 0 3984 0
15 25 0 100 198 0 230 100 525 0 560 100 856 0 887 100 1182 0 1217 100 1515 0 1548 100 1847 0 1881 100 2178 0 2213 100 2508 0 2543 100 2839 0 2874 100 3173 0 3204 100 3503 0 3537 100 3833 0 3984 0
16 25 0 100 210 0 267 100 541 0 596 100 869 0 927 100 1203 0 1261 100 1533 0 1590 100 1864 0 1921 100 2198 0 2256 100 2531 0 2586 100 2858 0 2915 100 3191 0 3248 100 3523 0 3578 100 3850 0 3984 0
17 25 0 100 227 0 283 100 556 0 613 100 886 0 944 100 1218 0 1278 100 1551 0 1608 100 1880 0 1937 100 2211 0 2268 100 2542 0 2599 100 2873 0 2930 100 3202 0 3259 100 3533 0 3590 100 3861 0 3984 0
18 25 0 100 240 0 288 100 575 0 621 100 907 0 952 100 1237 0 1283 100 1565 0 1610 100 1894 0 1942 100 2226 0 2272 100 2559 0 2606 100 2888 0 2933 100 3218 0 3263 100 3545 0 3590 100 3873 0 3984 0
19 25 0 100 253 0 299 100 588 0 633 100 917 0 962 100 1247 0 1293 100 1578 0 1624 100 1909 0 1952 100 2239 0 2283 100 2571 0 2617 100 2900 0 2943 100 3232 0 3275 100 3562 0 3608 100 3897 0 3984 0
20 25 0 100 266 0 325 100 597 0 657 100 931 0 991 100 1262 0 1319 100 1589 0 1647 100 1919 0 1976 100 2248 0 2305 100 2580 0 2640 100 2912 0 2970 100 3242 0 3299 100 3573 0 3632 100 3902 0 3984 0
21 25 0 100 280 0 327 100 612 0 661 100 942 0 989 100 1274 0 1321 100 1606 0 1653 100 1935 0 1982 100 2265 0 2313 100 2599 0 2647 100 2930 0 2976 100 3261 0 3307 100 3590 0 3637 100 3923 0 3984 0
22 25 0 100 290 0 344 100 622 0 678 100 953 0 1007 100 1282 0 1337 100 1611 0 1666 100 1940 0 1995 100 2273 0 2328 100 2605 0 2662 100 2935 0 2992 100 3268 0 3322 100 3599 0 3654 100 3932 0 3984 0
23 25 0 100 304 0 361 100 634 0 693 100 970 0 1026 100 1299 0 1355 100 1632 0 1691 100 1966 0 2025 100 2299 0 2358 100 2629 0 2684 100 2960 0 3018 100 3289 0 3345 100 3617 0 3676 100 3950 0 3984 0
24 25 0 100 320 0 358 100 653 0 687 100 982 0 1018 100 1314 0 1352 100 1644 0 1678 100 1971 0 2005 100 2298 0 2335 100 2628 0 2665 100 2960 0 2997 100 3290 0 3325 100 3617 0 3654 100 3949 0 3984 0

# TASKS
# Format: <task_id> <size> <num_reqs>
# Then for each requirement: <type_id> <qty>
0 0 4
 0 0
 1 0
 2 0
 3 0
1 8 4
 0 2
 1 3
 2 0
 3 1
2 15 4
 0 2
 1 2
 2 0
 3 1
3 8 4
 0 2
 1 1
 2 1
 3 3
4 18 4
 0 2
 1 1
 2 2
 3 0
5 12 4
 0 0
 1 1
 2 1
 3 1
6 5 4
 0 0
 1 2
 2 2
 3 3
7 3 4
 0 1
 1 2
 2 3
 3 3
8 10 4
 0 2
 1 2
 2 1
 3 0
9 11 4
 0 0
 1 1
 2 0
 3 2
10 2 4
 0 0
 1 1
 2 2
 3 1
11 19 4
 0 1
 1 0
 2 0
 3 2
12 20 4
 0 2
 1 2
 2 2
 3 1
13 10 4
 0 0
 1 0
 2 3
 3 0
14 16 4
 0 0
 1 0
 2 1
 3 0
15 11 4
 0 1
 1 1
 2 1
 3 0
16 10 4
 0 0
 1 2
 2 3
 3 1
17 3 4
 0 0
 1 1
 2 0
 3 3
18 7 4
 0 0
 1 3
 2 1
 3 1
19 1 4
 0 2
 1 2
 2 0
 3 1
20 4 4
 0 0
 1 0
 2 2
 3 2
21 10 4
 0 0
 1 0
 2 0
 3 1
22 14 4
 0 1
 1 0
 2 1
 3 1
23 15 4
 0 0
 1 1
 2 3
 3 0
24 4 4
 0 2
 1 1
 2 3
 3 0
25 6 4
 0 0
 1 3
 2 3
 3 3
26 6 4
 0 1
 1 3
 2 1
 3 0
27 13 4
 0 2
 1 0
 2 3
 3 2
28 9 4
 0 1
 1 2
 2 3
 3 3
29 17 4
 0 2
 1 1
 2 3
 3 0
30 3 4
 0 0
 1 1
 2 0
 3 1
31 10 4
 0 2
 1 0
 2 0
 3 3
32 6 4
 0 2
 1 3
 2 0
 3 2
33 13 4
 0 3
 1 0
 2 0
 3 2
34 20 4
 0 1
 1 1
 2 0
 3 3
35 3 4
 0 0
 1 0
 2 3
 3 3
36 10 4
 0 3
 1 2
 2 1
 3 3
37 2 4
 0 1
 1 1
 2 0
 3 0
38 8 4
 0 1
 1 0
 2 3
 3 2
39 19 4
 0 0
 1 3
 2 2
 3 3
40 13 4
 0 3
 1 3
 2 2
 3 1
41 12 4
 0 0
 1 0
 2 0
 3 1
42 16 4
 0 2
 1 2
 2 3
 3 2
43 4 4
 0 1
 1 1
 2 0
 3 0
44 19 4
 0 3
 1 2
 2 0
 3 3
45 11 4
 0 1
 1 0
 2 3
 3 1
46 19 4
 0 2
 1 0
 2 3
 3 0
47 18 4
 0 1
 1 3
 2 0
 3 3
48 10 4
 0 3
 1 2
 2 0
 3 2
49 12 4
 0 0
 1 0
 2 2
 3 0
50 5 4
 0 2
 1 1
 2 0
 3 0
51 10 4
 0 2
 1 2
 2 0
 3 3
52 10 4
 0 0
 1 0
 2 0
 3 1
53 19 4
 0 3
 1 3
 2 0
 3 1
54 4 4
 0 2
 1 0
 2 2
 3 2
55 6 4
 0 0
 1 3
 2 3
 3 3
56 12 4
 0 0
 1 2
 2 1
 3 3
57 11 4
 0 1
 1 1
 2 0
 3 0
58 9 4
 0 0
 1 1
 2 0
 3 0
59 6 4
 0 1
 1 1
 2 1
 3 0
60 13 4
 0 2
 1 0
 2 2
 3 0
61 2 4
 0 0
 1 0
 2 2
 3 2
62 19 4
 0 1
 1 0
 2 0
 3 0
63 1 4
 0 0
 1 1
 2 3
 3 0
64 6 4
 0 2
 1 0
 2 3
 3 1
65 4 4
 0 2
 1 0
 2 0
 3 0
66 3 4
 0 0
 1 1
 2 2
 3 0
67 11 4
 0 1
 1 1
 2 0
 3 2
68 7 4
 0 0
 1 3
 2 0
 3 1
69 20 4
 0 2
 1 0
 2 0
 3 0
70 14 4
 0 2
 1 0
 2 0
 3 1
71 9 4
 0 0
 1 1
 2 0
 3 2
72 4 4
 0 1
 1 0
 2 0
 3 0
73 3 4
 0 1
 1 0
 2 3
 3 0
74 18 4
 0 1
 1 3
 2 0
 3 3
75 10 4
 0 0
 1 0
 2 2
 3 0
76 9 4
 0 2
 1 1
 2 1
 3 0
77 18 4
 0 2
 1 3
 2 3
 3 1
78 15 4
 0 1
 1 1
 2 0
 3 0
79 18 4
 0 0
 1 1
 2 3
 3 1
80 16 4
 0 0
 1 2
 2 1
 3 3
81 17 4
 0 0
 1 0
 2 1
 3 3
82 3 4
 0 2
 1 3
 2 2
 3 0
83 15 4
 0 0
 1 2
 2 0
 3 3
84 11 4
 0 3
 1 1
 2 0
 3 2
85 1 4
 0 1
 1 1
 2 0
 3 0
86 1 4
 0 0
 1 1
 2 2
 3 2
87 14 4
 0 0
 1 1
 2 3
 3 0
88 10 4
 0 2
 1 0
 2 2
 3 3
89 3 4
 0 1
 1 3
 2 1
 3 3
90 18 4
 0 0
 1 1
 2 2
 3 0
91 11 4
 0 3
 1 0
 2 0
 3 0
92 16 4
 0 3
 1 2
 2 1
 3 2
93 16 4
 0 0
 1 2
 2 0
 3 3
94 15 4
 0 0
 1 2
 2 2
 3 1
95 20 4
 0 1
 1 2
 2 2
 3 0
96 15 4
 0 1
 1 0
 2 0
 3 1
97 7 4
 0 1
 1 1
 2 2
 3 2
98 9 4
 0 2
 1 0
 2 2
 3 1
99 20 4
 0 3
 1 0
 2 1
 3 3
100 15 4
 0 3
 1 2
 2 2
 3 1
101 18 4
 0 0
 1 2
 2 1
 3 3
102 8 4
 0 0
 1 2
 2 2
 3 3
103 20 4
 0 2
 1 2
 2 3
 3 0
104 15 4
 0 2
 1 2
 2 1
 3 3
105 12 4
 0 0
 1 0
 2 0
 3 2
106 4 4
 0 0
 1 2
 2 0
 3 3
107 12 4
 0 3
 1 2
 2 1
 3 1
108 17 4
 0 2
 1 2
 2 2
 3 0
109 7 4
 0 2
 1 2
 2 3
 3 0
110 4 4
 0 1
 1 2
 2 0
 3 0
111 9 4
 0 1
 1 3
 2 2
 3 0
112 1 4
 0 1
 1 1
 2 3
 3 3
113 4 4
 0 3
 1 0
 2 0
 3 1
114 9 4
 0 3
 1 3
 2 3
 3 0
115 15 4
 0 0
 1 0
 2 3
 3 3
116 12 4
 0 1
 1 0
 2 1
 3 0
117 2 4
 0 2
 1 2
 2 0
 3 1
118 1 4
 0 2
 1 3
 2 0
 3 1
119 5 4
 0 3
 1 1
 2 1
 3 0
120 4 4
 0 0
 1 1
 2 0
 3 0
121 20 4
 0 0
 1 0
 2 3
 3 0
122 13 4
 0 3
 1 3
 2 2
 3 2
123 3 4
 0 3
 1 2
 2 0
 3 2
124 6 4
 0 1
 1 0
 2 0
 3 1
125 7 4
 0 3
 1 0
 2 3
 3 0
126 5 4
 0 3
 1 3
 2 0
 3 0
127 2 4
 0 1
 1 2
 2 1
 3 0
128 3 4
 0 2
 1 0
 2 3
 3 3
129 4 4
 0 2
 1 2
 2 3
 3 0
130 20 4
 0 2
 1 0
 2 0
 3 2
131 9 4
 0 1
 1 1
 2 1
 3 0
132 11 4
 0 3
 1 3
 2 1
 3 0
133 14 4
 0 3
 1 1
 2 2
 3 1
134 18 4
 0 1
 1 0
 2 1
 3 0
135 11 4
 0 0
 1 0
 2 0
 3 1
136 14 4
 0 3
 1 3
 2 1
 3 2
137 11 4
 0 3
 1 0
 2 0
 3 0
138 20 4
 0 3
 1 0
 2 0
 3 0
139 18 4
 0 2
 1 2
 2 0
 3 0
140 4 4
 0 1
 1 1
 2 3
 3 0
141 4 4
 0 2
 1 1
 2 0
 3 2
142 5 4
 0 1
 1 1
 2 3
 3 0
143 11 4
 0 0
 1 0
 2 1
 3 3
144 1 4
 0 1
 1 0
 2 0
 3 0
145 17 4
 0 3
 1 3
 2 0
 3 0
146 4 4
 0 1
 1 0
 2 3
 3 3
147 9 4
 0 0
 1 2
 2 2
 3 0
148 2 4
 0 0
 1 0
 2 3
 3 2
149 2 4
 0 1
 1 3
 2 3
 3 1
150 16 4
 0 2
 1 3
 2 0
 3 0
151 20 4
 0 0
 1 2
 2 0
 3 0
152 5 4
 0 2
 1 3
 2 0
 3 0
153 6 4
 0 0
 1 2
 2 3
 3 3
154 5 4
 0 1
 1 0
 2 0
 3 2
155 12 4
 0 0
 1 0
 2 0
 3 3
156 6 4
 0 0
 1 0
 2 3
 3 0
157 4 4
 0 1
 1 2
 2 3
 3 1
158 6 4
 0 0
 1 2
 2 1
 3 0
159 7 4
 0 3
 1 1
 2 0
 3 3
160 14 4
 0 2
 1 0
 2 1
 3 0
161 7 4
 0 1
 1 1
 2 3
 3 2
162 7 4
 0 2
 1 1
 2 1
 3 0
163 17 4
 0 3
 1 0
 2 0
 3 3
164 9 4
 0 0
 1 0
 2 0
 3 3
165 1 4
 0 2
 1 0
 2 1
 3 0
166 12 4
 0 2
 1 2
 2 0
 3 2
167 11 4
 0 2
 1 1
 2 0
 3 1
168 11 4
 0 1
 1 0
 2 3
 3 2
169 7 4
 0 1
 1 0
 2 3
 3 1
170 3 4
 0 2
 1 0
 2 0
 3 1
171 8 4
 0 0
 1 3
 2 0
 3 0
172 5 4
 0 0
 1 1
 2 0
 3 3
173 13 4
 0 0
 1 2
 2 0
 3 1
174 17 4
 0 3
 1 1
 2 0
 3 3
175 9 4
 0 2
 1 2
 2 0
 3 3
176 10 4
 0 3
 1 3
 2 2
 3 2
177 7 4
 0 3
 1 3
 2 0
 3 1
178 16 4
 0 3
 1 3
 2 3
 3 1
179 19 4
 0 1
 1 0
 2 3
 3 1
180 1 4
 0 0
 1 0
 2 0
 3 2
181 16 4
 0 1
 1 2
 2 2
 3 3
182 15 4
 0 0
 1 2
 2 0
 3 1
183 2 4
 0 0
 1 0
 2 1
 3 0
184 20 4
 0 2
 1 0
 2 3
 3 3
185 11 4
 0 0
 1 3
 2 0
 3 2
186 4 4
 0 2
 1 2
 2 2
 3 2
187 6 4
 0 2
 1 2
 2 2
 3 2
188 12 4
 0 3
 1 0
 2 1
 3 0
189 8 4
 0 2
 1 3
 2 0
 3 0
190 18 4
 0 1
 1 1
 2 2
 3 0
191 17 4
 0 0
 1 3
 2 0
 3 1
192 1 4
 0 0
 1 1
 2 0
 3 0
193 6 4
 0 0
 1 1
 2 0
 3 0
194 1 4
 0 0
 1 0
 2 3
 3 0
195 8 4
 0 0
 1 2
 2 2
 3 3
196 11 4
 0 2
 1 1
 2 0
 3 3
197 15 4
 0 0
 1 0
 2 0
 3 1
198 14 4
 0 2
 1 0
 2 1
 3 0
199 8 4
 0 3
 1 0
 2 2
 3 2
200 3 4
 0 0
 1 2
 2 2
 3 0
201 4 4
 0 0
 1 1
 2 1
 3 1
202 12 4
 0 2
 1 0
 2 0
 3 1
203 8 4
 0 2
 1 3
 2 2
 3 0
204 4 4
 0 0
 1 0
 2 0
 3 1
205 7 4
 0 3
 1 3
 2 1
 3 1
206 13 4
 0 0
 1 3
 2 1
 3 3
207 5 4
 0 1
 1 3
 2 3
 3 1
208 2 4
 0 1
 1 2
 2 1
 3 0
209 17 4
 0 3
 1 1
 2 2
 3 3
210 1 4
 0 2
 1 1
 2 0
 3 3
211 14 4
 0 2
 1 0
 2 0
 3 3
212 2 4
 0 0
 1 0
 2 0
 3 1
213 14 4
 0 0
 1 0
 2 0
 3 1
214 16 4
 0 0
 1 1
 2 0
 3 2
215 17 4
 0 3
 1 3
 2 0
 3 0
216 7 4
 0 1
 1 0
 2 0
 3 2
217 9 4
 0 2
 1 3
 2 0
 3 0
218 8 4
 0 0
 1 0
 2 0
 3 3
219 19 4
 0 2
 1 3
 2 2
 3 0
220 7 4
 0 1
 1 0
 2 2
 3 3
221 10 4
 0 0
 1 0
 2 0
 3 3
222 4 4
 0 0
 1 3
 2 2
 3 0
223 4 4
 0 1
 1 0
 2 0
 3 0
224 8 4
 0 0
 1 2
 2 2
 3 1
225 7 4
 0 3
 1 0
 2 1
 3 1
226 19 4
 0 0
 1 0
 2 3
 3 1
227 10 4
 0 0
 1 0
 2 2
 3 0
228 20 4
 0 3
 1 1
 2 1
 3 0
229 8 4
 0 0
 1 1
 2 1
 3 3
230 12 4
 0 2
 1 0
 2 3
 3 1
231 16 4
 0 2
 1 3
 2 1
 3 0
232 18 4
 0 2
 1 0
 2 2
 3 1
233 13 4
 0 0
 1 0
 2 0
 3 1
234 9 4
 0 0
 1 1
 2 0
 3 2
235 3 4
 0 1
 1 0
 2 0
 3 0
236 16 4
 0 0
 1 0
 2 2
 3 2
237 15 4
 0 0
 1 0
 2 1
 3 2
238 10 4
 0 3
 1 0
 2 0
 3 1
239 6 4
 0 2
 1 0
 2 1
 3 0
240 10 4
 0 1
 1 2
 2 0
 3 3
241 5 4
 0 0
 1 0
 2 2
 3 1
242 5 4
 0 0
 1 0
 2 1
 3 1
243 18 4
 0 0
 1 1
 2 1
 3 1
244 15 4
 0 3
 1 2
 2 3
 3 0
245 18 4
 0 1
 1 2
 2 3
 3 0
246 8 4
 0 0
 1 2
 2 3
 3 3
247 4 4
 0 0
 1 0
 2 3
 3 2
248 3 4
 0 0
 1 1
 2 0
 3 2
249 7 4
 0 1
 1 2
 2 0
 3 0
250 5 4
 0 2
 1 0
 2 1
 3 3
251 18 4
 0 1
 1 0
 2 0
 3 0
252 7 4
 0 0
 1 2
 2 0
 3 0
253 10 4
 0 3
 1 0
 2 0
 3 0
254 7 4
 0 3
 1 0
 2 1
 3 3
255 4 4
 0 2
 1 0
 2 1
 3 1
256 20 4
 0 2
 1 2
 2 2
 3 0
257 19 4
 0 0
 1 3
 2 3
 3 1
258 18 4
 0 2
 1 1
 2 2
 3 1
259 6 4
 0 0
 1 2
 2 2
 3 3
260 6 4
 0 0
 1 1
 2 0
 3 0
261 14 4
 0 1
 1 0
 2 0
 3 3
262 19 4
 0 0
 1 1
 2 3
 3 2
263 13 4
 0 2
 1 1
 2 0
 3 1
264 5 4
 0 2
 1 3
 2 0
 3 0
265 19 4
 0 2
 1 0
 2 1
 3 3
266 9 4
 0 1
 1 0
 2 2
 3 1
267 9 4
 0 1
 1 2
 2 3
 3 1
268 11 4
 0 0
 1 0
 2 3
 3 2
269 20 4
 0 3
 1 0
 2 0
 3 0
270 1 4
 0 1
 1 3
 2 3
 3 1
271 20 4
 0 0
 1 2
 2 0
 3 0
272 19 4
 0 1
 1 0
 2 0
 3 3
273 13 4
 0 0
 1 1
 2 2
 3 3
274 7 4
 0 1
 1 2
 2 0
 3 1
275 15 4
 0 1
 1 0
 2 1
 3 0
276 5 4
 0 2
 1 0
 2 3
 3 3
277 17 4
 0 0
 1 1
 2 0
 3 0
278 14 4
 0 0
 1 0
 2 0
 3 3
279 3 4
 0 0
 1 3
 2 0
 3 2
280 14 4
 0 2
 1 2
 2 3
 3 3
281 8 4
 0 0
 1 2
 2 1
 3 0
282 13 4
 0 3
 1 2
 2 1
 3 3
283 10 4
 0 2
 1 3
 2 3
 3 0
284 14 4
 0 0
 1 2
 2 3
 3 2
285 18 4
 0 1
 1 0
 2 0
 3 0
286 14 4
 0 0
 1 0
 2 2
 3 1
287 10 4
 0 0
 1 3
 2 0
 3 2
288 1 4
 0 1
 1 0
 2 0
 3 0
289 12 4
 0 3
 1 0
 2 0
 3 1
290 17 4
 0 2
 1 1
 2 2
 3 1
291 17 4
 0 0
 1 3
 2 1
 3 2
292 7 4
 0 1
 1 0
 2 2
 3 0
293 10 4
 0 0
 1 3
 2 0
 3 3
294 18 4
 0 1
 1 0
 2 1
 3 2
295 18 4
 0 1
 1 1
 2 3
 3 1
296 19 4
 0 2
 1 0
 2 3
 3 0
297 19 4
 0 3
 1 2
 2 0
 3 0
298 17 4
 0 0
 1 0
 2 1
 3 0
299 1 4
 0 0
 1 1
 2 0
 3 3
300 6 4
 0 3
 1 0
 2 2
 3 3
301 20 4
 0 1
 1 3
 2 2
 3 3
302 14 4
 0 1
 1 2
 2 0
 3 0
303 3 4
 0 0
 1 3
 2 3
 3 1
304 2 4
 0 2
 1 0
 2 0
 3 0
305 9 4
 0 0
 1 3
 2 2
 3 3
306 13 4
 0 0
 1 0
 2 0
 3 2
307 7 4
 0 2
 1 0
 2 1
 3 3
308 7 4
 0 0
 1 0
 2 0
 3 1
309 9 4
 0 3
 1 0
 2 3
 3 3
310 14 4
 0 2
 1 0
 2 2
 3 1
311 10 4
 0 3
 1 1
 2 0
 3 0
312 2 4
 0 1
 1 0
 2 0
 3 0
313 10 4
 0 0
 1 0
 2 0
 3 2
314 7 4
 0 1
 1 0
 2 1
 3 2
315 16 4
 0 2
 1 1
 2 0
 3 0
316 4 4
 0 0
 1 3
 2 2
 3 2
317 6 4
 0 1
 1 1
 2 1
 3 0
318 8 4
 0 3
 1 0
 2 1
 3 0
319 3 4
 0 2
 1 1
 2 0
 3 0
320 17 4
 0 3
 1 2
 2 3
 3 0
321 4 4
 0 0
 1 2
 2 2
 3 0
322 4 4
 0 3
 1 1
 2 1
 3 3
323 17 4
 0 1
 1 0
 2 1
 3 0
324 7 4
 0 0
 1 0
 2 0
 3 3
325 15 4
 0 2
 1 0
 2 3
 3 0
326 11 4
 0 3
 1 0
 2 3
 3 0
327 14 4
 0 3
 1 1
 2 1
 3 0
328 3 4
 0 3
 1 2
 2 3
 3 0
329 9 4
 0 1
 1 1
 2 0
 3 0
330 9 4
 0 2
 1 3
 2 1
 3 2
331 12 4
 0 0
 1 0
 2 2
 3 2
332 7 4
 0 0
 1 0
 2 1
 3 0
333 7 4
 0 3
 1 0
 2 3
 3 2
334 8 4
 0 2
 1 3
 2 3
 3 3
335 12 4
 0 0
 1 1
 2 2
 3 1
336 20 4
 0 3
 1 3
 2 3
 3 0
337 2 4
 0 2
 1 2
 2 1
 3 1
338 11 4
 0 1
 1 2
 2 2
 3 0
339 2 4
 0 1
 1 2
 2 2
 3 0
340 16 4
 0 0
 1 0
 2 0
 3 1
341 18 4
 0 2
 1 2
 2 0
 3 0
342 16 4
 0 2
 1 2
 2 0
 3 1
343 2 4
 0 2
 1 0
 2 0
 3 1
344 16 4
 0 0
 1 1
 2 0
 3 3
345 2 4
 0 3
 1 2
 2 2
 3 1
346 11 4
 0 2
 1 2
 2 2
 3 3
347 12 4
 0 0
 1 0
 2 1
 3 0
348 18 4
 0 2
 1 3
 2 3
 3 1
349 19 4
 0 1
 1 0
 2 1
 3 1
350 9 4
 0 0
 1 1
 2 3
 3 1
351 14 4
 0 0
 1 2
 2 3
 3 3
352 13 4
 0 1
 1 1
 2 2
 3 0
353 4 4
 0 2
 1 3
 2 3
 3 0
354 18 4
 0 0
 1 2
 2 3
 3 1
355 16 4
 0 0
 1 1
 2 3
 3 0
356 15 4
 0 1
 1 0
 2 1
 3 0
357 15 4
 0 0
 1 3
 2 1
 3 1
358 13 4
 0 1
 1 0
 2 2
 3 1
359 13 4
 0 0
 1 0
 2 0
 3 1
360 17 4
 0 0
 1 1
 2 1
 3 3
361 19 4
 0 2
 1 0
 2 0
 3 0
362 9 4
 0 2
 1 0
 2 0
 3 1
363 4 4
 0 1
 1 3
 2 3
 3 0
364 10 4
 0 0
 1 0
 2 0
 3 2
365 13 4
 0 1
 1 1
 2 0
 3 0
366 6 4
 0 3
 1 2
 2 2
 3 3
367 17 4
 0 2
 1 0
 2 3
 3 0
368 10 4
 0 1
 1 0
 2 0
 3 0
369 4 4
 0 0
 1 0
 2 0
 3 3
370 3 4
 0 0
 1 1
 2 0
 3 0
371 14 4
 0 2
 1 2
 2 0
 3 0
372 1 4
 0 1
 1 0
 2 3
 3 1
373 17 4
 0 2
 1 2
 2 0
 3 2
374 18 4
 0 3
 1 0
 2 0
 3 2
375 2 4
 0 0
 1 0
 2 2
 3 1
376 4 4
 0 3
 1 3
 2 1
 3 3
377 11 4
 0 0
 1 0
 2 2
 3 3
378 4 4
 0 0
 1 0
 2 0
 3 1
379 5 4
 0 1
 1 1
 2 0
 3 0
380 11 4
 0 0
 1 3
 2 2
 3 1
381 1 4
 0 0
 1 0
 2 2
 3 2
382 15 4
 0 0
 1 2
 2 0
 3 3
383 1 4
 0 1
 1 1
 2 2
 3 1
384 19 4
 0 0
 1 0
 2 2
 3 1
385 12 4
 0 1
 1 1
 2 2
 3 0
386 13 4
 0 0
 1 0
 2 1
 3 1
387 11 4
 0 0
 1 2
 2 3
 3 3
388 12 4
 0 0
 1 3
 2 1
 3 1
389 18 4
 0 2
 1 0
 2 1
 3 0
390 14 4
 0 1
 1 0
 2 0
 3 0
391 8 4
 0 2
 1 1
 2 0
 3 2
392 8 4
 0 2
 1 2
 2 1
 3 2
393 7 4
 0 0
 1 3
 2 2
 3 2
394 2 4
 0 0
 1 2
 2 1
 3 0
395 20 4
 0 0
 1 3
 2 0
 3 3
396 14 4
 0 1
 1 0
 2 2
 3 0
397 6 4
 0 2
 1 1
 2 2
 3 0
398 16 4
 0 0
 1 2
 2 2
 3 1
399 2 4
 0 0
 1 2
 2 1
 3 2
400 18 4
 0 2
 1 0
 2 0
 3 2
401 7 4
 0 0
 1 3
 2 3
 3 0
402 1 4
 0 3
 1 1
 2 0
 3 0
403 17 4
 0 0
 1 1
 2 1
 3 0
404 1 4
 0 0
 1 1
 2 0
 3 0
405 18 4
 0 0
 1 3
 2 3
 3 0
406 2 4
 0 2
 1 3
 2 1
 3 0
407 20 4
 0 0
 1 0
 2 3
 3 2
408 9 4
 0 3
 1 3
 2 1
 3 3
409 8 4
 0 3
 1 0
 2 0
 3 2
410 4 4
 0 0
 1 1
 2 0
 3 0
411 17 4
 0 2
 1 3
 2 2
 3 0
412 20 4
 0 0
 1 3
 2 2
 3 2
413 4 4
 0 1
 1 0
 2 0
 3 0
414 2 4
 0 3
 1 1
 2 3
 3 0
415 15 4
 0 2
 1 0
 2 1
 3 3
416 18 4
 0 2
 1 3
 2 0
 3 1
417 18 4
 0 3
 1 1
 2 3
 3 3
418 5 4
 0 2
 1 0
 2 0
 3 0
419 16 4
 0 2
 1 1
 2 0
 3 2
420 20 4
 0 2
 1 3
 2 0
 3 3
421 16 4
 0 0
 1 3
 2 3
 3 0
422 6 4
 0 2
 1 1
 2 2
 3 2
423 17 4
 0 3
 1 3
 2 3
 3 1
424 3 4
 0 0
 1 1
 2 0
 3 3
425 10 4
 0 2
 1 3
 2 0
 3 0
426 18 4
 0 0
 1 2
 2 0
 3 0
427 0 4
 0 0
 1 0
 2 0
 3 0

# PRECEDENCES
971
0 1
0 30
0 59
0 88
0 117
0 146
0 175
0 204
0 233
0 262
0 291
0 320
0 349
0 378
0 407
1 2
1 30
2 3
2 31
3 4
3 32
3 33
4 5
4 33
4 34
5 6
5 34
5 35
6 7
6 35
6 36
7 8
7 36
7 37
8 9
8 37
9 10
9 38
10 11
10 39
10 40
11 12
11 40
12 13
12 41
12 42
13 14
13 42
13 43
14 15
14 43
15 16
15 44
16 17
16 45
16 46
17 18
17 46
18 19
18 47
19 20
19 48
19 49
20 21
20 49
21 22
21 50
22 23
22 51
23 24
23 52
24 25
24 53
24 54
25 26
25 54
26 27
26 55
27 28
27 56
27 57
28 29
28 57
29 58
29 427
30 31
30 59
31 32
31 60
32 33
32 61
33 34
33 62
34 35
34 63
35 36
35 64
36 37
36 65
37 38
37 66
38 39
38 67
39 40
39 68
39 69
40 41
40 69
41 42
41 70
42 43
42 71
43 44
43 72
43 73
44 45
44 73
45 46
45 74
45 75
46 47
46 75
46 76
47 48
47 76
48 49
48 77
49 50
49 78
50 51
50 79
51 52
51 80
52 53
52 81
53 54
53 82
53 83
54 55
54 83
55 56
55 84
56 57
56 85
56 86
57 58
57 86
58 87
58 427
59 60
59 88
60 61
60 89
61 62
61 90
62 63
62 91
63 64
63 92
64 65
64 93
65 66
65 94
66 67
66 95
67 68
67 96
68 69
68 97
69 70
69 98
69 99
70 71
70 99
71 72
71 100
72 73
72 101
73 74
73 102
74 75
74 103
75 76
75 104
76 77
76 105
77 78
77 106
78 79
78 107
79 80
79 108
80 81
80 109
81 82
81 110
82 83
82 111
82 112
83 84
83 112
84 85
84 113
84 114
85 86
85 114
86 87
86 115
86 116
87 116
87 427
88 89
88 117
88 118
89 90
89 118
90 91
90 119
90 120
91 92
91 120
92 93
92 121
93 94
93 122
94 95
94 123
95 96
95 124
95 125
96 97
96 125
97 98
97 126
98 99
98 127
98 128
99 100
99 128
99 129
100 101
100 129
101 102
101 130
102 103
102 131
103 104
103 132
104 105
104 133
104 134
105 106
105 134
106 107
106 135
107 108
107 136
108 109
108 137
109 110
109 138
110 111
110 139
111 112
111 140
111 141
112 113
112 141
113 114
113 142
113 143
114 115
114 143
115 116
115 144
115 145
116 145
116 427
117 118
117 146
117 147
118 119
118 147
118 148
119 120
119 148
120 121
120 149
121 122
121 150
121 151
122 123
122 151
122 152
123 124
123 152
124 125
124 153
124 154
125 126
125 154
125 155
126 127
126 155
127 128
127 156
128 129
128 157
129 130
129 158
130 131
130 159
130 160
131 132
131 160
132 133
132 161
133 134
133 162
134 135
134 163
135 136
135 164
136 137
136 165
136 166
137 138
137 166
138 139
138 167
139 140
139 168
140 141
140 169
141 142
141 170
141 171
142 143
142 171
143 144
143 172
144 145
144 173
145 174
145 427
146 147
146 175
147 148
147 176
148 149
148 177
149 150
149 178
150 151
150 179
151 152
151 180
152 153
152 181
153 154
153 182
154 155
154 183
155 156
155 184
156 157
156 185
157 158
157 186
158 159
158 187
159 160
159 188
160 161
160 189
161 162
161 190
162 163
162 191
162 192
163 164
163 192
164 165
164 193
164 194
165 166
165 194
166 167
166 195
166 196
167 168
167 196
168 169
168 197
168 198
169 170
169 198
170 171
170 199
171 172
171 200
172 173
172 201
173 174
173 202
174 203
174 427
175 176
175 204
175 205
176 177
176 205
176 206
177 178
177 206
178 179
178 207
179 180
179 208
179 209
180 181
180 209
180 210
181 182
181 210
182 183
182 211
183 184
183 212
183 213
184 185
184 213
185 186
185 214
186 187
186 215
187 188
187 216
187 217
188 189
188 217
189 190
189 218
189 219
190 191
190 219
191 192
191 220
191 221
192 193
192 221
193 194
193 222
194 195
194 223
194 224
195 196
195 224
196 197
196 225
197 198
197 226
198 199
198 227
199 200
199 228
199 229
200 201
200 229
200 230
201 202
201 230
202 203
202 231
202 232
203 232
203 427
204 205
204 233
205 206
205 234
206 207
206 235
206 236
207 208
207 236
208 209
208 237
208 238
209 210
209 238
209 239
210 211
210 239
210 240
211 212
211 240
212 213
212 241
213 214
213 242
214 215
214 243
215 216
215 244
216 217
216 245
217 218
217 246
218 219
218 247
219 220
219 248
220 221
220 249
221 222
221 250
222 223
222 251
222 252
223 224
223 252
223 253
224 225
224 253
224 254
225 226
225 254
226 227
226 255
227 228
227 256
228 229
228 257
229 230
229 258
229 259
230 231
230 259
231 232
231 260
232 261
232 427
233 234
233 262
233 263
234 235
234 263
234 264
235 236
235 264
236 237
236 265
236 266
237 238
237 266
238 239
238 267
239 240
239 268
240 241
240 269
241 242
241 270
241 271
242 243
242 271
243 244
243 272
244 245
244 273
245 246
245 274
246 247
246 275
247 248
247 276
247 277
248 249
248 277
249 250
249 278
250 251
250 279
250 280
251 252
251 280
251 281
252 253
252 281
253 254
253 282
253 283
254 255
254 283
255 256
255 284
256 257
256 285
256 286
257 258
257 286
258 259
258 287
258 288
259 260
259 288
260 261
260 289
260 290
261 290
261 427
262 263
262 291
263 264
263 292
263 293
264 265
264 293
264 294
265 266
265 294
265 295
266 267
266 295
266 296
267 268
267 296
268 269
268 297
269 270
269 298
270 271
270 299
270 300
271 272
271 300
271 301
272 273
272 301
273 274
273 302
273 303
274 275
274 303
275 276
275 304
276 277
276 305
277 278
277 306
277 307
278 279
278 307
278 308
279 280
279 308
280 281
280 309
281 282
281 310
282 283
282 311
283 284
283 312
283 313
284 285
284 313
284 314
285 286
285 314
286 287
286 315
287 288
287 316
288 289
288 317
289 290
289 318
290 319
290 427
291 292
291 320
292 293
292 321
293 294
293 322
294 295
294 323
295 296
295 324
296 297
296 325
297 298
297 326
297 327
298 299
298 327
299 300
299 328
300 301
300 329
300 330
301 302
301 330
302 303
302 331
303 304
303 332
304 305
304 333
305 306
305 334
306 307
306 335
306 336
307 308
307 336
308 309
308 337
309 310
309 338
310 311
310 339
310 340
311 312
311 340
312 313
312 341
313 314
313 342
314 315
314 343
315 316
315 344
316 317
316 345
317 318
317 346
318 319
318 347
319 348
319 427
320 321
320 349
321 322
321 350
322 323
322 351
322 352
323 324
323 352
323 353
324 325
324 353
325 326
325 354
326 327
326 355
327 328
327 356
328 329
328 357
329 330
329 358
330 331
330 359
331 332
331 360
332 333
332 361
332 362
333 334
333 362
334 335
334 363
335 336
335 364
336 337
336 365
336 366
337 338
337 366
338 339
338 367
338 368
339 340
339 368
340 341
340 369
340 370
341 342
341 370
342 343
342 371
342 372
343 344
343 372
344 345
344 373
345 346
345 374
345 375
346 347
346 375
346 376
347 348
347 376
348 377
348 427
349 350
349 378
350 351
350 379
350 380
351 352
351 380
352 353
352 381
353 354
353 382
353 383
354 355
354 383
355 356
355 384
355 385
356 357
356 385
357 358
357 386
358 359
358 387
359 360
359 388
360 361
360 389
361 362
361 390
362 363
362 391
362 392
363 364
363 392
363 393
364 365
364 393
365 366
365 394
366 367
366 395
367 368
367 396
368 369
368 397
369 370
369 398
369 399
370 371
370 399
370 400
371 372
371 400
371 401
372 373
372 401
372 402
373 374
373 402
374 375
374 403
375 376
375 404
375 405
376 377
376 405
376 406
377 406
377 427
378 379
378 407
378 408
379 380
379 408
379 409
380 381
380 409
381 382
381 410
382 383
382 411
383 384
383 412
384 385
384 413
385 386
385 414
386 387
386 415
387 388
387 416
388 389
388 417
389 390
389 418
390 391
390 419
391 392
391 420
392 393
392 421
393 394
393 422
394 395
394 423
394 424
395 396
395 424
396 397
396 425
396 426
397 398
397 426
398 399
399 400
400 401
401 402
402 403
403 404
404 405
405 406
406 427
407 408
407 427
408 409
408 427
409 410
409 427
410 411
410 427
411 412
411 427
412 413
412 427
413 414
413 427
414 415
414 427
415 416
415 427
416 417
416 427
417 418
417 427
418 419
418 427
419 420
419 427
420 421
420 427
421 422
421 427
422 423
422 427
423 424
423 427
424 425
424 427
425 426
425 427
426 427
