# Tier 7 (Very Large) - Instance 13
# Generated with config: N=450, K=5, topology=random_dag, calendar=staggered

# HEADER: <num_tasks> <num_types> <num_units>
452 5 23

# RESOURCE TYPES
# Format: <type_id> <num_units> <unit_id1> <unit_id2> ...
0 5 0 1 2 3 4
1 5 5 6 7 8 9
2 4 10 11 12 13
3 4 14 15 16 17
4 5 18 19 20 21 22

# RESOURCE UNITS (Calendars)
# Format: <unit_id> <num_steps> <t1> <v1> <t2> <v2> ...
0 23 0 100 1 0 73 100 411 0 484 100 820 0 890 100 1227 0 1301 100 1638 0 1711 100 2051 0 2122 100 2460 0 2532 100 2872 0 2944 100 3283 0 3355 100 3696 0 3767 100 4108 0 4523 0
1 23 0 100 18 0 68 100 428 0 478 100 840 0 890 100 1247 0 1298 100 1660 0 1710 100 2071 0 2120 100 2479 0 2532 100 2889 0 2941 100 3302 0 3354 100 3713 0 3762 100 4121 0 4523 0
2 23 0 100 36 0 89 100 451 0 502 100 863 0 916 100 1274 0 1323 100 1679 0 1731 100 2092 0 2142 100 2502 0 2554 100 2916 0 2968 100 3325 0 3377 100 3733 0 3784 100 4145 0 4523 0
3 23 0 100 53 0 89 100 466 0 501 100 874 0 908 100 1282 0 1316 100 1688 0 1721 100 2094 0 2130 100 2503 0 2536 100 2912 0 2946 100 3320 0 3355 100 3732 0 3769 100 4141 0 4523 0
4 23 0 100 71 0 126 100 478 0 534 100 888 0 942 100 1299 0 1353 100 1706 0 1764 100 2118 0 2175 100 2531 0 2587 100 2939 0 2996 100 3351 0 3405 100 3762 0 3817 100 4171 0 4523 0
5 23 0 100 91 0 147 100 502 0 558 100 910 0 965 100 1320 0 1374 100 1727 0 1783 100 2136 0 2193 100 2545 0 2598 100 2954 0 3010 100 3367 0 3424 100 3780 0 3837 100 4192 0 4523 0
6 23 0 100 105 0 178 100 513 0 586 100 921 0 993 100 1332 0 1406 100 1741 0 1814 100 2151 0 2226 100 2564 0 2637 100 2972 0 3044 100 3382 0 3456 100 3795 0 3868 100 4207 0 4523 0
7 23 0 100 126 0 200 100 539 0 611 100 947 0 1018 100 1354 0 1425 100 1765 0 1838 100 2177 0 2249 100 2586 0 2658 100 2996 0 3067 100 3405 0 3479 100 3815 0 3889 100 4226 0 4523 0
8 23 0 100 142 0 178 100 554 0 589 100 963 0 998 100 1375 0 1410 100 1785 0 1820 100 2195 0 2230 100 2608 0 2644 100 3022 0 3058 100 3431 0 3467 100 3840 0 3877 100 4254 0 4523 0
9 23 0 100 162 0 195 100 570 0 603 100 977 0 1013 100 1387 0 1421 100 1798 0 1834 100 2209 0 2245 100 2622 0 2655 100 3030 0 3063 100 3436 0 3471 100 3845 0 3881 100 4254 0 4523 0
10 23 0 100 177 0 216 100 588 0 627 100 996 0 1034 100 1406 0 1444 100 1816 0 1855 100 2225 0 2264 100 2634 0 2673 100 3046 0 3083 100 3454 0 3493 100 3866 0 3903 100 4275 0 4523 0
11 23 0 100 198 0 269 100 608 0 682 100 1023 0 1094 100 1435 0 1505 100 1846 0 1920 100 2255 0 2328 100 2667 0 2738 100 3079 0 3150 100 3490 0 3563 100 3902 0 3974 100 4309 0 4523 0
12 23 0 100 213 0 255 100 626 0 666 100 1038 0 1078 100 1448 0 1491 100 1859 0 1901 100 2273 0 2312 100 2682 0 2721 100 3090 0 3130 100 3501 0 3542 100 3908 0 3949 100 4316 0 4523 0
13 23 0 100 230 0 302 100 637 0 711 100 1046 0 1118 100 1452 0 1525 100 1865 0 1939 100 2276 0 2349 100 2684 0 2756 100 3092 0 3164 100 3503 0 3578 100 3912 0 3984 100 4323 0 4523 0
14 23 0 100 249 0 286 100 658 0 693 100 1067 0 1104 100 1476 0 1512 100 1886 0 1924 100 2296 0 2331 100 2703 0 2739 100 3113 0 3149 100 3522 0 3557 100 3932 0 3967 100 4339 0 4523 0
15 23 0 100 270 0 313 100 680 0 720 100 1090 0 1131 100 1501 0 1541 100 1910 0 1953 100 2324 0 2367 100 2739 0 2779 100 3146 0 3187 100 3558 0 3598 100 3966 0 4006 100 4377 0 4523 0
16 23 0 100 284 0 352 100 696 0 764 100 1106 0 1174 100 1515 0 1583 100 1923 0 1994 100 2332 0 2400 100 2739 0 2807 100 3149 0 3217 100 3557 0 3627 100 3971 0 4042 100 4382 0 4523 0
17 23 0 100 303 0 363 100 714 0 773 100 1123 0 1181 100 1535 0 1593 100 1945 0 2004 100 2355 0 2416 100 2770 0 2830 100 3179 0 3237 100 3591 0 3649 100 4000 0 4060 100 4414 0 4523 0
18 23 0 100 319 0 360 100 727 0 769 100 1139 0 1181 100 1552 0 1591 100 1964 0 2003 100 2373 0 2413 100 2781 0 2823 100 3195 0 3236 100 3608 0 3649 100 4018 0 4057 100 4428 0 4523 0
19 23 0 100 338 0 390 100 744 0 796 100 1154 0 1208 100 1567 0 1619 100 1976 0 2030 100 2385 0 2438 100 2793 0 2848 100 3206 0 3261 100 3618 0 3671 100 4029 0 4084 100 4440 0 4523 0
20 23 0 100 355 0 394 100 764 0 804 100 1173 0 1213 100 1580 0 1619 100 1986 0 2025 100 2395 0 2437 100 2805 0 2847 100 3219 0 3258 100 3629 0 3671 100 4039 0 4079 100 4446 0 4523 0
21 23 0 100 376 0 436 100 787 0 848 100 1199 0 1261 100 1610 0 1670 100 2017 0 2077 100 2427 0 2486 100 2836 0 2897 100 3247 0 3308 100 3659 0 3720 100 4070 0 4130 100 4481 0 4523 0
22 23 0 100 394 0 451 100 807 0 864 100 1219 0 1277 100 1631 0 1687 100 2043 0 2099 100 2451 0 2508 100 2863 0 2919 100 3273 0 3331 100 3683 0 3740 100 4093 0 4151 100 4504 0 4523 0

# TASKS
# Format: <task_id> <size> <num_reqs>
# Then for each requirement: <type_id> <qty>
0 0 5
 0 0
 1 0
 2 0
 3 0
 4 0
1 1 5
 0 0
 1 0
 2 2
 3 1
 4 3
2 1 5
 0 0
 1 2
 2 0
 3 2
 4 2
3 4 5
 0 1
 1 2
 2 2
 3 2
 4 1
4 10 5
 0 0
 1 0
 2 1
 3 3
 4 2
5 19 5
 0 3
 1 3
 2 0
 3 3
 4 0
6 6 5
 0 3
 1 2
 2 1
 3 3
 4 0
7 15 5
 0 1
 1 2
 2 0
 3 0
 4 0
8 11 5
 0 0
 1 3
 2 0
 3 0
 4 3
9 15 5
 0 0
 1 1
 2 0
 3 3
 4 2
10 3 5
 0 0
 1 0
 2 0
 3 3
 4 2
11 12 5
 0 0
 1 1
 2 1
 3 1
 4 1
12 14 5
 0 2
 1 0
 2 1
 3 0
 4 1
13 18 5
 0 0
 1 3
 2 3
 3 0
 4 1
14 2 5
 0 0
 1 1
 2 0
 3 1
 4 2
15 5 5
 0 0
 1 2
 2 1
 3 0
 4 1
16 8 5
 0 2
 1 1
 2 2
 3 3
 4 1
17 8 5
 0 0
 1 2
 2 3
 3 0
 4 0
18 17 5
 0 1
 1 0
 2 2
 3 0
 4 1
19 4 5
 0 0
 1 2
 2 0
 3 0
 4 1
20 19 5
 0 3
 1 2
 2 1
 3 0
 4 3
21 8 5
 0 3
 1 0
 2 0
 3 3
 4 2
22 14 5
 0 2
 1 3
 2 0
 3 3
 4 0
23 8 5
 0 0
 1 1
 2 1
 3 0
 4 2
24 17 5
 0 1
 1 0
 2 1
 3 1
 4 1
25 7 5
 0 0
 1 1
 2 1
 3 3
 4 3
26 1 5
 0 2
 1 0
 2 1
 3 0
 4 0
27 17 5
 0 0
 1 0
 2 1
 3 0
 4 0
28 8 5
 0 0
 1 2
 2 1
 3 3
 4 0
29 9 5
 0 2
 1 3
 2 1
 3 0
 4 1
30 16 5
 0 1
 1 3
 2 0
 3 0
 4 2
31 9 5
 0 3
 1 3
 2 1
 3 2
 4 2
32 11 5
 0 0
 1 3
 2 3
 3 2
 4 0
33 6 5
 0 3
 1 3
 2 2
 3 0
 4 3
34 9 5
 0 0
 1 1
 2 1
 3 2
 4 0
35 18 5
 0 3
 1 3
 2 0
 3 0
 4 3
36 19 5
 0 2
 1 0
 2 2
 3 0
 4 0
37 9 5
 0 1
 1 1
 2 0
 3 2
 4 3
38 19 5
 0 0
 1 1
 2 0
 3 3
 4 0
39 1 5
 0 0
 1 2
 2 2
 3 0
 4 0
40 13 5
 0 1
 1 2
 2 0
 3 0
 4 2
41 10 5
 0 1
 1 2
 2 2
 3 2
 4 3
42 15 5
 0 3
 1 3
 2 1
 3 3
 4 3
43 16 5
 0 3
 1 3
 2 0
 3 0
 4 2
44 3 5
 0 3
 1 2
 2 2
 3 0
 4 0
45 10 5
 0 0
 1 0
 2 0
 3 2
 4 1
46 14 5
 0 0
 1 0
 2 1
 3 2
 4 0
47 16 5
 0 2
 1 1
 2 3
 3 2
 4 1
48 14 5
 0 0
 1 1
 2 0
 3 3
 4 0
49 9 5
 0 2
 1 2
 2 3
 3 0
 4 0
50 10 5
 0 0
 1 0
 2 3
 3 3
 4 3
51 7 5
 0 0
 1 2
 2 0
 3 0
 4 0
52 18 5
 0 1
 1 1
 2 1
 3 2
 4 1
53 7 5
 0 3
 1 2
 2 1
 3 2
 4 0
54 6 5
 0 1
 1 0
 2 0
 3 0
 4 0
55 4 5
 0 1
 1 2
 2 0
 3 0
 4 0
56 15 5
 0 0
 1 1
 2 3
 3 0
 4 2
57 4 5
 0 1
 1 0
 2 0
 3 1
 4 2
58 5 5
 0 0
 1 0
 2 2
 3 0
 4 3
59 19 5
 0 1
 1 3
 2 0
 3 0
 4 0
60 9 5
 0 1
 1 3
 2 0
 3 0
 4 0
61 8 5
 0 3
 1 0
 2 3
 3 3
 4 0
62 12 5
 0 0
 1 3
 2 0
 3 0
 4 1
63 1 5
 0 2
 1 0
 2 0
 3 2
 4 2
64 11 5
 0 2
 1 3
 2 3
 3 2
 4 0
65 7 5
 0 0
 1 1
 2 0
 3 0
 4 0
66 7 5
 0 1
 1 0
 2 0
 3 0
 4 0
67 17 5
 0 3
 1 2
 2 1
 3 0
 4 3
68 10 5
 0 2
 1 3
 2 3
 3 0
 4 2
69 17 5
 0 2
 1 0
 2 0
 3 0
 4 2
70 3 5
 0 0
 1 2
 2 3
 3 1
 4 1
71 13 5
 0 2
 1 2
 2 1
 3 0
 4 0
72 5 5
 0 1
 1 1
 2 1
 3 0
 4 0
73 2 5
 0 2
 1 2
 2 0
 3 0
 4 2
74 2 5
 0 0
 1 1
 2 1
 3 0
 4 2
75 12 5
 0 2
 1 3
 2 0
 3 0
 4 2
76 15 5
 0 3
 1 1
 2 0
 3 1
 4 0
77 18 5
 0 3
 1 0
 2 0
 3 0
 4 0
78 16 5
 0 0
 1 3
 2 2
 3 0
 4 1
79 12 5
 0 1
 1 2
 2 3
 3 3
 4 3
80 15 5
 0 2
 1 2
 2 0
 3 0
 4 0
81 4 5
 0 1
 1 0
 2 2
 3 0
 4 3
82 10 5
 0 3
 1 2
 2 3
 3 1
 4 2
83 1 5
 0 0
 1 0
 2 1
 3 0
 4 0
84 14 5
 0 0
 1 1
 2 2
 3 0
 4 2
85 17 5
 0 3
 1 1
 2 2
 3 1
 4 0
86 13 5
 0 0
 1 1
 2 0
 3 0
 4 0
87 20 5
 0 2
 1 1
 2 1
 3 0
 4 0
88 8 5
 0 1
 1 3
 2 0
 3 1
 4 3
89 17 5
 0 1
 1 0
 2 3
 3 1
 4 3
90 17 5
 0 1
 1 1
 2 2
 3 0
 4 2
91 8 5
 0 3
 1 3
 2 0
 3 0
 4 1
92 10 5
 0 3
 1 0
 2 0
 3 1
 4 0
93 7 5
 0 2
 1 1
 2 1
 3 0
 4 1
94 15 5
 0 1
 1 0
 2 0
 3 2
 4 0
95 10 5
 0 0
 1 2
 2 0
 3 2
 4 2
96 4 5
 0 0
 1 3
 2 2
 3 1
 4 0
97 10 5
 0 1
 1 1
 2 2
 3 0
 4 3
98 15 5
 0 2
 1 2
 2 0
 3 0
 4 0
99 1 5
 0 2
 1 0
 2 2
 3 0
 4 2
100 8 5
 0 2
 1 2
 2 0
 3 0
 4 0
101 7 5
 0 2
 1 3
 2 0
 3 0
 4 1
102 13 5
 0 0
 1 1
 2 3
 3 0
 4 1
103 2 5
 0 1
 1 0
 2 0
 3 0
 4 1
104 10 5
 0 0
 1 3
 2 1
 3 3
 4 3
105 20 5
 0 2
 1 0
 2 1
 3 0
 4 3
106 19 5
 0 2
 1 1
 2 1
 3 0
 4 1
107 9 5
 0 1
 1 3
 2 0
 3 0
 4 1
108 10 5
 0 0
 1 0
 2 0
 3 0
 4 3
109 11 5
 0 0
 1 2
 2 0
 3 1
 4 2
110 14 5
 0 0
 1 0
 2 1
 3 0
 4 3
111 12 5
 0 3
 1 1
 2 0
 3 0
 4 2
112 5 5
 0 1
 1 3
 2 3
 3 0
 4 2
113 19 5
 0 3
 1 3
 2 0
 3 2
 4 3
114 3 5
 0 1
 1 0
 2 0
 3 1
 4 1
115 13 5
 0 0
 1 0
 2 0
 3 2
 4 1
116 18 5
 0 3
 1 0
 2 0
 3 0
 4 0
117 16 5
 0 0
 1 1
 2 3
 3 1
 4 0
118 7 5
 0 2
 1 2
 2 0
 3 0
 4 3
119 4 5
 0 3
 1 3
 2 0
 3 0
 4 3
120 7 5
 0 0
 1 2
 2 1
 3 3
 4 1
121 20 5
 0 0
 1 1
 2 2
 3 0
 4 0
122 1 5
 0 3
 1 0
 2 0
 3 2
 4 3
123 1 5
 0 2
 1 0
 2 0
 3 0
 4 0
124 18 5
 0 1
 1 3
 2 0
 3 2
 4 3
125 3 5
 0 0
 1 1
 2 3
 3 0
 4 3
126 7 5
 0 2
 1 1
 2 2
 3 0
 4 2
127 5 5
 0 1
 1 1
 2 1
 3 0
 4 0
128 8 5
 0 0
 1 3
 2 3
 3 0
 4 0
129 3 5
 0 0
 1 1
 2 1
 3 0
 4 0
130 14 5
 0 1
 1 0
 2 1
 3 3
 4 1
131 2 5
 0 0
 1 0
 2 3
 3 3
 4 0
132 15 5
 0 3
 1 2
 2 0
 3 3
 4 2
133 1 5
 0 0
 1 1
 2 0
 3 0
 4 1
134 4 5
 0 0
 1 0
 2 2
 3 3
 4 2
135 2 5
 0 1
 1 1
 2 2
 3 0
 4 3
136 8 5
 0 1
 1 0
 2 2
 3 1
 4 3
137 18 5
 0 1
 1 0
 2 2
 3 3
 4 1
138 10 5
 0 1
 1 3
 2 1
 3 1
 4 0
139 6 5
 0 2
 1 0
 2 0
 3 1
 4 0
140 7 5
 0 0
 1 0
 2 2
 3 3
 4 0
141 16 5
 0 2
 1 0
 2 3
 3 2
 4 0
142 12 5
 0 2
 1 1
 2 2
 3 2
 4 1
143 15 5
 0 0
 1 2
 2 0
 3 1
 4 0
144 15 5
 0 3
 1 1
 2 1
 3 2
 4 3
145 12 5
 0 2
 1 3
 2 3
 3 0
 4 1
146 1 5
 0 0
 1 0
 2 0
 3 1
 4 0
147 14 5
 0 0
 1 3
 2 2
 3 0
 4 1
148 15 5
 0 3
 1 2
 2 0
 3 3
 4 2
149 20 5
 0 2
 1 1
 2 2
 3 3
 4 3
150 8 5
 0 1
 1 3
 2 0
 3 0
 4 0
151 11 5
 0 0
 1 0
 2 3
 3 2
 4 3
152 15 5
 0 2
 1 3
 2 0
 3 0
 4 2
153 1 5
 0 1
 1 1
 2 0
 3 0
 4 0
154 16 5
 0 1
 1 0
 2 3
 3 0
 4 3
155 17 5
 0 0
 1 3
 2 0
 3 1
 4 0
156 15 5
 0 0
 1 2
 2 1
 3 0
 4 3
157 1 5
 0 0
 1 0
 2 0
 3 2
 4 2
158 13 5
 0 1
 1 3
 2 1
 3 0
 4 0
159 6 5
 0 0
 1 3
 2 2
 3 0
 4 2
160 1 5
 0 1
 1 1
 2 0
 3 0
 4 3
161 4 5
 0 1
 1 2
 2 2
 3 0
 4 1
162 11 5
 0 0
 1 0
 2 1
 3 3
 4 1
163 17 5
 0 0
 1 1
 2 2
 3 0
 4 1
164 7 5
 0 2
 1 0
 2 0
 3 0
 4 0
165 16 5
 0 2
 1 0
 2 1
 3 0
 4 3
166 1 5
 0 2
 1 1
 2 0
 3 3
 4 1
167 3 5
 0 1
 1 0
 2 0
 3 2
 4 0
168 13 5
 0 0
 1 2
 2 0
 3 0
 4 2
169 19 5
 0 2
 1 2
 2 3
 3 3
 4 0
170 15 5
 0 1
 1 0
 2 3
 3 2
 4 3
171 15 5
 0 0
 1 0
 2 3
 3 0
 4 0
172 7 5
 0 2
 1 1
 2 0
 3 0
 4 2
173 17 5
 0 1
 1 2
 2 3
 3 3
 4 2
174 14 5
 0 0
 1 2
 2 3
 3 3
 4 0
175 8 5
 0 0
 1 0
 2 0
 3 3
 4 0
176 3 5
 0 2
 1 1
 2 0
 3 2
 4 3
177 4 5
 0 0
 1 3
 2 2
 3 1
 4 0
178 7 5
 0 3
 1 1
 2 1
 3 0
 4 3
179 11 5
 0 1
 1 2
 2 2
 3 2
 4 3
180 8 5
 0 3
 1 1
 2 0
 3 3
 4 3
181 7 5
 0 1
 1 3
 2 3
 3 0
 4 2
182 8 5
 0 1
 1 2
 2 0
 3 3
 4 0
183 5 5
 0 3
 1 0
 2 3
 3 0
 4 3
184 16 5
 0 3
 1 1
 2 1
 3 0
 4 2
185 5 5
 0 1
 1 1
 2 0
 3 0
 4 1
186 13 5
 0 1
 1 0
 2 1
 3 2
 4 2
187 12 5
 0 0
 1 2
 2 1
 3 0
 4 0
188 19 5
 0 1
 1 2
 2 2
 3 2
 4 2
189 3 5
 0 1
 1 0
 2 3
 3 0
 4 3
190 10 5
 0 2
 1 3
 2 0
 3 3
 4 1
191 20 5
 0 3
 1 0
 2 1
 3 0
 4 0
192 2 5
 0 3
 1 2
 2 3
 3 1
 4 1
193 3 5
 0 2
 1 3
 2 0
 3 2
 4 3
194 10 5
 0 0
 1 1
 2 1
 3 2
 4 2
195 7 5
 0 2
 1 1
 2 0
 3 2
 4 0
196 12 5
 0 2
 1 2
 2 2
 3 0
 4 1
197 6 5
 0 0
 1 2
 2 1
 3 3
 4 2
198 9 5
 0 3
 1 0
 2 2
 3 1
 4 1
199 1 5
 0 3
 1 0
 2 0
 3 0
 4 0
200 9 5
 0 0
 1 1
 2 1
 3 1
 4 1
201 18 5
 0 3
 1 1
 2 3
 3 0
 4 0
202 13 5
 0 0
 1 0
 2 3
 3 3
 4 1
203 18 5
 0 2
 1 0
 2 3
 3 1
 4 3
204 10 5
 0 2
 1 2
 2 0
 3 0
 4 3
205 17 5
 0 1
 1 0
 2 1
 3 0
 4 2
206 20 5
 0 2
 1 3
 2 3
 3 2
 4 0
207 15 5
 0 3
 1 3
 2 2
 3 1
 4 2
208 10 5
 0 3
 1 2
 2 0
 3 0
 4 0
209 16 5
 0 1
 1 0
 2 1
 3 2
 4 2
210 19 5
 0 0
 1 3
 2 1
 3 2
 4 0
211 1 5
 0 3
 1 1
 2 0
 3 3
 4 0
212 18 5
 0 3
 1 1
 2 0
 3 0
 4 1
213 3 5
 0 0
 1 0
 2 3
 3 0
 4 2
214 9 5
 0 1
 1 3
 2 0
 3 0
 4 1
215 16 5
 0 3
 1 0
 2 2
 3 1
 4 2
216 5 5
 0 2
 1 1
 2 2
 3 2
 4 1
217 8 5
 0 3
 1 3
 2 3
 3 0
 4 1
218 15 5
 0 1
 1 2
 2 2
 3 0
 4 0
219 3 5
 0 0
 1 3
 2 0
 3 3
 4 3
220 3 5
 0 0
 1 1
 2 3
 3 1
 4 0
221 6 5
 0 1
 1 3
 2 1
 3 3
 4 1
222 1 5
 0 0
 1 2
 2 0
 3 0
 4 1
223 20 5
 0 1
 1 2
 2 1
 3 2
 4 3
224 20 5
 0 2
 1 0
 2 3
 3 0
 4 1
225 16 5
 0 3
 1 1
 2 2
 3 1
 4 2
226 12 5
 0 0
 1 3
 2 0
 3 0
 4 2
227 3 5
 0 3
 1 1
 2 2
 3 1
 4 2
228 9 5
 0 2
 1 0
 2 0
 3 2
 4 0
229 2 5
 0 1
 1 0
 2 2
 3 0
 4 3
230 8 5
 0 0
 1 0
 2 2
 3 3
 4 0
231 12 5
 0 1
 1 3
 2 1
 3 0
 4 2
232 3 5
 0 1
 1 3
 2 3
 3 0
 4 1
233 3 5
 0 0
 1 3
 2 0
 3 0
 4 0
234 2 5
 0 0
 1 2
 2 0
 3 0
 4 3
235 14 5
 0 1
 1 0
 2 3
 3 0
 4 0
236 18 5
 0 0
 1 1
 2 0
 3 0
 4 2
237 11 5
 0 0
 1 1
 2 3
 3 2
 4 1
238 3 5
 0 0
 1 3
 2 3
 3 1
 4 3
239 8 5
 0 2
 1 1
 2 0
 3 2
 4 0
240 13 5
 0 3
 1 0
 2 1
 3 0
 4 0
241 1 5
 0 0
 1 0
 2 0
 3 1
 4 0
242 13 5
 0 0
 1 0
 2 1
 3 0
 4 2
243 4 5
 0 0
 1 3
 2 3
 3 0
 4 0
244 14 5
 0 0
 1 0
 2 3
 3 2
 4 0
245 20 5
 0 1
 1 1
 2 1
 3 2
 4 1
246 6 5
 0 3
 1 3
 2 3
 3 3
 4 3
247 3 5
 0 2
 1 0
 2 1
 3 0
 4 3
248 17 5
 0 0
 1 0
 2 1
 3 0
 4 3
249 9 5
 0 1
 1 2
 2 1
 3 0
 4 3
250 16 5
 0 3
 1 0
 2 0
 3 0
 4 1
251 4 5
 0 2
 1 0
 2 2
 3 0
 4 0
252 20 5
 0 3
 1 2
 2 0
 3 3
 4 0
253 2 5
 0 3
 1 0
 2 3
 3 2
 4 0
254 8 5
 0 1
 1 2
 2 1
 3 3
 4 0
255 5 5
 0 1
 1 3
 2 0
 3 1
 4 2
256 6 5
 0 0
 1 2
 2 0
 3 0
 4 1
257 15 5
 0 0
 1 3
 2 0
 3 0
 4 0
258 9 5
 0 1
 1 3
 2 0
 3 0
 4 0
259 7 5
 0 0
 1 1
 2 2
 3 0
 4 3
260 13 5
 0 1
 1 0
 2 1
 3 3
 4 2
261 18 5
 0 1
 1 3
 2 1
 3 1
 4 0
262 20 5
 0 1
 1 3
 2 2
 3 1
 4 3
263 7 5
 0 0
 1 2
 2 1
 3 1
 4 0
264 8 5
 0 0
 1 0
 2 2
 3 1
 4 3
265 9 5
 0 0
 1 1
 2 2
 3 0
 4 0
266 15 5
 0 3
 1 0
 2 3
 3 1
 4 1
267 10 5
 0 1
 1 1
 2 0
 3 3
 4 0
268 7 5
 0 0
 1 1
 2 0
 3 2
 4 2
269 17 5
 0 1
 1 0
 2 3
 3 2
 4 0
270 12 5
 0 3
 1 2
 2 0
 3 0
 4 0
271 4 5
 0 2
 1 0
 2 0
 3 3
 4 0
272 11 5
 0 0
 1 2
 2 2
 3 2
 4 3
273 2 5
 0 1
 1 2
 2 0
 3 2
 4 0
274 18 5
 0 3
 1 2
 2 1
 3 2
 4 0
275 6 5
 0 1
 1 3
 2 1
 3 1
 4 0
276 17 5
 0 2
 1 2
 2 1
 3 0
 4 2
277 8 5
 0 0
 1 1
 2 0
 3 0
 4 0
278 16 5
 0 2
 1 3
 2 1
 3 0
 4 3
279 2 5
 0 2
 1 1
 2 0
 3 3
 4 0
280 1 5
 0 0
 1 1
 2 0
 3 0
 4 3
281 18 5
 0 3
 1 0
 2 1
 3 0
 4 1
282 16 5
 0 1
 1 1
 2 3
 3 2
 4 0
283 2 5
 0 2
 1 0
 2 3
 3 0
 4 3
284 2 5
 0 0
 1 0
 2 0
 3 2
 4 1
285 13 5
 0 2
 1 0
 2 0
 3 2
 4 3
286 3 5
 0 0
 1 1
 2 2
 3 3
 4 1
287 1 5
 0 3
 1 2
 2 3
 3 2
 4 0
288 13 5
 0 1
 1 3
 2 1
 3 0
 4 0
289 7 5
 0 0
 1 0
 2 2
 3 1
 4 2
290 2 5
 0 1
 1 0
 2 1
 3 2
 4 3
291 2 5
 0 2
 1 0
 2 0
 3 2
 4 0
292 1 5
 0 2
 1 0
 2 2
 3 1
 4 0
293 19 5
 0 3
 1 0
 2 0
 3 3
 4 0
294 13 5
 0 3
 1 3
 2 3
 3 1
 4 1
295 5 5
 0 0
 1 2
 2 2
 3 0
 4 2
296 12 5
 0 0
 1 0
 2 3
 3 0
 4 2
297 1 5
 0 1
 1 3
 2 0
 3 0
 4 1
298 14 5
 0 1
 1 1
 2 1
 3 1
 4 2
299 8 5
 0 3
 1 0
 2 2
 3 0
 4 0
300 4 5
 0 3
 1 0
 2 1
 3 0
 4 0
301 17 5
 0 1
 1 3
 2 2
 3 3
 4 0
302 16 5
 0 0
 1 3
 2 3
 3 0
 4 0
303 1 5
 0 3
 1 0
 2 1
 3 2
 4 0
304 13 5
 0 3
 1 0
 2 0
 3 0
 4 3
305 19 5
 0 0
 1 2
 2 2
 3 3
 4 2
306 2 5
 0 0
 1 0
 2 0
 3 0
 4 1
307 19 5
 0 0
 1 0
 2 0
 3 0
 4 3
308 15 5
 0 2
 1 0
 2 1
 3 2
 4 1
309 10 5
 0 1
 1 3
 2 1
 3 0
 4 1
310 17 5
 0 0
 1 2
 2 0
 3 0
 4 0
311 9 5
 0 1
 1 0
 2 0
 3 0
 4 2
312 19 5
 0 2
 1 0
 2 3
 3 2
 4 0
313 18 5
 0 2
 1 2
 2 2
 3 0
 4 0
314 2 5
 0 0
 1 0
 2 0
 3 1
 4 0
315 15 5
 0 1
 1 1
 2 0
 3 0
 4 0
316 12 5
 0 3
 1 1
 2 1
 3 0
 4 0
317 6 5
 0 3
 1 1
 2 0
 3 2
 4 2
318 17 5
 0 3
 1 2
 2 0
 3 0
 4 3
319 8 5
 0 2
 1 1
 2 0
 3 1
 4 1
320 8 5
 0 2
 1 0
 2 3
 3 0
 4 0
321 1 5
 0 3
 1 0
 2 0
 3 0
 4 0
322 8 5
 0 3
 1 0
 2 3
 3 1
 4 2
323 8 5
 0 0
 1 3
 2 3
 3 1
 4 0
324 19 5
 0 2
 1 0
 2 0
 3 1
 4 2
325 19 5
 0 0
 1 3
 2 2
 3 1
 4 1
326 19 5
 0 1
 1 2
 2 2
 3 0
 4 3
327 18 5
 0 3
 1 2
 2 1
 3 3
 4 0
328 3 5
 0 0
 1 1
 2 0
 3 1
 4 0
329 4 5
 0 0
 1 2
 2 0
 3 0
 4 2
330 5 5
 0 3
 1 0
 2 2
 3 0
 4 1
331 11 5
 0 2
 1 1
 2 1
 3 2
 4 1
332 15 5
 0 2
 1 1
 2 0
 3 0
 4 0
333 9 5
 0 0
 1 0
 2 0
 3 0
 4 1
334 18 5
 0 3
 1 2
 2 0
 3 0
 4 0
335 4 5
 0 3
 1 1
 2 1
 3 0
 4 0
336 9 5
 0 0
 1 3
 2 3
 3 0
 4 1
337 14 5
 0 0
 1 0
 2 2
 3 3
 4 1
338 19 5
 0 2
 1 3
 2 0
 3 2
 4 2
339 4 5
 0 0
 1 0
 2 1
 3 1
 4 3
340 8 5
 0 2
 1 2
 2 0
 3 0
 4 0
341 8 5
 0 0
 1 2
 2 3
 3 0
 4 1
342 12 5
 0 0
 1 1
 2 0
 3 0
 4 1
343 1 5
 0 0
 1 0
 2 3
 3 0
 4 3
344 9 5
 0 2
 1 3
 2 1
 3 2
 4 0
345 1 5
 0 3
 1 3
 2 1
 3 0
 4 2
346 19 5
 0 2
 1 0
 2 0
 3 0
 4 3
347 10 5
 0 2
 1 0
 2 0
 3 1
 4 0
348 13 5
 0 1
 1 0
 2 0
 3 1
 4 0
349 8 5
 0 2
 1 0
 2 0
 3 0
 4 1
350 17 5
 0 1
 1 0
 2 0
 3 0
 4 0
351 15 5
 0 3
 1 2
 2 2
 3 3
 4 0
352 10 5
 0 2
 1 0
 2 1
 3 1
 4 0
353 14 5
 0 0
 1 0
 2 0
 3 1
 4 2
354 3 5
 0 3
 1 0
 2 2
 3 3
 4 2
355 12 5
 0 3
 1 0
 2 2
 3 1
 4 3
356 11 5
 0 2
 1 0
 2 2
 3 0
 4 0
357 15 5
 0 0
 1 2
 2 0
 3 3
 4 3
358 5 5
 0 1
 1 3
 2 0
 3 0
 4 0
359 5 5
 0 3
 1 1
 2 0
 3 3
 4 0
360 2 5
 0 1
 1 0
 2 0
 3 1
 4 1
361 19 5
 0 3
 1 1
 2 2
 3 0
 4 3
362 4 5
 0 3
 1 2
 2 1
 3 3
 4 0
363 15 5
 0 1
 1 0
 2 0
 3 2
 4 3
364 8 5
 0 0
 1 0
 2 0
 3 0
 4 1
365 20 5
 0 0
 1 2
 2 1
 3 0
 4 0
366 15 5
 0 3
 1 0
 2 0
 3 3
 4 3
367 5 5
 0 1
 1 0
 2 3
 3 2
 4 0
368 13 5
 0 3
 1 1
 2 3
 3 2
 4 2
369 17 5
 0 0
 1 1
 2 1
 3 3
 4 0
370 11 5
 0 2
 1 2
 2 0
 3 0
 4 1
371 4 5
 0 3
 1 3
 2 2
 3 2
 4 1
372 8 5
 0 0
 1 0
 2 0
 3 2
 4 0
373 1 5
 0 0
 1 0
 2 3
 3 2
 4 1
374 10 5
 0 0
 1 1
 2 0
 3 2
 4 0
375 20 5
 0 2
 1 0
 2 0
 3 2
 4 2
376 6 5
 0 3
 1 2
 2 0
 3 2
 4 0
377 15 5
 0 0
 1 0
 2 0
 3 1
 4 2
378 2 5
 0 0
 1 1
 2 0
 3 0
 4 0
379 13 5
 0 3
 1 0
 2 0
 3 0
 4 0
380 15 5
 0 1
 1 0
 2 0
 3 2
 4 2
381 13 5
 0 3
 1 0
 2 1
 3 3
 4 0
382 14 5
 0 0
 1 3
 2 1
 3 2
 4 2
383 3 5
 0 3
 1 3
 2 0
 3 1
 4 1
384 6 5
 0 0
 1 0
 2 0
 3 1
 4 0
385 5 5
 0 2
 1 3
 2 0
 3 0
 4 0
386 20 5
 0 0
 1 0
 2 1
 3 0
 4 2
387 19 5
 0 0
 1 2
 2 2
 3 3
 4 2
388 17 5
 0 0
 1 2
 2 3
 3 1
 4 1
389 13 5
 0 2
 1 0
 2 1
 3 3
 4 0
390 17 5
 0 1
 1 0
 2 0
 3 3
 4 0
391 5 5
 0 0
 1 0
 2 0
 3 1
 4 0
392 5 5
 0 0
 1 1
 2 3
 3 0
 4 2
393 19 5
 0 3
 1 2
 2 2
 3 3
 4 2
394 3 5
 0 0
 1 1
 2 0
 3 1
 4 2
395 13 5
 0 0
 1 3
 2 3
 3 0
 4 0
396 14 5
 0 0
 1 0
 2 1
 3 2
 4 0
397 6 5
 0 2
 1 0
 2 1
 3 1
 4 0
398 11 5
 0 0
 1 3
 2 0
 3 1
 4 0
399 15 5
 0 3
 1 0
 2 3
 3 2
 4 3
400 10 5
 0 1
 1 0
 2 1
 3 3
 4 2
401 13 5
 0 0
 1 1
 2 0
 3 0
 4 2
402 11 5
 0 3
 1 2
 2 3
 3 3
 4 3
403 1 5
 0 1
 1 2
 2 0
 3 0
 4 0
404 12 5
 0 0
 1 1
 2 0
 3 0
 4 0
405 14 5
 0 1
 1 1
 2 3
 3 0
 4 1
406 6 5
 0 0
 1 1
 2 2
 3 0
 4 0
407 6 5
 0 1
 1 3
 2 2
 3 0
 4 2
408 12 5
 0 3
 1 1
 2 1
 3 1
 4 2
409 13 5
 0 3
 1 2
 2 0
 3 3
 4 3
410 11 5
 0 0
 1 1
 2 0
 3 2
 4 0
411 11 5
 0 0
 1 0
 2 0
 3 1
 4 2
412 14 5
 0 3
 1 1
 2 0
 3 1
 4 1
413 19 5
 0 1
 1 0
 2 0
 3 2
 4 0
414 13 5
 0 3
 1 3
 2 0
 3 0
 4 0
415 2 5
 0 1
 1 0
 2 3
 3 0
 4 3
416 14 5
 0 3
 1 0
 2 1
 3 2
 4 0
417 4 5
 0 0
 1 0
 2 0
 3 2
 4 3
418 2 5
 0 3
 1 0
 2 3
 3 0
 4 1
419 10 5
 0 1
 1 0
 2 0
 3 0
 4 0
420 19 5
 0 3
 1 2
 2 0
 3 1
 4 1
421 17 5
 0 2
 1 2
 2 2
 3 0
 4 3
422 10 5
 0 0
 1 3
 2 1
 3 3
 4 0
423 5 5
 0 0
 1 3
 2 3
 3 0
 4 0
424 4 5
 0 2
 1 1
 2 0
 3 3
 4 3
425 3 5
 0 3
 1 2
 2 2
 3 1
 4 0
426 10 5
 0 2
 1 3
 2 3
 3 3
 4 0
427 13 5
 0 1
 1 0
 2 0
 3 1
 4 2
428 10 5
 0 1
 1 0
 2 0
 3 2
 4 2
429 3 5
 0 0
 1 2
 2 0
 3 3
 4 1
430 9 5
 0 1
 1 2
 2 3
 3 2
 4 2
431 17 5
 0 0
 1 3
 2 3
 3 3
 4 0
432 5 5
 0 2
 1 0
 2 3
 3 0
 4 0
433 10 5
 0 0
 1 1
 2 0
 3 3
 4 1
434 6 5
 0 2
 1 3
 2 1
 3 3
 4 3
435 11 5
 0 3
 1 3
 2 0
 3 0
 4 0
436 20 5
 0 1
 1 0
 2 2
 3 1
 4 1
437 17 5
 0 0
 1 1
 2 0
 3 0
 4 0
438 2 5
 0 0
 1 0
 2 1
 3 3
 4 0
439 14 5
 0 3
 1 3
 2 3
 3 0
 4 2
440 3 5
 0 1
 1 1
 2 2
 3 0
 4 0
441 5 5
 0 1
 1 0
 2 0
 3 0
 4 0
442 13 5
 0 3
 1 0
 2 3
 3 1
 4 2
443 13 5
 0 3
 1 3
 2 2
 3 2
 4 0
444 20 5
 0 2
 1 0
 2 2
 3 0
 4 0
445 1 5
 0 1
 1 0
 2 1
 3 3
 4 0
446 2 5
 0 1
 1 0
 2 0
 3 2
 4 0
447 5 5
 0 0
 1 1
 2 1
 3 1
 4 2
448 2 5
 0 1
 1 0
 2 2
 3 2
 4 3
449 14 5
 0 3
 1 0
 2 1
 3 2
 4 3
450 2 5
 0 0
 1 0
 2 0
 3 3
 4 3
451 0 5
 0 0
 1 0
 2 0
 3 0
 4 0

# PRECEDENCES
1863
0 9
0 12
0 13
0 16
0 17
0 20
0 22
0 23
0 26
0 28
0 29
0 30
0 32
0 34
0 36
0 42
0 46
0 50
0 52
0 55
0 57
0 58
0 60
0 66
0 67
0 68
0 77
0 79
0 84
0 85
0 88
0 89
0 91
0 95
0 99
0 100
0 101
0 105
0 116
0 118
0 119
0 120
0 128
0 129
0 138
0 139
0 141
0 145
0 152
0 158
0 159
0 161
0 167
0 174
0 176
0 179
0 182
0 183
0 185
0 186
0 190
0 199
0 201
0 204
0 205
0 209
0 210
0 215
0 220
0 221
0 224
0 227
0 228
0 233
0 235
0 237
0 238
0 240
0 241
0 248
0 249
0 250
0 258
0 260
0 262
0 263
0 264
0 266
0 267
0 274
0 275
0 279
0 285
0 287
0 288
0 291
0 295
0 297
0 299
0 300
0 310
0 313
0 318
0 323
0 325
0 332
0 333
0 341
0 342
0 343
0 345
0 346
0 349
0 350
0 352
0 353
0 356
0 358
0 360
0 362
0 364
0 365
0 366
0 368
0 369
0 371
0 372
0 375
0 377
0 378
0 379
0 381
0 385
0 386
0 387
0 390
0 393
0 395
0 399
0 402
0 403
0 404
0 406
0 407
0 410
0 411
0 413
0 414
0 418
0 419
0 420
0 422
0 425
0 427
0 432
0 437
0 441
0 442
0 447
0 449
0 450
1 92
1 133
1 243
1 430
2 53
2 64
2 110
2 269
2 298
3 191
3 290
3 293
3 326
3 327
4 53
4 327
4 335
4 430
4 439
5 38
5 150
5 327
5 376
6 92
6 200
7 86
7 175
7 293
7 319
7 363
7 398
8 451
9 120
9 309
9 388
10 327
10 335
11 63
11 208
11 308
11 405
11 424
11 444
12 187
12 269
12 300
12 320
13 69
13 158
13 210
13 211
13 309
13 415
14 143
14 148
14 363
14 376
14 423
14 435
15 259
15 446
16 81
16 108
16 125
16 132
16 191
17 21
17 47
17 214
17 216
18 25
18 64
18 70
18 92
18 252
18 321
19 92
19 124
19 225
19 412
20 56
20 133
20 172
20 182
20 330
20 384
21 69
21 113
21 187
21 219
21 439
22 94
22 103
22 312
22 367
23 72
23 191
24 180
24 187
24 191
24 200
24 253
25 130
25 153
25 335
25 416
26 69
26 126
26 152
26 222
26 239
26 315
27 10
27 64
27 137
27 154
28 64
28 194
29 4
29 162
29 401
29 417
29 433
30 154
30 298
31 44
31 107
31 247
31 335
32 19
32 33
32 122
32 136
32 234
32 361
33 4
33 8
33 132
34 76
34 82
34 114
34 144
34 235
35 19
35 140
35 344
36 23
36 61
36 418
37 6
37 53
37 69
37 200
37 327
38 6
38 232
39 111
39 140
39 200
39 271
39 317
39 328
40 41
40 208
40 252
40 428
40 443
41 451
42 1
42 373
43 130
43 208
44 33
44 107
44 115
44 280
44 298
45 69
45 125
45 140
46 10
46 143
46 147
46 331
46 340
46 356
47 170
47 211
47 280
48 19
48 122
48 151
48 206
48 222
49 74
49 110
49 150
50 77
50 83
50 282
50 374
50 429
51 59
51 70
52 377
52 418
52 441
53 451
54 113
54 148
54 298
54 336
55 98
55 104
55 166
55 232
56 11
56 269
57 148
57 211
57 230
57 338
57 443
58 243
58 244
59 108
59 148
59 430
60 240
60 289
60 307
61 92
61 165
61 189
61 392
61 408
62 115
62 208
63 92
63 148
63 180
63 219
63 335
63 338
64 10
64 72
64 108
64 198
64 439
65 110
65 130
65 140
65 172
65 257
66 173
66 196
66 290
66 417
67 63
67 65
67 260
67 411
67 424
68 33
68 73
68 129
68 335
69 451
70 47
70 110
70 219
70 236
70 270
70 431
71 5
71 54
72 451
73 44
73 189
73 200
73 214
73 320
74 11
74 59
74 97
74 124
74 165
74 191
75 69
75 189
75 200
75 389
75 443
76 104
76 194
76 232
76 242
76 405
77 11
77 219
77 254
78 41
78 326
79 108
79 226
79 247
79 259
79 283
79 296
80 90
80 197
80 229
80 239
81 8
81 170
81 219
81 269
82 27
82 162
82 229
82 268
83 8
83 44
83 359
83 405
83 421
84 83
84 102
84 107
85 6
85 223
85 234
86 244
86 373
86 448
87 112
87 214
87 256
87 339
88 31
88 142
88 214
88 231
88 236
88 435
89 189
89 194
89 439
90 107
90 130
90 142
91 86
91 120
91 193
91 300
92 451
93 273
93 292
94 37
94 312
95 200
95 236
95 312
95 431
96 114
96 253
96 321
96 334
96 443
96 446
97 110
97 150
97 253
98 48
98 336
99 192
99 308
100 24
100 113
100 214
100 331
101 35
101 106
101 121
101 252
101 354
101 401
102 1
102 430
102 433
103 11
103 113
103 170
103 198
103 335
103 355
104 327
104 389
104 417
104 424
105 1
105 156
105 182
105 213
106 10
106 56
106 252
106 253
106 430
106 431
107 53
107 148
107 308
107 335
108 451
109 6
109 135
109 244
109 416
109 424
109 426
110 92
110 148
110 208
110 253
110 335
111 231
111 236
111 398
111 430
112 49
112 307
112 388
112 389
112 408
113 69
113 175
113 243
113 312
113 424
114 1
114 2
114 33
114 211
114 280
115 451
116 376
116 448
117 45
117 203
117 226
117 265
117 270
117 373
118 41
118 64
118 148
118 163
118 171
118 289
119 254
119 282
119 324
120 25
120 74
120 124
120 161
120 214
120 289
121 37
121 149
121 168
121 309
122 19
122 149
122 195
122 280
122 308
122 446
123 178
123 334
124 45
124 133
124 230
124 283
124 376
124 444
125 133
125 142
125 191
125 327
125 431
126 63
126 194
126 384
127 65
127 193
127 247
127 301
127 303
127 357
128 53
128 92
128 107
128 170
128 376
128 386
129 38
129 132
129 178
129 254
129 432
130 8
130 298
131 25
131 146
131 286
131 336
132 72
132 108
132 113
132 140
132 168
132 180
133 53
133 180
133 230
133 243
133 253
133 312
134 130
134 253
134 270
134 281
135 37
135 115
135 247
136 15
136 169
136 234
136 357
137 124
137 384
138 30
138 143
138 181
138 306
138 392
139 59
139 216
139 293
140 108
140 243
140 312
141 255
141 329
142 8
142 230
143 142
143 153
143 247
143 321
144 33
144 133
144 134
144 140
144 148
144 281
145 108
145 147
145 286
146 49
146 51
146 151
146 154
146 374
146 398
147 312
147 326
147 338
148 451
149 92
149 110
149 140
149 148
149 289
149 308
150 11
150 92
150 175
150 327
151 44
151 140
151 286
151 423
152 4
152 33
152 70
152 290
153 200
153 281
153 308
153 384
153 448
154 51
154 53
154 110
154 134
154 203
155 11
155 96
155 140
155 245
155 417
156 2
156 5
156 170
156 222
156 251
156 384
157 173
157 251
157 259
158 56
158 111
159 20
159 154
159 192
159 201
159 211
159 300
160 103
160 124
160 171
160 206
160 269
160 438
161 75
161 169
161 281
161 335
161 442
162 208
162 431
163 10
163 198
163 208
163 290
163 439
164 94
164 122
164 150
164 191
164 330
164 331
165 8
165 92
165 108
165 148
165 430
166 25
166 75
166 108
166 196
166 303
167 106
167 214
168 115
168 312
168 338
169 219
169 281
169 373
169 389
170 63
170 69
170 253
171 59
171 97
171 259
172 148
172 216
172 230
172 335
172 376
173 4
173 15
173 71
173 90
173 257
173 273
174 124
174 206
174 312
174 356
175 451
176 153
176 189
176 243
176 430
177 168
177 171
177 178
177 200
177 311
178 72
178 92
178 421
179 177
179 195
179 282
179 320
179 430
179 440
180 451
181 40
181 108
181 194
181 216
182 152
182 229
182 302
182 370
182 400
183 244
183 446
184 144
184 211
185 17
185 38
186 132
186 144
186 252
186 322
187 451
188 59
188 111
188 157
188 421
189 24
189 40
189 69
189 191
189 272
189 290
190 10
190 71
190 80
190 161
190 259
190 319
191 187
191 200
192 18
192 72
192 104
193 25
193 251
194 53
194 81
194 417
194 428
195 44
195 70
195 247
196 171
196 302
197 113
197 144
197 150
197 184
197 430
198 8
198 108
198 180
198 230
198 430
199 125
199 175
199 280
199 290
199 416
200 451
201 138
201 164
202 296
202 383
203 25
203 165
203 338
204 158
204 162
204 237
205 24
205 90
205 210
205 317
205 436
206 78
206 104
206 133
206 194
206 272
206 434
207 90
207 284
208 451
209 72
209 253
209 373
209 384
209 389
210 25
210 176
210 280
210 309
210 354
210 405
211 59
211 108
211 444
212 40
212 351
213 111
213 361
214 6
214 424
215 426
215 448
216 198
216 251
216 443
217 7
217 64
217 188
218 137
218 440
219 451
220 113
220 230
220 331
221 62
221 120
221 125
221 248
221 320
222 54
222 124
222 433
223 191
223 198
223 203
223 347
223 367
224 51
224 109
224 137
224 192
224 443
225 92
225 149
225 412
226 144
226 231
226 327
227 86
227 234
228 75
228 214
229 134
229 181
229 200
229 416
230 451
231 63
231 72
231 208
231 327
231 424
231 439
232 40
232 153
232 430
233 132
233 215
233 273
234 45
234 69
234 134
234 236
234 412
234 426
235 47
235 62
235 124
236 198
236 243
236 384
236 416
237 236
237 384
237 389
237 400
238 212
238 308
239 133
239 255
240 40
240 130
240 160
240 242
240 386
240 424
241 98
241 194
241 209
241 296
241 342
241 383
242 63
242 180
242 200
243 451
244 208
244 283
244 327
244 384
244 417
245 92
245 144
245 216
245 219
245 244
245 373
246 19
246 315
247 69
247 175
247 208
247 243
247 335
248 115
248 243
248 361
248 405
249 149
249 154
249 208
250 193
250 244
250 270
250 284
250 312
251 24
251 283
251 298
252 45
252 107
252 200
252 335
253 451
254 107
254 168
254 225
254 338
254 412
255 41
255 296
255 439
256 273
256 286
257 24
257 59
257 448
258 245
258 272
258 344
258 387
258 446
259 40
259 72
259 130
259 134
259 144
259 416
260 58
260 74
260 85
260 219
260 289
261 53
261 272
261 376
262 53
262 143
262 207
262 242
262 321
262 330
263 53
263 246
263 282
263 305
263 326
264 47
264 76
264 212
264 247
264 309
264 347
265 194
265 347
265 423
266 61
266 338
266 444
267 211
267 272
267 316
267 382
268 38
268 163
268 223
268 415
269 11
269 53
269 168
269 208
269 329
270 108
270 148
270 208
270 312
270 389
271 2
271 14
271 219
271 265
271 363
271 376
272 148
272 338
272 384
272 430
273 37
273 165
273 170
273 187
273 359
274 94
274 143
274 217
275 33
275 175
275 253
275 434
276 31
276 113
276 175
276 315
276 357
276 426
277 261
277 320
278 4
278 211
278 316
279 59
279 337
280 142
280 180
281 142
281 180
281 327
281 335
281 444
282 126
282 140
282 160
283 53
283 92
283 405
284 108
284 148
284 165
284 373
284 405
285 175
285 180
285 254
285 411
286 104
286 434
286 436
287 3
287 207
288 193
288 354
288 435
289 312
289 327
289 430
290 45
290 133
290 373
291 8
291 73
291 141
291 335
292 47
292 254
293 86
293 97
293 336
293 367
293 394
294 72
294 246
295 212
295 250
295 419
296 47
296 384
296 448
297 11
297 176
297 191
297 296
297 306
297 389
298 451
299 126
299 338
299 356
300 59
300 86
300 94
300 113
300 135
300 191
301 73
301 178
302 10
302 191
302 230
302 308
303 150
303 357
304 14
304 61
304 173
304 218
305 207
305 208
305 219
305 314
305 398
306 1
306 424
307 244
307 269
307 320
307 426
308 451
309 86
309 222
309 290
310 21
310 435
311 62
311 150
311 192
311 397
312 451
313 226
313 382
314 5
314 81
314 103
314 223
314 308
314 429
315 104
315 281
316 149
316 280
317 49
317 187
317 212
317 292
317 435
318 31
318 365
318 402
319 62
319 109
319 170
319 340
319 396
319 405
320 126
320 261
320 278
320 327
320 351
321 130
321 191
321 200
321 230
321 327
322 82
322 117
322 193
322 339
322 409
323 218
323 359
324 31
324 172
324 405
325 53
325 74
326 21
326 175
326 244
326 336
326 348
327 451
328 11
328 232
328 351
328 415
329 253
329 405
330 125
330 148
330 208
331 103
331 111
331 122
331 337
331 370
331 426
332 97
332 124
332 127
332 162
332 168
332 213
333 51
333 62
333 108
333 126
333 229
334 189
334 357
334 394
334 405
334 434
335 451
336 53
336 108
336 253
336 308
337 144
337 373
337 436
338 451
339 157
339 164
339 259
339 301
339 392
339 435
340 19
340 76
340 143
340 398
340 405
340 412
341 117
341 361
341 430
342 65
342 113
342 128
342 132
342 136
342 273
343 386
343 411
344 1
344 44
344 367
345 296
345 436
346 168
346 335
346 351
346 401
347 53
347 63
347 198
347 230
348 92
348 107
348 148
348 336
348 338
349 1
349 278
349 394
350 18
350 80
350 82
350 133
350 236
350 373
351 165
351 329
351 348
352 151
352 268
352 310
353 198
353 444
354 41
354 62
354 104
354 107
354 150
354 251
355 64
355 244
355 292
355 433
356 40
356 114
356 168
356 189
356 261
356 394
357 133
357 198
358 131
358 256
358 277
358 304
358 398
359 113
359 140
359 253
359 444
360 92
360 293
360 305
361 97
361 108
361 231
362 87
362 222
362 326
362 370
363 54
363 72
363 316
363 439
364 70
364 201
364 224
364 259
364 286
364 381
365 33
365 135
365 169
366 140
366 398
367 144
367 270
367 321
367 383
367 412
367 443
368 133
368 401
369 72
369 102
369 324
369 412
370 59
370 74
370 336
370 389
371 58
371 228
371 338
371 373
371 400
372 15
372 22
372 102
372 178
372 201
372 340
373 115
373 130
373 243
373 280
374 202
374 207
374 212
374 400
374 434
375 230
375 281
375 387
376 41
376 59
376 142
376 191
376 200
376 430
377 75
377 187
377 420
378 153
378 213
378 294
378 431
379 83
379 245
379 283
379 328
379 408
380 24
380 195
381 25
381 122
381 133
381 143
381 444
382 93
382 114
382 276
383 44
383 92
383 142
384 41
384 200
384 298
384 327
384 405
384 430
385 38
385 156
385 391
386 19
386 165
386 202
386 215
386 234
386 321
387 175
387 327
388 33
388 72
388 107
388 244
388 424
388 428
389 41
389 92
389 175
389 338
389 430
390 56
390 133
390 281
391 31
391 92
391 383
391 384
392 124
392 148
392 151
392 348
393 130
393 315
393 363
393 368
393 441
394 19
394 144
394 153
394 168
394 272
394 388
395 15
395 48
395 285
395 308
395 320
395 400
396 127
396 306
397 110
397 134
397 147
397 236
397 276
397 417
398 335
398 336
399 164
399 257
399 326
399 424
400 62
400 130
400 229
400 336
401 21
401 54
401 230
401 283
401 357
402 111
402 215
402 315
402 438
403 38
403 423
404 64
404 78
404 195
404 202
404 284
405 451
406 11
406 12
406 74
406 259
406 271
406 424
407 54
407 147
407 166
408 191
408 380
409 160
409 320
410 158
410 212
410 221
410 245
410 298
411 40
411 114
411 126
411 229
411 348
411 394
412 8
412 165
412 168
412 191
412 430
413 34
413 340
414 1
414 163
414 219
414 282
414 348
415 8
415 10
415 86
415 208
415 383
415 388
416 149
416 243
416 389
417 92
417 336
418 114
418 441
419 254
419 292
420 8
420 47
420 394
420 416
421 253
421 338
422 45
422 154
422 376
422 383
423 65
423 123
423 126
423 143
423 355
423 444
424 451
425 18
425 73
425 78
425 207
426 63
426 104
426 243
427 24
427 37
427 219
427 244
428 125
428 168
428 180
428 200
428 448
429 198
429 230
429 445
430 451
431 175
431 253
431 308
432 19
432 40
433 72
433 110
433 321
433 359
433 421
433 428
434 64
434 92
434 142
434 283
435 5
435 298
436 83
436 133
436 169
436 211
437 39
437 373
437 405
438 1
438 70
438 189
438 269
438 315
439 53
439 187
439 208
439 298
439 338
439 424
440 18
440 37
440 229
440 252
441 4
441 150
441 153
441 168
441 326
441 416
442 74
442 76
442 130
442 247
442 326
443 140
443 165
443 269
443 321
443 348
443 421
444 451
445 18
445 43
445 155
446 278
446 316
446 431
447 11
447 54
448 108
448 430
449 142
449 224
449 240
449 345
449 435
450 110
450 244
450 370
