# Tier 7 (Very Large) - Instance 96
# Generated with config: N=359, K=4, topology=random_dag, calendar=staggered

# HEADER: <num_tasks> <num_types> <num_units>
361 4 25

# RESOURCE TYPES
# Format: <type_id> <num_units> <unit_id1> <unit_id2> ...
0 4 0 1 2 3
1 8 4 5 6 7 8 9 10 11
2 6 12 13 14 15 16 17
3 7 18 19 20 21 22 23 24

# RESOURCE UNITS (Calendars)
# Format: <unit_id> <num_steps> <t1> <v1> <t2> <v2> ...
0 24 0 100 1 0 38 100 298 0 336 100 596 0 631 100 886 0 922 100 1180 0 1217 100 1476 0 1514 100 1774 0 1810 100 2070 0 2107 100 2367 0 2405 100 2666 0 2703 100 2963 0 2999 100 3547 0
1 24 0 100 10 0 49 100 302 0 341 100 597 0 635 100 890 0 929 100 1185 0 1226 100 1479 0 1519 100 1775 0 1815 100 2072 0 2110 100 2367 0 2407 100 2664 0 2702 100 2956 0 2997 100 3547 0
2 24 0 100 24 0 57 100 319 0 352 100 613 0 645 100 905 0 937 100 1195 0 1228 100 1490 0 1523 100 1783 0 1816 100 2080 0 2115 100 2375 0 2408 100 2669 0 2703 100 2964 0 2999 100 3547 0
3 24 0 100 33 0 73 100 327 0 367 100 621 0 663 100 915 0 954 100 1208 0 1249 100 1504 0 1544 100 1795 0 1836 100 2088 0 2131 100 2383 0 2426 100 2679 0 2721 100 2976 0 3019 100 3547 0
4 24 0 100 48 0 91 100 344 0 387 100 640 0 684 100 936 0 978 100 1231 0 1273 100 1526 0 1568 100 1820 0 1864 100 2118 0 2161 100 2416 0 2460 100 2714 0 2756 100 3010 0 3051 100 3547 0
5 24 0 100 58 0 97 100 350 0 391 100 646 0 684 100 940 0 981 100 1238 0 1278 100 1531 0 1572 100 1826 0 1867 100 2119 0 2158 100 2412 0 2450 100 2707 0 2747 100 3004 0 3042 100 3547 0
6 24 0 100 72 0 112 100 368 0 407 100 661 0 704 100 956 0 998 100 1252 0 1292 100 1544 0 1585 100 1840 0 1881 100 2132 0 2173 100 2424 0 2466 100 2718 0 2759 100 3012 0 3055 100 3547 0
7 24 0 100 83 0 118 100 378 0 410 100 669 0 703 100 963 0 997 100 1259 0 1291 100 1551 0 1585 100 1846 0 1880 100 2141 0 2176 100 2439 0 2472 100 2730 0 2762 100 3022 0 3055 100 3547 0
8 24 0 100 94 0 141 100 388 0 433 100 679 0 726 100 975 0 1023 100 1269 0 1316 100 1564 0 1608 100 1858 0 1904 100 2152 0 2198 100 2449 0 2494 100 2743 0 2788 100 3038 0 3086 100 3547 0
9 24 0 100 107 0 138 100 397 0 430 100 691 0 726 100 986 0 1019 100 1283 0 1315 100 1578 0 1613 100 1876 0 1911 100 2174 0 2206 100 2470 0 2502 100 2762 0 2797 100 3058 0 3092 100 3547 0
10 24 0 100 117 0 146 100 415 0 445 100 713 0 740 100 1007 0 1035 100 1303 0 1332 100 1595 0 1624 100 1887 0 1917 100 2181 0 2211 100 2478 0 2506 100 2774 0 2802 100 3067 0 3096 100 3547 0
11 24 0 100 129 0 163 100 424 0 461 100 719 0 753 100 1010 0 1046 100 1307 0 1343 100 1604 0 1641 100 1900 0 1935 100 2195 0 2230 100 2488 0 2522 100 2782 0 2819 100 3076 0 3111 100 3547 0
12 24 0 100 140 0 166 100 435 0 460 100 728 0 751 100 1022 0 1048 100 1319 0 1343 100 1612 0 1636 100 1907 0 1932 100 2203 0 2229 100 2498 0 2523 100 2795 0 2818 100 3087 0 3112 100 3547 0
13 24 0 100 153 0 192 100 447 0 486 100 744 0 784 100 1039 0 1076 100 1334 0 1372 100 1628 0 1668 100 1926 0 1963 100 2218 0 2256 100 2512 0 2549 100 2803 0 2842 100 3099 0 3137 100 3547 0
14 24 0 100 166 0 206 100 458 0 499 100 750 0 791 100 1046 0 1088 100 1345 0 1387 100 1641 0 1682 100 1934 0 1977 100 2232 0 2272 100 2527 0 2566 100 2822 0 2865 100 3120 0 3161 100 3547 0
15 24 0 100 176 0 207 100 471 0 502 100 769 0 801 100 1068 0 1099 100 1367 0 1397 100 1660 0 1689 100 1953 0 1984 100 2247 0 2278 100 2544 0 2574 100 2841 0 2872 100 3135 0 3166 100 3547 0
16 24 0 100 188 0 212 100 485 0 508 100 777 0 804 100 1074 0 1101 100 1371 0 1394 100 1666 0 1692 100 1963 0 1989 100 2262 0 2286 100 2554 0 2577 100 2844 0 2870 100 3140 0 3164 100 3547 0
17 24 0 100 199 0 241 100 492 0 534 100 786 0 829 100 1081 0 1122 100 1372 0 1413 100 1665 0 1708 100 1957 0 1998 100 2248 0 2292 100 2547 0 2588 100 2839 0 2880 100 3132 0 3174 100 3547 0
18 24 0 100 212 0 262 100 507 0 558 100 799 0 851 100 1094 0 1146 100 1392 0 1443 100 1688 0 1740 100 1986 0 2037 100 2281 0 2332 100 2575 0 2627 100 2869 0 2920 100 3165 0 3218 100 3547 0
19 24 0 100 225 0 255 100 517 0 548 100 811 0 842 100 1104 0 1134 100 1397 0 1429 100 1691 0 1724 100 1985 0 2014 100 2275 0 2306 100 2572 0 2602 100 2863 0 2892 100 3154 0 3184 100 3547 0
20 24 0 100 237 0 286 100 532 0 582 100 830 0 877 100 1126 0 1174 100 1419 0 1468 100 1717 0 1765 100 2014 0 2062 100 2306 0 2355 100 2600 0 2648 100 2892 0 2941 100 3187 0 3235 100 3547 0
21 24 0 100 248 0 277 100 543 0 572 100 842 0 870 100 1136 0 1164 100 1434 0 1460 100 1730 0 1758 100 2023 0 2050 100 2319 0 2345 100 2610 0 2636 100 2903 0 2929 100 3196 0 3224 100 3547 0
22 24 0 100 261 0 312 100 556 0 609 100 851 0 905 100 1146 0 1199 100 1444 0 1494 100 1737 0 1787 100 2033 0 2085 100 2328 0 2380 100 2621 0 2672 100 2916 0 2969 100 3212 0 3265 100 3547 0
23 24 0 100 272 0 316 100 566 0 608 100 862 0 907 100 1160 0 1204 100 1457 0 1500 100 1750 0 1794 100 2044 0 2088 100 2340 0 2385 100 2639 0 2684 100 2937 0 2981 100 3230 0 3273 100 3547 0
24 24 0 100 282 0 334 100 576 0 628 100 869 0 923 100 1166 0 1217 100 1458 0 1511 100 1753 0 1806 100 2050 0 2101 100 2346 0 2400 100 2642 0 2693 100 2934 0 2986 100 3227 0 3278 100 3547 0

# TASKS
# Format: <task_id> <size> <num_reqs>
# Then for each requirement: <type_id> <qty>
0 0 4
 0 0
 1 0
 2 0
 3 0
1 10 4
 0 0
 1 2
 2 2
 3 1
2 18 4
 0 1
 1 2
 2 3
 3 0
3 18 4
 0 3
 1 2
 2 2
 3 3
4 9 4
 0 0
 1 2
 2 0
 3 0
5 6 4
 0 2
 1 0
 2 3
 3 3
6 11 4
 0 0
 1 1
 2 0
 3 1
7 6 4
 0 1
 1 0
 2 1
 3 1
8 2 4
 0 1
 1 1
 2 3
 3 1
9 2 4
 0 2
 1 2
 2 0
 3 0
10 9 4
 0 3
 1 2
 2 0
 3 0
11 4 4
 0 2
 1 3
 2 0
 3 0
12 2 4
 0 0
 1 1
 2 0
 3 2
13 8 4
 0 2
 1 2
 2 2
 3 0
14 5 4
 0 2
 1 0
 2 2
 3 2
15 5 4
 0 1
 1 1
 2 1
 3 3
16 7 4
 0 0
 1 1
 2 0
 3 3
17 6 4
 0 0
 1 0
 2 2
 3 3
18 10 4
 0 1
 1 0
 2 0
 3 0
19 20 4
 0 0
 1 0
 2 3
 3 0
20 14 4
 0 1
 1 0
 2 0
 3 2
21 15 4
 0 2
 1 2
 2 2
 3 0
22 16 4
 0 2
 1 0
 2 1
 3 2
23 1 4
 0 1
 1 0
 2 0
 3 0
24 17 4
 0 2
 1 0
 2 3
 3 0
25 15 4
 0 2
 1 3
 2 0
 3 2
26 20 4
 0 0
 1 1
 2 0
 3 0
27 6 4
 0 0
 1 1
 2 0
 3 0
28 10 4
 0 0
 1 0
 2 0
 3 2
29 1 4
 0 0
 1 1
 2 3
 3 2
30 18 4
 0 3
 1 0
 2 0
 3 2
31 1 4
 0 0
 1 1
 2 2
 3 2
32 10 4
 0 1
 1 2
 2 1
 3 2
33 5 4
 0 0
 1 1
 2 0
 3 1
34 16 4
 0 1
 1 0
 2 1
 3 3
35 3 4
 0 3
 1 2
 2 3
 3 2
36 8 4
 0 0
 1 1
 2 2
 3 1
37 1 4
 0 2
 1 0
 2 0
 3 1
38 4 4
 0 0
 1 0
 2 1
 3 3
39 16 4
 0 0
 1 0
 2 1
 3 2
40 19 4
 0 2
 1 3
 2 0
 3 2
41 7 4
 0 2
 1 2
 2 0
 3 0
42 12 4
 0 2
 1 3
 2 3
 3 3
43 4 4
 0 2
 1 2
 2 0
 3 0
44 14 4
 0 0
 1 0
 2 0
 3 2
45 8 4
 0 3
 1 0
 2 2
 3 0
46 19 4
 0 0
 1 3
 2 0
 3 2
47 3 4
 0 1
 1 1
 2 0
 3 3
48 6 4
 0 0
 1 3
 2 1
 3 3
49 19 4
 0 2
 1 0
 2 3
 3 1
50 8 4
 0 2
 1 3
 2 0
 3 2
51 16 4
 0 0
 1 0
 2 0
 3 3
52 19 4
 0 0
 1 2
 2 2
 3 0
53 11 4
 0 1
 1 1
 2 0
 3 2
54 4 4
 0 0
 1 2
 2 2
 3 0
55 2 4
 0 3
 1 3
 2 3
 3 2
56 10 4
 0 1
 1 0
 2 1
 3 0
57 17 4
 0 1
 1 1
 2 2
 3 3
58 8 4
 0 2
 1 0
 2 1
 3 1
59 1 4
 0 0
 1 2
 2 0
 3 3
60 16 4
 0 1
 1 2
 2 1
 3 0
61 18 4
 0 2
 1 2
 2 0
 3 0
62 13 4
 0 0
 1 0
 2 3
 3 1
63 15 4
 0 1
 1 0
 2 2
 3 3
64 11 4
 0 1
 1 0
 2 1
 3 3
65 9 4
 0 1
 1 3
 2 3
 3 3
66 7 4
 0 0
 1 1
 2 2
 3 0
67 10 4
 0 0
 1 2
 2 3
 3 1
68 8 4
 0 0
 1 1
 2 3
 3 0
69 5 4
 0 1
 1 0
 2 0
 3 0
70 8 4
 0 2
 1 0
 2 1
 3 3
71 13 4
 0 1
 1 0
 2 0
 3 3
72 9 4
 0 0
 1 2
 2 3
 3 0
73 11 4
 0 2
 1 3
 2 3
 3 3
74 18 4
 0 0
 1 0
 2 0
 3 2
75 14 4
 0 0
 1 3
 2 0
 3 1
76 11 4
 0 1
 1 0
 2 1
 3 1
77 3 4
 0 0
 1 0
 2 2
 3 0
78 10 4
 0 2
 1 3
 2 1
 3 0
79 1 4
 0 1
 1 1
 2 0
 3 0
80 6 4
 0 3
 1 2
 2 2
 3 2
81 10 4
 0 0
 1 2
 2 2
 3 1
82 16 4
 0 0
 1 0
 2 3
 3 3
83 12 4
 0 1
 1 3
 2 2
 3 3
84 17 4
 0 0
 1 2
 2 0
 3 3
85 3 4
 0 0
 1 1
 2 2
 3 3
86 2 4
 0 0
 1 1
 2 0
 3 3
87 9 4
 0 1
 1 3
 2 2
 3 1
88 18 4
 0 1
 1 1
 2 0
 3 0
89 1 4
 0 1
 1 0
 2 1
 3 0
90 2 4
 0 1
 1 0
 2 1
 3 1
91 19 4
 0 1
 1 2
 2 0
 3 0
92 18 4
 0 2
 1 3
 2 3
 3 2
93 14 4
 0 2
 1 0
 2 3
 3 2
94 4 4
 0 2
 1 0
 2 0
 3 1
95 13 4
 0 2
 1 0
 2 3
 3 2
96 7 4
 0 3
 1 3
 2 0
 3 0
97 17 4
 0 2
 1 3
 2 1
 3 1
98 10 4
 0 3
 1 0
 2 1
 3 0
99 12 4
 0 0
 1 0
 2 1
 3 0
100 8 4
 0 1
 1 3
 2 0
 3 2
101 15 4
 0 1
 1 0
 2 0
 3 0
102 20 4
 0 1
 1 0
 2 3
 3 0
103 19 4
 0 3
 1 0
 2 3
 3 0
104 2 4
 0 0
 1 0
 2 1
 3 3
105 9 4
 0 0
 1 1
 2 0
 3 0
106 6 4
 0 3
 1 0
 2 1
 3 0
107 11 4
 0 0
 1 1
 2 2
 3 2
108 9 4
 0 2
 1 0
 2 0
 3 3
109 3 4
 0 2
 1 2
 2 3
 3 0
110 11 4
 0 1
 1 2
 2 0
 3 1
111 18 4
 0 1
 1 0
 2 2
 3 1
112 16 4
 0 2
 1 3
 2 3
 3 0
113 1 4
 0 2
 1 1
 2 2
 3 1
114 12 4
 0 0
 1 0
 2 1
 3 2
115 9 4
 0 0
 1 0
 2 3
 3 0
116 9 4
 0 0
 1 0
 2 0
 3 2
117 14 4
 0 0
 1 0
 2 2
 3 0
118 9 4
 0 1
 1 0
 2 1
 3 0
119 20 4
 0 3
 1 0
 2 0
 3 0
120 4 4
 0 0
 1 1
 2 2
 3 0
121 9 4
 0 0
 1 3
 2 2
 3 0
122 3 4
 0 3
 1 2
 2 0
 3 2
123 4 4
 0 0
 1 2
 2 3
 3 1
124 13 4
 0 3
 1 1
 2 0
 3 2
125 20 4
 0 0
 1 1
 2 1
 3 1
126 20 4
 0 3
 1 0
 2 1
 3 3
127 4 4
 0 2
 1 2
 2 0
 3 0
128 18 4
 0 0
 1 3
 2 1
 3 3
129 7 4
 0 2
 1 1
 2 0
 3 1
130 18 4
 0 0
 1 0
 2 3
 3 1
131 6 4
 0 3
 1 1
 2 3
 3 3
132 12 4
 0 1
 1 2
 2 3
 3 0
133 15 4
 0 1
 1 3
 2 1
 3 2
134 12 4
 0 2
 1 0
 2 0
 3 2
135 6 4
 0 3
 1 3
 2 1
 3 1
136 11 4
 0 1
 1 3
 2 1
 3 2
137 9 4
 0 3
 1 3
 2 0
 3 0
138 3 4
 0 3
 1 1
 2 0
 3 3
139 16 4
 0 1
 1 0
 2 0
 3 1
140 5 4
 0 0
 1 0
 2 3
 3 1
141 11 4
 0 2
 1 1
 2 0
 3 3
142 17 4
 0 3
 1 3
 2 0
 3 1
143 16 4
 0 2
 1 0
 2 1
 3 2
144 1 4
 0 1
 1 2
 2 0
 3 2
145 20 4
 0 0
 1 1
 2 0
 3 0
146 6 4
 0 3
 1 0
 2 0
 3 3
147 18 4
 0 1
 1 0
 2 0
 3 0
148 6 4
 0 0
 1 1
 2 2
 3 2
149 2 4
 0 1
 1 1
 2 0
 3 0
150 17 4
 0 0
 1 0
 2 2
 3 3
151 13 4
 0 0
 1 3
 2 2
 3 3
152 3 4
 0 0
 1 1
 2 3
 3 0
153 6 4
 0 2
 1 0
 2 0
 3 0
154 19 4
 0 0
 1 2
 2 2
 3 0
155 4 4
 0 3
 1 0
 2 2
 3 0
156 14 4
 0 3
 1 1
 2 2
 3 2
157 20 4
 0 0
 1 1
 2 2
 3 2
158 1 4
 0 2
 1 0
 2 2
 3 0
159 20 4
 0 3
 1 3
 2 0
 3 1
160 4 4
 0 0
 1 2
 2 0
 3 0
161 3 4
 0 1
 1 1
 2 2
 3 3
162 17 4
 0 3
 1 1
 2 1
 3 0
163 18 4
 0 2
 1 3
 2 2
 3 0
164 16 4
 0 0
 1 0
 2 1
 3 0
165 10 4
 0 0
 1 2
 2 0
 3 2
166 5 4
 0 0
 1 1
 2 1
 3 2
167 15 4
 0 2
 1 3
 2 2
 3 2
168 2 4
 0 1
 1 1
 2 1
 3 0
169 4 4
 0 2
 1 0
 2 3
 3 2
170 13 4
 0 0
 1 3
 2 0
 3 1
171 3 4
 0 0
 1 2
 2 1
 3 0
172 3 4
 0 0
 1 3
 2 3
 3 3
173 4 4
 0 3
 1 3
 2 1
 3 2
174 5 4
 0 1
 1 2
 2 0
 3 1
175 5 4
 0 2
 1 0
 2 0
 3 1
176 5 4
 0 0
 1 0
 2 0
 3 3
177 11 4
 0 2
 1 0
 2 3
 3 0
178 15 4
 0 0
 1 0
 2 2
 3 3
179 9 4
 0 1
 1 0
 2 0
 3 3
180 4 4
 0 0
 1 3
 2 1
 3 2
181 6 4
 0 0
 1 0
 2 0
 3 1
182 10 4
 0 2
 1 0
 2 0
 3 2
183 19 4
 0 0
 1 0
 2 3
 3 2
184 9 4
 0 3
 1 0
 2 2
 3 1
185 9 4
 0 1
 1 0
 2 2
 3 0
186 5 4
 0 3
 1 0
 2 1
 3 2
187 2 4
 0 1
 1 0
 2 0
 3 0
188 9 4
 0 1
 1 0
 2 2
 3 2
189 4 4
 0 3
 1 0
 2 2
 3 0
190 19 4
 0 2
 1 2
 2 1
 3 3
191 13 4
 0 3
 1 0
 2 0
 3 1
192 14 4
 0 2
 1 1
 2 3
 3 3
193 12 4
 0 3
 1 3
 2 3
 3 2
194 9 4
 0 1
 1 1
 2 0
 3 0
195 7 4
 0 0
 1 1
 2 1
 3 0
196 11 4
 0 0
 1 0
 2 3
 3 0
197 13 4
 0 0
 1 3
 2 0
 3 3
198 17 4
 0 3
 1 0
 2 0
 3 0
199 11 4
 0 2
 1 1
 2 3
 3 0
200 1 4
 0 0
 1 3
 2 0
 3 1
201 12 4
 0 0
 1 2
 2 0
 3 1
202 1 4
 0 0
 1 0
 2 2
 3 0
203 20 4
 0 0
 1 0
 2 0
 3 1
204 4 4
 0 1
 1 3
 2 3
 3 0
205 16 4
 0 3
 1 1
 2 0
 3 3
206 15 4
 0 2
 1 0
 2 0
 3 2
207 7 4
 0 2
 1 1
 2 3
 3 0
208 4 4
 0 2
 1 0
 2 2
 3 3
209 1 4
 0 3
 1 1
 2 1
 3 0
210 7 4
 0 0
 1 2
 2 3
 3 0
211 3 4
 0 1
 1 3
 2 0
 3 2
212 3 4
 0 1
 1 0
 2 1
 3 3
213 1 4
 0 0
 1 3
 2 1
 3 3
214 9 4
 0 2
 1 1
 2 1
 3 1
215 7 4
 0 1
 1 3
 2 0
 3 0
216 3 4
 0 3
 1 2
 2 3
 3 1
217 15 4
 0 1
 1 1
 2 2
 3 3
218 1 4
 0 2
 1 0
 2 0
 3 0
219 13 4
 0 0
 1 1
 2 0
 3 0
220 10 4
 0 3
 1 3
 2 0
 3 3
221 3 4
 0 3
 1 1
 2 0
 3 0
222 3 4
 0 1
 1 0
 2 2
 3 0
223 18 4
 0 0
 1 1
 2 3
 3 2
224 20 4
 0 1
 1 1
 2 1
 3 0
225 9 4
 0 1
 1 1
 2 0
 3 2
226 16 4
 0 0
 1 0
 2 0
 3 3
227 8 4
 0 1
 1 2
 2 1
 3 0
228 12 4
 0 0
 1 2
 2 2
 3 1
229 15 4
 0 0
 1 2
 2 3
 3 1
230 18 4
 0 0
 1 3
 2 0
 3 0
231 14 4
 0 2
 1 2
 2 3
 3 1
232 14 4
 0 0
 1 0
 2 0
 3 3
233 6 4
 0 2
 1 0
 2 0
 3 2
234 3 4
 0 0
 1 1
 2 2
 3 0
235 14 4
 0 2
 1 0
 2 2
 3 1
236 12 4
 0 0
 1 0
 2 2
 3 0
237 17 4
 0 3
 1 3
 2 1
 3 3
238 19 4
 0 2
 1 0
 2 2
 3 0
239 17 4
 0 3
 1 0
 2 0
 3 0
240 18 4
 0 3
 1 0
 2 3
 3 3
241 6 4
 0 3
 1 0
 2 0
 3 0
242 4 4
 0 0
 1 0
 2 1
 3 1
243 15 4
 0 1
 1 2
 2 0
 3 0
244 8 4
 0 1
 1 3
 2 0
 3 1
245 8 4
 0 0
 1 0
 2 1
 3 3
246 15 4
 0 0
 1 0
 2 1
 3 2
247 16 4
 0 0
 1 1
 2 2
 3 0
248 7 4
 0 3
 1 1
 2 1
 3 3
249 16 4
 0 0
 1 2
 2 1
 3 0
250 10 4
 0 3
 1 1
 2 0
 3 0
251 6 4
 0 2
 1 1
 2 0
 3 3
252 15 4
 0 0
 1 1
 2 0
 3 0
253 19 4
 0 0
 1 2
 2 1
 3 2
254 2 4
 0 0
 1 2
 2 3
 3 2
255 13 4
 0 0
 1 0
 2 2
 3 2
256 14 4
 0 1
 1 0
 2 0
 3 0
257 2 4
 0 1
 1 3
 2 2
 3 0
258 13 4
 0 2
 1 1
 2 1
 3 3
259 17 4
 0 2
 1 2
 2 0
 3 3
260 8 4
 0 2
 1 1
 2 3
 3 1
261 1 4
 0 0
 1 1
 2 0
 3 2
262 7 4
 0 2
 1 1
 2 0
 3 0
263 9 4
 0 3
 1 2
 2 0
 3 3
264 14 4
 0 0
 1 0
 2 0
 3 3
265 17 4
 0 3
 1 0
 2 0
 3 2
266 2 4
 0 0
 1 1
 2 1
 3 0
267 12 4
 0 3
 1 1
 2 0
 3 2
268 13 4
 0 1
 1 0
 2 2
 3 2
269 5 4
 0 2
 1 0
 2 3
 3 3
270 14 4
 0 2
 1 0
 2 2
 3 1
271 15 4
 0 3
 1 0
 2 0
 3 3
272 12 4
 0 0
 1 0
 2 1
 3 2
273 5 4
 0 2
 1 1
 2 1
 3 2
274 14 4
 0 1
 1 2
 2 0
 3 0
275 1 4
 0 0
 1 0
 2 3
 3 3
276 18 4
 0 0
 1 0
 2 2
 3 0
277 3 4
 0 0
 1 1
 2 0
 3 1
278 17 4
 0 0
 1 0
 2 3
 3 1
279 19 4
 0 0
 1 1
 2 2
 3 3
280 15 4
 0 0
 1 3
 2 0
 3 0
281 1 4
 0 1
 1 0
 2 0
 3 3
282 6 4
 0 0
 1 0
 2 3
 3 0
283 13 4
 0 3
 1 3
 2 2
 3 0
284 16 4
 0 1
 1 1
 2 3
 3 1
285 14 4
 0 1
 1 2
 2 2
 3 2
286 14 4
 0 3
 1 3
 2 2
 3 3
287 4 4
 0 1
 1 3
 2 3
 3 3
288 15 4
 0 0
 1 1
 2 0
 3 0
289 19 4
 0 0
 1 0
 2 0
 3 1
290 19 4
 0 2
 1 0
 2 1
 3 0
291 20 4
 0 0
 1 3
 2 0
 3 0
292 13 4
 0 3
 1 0
 2 0
 3 2
293 8 4
 0 2
 1 2
 2 0
 3 1
294 3 4
 0 0
 1 2
 2 0
 3 2
295 16 4
 0 0
 1 3
 2 2
 3 2
296 20 4
 0 0
 1 0
 2 0
 3 3
297 17 4
 0 2
 1 2
 2 3
 3 3
298 9 4
 0 2
 1 0
 2 3
 3 3
299 20 4
 0 0
 1 0
 2 0
 3 3
300 11 4
 0 2
 1 0
 2 2
 3 1
301 20 4
 0 1
 1 0
 2 3
 3 0
302 11 4
 0 2
 1 0
 2 0
 3 0
303 14 4
 0 2
 1 0
 2 3
 3 1
304 1 4
 0 0
 1 2
 2 2
 3 0
305 20 4
 0 3
 1 1
 2 0
 3 0
306 1 4
 0 3
 1 0
 2 0
 3 1
307 11 4
 0 3
 1 0
 2 3
 3 0
308 15 4
 0 0
 1 0
 2 3
 3 3
309 12 4
 0 0
 1 0
 2 3
 3 3
310 15 4
 0 2
 1 1
 2 3
 3 3
311 10 4
 0 1
 1 3
 2 1
 3 2
312 12 4
 0 2
 1 0
 2 2
 3 2
313 10 4
 0 0
 1 3
 2 2
 3 0
314 4 4
 0 1
 1 0
 2 0
 3 0
315 4 4
 0 0
 1 0
 2 1
 3 0
316 9 4
 0 1
 1 0
 2 0
 3 0
317 6 4
 0 2
 1 2
 2 1
 3 0
318 15 4
 0 0
 1 0
 2 1
 3 2
319 3 4
 0 0
 1 3
 2 0
 3 2
320 10 4
 0 0
 1 0
 2 1
 3 1
321 3 4
 0 2
 1 3
 2 3
 3 2
322 3 4
 0 3
 1 1
 2 0
 3 2
323 20 4
 0 2
 1 0
 2 2
 3 0
324 17 4
 0 3
 1 2
 2 2
 3 1
325 18 4
 0 0
 1 0
 2 2
 3 3
326 4 4
 0 2
 1 0
 2 2
 3 3
327 20 4
 0 2
 1 1
 2 0
 3 2
328 11 4
 0 2
 1 2
 2 0
 3 2
329 4 4
 0 0
 1 1
 2 3
 3 0
330 18 4
 0 2
 1 3
 2 2
 3 2
331 18 4
 0 2
 1 3
 2 2
 3 0
332 15 4
 0 0
 1 0
 2 2
 3 2
333 8 4
 0 3
 1 2
 2 0
 3 3
334 5 4
 0 2
 1 1
 2 2
 3 0
335 20 4
 0 1
 1 1
 2 2
 3 1
336 4 4
 0 2
 1 3
 2 3
 3 3
337 10 4
 0 3
 1 2
 2 3
 3 1
338 14 4
 0 1
 1 0
 2 0
 3 2
339 3 4
 0 2
 1 1
 2 0
 3 3
340 5 4
 0 0
 1 2
 2 0
 3 2
341 2 4
 0 2
 1 1
 2 0
 3 1
342 2 4
 0 0
 1 1
 2 0
 3 2
343 5 4
 0 3
 1 2
 2 1
 3 3
344 10 4
 0 0
 1 0
 2 3
 3 0
345 15 4
 0 2
 1 0
 2 0
 3 3
346 1 4
 0 2
 1 0
 2 2
 3 0
347 4 4
 0 0
 1 3
 2 3
 3 2
348 11 4
 0 0
 1 1
 2 3
 3 1
349 4 4
 0 1
 1 0
 2 0
 3 0
350 7 4
 0 3
 1 0
 2 3
 3 0
351 20 4
 0 3
 1 3
 2 3
 3 0
352 11 4
 0 2
 1 2
 2 0
 3 1
353 14 4
 0 2
 1 3
 2 1
 3 0
354 11 4
 0 0
 1 3
 2 3
 3 0
355 20 4
 0 0
 1 2
 2 0
 3 2
356 20 4
 0 3
 1 0
 2 1
 3 1
357 17 4
 0 3
 1 0
 2 1
 3 0
358 13 4
 0 0
 1 0
 2 3
 3 2
359 6 4
 0 2
 1 1
 2 0
 3 2
360 0 4
 0 0
 1 0
 2 0
 3 0

# PRECEDENCES
2136
0 2
0 3
0 4
0 8
0 15
0 18
0 19
0 24
0 25
0 29
0 31
0 35
0 36
0 41
0 44
0 47
0 57
0 58
0 64
0 67
0 72
0 74
0 81
0 93
0 101
0 108
0 110
0 114
0 115
0 116
0 120
0 122
0 129
0 135
0 137
0 138
0 140
0 144
0 145
0 156
0 160
0 170
0 172
0 178
0 183
0 189
0 191
0 194
0 198
0 199
0 201
0 203
0 204
0 207
0 209
0 210
0 211
0 213
0 221
0 222
0 227
0 233
0 248
0 256
0 258
0 262
0 264
0 265
0 266
0 267
0 268
0 270
0 272
0 280
0 282
0 284
0 288
0 293
0 303
0 305
0 315
0 318
0 323
0 335
0 338
0 339
0 340
0 346
0 349
0 352
0 356
0 359
1 13
1 42
1 224
1 319
2 1
2 20
2 197
2 212
2 243
2 358
3 172
3 217
3 254
3 256
3 326
3 327
4 15
4 23
4 31
4 96
4 199
4 208
4 338
4 345
5 50
5 60
5 89
5 154
5 163
5 164
5 202
5 276
6 33
6 46
6 53
6 113
6 124
6 190
6 224
6 254
7 46
7 50
7 121
7 306
7 313
7 331
8 27
8 43
8 83
8 248
8 316
9 17
9 48
9 55
9 65
9 118
9 136
9 195
9 307
10 48
10 66
10 132
10 229
10 269
10 332
11 9
11 46
11 75
11 124
11 128
11 174
11 238
11 344
12 80
12 117
12 161
12 181
12 329
13 78
13 79
13 80
13 113
13 121
13 278
13 285
13 322
14 48
14 97
14 175
14 180
14 285
14 322
15 26
15 49
15 187
15 240
15 344
16 62
16 73
16 119
16 121
16 186
17 33
17 97
17 113
17 190
17 276
17 285
18 87
18 152
18 187
18 228
18 260
18 279
18 343
18 350
19 69
19 141
19 147
19 247
19 250
19 328
20 33
20 40
20 48
20 158
20 165
20 193
20 291
21 51
21 76
21 216
21 243
21 259
21 354
22 14
22 65
22 200
22 205
22 217
22 231
23 32
23 46
23 79
23 85
23 188
23 320
24 84
24 86
24 98
24 100
24 287
24 337
25 12
25 105
25 277
25 295
26 50
26 96
26 153
26 231
26 283
26 319
26 333
26 342
27 37
27 60
27 61
27 89
27 127
27 163
27 313
28 14
28 62
28 75
28 88
28 132
28 216
28 239
29 65
29 148
29 223
29 245
29 277
29 334
30 23
30 62
30 95
30 188
30 259
30 313
30 332
31 7
31 166
31 196
31 275
31 321
31 325
31 329
32 360
33 360
34 103
34 107
34 169
34 295
35 30
35 132
35 146
35 208
35 228
35 274
35 313
35 343
36 10
36 85
36 106
36 125
36 138
36 214
36 287
36 316
37 166
37 180
37 190
37 228
37 285
37 306
37 313
37 353
38 84
38 97
38 117
38 154
38 276
38 289
39 52
39 77
39 177
39 215
39 274
39 308
40 48
40 319
40 327
40 354
41 6
41 37
41 175
41 297
42 360
43 50
43 83
43 155
43 200
43 271
43 291
43 314
44 5
44 41
44 67
44 252
44 302
45 10
45 32
45 77
45 161
45 225
45 276
45 328
45 348
46 360
47 40
47 48
47 63
47 286
48 360
49 43
49 65
49 166
49 237
49 313
49 328
49 330
49 333
50 360
51 155
51 164
51 171
51 236
51 320
52 84
52 181
52 188
52 193
53 56
53 89
53 121
53 127
53 306
53 331
54 13
54 46
54 48
54 84
54 165
54 306
54 328
54 333
55 62
55 69
55 70
55 96
55 125
55 131
55 200
55 236
56 42
56 46
56 78
56 96
56 121
56 285
56 287
56 328
57 53
57 149
57 230
57 242
57 253
57 281
57 309
58 9
58 62
58 74
58 118
58 124
58 178
58 232
58 259
59 53
59 174
59 180
59 236
59 242
59 263
60 360
61 78
61 162
61 174
61 190
61 313
61 353
62 83
62 228
62 276
62 294
62 302
62 314
63 61
63 113
63 117
63 285
64 143
64 205
64 231
64 245
64 247
64 293
65 63
65 66
65 70
65 124
65 166
65 287
65 331
66 33
66 46
66 121
66 171
66 190
66 353
67 50
67 55
67 84
67 190
67 224
67 228
67 259
67 271
68 99
68 133
68 241
68 247
68 271
68 276
69 360
70 60
70 61
70 96
70 328
71 22
71 124
71 187
71 219
71 271
71 289
71 332
71 348
72 60
72 79
72 218
72 235
72 243
72 304
73 164
73 278
73 285
73 294
74 6
74 12
74 151
74 158
74 185
74 251
75 48
75 139
75 159
75 181
75 273
75 274
75 308
75 325
76 154
76 163
76 205
76 224
76 276
76 283
76 327
77 69
77 107
77 200
77 214
77 254
77 294
77 329
78 360
79 48
79 61
79 86
79 175
79 263
79 306
79 331
80 46
80 96
80 121
80 180
80 228
80 313
81 54
81 77
81 187
81 220
82 17
82 48
82 60
82 97
82 175
82 291
82 304
82 333
83 89
83 96
83 113
83 314
83 320
84 83
84 112
84 188
84 285
84 313
84 332
85 56
85 63
85 98
85 113
85 117
86 360
87 89
87 159
87 228
87 242
87 287
87 331
87 341
88 80
88 89
88 236
88 333
88 341
89 86
89 162
89 190
89 287
90 38
90 66
90 70
90 73
90 234
90 240
90 289
90 314
91 112
91 164
91 165
91 241
91 259
91 285
91 330
92 107
92 153
92 176
92 179
92 240
92 285
92 337
92 358
93 20
93 61
93 84
93 192
93 224
94 63
94 127
94 154
94 182
94 200
94 259
95 14
95 32
95 162
95 224
95 304
96 360
97 46
97 121
97 190
97 228
97 285
97 328
98 78
98 200
98 306
98 329
99 23
99 88
99 127
99 154
99 164
99 271
99 276
99 286
100 49
100 165
100 181
100 234
100 237
100 263
100 319
100 341
101 38
101 159
101 274
101 328
101 347
102 38
102 200
102 276
102 283
102 325
102 336
103 79
103 117
103 166
103 283
104 16
104 118
104 146
104 232
104 254
104 281
104 302
104 332
105 7
105 63
105 328
105 341
106 61
106 69
106 161
106 276
107 33
107 37
107 80
107 97
107 175
107 263
107 353
108 79
108 123
108 150
108 187
108 292
108 301
108 304
108 343
109 26
109 46
109 220
109 334
110 86
110 103
110 106
110 137
110 157
110 185
111 34
111 48
111 100
111 107
111 250
112 46
112 50
112 69
112 163
112 236
112 285
112 306
112 328
113 48
113 78
113 166
113 175
113 285
113 328
113 353
114 61
114 185
114 187
114 231
114 256
114 277
114 317
114 324
115 5
115 53
115 78
115 139
115 146
115 154
115 325
116 78
116 80
116 171
116 322
116 342
117 360
118 50
118 84
118 171
118 286
118 290
118 330
119 23
119 63
119 143
119 342
120 30
120 53
120 92
120 179
120 336
121 360
122 150
122 238
122 275
122 337
123 49
123 133
123 143
123 155
123 163
123 294
124 159
124 162
124 164
124 166
124 190
124 237
124 287
124 353
125 37
125 174
125 175
125 200
125 228
125 254
125 278
125 322
126 88
126 98
126 167
126 317
126 329
127 48
127 78
127 117
127 190
127 328
127 331
127 353
128 43
128 50
128 164
128 165
128 241
129 61
129 176
129 196
129 316
129 326
129 351
130 12
130 142
130 255
130 337
131 50
131 63
131 94
131 174
131 241
131 302
132 27
132 83
132 124
132 285
132 291
132 331
132 332
132 353
133 42
133 131
133 174
133 190
133 271
133 289
134 60
134 96
134 121
134 159
134 171
134 173
134 236
134 342
135 56
135 79
135 85
135 231
135 236
135 263
135 329
135 337
136 26
136 33
136 118
136 123
136 142
136 174
136 246
136 271
137 174
137 182
137 187
137 208
137 215
137 288
137 317
137 353
138 13
138 69
138 88
138 211
139 56
139 69
139 79
139 202
139 263
139 296
139 332
140 15
140 30
140 223
140 243
141 70
141 73
141 163
141 171
141 181
141 290
141 330
142 69
142 70
142 78
142 89
142 96
142 113
142 159
142 237
143 32
143 42
143 78
143 274
143 294
143 304
143 320
143 322
144 1
144 67
144 89
144 94
144 185
144 322
145 106
145 169
145 333
145 336
146 86
146 88
146 217
146 231
146 302
146 351
147 16
147 51
147 59
147 124
147 141
147 164
147 200
147 316
148 106
148 113
148 125
148 200
148 224
148 274
148 341
149 99
149 161
149 202
149 243
149 275
149 307
149 334
150 17
150 61
150 218
150 242
150 259
151 22
151 71
151 169
151 216
151 237
151 278
151 342
152 30
152 185
152 223
152 310
153 49
153 106
153 163
153 180
153 319
154 33
154 61
154 66
154 117
154 166
154 180
154 236
155 98
155 107
155 127
155 314
156 74
156 133
156 145
156 199
156 248
156 319
157 175
157 195
157 294
157 297
157 316
158 86
158 229
158 261
158 273
158 342
158 345
159 37
159 80
159 86
159 89
159 97
159 121
159 166
160 6
160 9
160 74
160 90
160 169
161 69
161 70
161 127
161 162
161 200
161 276
161 278
161 329
162 360
163 32
163 33
163 60
163 61
163 113
163 117
163 314
163 328
164 42
164 61
164 69
164 175
165 42
165 48
165 60
165 174
165 331
166 360
167 84
167 171
167 174
167 236
168 17
168 236
168 242
168 351
169 43
169 63
169 105
169 125
169 200
169 331
169 337
170 70
170 82
170 125
170 245
171 360
172 5
172 17
172 96
172 113
172 181
172 182
172 302
172 311
173 61
173 96
173 171
173 228
173 236
173 263
173 276
173 353
174 360
175 360
176 97
176 173
176 236
176 322
176 329
176 330
177 50
177 60
177 86
177 127
177 255
177 263
177 328
177 341
178 66
178 79
178 125
178 164
178 302
178 317
179 12
179 37
179 123
179 162
179 166
179 236
179 325
180 360
181 80
181 96
181 259
181 320
181 331
182 80
182 97
182 98
182 162
182 180
182 188
182 236
182 271
183 115
183 234
183 316
183 319
183 322
183 333
184 68
184 269
184 287
184 319
185 10
185 23
185 87
185 163
185 237
185 242
185 255
185 332
186 5
186 154
186 242
186 252
186 286
186 311
187 17
187 163
187 166
187 241
187 242
187 255
187 285
187 291
188 46
188 78
188 121
188 162
188 166
188 175
188 180
188 331
189 22
189 46
189 48
189 106
189 150
189 259
189 302
189 337
190 360
191 112
191 262
191 330
191 341
192 100
192 173
192 259
192 283
193 62
193 65
193 86
193 133
193 331
194 30
194 105
194 143
194 245
194 313
194 342
195 23
195 106
195 119
195 133
195 165
195 196
195 304
195 348
196 48
196 50
196 56
196 163
196 174
196 190
196 263
197 5
197 46
197 85
197 200
197 353
198 87
198 164
198 195
198 325
199 55
199 56
199 136
199 216
199 300
199 323
200 50
200 121
200 171
200 174
201 147
201 151
201 177
201 228
201 242
202 33
202 78
202 97
202 162
202 188
202 236
202 271
203 28
203 98
203 244
203 297
204 38
204 39
204 257
204 312
204 345
205 17
205 38
205 42
205 165
205 278
205 285
205 319
206 82
206 123
206 171
206 322
206 337
207 1
207 23
207 59
207 121
207 210
207 234
207 253
207 354
208 17
208 59
208 83
208 106
208 241
208 296
208 314
209 23
209 27
209 82
209 329
210 22
210 123
210 142
210 176
210 197
210 283
210 300
210 308
211 69
211 80
211 107
211 128
211 186
211 202
211 251
212 43
212 97
212 109
212 132
212 226
212 319
213 17
213 24
213 42
213 135
213 264
213 345
213 351
214 42
214 50
214 79
214 159
214 237
215 27
215 87
215 148
215 214
215 263
215 304
216 73
216 128
216 228
216 229
216 274
216 289
217 7
217 42
217 127
217 175
217 196
217 275
217 322
218 33
218 53
218 80
218 155
218 241
218 314
219 65
219 94
219 171
219 251
219 321
219 348
220 112
220 155
220 200
220 202
220 331
221 49
221 111
221 113
221 161
221 215
221 344
221 345
221 355
222 69
222 134
222 154
222 194
222 220
223 13
223 46
223 91
223 214
223 231
223 271
223 307
224 175
224 241
224 263
224 291
225 32
225 97
225 165
225 242
225 278
226 167
226 229
226 254
226 314
226 337
226 354
227 1
227 14
227 199
227 246
227 272
227 324
228 360
229 54
229 173
229 177
229 218
229 329
230 60
230 97
230 104
230 197
230 215
230 241
230 334
230 357
231 27
231 50
231 60
231 124
231 155
231 171
231 354
231 358
232 155
232 171
232 215
232 237
232 278
232 306
233 36
233 109
233 116
233 189
233 258
233 271
233 328
234 50
234 83
234 162
234 182
234 240
234 321
234 348
235 63
235 80
235 123
235 354
236 42
236 96
236 175
236 190
236 353
237 46
237 174
237 180
237 263
238 61
238 75
238 134
238 177
238 310
239 90
239 177
239 300
239 316
240 48
240 83
240 107
240 112
240 125
241 83
241 165
241 182
241 237
241 259
241 263
241 333
242 32
242 37
242 61
242 162
242 166
242 200
243 5
243 66
243 95
243 113
243 123
243 153
243 155
243 309
244 123
244 153
244 171
244 184
244 214
244 249
244 286
245 65
245 97
245 117
245 208
245 304
246 66
246 163
246 175
246 269
246 296
246 347
247 1
247 63
247 237
247 241
248 22
248 94
248 173
248 231
248 293
248 313
249 45
249 56
249 63
249 124
249 131
249 351
249 354
250 40
250 275
250 311
250 316
250 320
250 324
250 353
251 37
251 78
251 196
251 240
251 291
251 322
252 46
252 60
252 66
252 80
252 119
252 163
252 302
253 70
253 96
253 202
253 225
253 237
254 32
254 42
254 46
254 56
254 117
254 121
254 228
255 37
255 80
255 127
255 313
255 314
255 331
256 30
256 83
256 86
256 187
256 210
256 226
256 252
256 325
257 50
257 63
257 100
257 148
257 149
257 320
258 22
258 67
258 137
258 269
258 296
259 63
259 78
259 80
259 121
259 174
259 236
259 263
259 314
260 100
260 107
260 167
260 168
260 319
260 345
261 1
261 27
261 38
261 60
261 98
261 125
261 153
261 255
262 42
262 56
262 79
262 80
262 291
262 306
262 320
263 96
263 121
263 180
263 285
263 287
264 61
264 79
264 119
264 143
264 182
264 294
265 34
265 122
265 182
265 196
265 200
265 232
265 282
265 341
266 47
266 82
266 117
266 187
266 264
266 346
266 350
267 66
267 152
267 239
267 316
268 14
268 21
268 77
268 102
268 179
268 208
269 85
269 173
269 202
269 330
270 67
270 78
270 92
270 157
270 215
270 281
271 37
271 48
271 96
271 162
271 285
271 313
272 48
272 95
272 123
272 124
272 164
272 220
272 237
272 263
273 112
273 113
273 202
273 218
273 341
274 48
274 69
274 107
274 165
274 200
274 237
274 314
274 331
275 37
275 78
275 85
275 89
275 97
275 328
275 354
276 32
276 80
276 287
276 329
277 22
277 196
277 215
277 350
278 33
278 37
278 78
278 96
278 166
278 174
278 314
278 328
279 43
279 77
279 92
279 231
280 73
280 132
280 161
280 177
280 242
280 261
280 278
280 343
281 33
281 39
281 167
281 193
281 223
281 255
281 354
282 73
282 82
282 128
282 173
282 220
282 329
282 354
283 188
283 273
283 321
283 330
284 79
284 208
284 229
284 300
285 360
286 73
286 88
286 254
286 313
286 321
287 360
288 88
288 162
288 216
288 225
288 275
288 300
288 316
288 330
289 32
289 78
289 163
289 228
289 263
289 331
289 333
290 70
290 142
290 182
290 237
290 254
290 333
291 7
291 37
291 80
291 113
291 164
291 331
292 157
292 165
292 281
292 342
293 43
293 50
293 306
293 325
294 42
294 107
294 113
294 237
294 259
294 271
294 276
295 17
295 22
295 63
295 75
295 133
295 313
296 53
296 78
296 97
296 166
296 236
296 313
297 40
297 83
297 95
297 97
297 154
297 162
297 275
297 350
298 179
298 243
298 246
298 252
298 320
299 51
299 54
299 171
299 193
299 240
299 347
300 65
300 85
300 132
300 139
300 163
300 202
300 287
301 1
301 11
301 66
301 100
301 136
301 192
301 193
301 299
302 48
302 61
302 79
302 97
302 332
303 88
303 127
303 206
303 353
303 355
304 33
304 60
304 85
304 180
304 276
304 285
304 353
305 14
305 36
305 60
305 137
305 149
305 191
305 214
306 360
307 159
307 173
307 200
307 278
307 354
308 66
308 89
308 259
308 289
308 314
309 27
309 48
309 51
309 66
309 98
309 255
309 278
309 294
310 54
310 98
310 99
310 234
311 38
311 49
311 106
311 348
312 123
312 126
312 130
312 136
312 291
313 360
314 46
314 48
314 78
314 86
314 166
314 171
314 174
314 313
315 154
315 158
315 287
315 350
316 56
316 139
316 245
316 269
316 334
317 66
317 121
317 302
317 331
318 20
318 60
318 67
318 179
318 202
318 240
318 297
319 32
319 63
319 112
319 113
319 200
319 225
319 341
320 46
320 48
320 78
320 166
321 14
321 142
321 163
321 296
322 42
322 89
322 117
322 171
322 306
322 320
323 6
323 26
323 30
323 73
323 269
324 60
324 96
324 99
324 154
324 180
324 253
324 306
324 341
325 51
325 86
325 173
325 231
325 252
325 271
325 348
325 353
326 82
326 87
326 242
326 289
326 291
326 298
327 46
327 82
327 220
327 251
328 360
329 180
329 285
329 313
329 353
330 33
330 37
330 69
330 97
330 174
330 313
331 360
332 7
332 70
332 174
332 263
332 276
332 306
333 66
333 107
333 113
333 162
333 188
333 236
333 287
333 342
334 6
334 190
334 254
334 304
334 313
335 164
335 171
335 184
335 218
335 277
336 38
336 96
336 113
336 215
336 237
336 289
336 290
336 334
337 27
337 48
337 66
337 155
337 275
337 329
338 32
338 181
338 187
338 319
338 320
338 341
338 349
339 22
339 51
339 169
339 320
340 42
340 51
340 112
340 119
340 148
341 33
341 42
341 63
341 112
341 182
341 200
341 236
341 328
342 42
342 86
342 171
342 285
342 287
342 306
343 7
343 27
343 37
343 154
344 75
344 224
344 308
344 319
345 23
345 82
345 113
345 161
345 321
345 332
345 351
346 141
346 179
346 242
346 347
346 351
347 14
347 94
347 150
347 173
347 255
347 328
348 17
348 70
348 80
348 84
348 97
348 125
348 313
349 82
349 134
349 154
349 161
349 242
349 259
349 271
350 14
350 50
350 63
350 117
350 190
350 254
350 259
350 296
351 59
351 163
351 228
351 290
352 16
352 27
352 40
352 130
352 175
352 176
352 200
352 220
353 360
354 7
354 96
354 314
354 332
355 23
355 192
355 195
355 240
355 263
355 296
355 358
356 26
356 29
356 86
356 91
356 97
356 180
356 343
357 103
357 128
357 168
357 263
357 328
357 330
357 334
358 23
358 60
358 83
358 304
359 141
359 177
359 187
359 190
359 322
