# Tier 6 (Large) - Instance 74
# Generated with config: N=299, K=5, topology=random_dag, calendar=random

# HEADER: <num_tasks> <num_types> <num_units>
301 5 24

# RESOURCE TYPES
# Format: <type_id> <num_units> <unit_id1> <unit_id2> ...
0 4 0 1 2 3
1 3 4 5 6
2 7 7 8 9 10 11 12 13
3 4 14 15 16 17
4 6 18 19 20 21 22 23

# RESOURCE UNITS (Calendars)
# Format: <unit_id> <num_steps> <t1> <v1> <t2> <v2> ...
0 27 0 0 14 100 172 0 175 100 302 0 314 100 437 0 451 100 525 0 538 100 649 0 656 100 828 0 837 100 888 0 893 100 1043 0 1049 100 1130 0 1139 100 1194 0 1199 100 1248 0 1255 100 1389 0 1393 100 2641 0
1 27 0 0 7 100 188 0 194 100 369 0 375 100 478 0 482 100 624 0 630 100 787 0 801 100 860 0 866 100 964 0 973 100 1029 0 1043 100 1094 0 1108 100 1280 0 1288 100 1445 0 1448 100 1486 0 1498 100 2641 0
2 27 0 0 8 100 105 0 117 100 235 0 244 100 299 0 314 100 369 0 379 100 460 0 475 100 558 0 560 100 714 0 727 100 854 0 864 100 930 0 939 100 1043 0 1052 100 1219 0 1232 100 1312 0 1325 100 2641 0
3 27 0 0 14 100 146 0 154 100 266 0 276 100 386 0 394 100 464 0 470 100 531 0 542 100 658 0 662 100 726 0 738 100 802 0 808 100 902 0 917 100 1024 0 1030 100 1189 0 1200 100 1238 0 1249 100 2641 0
4 27 0 0 10 100 66 0 72 100 173 0 179 100 274 0 278 100 317 0 327 100 380 0 385 100 451 0 460 100 605 0 616 100 697 0 700 100 780 0 785 100 843 0 846 100 920 0 924 100 1041 0 1056 100 2641 0
5 27 0 0 8 100 57 0 61 100 175 0 181 100 217 0 224 100 382 0 388 100 531 0 536 100 714 0 718 100 824 0 827 100 873 0 888 100 1029 0 1034 100 1168 0 1177 100 1218 0 1228 100 1400 0 1414 100 2641 0
6 27 0 100 140 0 153 100 328 0 340 100 373 0 385 100 525 0 529 100 648 0 655 100 809 0 816 100 916 0 923 100 979 0 992 100 1116 0 1119 100 1160 0 1165 100 1342 0 1353 100 1500 0 1506 100 1562 0 2641 0
7 27 0 0 10 100 129 0 140 100 279 0 287 100 318 0 330 100 458 0 464 100 633 0 647 100 730 0 738 100 896 0 900 100 1023 0 1035 100 1114 0 1118 100 1263 0 1270 100 1413 0 1419 100 1566 0 1570 100 2641 0
8 27 0 0 3 100 118 0 122 100 295 0 309 100 465 0 471 100 560 0 567 100 693 0 698 100 819 0 830 100 1007 0 1022 100 1150 0 1153 100 1291 0 1296 100 1419 0 1422 100 1562 0 1577 100 1624 0 1636 100 2641 0
9 27 0 0 8 100 162 0 172 100 247 0 250 100 369 0 373 100 448 0 453 100 624 0 636 100 807 0 816 100 883 0 886 100 981 0 992 100 1057 0 1063 100 1130 0 1135 100 1219 0 1229 100 1309 0 1313 100 2641 0
10 27 0 0 3 100 59 0 67 100 109 0 116 100 272 0 283 100 350 0 361 100 529 0 542 100 575 0 579 100 725 0 733 100 897 0 906 100 999 0 1014 100 1181 0 1187 100 1238 0 1246 100 1308 0 1314 100 2641 0
11 27 0 0 12 100 115 0 129 100 216 0 223 100 381 0 395 100 572 0 578 100 671 0 680 100 827 0 839 100 891 0 900 100 1074 0 1077 100 1197 0 1209 100 1382 0 1390 100 1471 0 1475 100 1619 0 1634 100 2641 0
12 27 0 0 3 100 89 0 95 100 236 0 251 100 413 0 424 100 480 0 484 100 589 0 597 100 760 0 771 100 897 0 901 100 979 0 982 100 1080 0 1090 100 1205 0 1212 100 1379 0 1388 100 1445 0 1458 100 2641 0
13 27 0 100 68 0 73 100 154 0 165 100 306 0 315 100 346 0 355 100 500 0 503 100 662 0 668 100 811 0 824 100 977 0 980 100 1094 0 1100 100 1167 0 1174 100 1259 0 1274 100 1371 0 1373 100 1471 0 2641 0
14 27 0 100 59 0 65 100 224 0 239 100 400 0 414 100 508 0 516 100 652 0 654 100 772 0 784 100 925 0 932 100 1019 0 1030 100 1159 0 1170 100 1265 0 1280 100 1361 0 1365 100 1545 0 1551 100 1700 0 2641 0
15 27 0 100 40 0 49 100 111 0 115 100 201 0 207 100 238 0 240 100 336 0 343 100 510 0 524 100 706 0 721 100 805 0 811 100 859 0 869 100 972 0 986 100 1136 0 1149 100 1330 0 1334 100 1482 0 2641 0
16 27 0 100 79 0 86 100 209 0 220 100 257 0 269 100 397 0 407 100 558 0 567 100 659 0 662 100 735 0 748 100 881 0 887 100 1047 0 1060 100 1134 0 1147 100 1218 0 1227 100 1338 0 1349 100 1458 0 2641 0
17 27 0 0 13 100 107 0 114 100 203 0 216 100 279 0 288 100 323 0 338 100 442 0 444 100 590 0 605 100 778 0 789 100 831 0 841 100 983 0 996 100 1142 0 1144 100 1248 0 1259 100 1402 0 1417 100 2641 0
18 27 0 0 3 100 93 0 101 100 247 0 260 100 437 0 440 100 512 0 521 100 685 0 694 100 752 0 755 100 933 0 938 100 971 0 982 100 1085 0 1091 100 1131 0 1141 100 1270 0 1281 100 1380 0 1391 100 2641 0
19 27 0 100 142 0 153 100 277 0 290 100 416 0 420 100 576 0 587 100 761 0 765 100 906 0 908 100 948 0 951 100 1091 0 1103 100 1155 0 1161 100 1301 0 1315 100 1394 0 1404 100 1540 0 1554 100 1728 0 2641 0
20 27 0 0 7 100 162 0 173 100 313 0 319 100 422 0 425 100 513 0 518 100 565 0 579 100 627 0 635 100 757 0 765 100 891 0 896 100 1018 0 1021 100 1137 0 1149 100 1242 0 1251 100 1345 0 1352 100 2641 0
21 27 0 100 164 0 173 100 315 0 318 100 393 0 406 100 485 0 488 100 625 0 627 100 793 0 796 100 909 0 921 100 967 0 976 100 1017 0 1023 100 1156 0 1164 100 1286 0 1295 100 1466 0 1480 100 1563 0 2641 0
22 27 0 0 14 100 139 0 144 100 204 0 217 100 307 0 314 100 427 0 440 100 518 0 520 100 605 0 619 100 761 0 764 100 862 0 871 100 930 0 940 100 1085 0 1098 100 1146 0 1149 100 1284 0 1295 100 2641 0
23 27 0 0 8 100 110 0 113 100 186 0 199 100 312 0 314 100 408 0 416 100 581 0 590 100 700 0 710 100 753 0 762 100 839 0 841 100 930 0 932 100 1024 0 1036 100 1150 0 1158 100 1332 0 1334 100 2641 0

# TASKS
# Format: <task_id> <size> <num_reqs>
# Then for each requirement: <type_id> <qty>
0 0 5
 0 0
 1 0
 2 0
 3 0
 4 0
1 7 5
 0 0
 1 1
 2 1
 3 1
 4 0
2 4 5
 0 1
 1 0
 2 0
 3 0
 4 2
3 10 5
 0 0
 1 2
 2 3
 3 2
 4 0
4 11 5
 0 2
 1 3
 2 0
 3 3
 4 3
5 2 5
 0 3
 1 1
 2 2
 3 0
 4 1
6 17 5
 0 2
 1 3
 2 1
 3 0
 4 2
7 9 5
 0 0
 1 0
 2 1
 3 1
 4 2
8 9 5
 0 0
 1 2
 2 1
 3 2
 4 0
9 16 5
 0 3
 1 3
 2 3
 3 1
 4 0
10 13 5
 0 3
 1 0
 2 1
 3 0
 4 1
11 8 5
 0 3
 1 2
 2 0
 3 0
 4 3
12 12 5
 0 1
 1 0
 2 0
 3 0
 4 2
13 10 5
 0 3
 1 2
 2 0
 3 0
 4 3
14 20 5
 0 2
 1 1
 2 0
 3 0
 4 0
15 20 5
 0 0
 1 0
 2 0
 3 0
 4 1
16 11 5
 0 2
 1 1
 2 0
 3 0
 4 0
17 2 5
 0 0
 1 0
 2 0
 3 2
 4 2
18 16 5
 0 2
 1 1
 2 3
 3 0
 4 0
19 2 5
 0 2
 1 3
 2 0
 3 1
 4 0
20 9 5
 0 0
 1 2
 2 0
 3 3
 4 2
21 12 5
 0 0
 1 1
 2 1
 3 1
 4 3
22 9 5
 0 1
 1 1
 2 3
 3 1
 4 0
23 17 5
 0 0
 1 3
 2 2
 3 2
 4 0
24 4 5
 0 3
 1 3
 2 0
 3 1
 4 2
25 19 5
 0 0
 1 0
 2 3
 3 1
 4 0
26 16 5
 0 2
 1 3
 2 0
 3 3
 4 2
27 13 5
 0 3
 1 3
 2 3
 3 1
 4 3
28 7 5
 0 3
 1 3
 2 1
 3 1
 4 1
29 9 5
 0 2
 1 0
 2 1
 3 0
 4 0
30 12 5
 0 1
 1 2
 2 2
 3 0
 4 3
31 19 5
 0 0
 1 3
 2 1
 3 3
 4 0
32 19 5
 0 0
 1 1
 2 0
 3 3
 4 0
33 6 5
 0 3
 1 2
 2 2
 3 0
 4 1
34 6 5
 0 3
 1 3
 2 0
 3 1
 4 0
35 19 5
 0 0
 1 2
 2 3
 3 1
 4 0
36 10 5
 0 0
 1 3
 2 2
 3 0
 4 2
37 16 5
 0 2
 1 0
 2 1
 3 0
 4 0
38 1 5
 0 2
 1 1
 2 2
 3 1
 4 1
39 16 5
 0 1
 1 3
 2 3
 3 1
 4 1
40 10 5
 0 1
 1 3
 2 2
 3 2
 4 0
41 19 5
 0 3
 1 3
 2 1
 3 1
 4 0
42 9 5
 0 3
 1 1
 2 1
 3 1
 4 1
43 15 5
 0 2
 1 0
 2 2
 3 3
 4 0
44 7 5
 0 3
 1 1
 2 0
 3 0
 4 0
45 16 5
 0 0
 1 1
 2 0
 3 1
 4 3
46 5 5
 0 0
 1 0
 2 2
 3 2
 4 1
47 16 5
 0 2
 1 2
 2 3
 3 2
 4 0
48 3 5
 0 0
 1 3
 2 0
 3 3
 4 0
49 11 5
 0 1
 1 1
 2 3
 3 1
 4 0
50 20 5
 0 1
 1 1
 2 3
 3 2
 4 1
51 4 5
 0 0
 1 0
 2 0
 3 2
 4 0
52 19 5
 0 3
 1 3
 2 1
 3 1
 4 2
53 14 5
 0 0
 1 3
 2 0
 3 0
 4 0
54 10 5
 0 0
 1 2
 2 3
 3 3
 4 1
55 16 5
 0 0
 1 1
 2 2
 3 0
 4 0
56 19 5
 0 1
 1 2
 2 1
 3 0
 4 0
57 1 5
 0 2
 1 0
 2 3
 3 0
 4 0
58 3 5
 0 0
 1 0
 2 2
 3 3
 4 3
59 10 5
 0 1
 1 2
 2 3
 3 0
 4 1
60 11 5
 0 1
 1 0
 2 3
 3 0
 4 3
61 8 5
 0 2
 1 3
 2 1
 3 1
 4 2
62 19 5
 0 2
 1 0
 2 2
 3 3
 4 2
63 1 5
 0 0
 1 3
 2 2
 3 1
 4 0
64 14 5
 0 1
 1 0
 2 1
 3 3
 4 0
65 15 5
 0 0
 1 3
 2 0
 3 0
 4 3
66 16 5
 0 0
 1 3
 2 0
 3 3
 4 0
67 16 5
 0 0
 1 1
 2 3
 3 3
 4 3
68 6 5
 0 0
 1 2
 2 1
 3 1
 4 2
69 4 5
 0 2
 1 1
 2 0
 3 1
 4 0
70 5 5
 0 2
 1 1
 2 3
 3 0
 4 0
71 12 5
 0 3
 1 0
 2 0
 3 0
 4 3
72 15 5
 0 1
 1 2
 2 1
 3 1
 4 2
73 14 5
 0 2
 1 3
 2 2
 3 3
 4 3
74 20 5
 0 1
 1 1
 2 2
 3 2
 4 0
75 6 5
 0 0
 1 2
 2 0
 3 1
 4 0
76 11 5
 0 3
 1 0
 2 0
 3 2
 4 0
77 20 5
 0 3
 1 0
 2 3
 3 1
 4 0
78 6 5
 0 1
 1 3
 2 1
 3 2
 4 3
79 20 5
 0 0
 1 0
 2 0
 3 1
 4 2
80 8 5
 0 1
 1 2
 2 3
 3 0
 4 1
81 18 5
 0 0
 1 2
 2 1
 3 0
 4 0
82 10 5
 0 1
 1 0
 2 0
 3 2
 4 2
83 19 5
 0 0
 1 1
 2 0
 3 1
 4 0
84 7 5
 0 1
 1 0
 2 0
 3 0
 4 0
85 3 5
 0 3
 1 0
 2 1
 3 0
 4 3
86 6 5
 0 3
 1 3
 2 0
 3 1
 4 0
87 8 5
 0 3
 1 3
 2 3
 3 2
 4 1
88 1 5
 0 0
 1 3
 2 1
 3 1
 4 0
89 6 5
 0 3
 1 3
 2 0
 3 0
 4 0
90 2 5
 0 2
 1 0
 2 2
 3 0
 4 3
91 19 5
 0 2
 1 1
 2 2
 3 3
 4 3
92 10 5
 0 3
 1 3
 2 0
 3 0
 4 0
93 20 5
 0 0
 1 3
 2 3
 3 1
 4 1
94 18 5
 0 2
 1 2
 2 3
 3 0
 4 1
95 3 5
 0 3
 1 0
 2 1
 3 3
 4 0
96 2 5
 0 2
 1 2
 2 0
 3 3
 4 0
97 15 5
 0 1
 1 1
 2 0
 3 0
 4 3
98 10 5
 0 2
 1 0
 2 0
 3 2
 4 0
99 14 5
 0 1
 1 2
 2 1
 3 3
 4 2
100 5 5
 0 0
 1 2
 2 2
 3 3
 4 2
101 19 5
 0 0
 1 1
 2 3
 3 2
 4 2
102 8 5
 0 1
 1 1
 2 0
 3 3
 4 0
103 17 5
 0 2
 1 0
 2 0
 3 2
 4 0
104 13 5
 0 2
 1 2
 2 1
 3 1
 4 2
105 20 5
 0 1
 1 3
 2 0
 3 1
 4 1
106 13 5
 0 0
 1 0
 2 0
 3 1
 4 3
107 6 5
 0 0
 1 2
 2 0
 3 2
 4 3
108 6 5
 0 1
 1 0
 2 1
 3 1
 4 1
109 12 5
 0 0
 1 2
 2 0
 3 0
 4 0
110 14 5
 0 0
 1 3
 2 0
 3 2
 4 0
111 13 5
 0 0
 1 0
 2 0
 3 0
 4 2
112 18 5
 0 2
 1 0
 2 1
 3 0
 4 3
113 12 5
 0 3
 1 3
 2 0
 3 3
 4 0
114 2 5
 0 2
 1 0
 2 0
 3 1
 4 1
115 18 5
 0 0
 1 1
 2 2
 3 0
 4 3
116 14 5
 0 0
 1 0
 2 0
 3 2
 4 3
117 19 5
 0 3
 1 2
 2 0
 3 0
 4 1
118 6 5
 0 3
 1 2
 2 0
 3 0
 4 3
119 16 5
 0 0
 1 0
 2 0
 3 2
 4 0
120 9 5
 0 3
 1 0
 2 3
 3 3
 4 3
121 9 5
 0 0
 1 1
 2 0
 3 0
 4 2
122 7 5
 0 2
 1 3
 2 3
 3 3
 4 0
123 2 5
 0 1
 1 3
 2 1
 3 2
 4 1
124 16 5
 0 1
 1 0
 2 0
 3 0
 4 1
125 15 5
 0 1
 1 0
 2 0
 3 0
 4 0
126 14 5
 0 3
 1 1
 2 2
 3 1
 4 1
127 1 5
 0 1
 1 2
 2 0
 3 2
 4 0
128 14 5
 0 3
 1 0
 2 0
 3 1
 4 0
129 15 5
 0 2
 1 0
 2 3
 3 3
 4 0
130 9 5
 0 3
 1 2
 2 0
 3 0
 4 0
131 14 5
 0 3
 1 2
 2 3
 3 0
 4 0
132 5 5
 0 1
 1 2
 2 0
 3 1
 4 0
133 16 5
 0 1
 1 0
 2 3
 3 1
 4 3
134 14 5
 0 0
 1 3
 2 3
 3 3
 4 1
135 19 5
 0 0
 1 0
 2 0
 3 2
 4 0
136 17 5
 0 0
 1 0
 2 2
 3 3
 4 0
137 17 5
 0 2
 1 0
 2 0
 3 0
 4 2
138 1 5
 0 2
 1 1
 2 3
 3 0
 4 2
139 10 5
 0 0
 1 0
 2 0
 3 0
 4 1
140 15 5
 0 3
 1 2
 2 0
 3 1
 4 0
141 15 5
 0 3
 1 3
 2 1
 3 3
 4 2
142 12 5
 0 1
 1 0
 2 0
 3 2
 4 0
143 4 5
 0 0
 1 2
 2 2
 3 0
 4 1
144 17 5
 0 0
 1 0
 2 2
 3 3
 4 2
145 6 5
 0 2
 1 2
 2 0
 3 2
 4 0
146 19 5
 0 1
 1 0
 2 2
 3 1
 4 0
147 16 5
 0 2
 1 2
 2 2
 3 1
 4 2
148 14 5
 0 0
 1 1
 2 2
 3 1
 4 0
149 13 5
 0 0
 1 0
 2 2
 3 3
 4 2
150 16 5
 0 1
 1 3
 2 0
 3 0
 4 0
151 6 5
 0 1
 1 1
 2 0
 3 1
 4 0
152 16 5
 0 2
 1 2
 2 0
 3 3
 4 0
153 2 5
 0 1
 1 0
 2 0
 3 2
 4 0
154 13 5
 0 0
 1 3
 2 1
 3 0
 4 2
155 14 5
 0 2
 1 2
 2 0
 3 1
 4 2
156 19 5
 0 3
 1 1
 2 3
 3 1
 4 2
157 14 5
 0 2
 1 3
 2 3
 3 2
 4 0
158 7 5
 0 2
 1 3
 2 3
 3 3
 4 1
159 15 5
 0 2
 1 0
 2 0
 3 1
 4 2
160 17 5
 0 0
 1 0
 2 3
 3 0
 4 3
161 8 5
 0 3
 1 3
 2 0
 3 0
 4 1
162 10 5
 0 0
 1 3
 2 2
 3 3
 4 3
163 6 5
 0 2
 1 0
 2 0
 3 0
 4 2
164 2 5
 0 0
 1 1
 2 0
 3 0
 4 0
165 16 5
 0 2
 1 1
 2 1
 3 0
 4 3
166 11 5
 0 0
 1 1
 2 0
 3 0
 4 1
167 5 5
 0 1
 1 3
 2 1
 3 1
 4 1
168 1 5
 0 2
 1 2
 2 0
 3 3
 4 2
169 1 5
 0 0
 1 0
 2 2
 3 3
 4 2
170 3 5
 0 2
 1 1
 2 2
 3 0
 4 0
171 17 5
 0 3
 1 0
 2 1
 3 0
 4 0
172 7 5
 0 0
 1 0
 2 0
 3 0
 4 1
173 3 5
 0 1
 1 0
 2 3
 3 2
 4 2
174 14 5
 0 0
 1 0
 2 1
 3 0
 4 3
175 19 5
 0 0
 1 2
 2 1
 3 1
 4 3
176 17 5
 0 0
 1 1
 2 0
 3 2
 4 2
177 7 5
 0 3
 1 3
 2 0
 3 0
 4 2
178 9 5
 0 1
 1 1
 2 3
 3 3
 4 3
179 12 5
 0 2
 1 0
 2 2
 3 3
 4 3
180 8 5
 0 0
 1 0
 2 0
 3 3
 4 0
181 7 5
 0 1
 1 1
 2 2
 3 2
 4 0
182 15 5
 0 3
 1 0
 2 1
 3 0
 4 2
183 10 5
 0 2
 1 2
 2 1
 3 1
 4 1
184 19 5
 0 0
 1 2
 2 1
 3 0
 4 0
185 2 5
 0 1
 1 3
 2 0
 3 1
 4 3
186 1 5
 0 0
 1 0
 2 3
 3 2
 4 3
187 6 5
 0 3
 1 2
 2 3
 3 1
 4 3
188 5 5
 0 0
 1 2
 2 0
 3 3
 4 2
189 18 5
 0 3
 1 1
 2 0
 3 0
 4 3
190 15 5
 0 3
 1 3
 2 2
 3 2
 4 2
191 10 5
 0 3
 1 3
 2 3
 3 1
 4 0
192 18 5
 0 0
 1 0
 2 2
 3 0
 4 0
193 7 5
 0 1
 1 0
 2 0
 3 2
 4 0
194 20 5
 0 0
 1 3
 2 3
 3 3
 4 0
195 3 5
 0 3
 1 0
 2 1
 3 0
 4 3
196 13 5
 0 3
 1 0
 2 2
 3 3
 4 2
197 5 5
 0 1
 1 1
 2 1
 3 3
 4 0
198 8 5
 0 0
 1 0
 2 0
 3 0
 4 3
199 18 5
 0 1
 1 0
 2 3
 3 0
 4 0
200 3 5
 0 3
 1 3
 2 0
 3 0
 4 1
201 8 5
 0 0
 1 1
 2 2
 3 3
 4 0
202 3 5
 0 0
 1 3
 2 0
 3 0
 4 1
203 6 5
 0 1
 1 0
 2 0
 3 0
 4 2
204 6 5
 0 2
 1 0
 2 3
 3 1
 4 2
205 13 5
 0 2
 1 2
 2 3
 3 0
 4 0
206 18 5
 0 0
 1 2
 2 3
 3 0
 4 0
207 10 5
 0 0
 1 1
 2 2
 3 3
 4 0
208 8 5
 0 2
 1 1
 2 3
 3 0
 4 0
209 10 5
 0 3
 1 2
 2 0
 3 3
 4 3
210 6 5
 0 3
 1 3
 2 0
 3 1
 4 2
211 19 5
 0 3
 1 0
 2 3
 3 0
 4 0
212 16 5
 0 1
 1 1
 2 0
 3 3
 4 0
213 14 5
 0 0
 1 0
 2 0
 3 2
 4 1
214 3 5
 0 0
 1 0
 2 3
 3 0
 4 0
215 8 5
 0 0
 1 2
 2 3
 3 2
 4 1
216 20 5
 0 0
 1 2
 2 1
 3 0
 4 1
217 1 5
 0 0
 1 1
 2 3
 3 0
 4 0
218 20 5
 0 2
 1 1
 2 0
 3 2
 4 2
219 13 5
 0 0
 1 1
 2 0
 3 0
 4 2
220 11 5
 0 1
 1 0
 2 0
 3 3
 4 2
221 16 5
 0 1
 1 3
 2 2
 3 0
 4 0
222 17 5
 0 2
 1 1
 2 1
 3 0
 4 2
223 20 5
 0 3
 1 0
 2 0
 3 3
 4 1
224 16 5
 0 2
 1 3
 2 1
 3 1
 4 0
225 12 5
 0 3
 1 0
 2 2
 3 0
 4 0
226 11 5
 0 2
 1 3
 2 3
 3 1
 4 0
227 12 5
 0 3
 1 1
 2 3
 3 0
 4 0
228 20 5
 0 3
 1 0
 2 0
 3 3
 4 2
229 16 5
 0 2
 1 3
 2 2
 3 0
 4 1
230 6 5
 0 0
 1 2
 2 0
 3 3
 4 3
231 1 5
 0 2
 1 0
 2 2
 3 1
 4 1
232 19 5
 0 0
 1 1
 2 0
 3 1
 4 3
233 20 5
 0 2
 1 0
 2 0
 3 0
 4 3
234 4 5
 0 2
 1 0
 2 0
 3 2
 4 0
235 13 5
 0 3
 1 3
 2 2
 3 1
 4 2
236 13 5
 0 1
 1 0
 2 0
 3 1
 4 0
237 2 5
 0 0
 1 3
 2 0
 3 0
 4 0
238 18 5
 0 3
 1 0
 2 2
 3 1
 4 1
239 20 5
 0 0
 1 3
 2 0
 3 1
 4 2
240 20 5
 0 3
 1 2
 2 0
 3 0
 4 0
241 7 5
 0 1
 1 0
 2 0
 3 1
 4 0
242 20 5
 0 1
 1 2
 2 2
 3 2
 4 2
243 9 5
 0 1
 1 2
 2 2
 3 0
 4 3
244 20 5
 0 0
 1 0
 2 0
 3 3
 4 3
245 14 5
 0 0
 1 2
 2 3
 3 3
 4 2
246 3 5
 0 0
 1 3
 2 0
 3 1
 4 0
247 5 5
 0 2
 1 0
 2 3
 3 2
 4 3
248 12 5
 0 0
 1 1
 2 1
 3 0
 4 3
249 6 5
 0 3
 1 0
 2 3
 3 0
 4 0
250 1 5
 0 1
 1 1
 2 1
 3 0
 4 0
251 19 5
 0 0
 1 2
 2 0
 3 0
 4 0
252 5 5
 0 2
 1 0
 2 1
 3 2
 4 3
253 4 5
 0 1
 1 0
 2 3
 3 1
 4 0
254 6 5
 0 2
 1 0
 2 3
 3 0
 4 0
255 4 5
 0 1
 1 0
 2 1
 3 1
 4 1
256 13 5
 0 0
 1 0
 2 0
 3 2
 4 1
257 19 5
 0 2
 1 3
 2 0
 3 0
 4 0
258 15 5
 0 2
 1 2
 2 1
 3 0
 4 1
259 3 5
 0 1
 1 2
 2 0
 3 0
 4 0
260 11 5
 0 3
 1 1
 2 0
 3 0
 4 3
261 8 5
 0 3
 1 2
 2 0
 3 2
 4 0
262 4 5
 0 0
 1 0
 2 3
 3 2
 4 3
263 10 5
 0 1
 1 1
 2 0
 3 0
 4 2
264 20 5
 0 0
 1 1
 2 0
 3 3
 4 0
265 6 5
 0 0
 1 0
 2 0
 3 2
 4 1
266 14 5
 0 0
 1 3
 2 0
 3 1
 4 0
267 12 5
 0 0
 1 2
 2 2
 3 0
 4 2
268 1 5
 0 0
 1 0
 2 3
 3 2
 4 1
269 18 5
 0 1
 1 0
 2 0
 3 0
 4 0
270 7 5
 0 0
 1 0
 2 2
 3 1
 4 2
271 9 5
 0 0
 1 3
 2 0
 3 0
 4 0
272 1 5
 0 0
 1 3
 2 2
 3 3
 4 2
273 8 5
 0 0
 1 3
 2 3
 3 3
 4 0
274 4 5
 0 2
 1 0
 2 3
 3 3
 4 2
275 10 5
 0 3
 1 0
 2 3
 3 2
 4 0
276 17 5
 0 0
 1 1
 2 0
 3 1
 4 1
277 10 5
 0 1
 1 3
 2 3
 3 1
 4 2
278 13 5
 0 1
 1 1
 2 1
 3 0
 4 1
279 10 5
 0 0
 1 0
 2 0
 3 2
 4 3
280 13 5
 0 0
 1 0
 2 2
 3 2
 4 0
281 10 5
 0 1
 1 1
 2 3
 3 0
 4 3
282 2 5
 0 0
 1 3
 2 0
 3 1
 4 2
283 7 5
 0 2
 1 3
 2 3
 3 0
 4 0
284 18 5
 0 1
 1 2
 2 1
 3 0
 4 0
285 20 5
 0 0
 1 0
 2 0
 3 3
 4 3
286 8 5
 0 1
 1 0
 2 0
 3 1
 4 1
287 5 5
 0 0
 1 3
 2 1
 3 1
 4 0
288 1 5
 0 1
 1 2
 2 1
 3 0
 4 3
289 1 5
 0 2
 1 0
 2 2
 3 0
 4 3
290 12 5
 0 2
 1 0
 2 0
 3 0
 4 0
291 6 5
 0 2
 1 1
 2 2
 3 0
 4 0
292 6 5
 0 0
 1 1
 2 0
 3 3
 4 0
293 5 5
 0 0
 1 0
 2 3
 3 1
 4 0
294 9 5
 0 0
 1 1
 2 1
 3 0
 4 3
295 18 5
 0 1
 1 2
 2 3
 3 0
 4 3
296 14 5
 0 0
 1 2
 2 2
 3 0
 4 2
297 8 5
 0 3
 1 0
 2 3
 3 2
 4 0
298 14 5
 0 2
 1 0
 2 1
 3 3
 4 1
299 8 5
 0 3
 1 0
 2 3
 3 0
 4 1
300 0 5
 0 0
 1 0
 2 0
 3 0
 4 0

# PRECEDENCES
2016
0 3
0 4
0 26
0 33
0 35
0 39
0 40
0 43
0 54
0 60
0 67
0 71
0 75
0 78
0 82
0 88
0 89
0 108
0 114
0 117
0 123
0 124
0 126
0 128
0 133
0 136
0 157
0 158
0 159
0 163
0 167
0 168
0 180
0 190
0 192
0 195
0 196
0 197
0 198
0 200
0 204
0 208
0 215
0 218
0 223
0 226
0 227
0 231
0 232
0 252
0 254
0 261
0 262
0 263
0 266
0 271
0 274
0 276
0 280
0 282
0 293
0 298
1 24
1 112
1 122
1 170
1 175
1 205
1 209
1 210
1 251
2 18
2 61
2 112
2 127
2 203
2 245
2 269
3 18
3 22
3 125
3 137
3 217
3 231
3 271
4 21
4 69
4 98
4 150
4 160
4 181
4 187
4 260
5 46
5 135
5 147
5 186
5 212
5 235
5 253
5 275
5 291
6 139
6 149
6 217
6 237
6 241
7 13
7 44
7 49
7 171
7 187
7 212
7 237
8 6
8 55
8 138
8 169
8 206
8 240
8 244
8 253
8 277
9 10
9 48
9 49
9 119
9 135
9 147
9 152
9 228
10 31
10 58
10 76
10 135
10 152
10 169
10 207
10 225
10 283
11 18
11 58
11 137
11 182
11 207
12 118
12 143
12 170
12 175
12 228
13 46
13 50
13 56
13 147
13 187
13 265
14 9
14 49
14 56
14 193
14 253
15 10
15 169
15 181
15 182
15 202
15 225
15 241
16 11
16 29
16 31
16 79
16 170
16 205
16 250
16 264
16 275
17 18
17 31
17 46
17 50
17 225
18 300
19 131
19 137
19 154
19 209
19 237
19 245
19 272
20 36
20 83
20 207
20 228
20 288
21 55
21 104
21 129
21 173
21 222
22 61
22 146
22 155
22 209
22 212
22 230
23 31
23 37
23 70
23 74
23 135
23 297
24 10
24 109
24 118
24 143
24 147
24 217
24 228
24 229
24 264
25 9
25 10
25 30
25 70
25 74
25 122
25 160
25 194
25 268
26 30
26 36
26 73
26 118
26 178
26 191
26 192
26 247
27 2
27 14
27 84
27 138
27 169
27 176
27 178
27 228
27 240
28 14
28 68
28 72
28 135
28 193
28 237
28 245
28 294
29 17
29 76
29 97
29 210
29 283
30 17
30 46
30 74
30 169
30 283
31 300
32 18
32 46
32 58
32 96
32 97
32 99
32 137
32 186
33 164
33 187
33 239
33 246
33 251
33 265
34 152
34 169
34 176
34 186
34 228
34 253
34 267
35 26
35 179
35 216
35 268
35 270
35 285
36 15
36 70
36 138
36 147
36 182
36 202
37 143
37 150
37 170
37 184
37 265
38 37
38 69
38 86
38 194
38 225
38 229
38 248
39 6
39 44
39 94
39 129
39 152
39 155
39 216
40 90
40 120
40 127
40 162
40 214
40 264
40 268
40 270
40 291
41 50
41 85
41 113
41 177
41 185
42 1
42 91
42 162
42 183
42 185
42 211
42 237
42 255
42 296
43 27
43 28
43 79
43 84
43 104
43 110
43 172
43 176
44 18
44 50
44 97
44 137
44 184
45 31
45 65
45 110
45 141
45 194
45 239
46 300
47 44
47 175
47 202
47 268
47 283
48 58
48 160
48 177
48 182
48 221
48 283
49 50
49 76
49 97
49 186
49 210
50 300
51 59
51 185
51 211
51 220
51 253
52 14
52 41
52 47
52 113
52 154
52 169
53 150
53 176
53 225
53 242
53 260
53 268
53 281
53 297
54 39
54 86
54 90
54 174
54 257
54 286
55 12
55 47
55 96
55 203
55 295
56 18
56 97
56 143
56 155
56 194
56 291
57 76
57 155
57 164
57 228
57 230
57 268
57 284
58 300
59 1
59 20
59 76
59 182
59 253
60 61
60 120
60 161
60 206
60 230
60 241
61 86
61 99
61 113
61 119
61 122
61 169
61 268
61 283
62 20
62 91
62 127
62 188
62 209
62 240
62 269
62 285
63 24
63 29
63 102
63 160
63 216
63 242
63 275
63 286
63 299
64 14
64 16
64 171
64 188
64 219
64 222
65 80
65 145
65 205
65 228
65 235
65 251
66 36
66 104
66 135
66 155
66 185
66 222
66 225
66 228
66 241
67 11
67 21
67 73
67 132
67 142
67 160
67 186
68 58
68 112
68 121
68 184
68 273
68 295
69 18
69 31
69 76
69 96
69 97
69 171
69 176
69 221
70 31
70 50
70 58
70 97
70 99
70 207
70 210
70 233
70 283
71 11
71 23
71 30
71 83
71 97
71 115
71 183
71 206
71 290
72 47
72 55
72 97
72 122
72 142
72 234
72 243
73 57
73 58
73 257
73 288
73 290
74 46
74 50
74 58
74 135
74 137
74 210
75 170
75 175
75 194
75 210
75 234
75 281
75 287
76 300
77 145
77 199
77 209
77 288
77 290
78 31
78 44
78 105
78 183
78 220
78 240
79 46
79 76
79 96
79 178
79 186
79 207
79 210
79 225
79 233
80 49
80 121
80 139
80 155
80 169
81 171
81 178
81 182
81 225
81 249
81 264
81 283
82 12
82 138
82 151
82 166
82 213
82 240
82 246
83 56
83 121
83 139
83 182
83 186
83 241
83 273
84 11
84 17
84 53
84 57
84 112
84 131
84 153
84 161
84 181
85 97
85 104
85 137
85 160
85 178
85 187
85 221
85 288
86 79
86 139
86 207
86 229
86 237
87 79
87 112
87 176
87 237
87 241
87 291
87 292
87 295
88 39
88 47
88 96
88 99
88 107
88 112
88 293
89 61
89 84
89 96
89 167
89 193
89 201
89 238
89 286
90 9
90 23
90 41
90 94
90 111
90 140
90 221
90 279
91 10
91 87
91 177
91 178
91 209
91 264
91 273
91 288
92 1
92 96
92 122
92 235
92 267
92 291
93 36
93 70
93 115
93 119
93 150
93 172
93 181
93 253
94 29
94 47
94 100
94 119
94 210
94 229
95 12
95 56
95 58
95 155
95 202
96 300
97 300
98 5
98 25
98 57
98 96
98 99
98 161
98 229
98 249
98 260
99 300
100 29
100 70
100 99
100 236
100 251
100 264
101 23
101 99
101 164
101 175
101 199
102 11
102 25
102 85
102 107
102 119
102 146
102 284
103 122
103 205
103 237
103 281
103 295
104 31
104 58
104 99
104 178
104 182
104 186
104 210
105 11
105 81
105 174
105 233
105 277
106 11
106 61
106 80
106 81
106 102
106 210
106 251
107 30
107 50
107 87
107 112
107 185
107 202
107 207
107 273
108 14
108 57
108 87
108 202
108 207
108 254
109 85
109 164
109 176
109 181
109 269
110 34
110 50
110 87
110 99
110 178
111 36
111 44
111 56
111 99
111 134
111 140
111 235
112 34
112 46
112 76
112 96
112 113
112 150
112 170
112 267
113 58
113 99
113 122
113 135
113 143
113 169
113 182
113 233
114 1
114 98
114 121
114 183
114 247
114 265
114 268
114 277
115 139
115 187
115 221
115 265
115 281
116 5
116 12
116 120
116 165
116 189
116 216
116 299
117 5
117 81
117 97
117 246
117 299
118 17
118 58
118 70
118 74
118 138
118 181
118 186
118 187
118 221
119 17
119 70
119 155
119 177
119 209
119 221
120 70
120 79
120 83
120 119
120 121
120 143
120 243
121 9
121 31
121 34
121 137
121 176
122 96
122 99
122 152
122 182
122 225
122 233
123 29
123 50
123 69
123 70
123 165
123 228
123 257
123 288
124 100
124 143
124 156
124 184
124 219
124 243
124 285
125 36
125 99
125 113
125 140
125 150
125 155
125 237
126 58
126 94
126 105
126 110
126 211
126 255
126 258
126 286
126 291
127 5
127 14
127 30
127 49
127 83
127 110
127 118
127 237
127 257
128 29
128 44
128 100
128 154
128 224
128 268
128 283
129 102
129 118
129 121
129 125
129 127
129 150
129 201
129 283
130 10
130 15
130 34
130 110
130 169
130 181
131 29
131 50
131 97
131 176
131 260
132 19
132 46
132 59
132 87
132 103
132 144
132 146
132 244
133 100
133 109
133 121
133 156
133 264
134 25
134 145
134 178
134 225
134 237
135 300
136 52
136 57
136 63
136 64
136 143
136 166
136 247
136 281
137 300
138 58
138 135
138 137
138 177
138 178
138 207
138 209
138 237
138 283
139 29
139 32
139 79
139 96
139 135
139 181
139 210
139 267
140 5
140 58
140 148
140 175
140 178
140 202
141 29
141 36
141 74
141 79
141 171
141 187
141 217
141 225
141 265
142 48
142 61
142 177
142 185
142 217
142 241
142 245
142 273
142 288
143 300
144 23
144 38
144 55
144 70
144 103
144 119
144 188
144 235
144 247
145 34
145 36
145 103
145 222
145 244
146 58
146 221
146 241
146 253
146 267
147 76
147 97
147 99
147 137
147 143
147 207
147 233
147 283
148 9
148 17
148 31
148 166
148 225
148 269
149 76
149 99
149 109
149 122
149 166
149 184
149 210
149 248
150 29
150 31
150 32
150 96
150 113
150 119
151 12
151 61
151 76
151 225
151 272
152 300
153 50
153 97
153 122
153 139
153 156
153 177
153 207
154 49
154 80
154 147
154 209
154 228
154 283
155 31
155 58
155 76
155 97
155 143
155 169
155 225
155 233
156 18
156 85
156 104
156 139
156 193
156 202
156 256
157 122
157 123
157 193
157 202
157 265
158 12
158 46
158 72
158 128
158 140
159 22
159 30
159 48
159 161
159 268
160 96
160 97
160 99
160 143
160 152
160 182
160 207
161 30
161 96
161 139
161 166
161 176
161 245
161 265
161 283
162 31
162 62
162 95
162 118
162 146
162 156
162 166
162 191
162 201
163 15
163 93
163 172
163 183
163 207
163 235
163 256
163 275
163 299
164 177
164 202
164 221
164 225
164 267
165 11
165 131
165 181
165 189
165 203
165 236
165 241
166 17
166 70
166 119
166 160
166 176
166 193
166 253
167 70
167 80
167 84
167 130
167 156
167 172
167 185
167 229
167 253
168 18
168 44
168 103
168 154
168 189
168 190
168 259
168 294
169 300
170 11
170 17
170 46
170 58
170 138
170 169
170 182
171 31
171 50
171 99
171 186
171 207
171 283
172 18
172 118
172 138
172 139
172 169
172 219
172 257
172 284
173 11
173 46
173 68
173 100
173 113
173 118
173 171
173 217
173 248
174 48
174 74
174 87
174 97
174 99
174 139
174 154
174 181
174 186
175 50
175 74
175 97
175 138
175 171
176 32
176 46
176 97
176 147
176 209
176 210
177 58
177 76
177 135
177 143
177 152
177 178
178 300
179 11
179 31
179 52
179 169
179 236
179 268
180 59
180 113
180 137
180 166
180 233
180 250
180 278
181 17
181 46
181 79
181 96
181 147
181 169
181 178
181 209
181 283
182 300
183 30
183 36
183 53
183 79
183 83
183 131
183 173
183 184
183 286
184 29
184 97
184 135
184 182
184 210
184 267
185 50
185 166
185 229
185 264
185 267
185 288
186 300
187 18
187 50
187 143
187 147
187 152
187 186
187 241
187 283
188 44
188 74
188 118
188 155
188 160
188 164
188 260
188 265
189 44
189 46
189 100
189 103
189 135
189 137
189 176
189 260
190 86
190 134
190 145
190 169
190 178
190 206
190 229
190 263
190 266
191 32
191 118
191 142
191 239
191 297
192 12
192 18
192 66
192 241
192 251
192 258
193 17
193 18
193 137
193 152
193 160
193 241
194 30
194 74
194 76
194 99
194 147
194 152
194 186
194 221
195 52
195 55
195 57
195 86
195 183
195 235
195 236
195 240
196 11
196 12
196 109
196 183
196 280
196 291
197 72
197 90
197 108
197 139
197 155
197 172
197 213
197 281
198 134
198 137
198 186
198 191
198 204
198 231
198 270
198 291
199 58
199 86
199 164
199 170
199 212
199 248
199 249
199 265
200 38
200 66
200 101
200 152
200 222
200 247
200 287
200 295
201 20
201 98
201 102
201 156
201 176
201 181
201 258
202 46
202 58
202 76
202 96
202 169
202 186
202 283
203 91
203 131
203 145
203 193
203 212
203 229
203 281
204 5
204 29
204 69
204 70
204 139
204 172
204 176
204 209
204 257
205 58
205 74
205 118
205 137
205 139
206 25
206 36
206 47
206 61
206 73
206 85
206 143
206 172
206 224
207 300
208 97
208 171
208 194
208 217
208 234
208 251
209 46
209 135
209 143
209 169
209 178
209 182
209 207
209 225
210 300
211 19
211 66
211 160
211 169
211 184
211 210
211 213
211 224
211 284
212 79
212 96
212 119
212 137
212 169
212 229
212 241
212 283
213 47
213 70
213 74
213 113
213 130
213 181
213 193
213 233
213 295
214 42
214 51
214 87
214 115
214 116
214 248
215 23
215 87
215 219
215 265
215 291
216 66
216 87
216 131
216 155
216 177
216 194
216 249
217 32
217 96
217 97
217 113
217 118
217 137
218 53
218 86
218 102
218 108
218 250
218 265
218 269
219 44
219 46
219 49
219 122
219 170
219 245
219 264
219 269
219 288
220 119
220 174
220 230
220 239
220 285
221 76
221 97
221 137
221 178
221 182
221 233
221 283
222 15
222 44
222 56
222 109
222 121
222 210
222 285
223 87
223 145
223 158
223 184
223 224
224 48
224 50
224 112
224 143
224 228
224 236
224 245
225 300
226 20
226 96
226 128
226 217
226 264
227 2
227 36
227 66
227 92
227 106
227 120
227 199
227 203
227 253
228 79
228 104
228 137
228 143
228 160
229 11
229 58
229 76
229 137
229 155
229 171
229 178
229 186
229 233
230 9
230 37
230 49
230 50
230 186
230 209
230 233
230 250
231 38
231 55
231 100
231 128
231 240
232 102
232 133
232 207
232 226
232 239
232 247
232 260
232 269
232 290
233 300
234 24
234 66
234 99
234 127
234 188
234 249
235 10
235 11
235 76
235 99
235 138
235 152
235 186
235 209
235 241
236 79
236 178
236 182
236 221
236 265
237 46
237 137
237 186
237 207
237 225
237 233
237 283
238 30
238 83
238 115
238 176
238 194
238 267
238 275
238 281
239 113
239 118
239 121
239 142
239 143
239 155
239 156
239 207
239 219
240 50
240 81
240 115
240 154
240 234
241 18
241 31
241 50
241 58
241 76
241 137
241 210
241 233
242 83
242 137
242 181
242 187
242 217
242 243
242 295
243 48
243 85
243 112
243 118
243 146
243 171
243 202
243 265
244 150
244 160
244 169
244 171
244 194
244 210
245 30
245 32
245 34
245 118
245 210
245 273
245 288
246 10
246 18
246 31
246 44
246 107
246 219
246 241
246 260
247 25
247 58
247 66
247 80
247 119
247 131
247 199
247 207
247 244
248 50
248 97
248 112
248 186
248 217
248 275
249 29
249 30
249 76
249 155
249 176
249 241
249 267
249 291
250 46
250 110
250 202
250 228
250 229
250 237
250 253
251 9
251 29
251 69
251 121
251 155
251 184
251 264
251 267
251 269
252 1
252 10
252 118
252 130
252 161
252 176
252 235
252 245
252 248
253 32
253 46
253 58
253 137
253 155
253 209
253 225
254 74
254 97
254 130
254 175
254 187
254 219
254 280
255 103
255 149
255 189
255 241
255 289
256 11
256 29
256 58
256 155
256 181
256 275
257 47
257 50
257 61
257 135
257 137
257 209
257 241
258 9
258 79
258 97
258 100
258 137
258 142
258 145
258 237
258 288
259 52
259 95
259 113
259 228
259 235
259 238
259 244
259 299
260 31
260 32
260 50
260 210
260 288
261 70
261 177
261 183
261 187
261 270
262 56
262 69
262 80
262 118
262 148
262 177
262 281
263 23
263 48
263 55
263 204
263 242
263 285
263 289
264 10
264 70
264 207
264 241
264 291
265 96
265 97
265 135
265 169
265 178
265 283
266 15
266 50
266 110
266 161
266 169
266 207
266 233
266 291
267 10
267 17
267 76
267 79
267 99
267 104
267 147
267 186
267 283
268 69
268 74
268 79
268 152
268 160
268 253
268 273
268 275
268 283
269 10
269 30
269 76
269 79
269 138
269 150
269 207
269 291
270 13
270 34
270 85
270 99
270 156
270 185
271 81
271 85
271 110
271 129
271 216
271 244
271 246
271 269
271 273
272 70
272 87
272 210
272 235
272 275
273 31
273 32
273 58
273 74
273 104
273 143
273 147
273 182
273 291
274 13
274 45
274 50
274 142
274 154
274 250
274 252
275 30
275 46
275 176
275 202
275 210
276 8
276 22
276 25
276 76
276 154
276 234
276 259
276 275
277 7
277 30
277 38
277 94
277 96
277 131
277 188
277 236
278 10
278 77
278 175
278 217
278 240
278 241
278 243
278 289
278 292
279 49
279 50
279 107
279 242
279 247
279 258
279 284
280 36
280 70
280 128
280 176
280 199
280 209
281 10
281 150
281 152
281 177
281 187
282 23
282 46
282 85
282 102
282 112
282 285
283 300
284 30
284 31
284 74
284 76
284 202
284 273
284 295
285 11
285 113
285 139
285 164
285 170
285 187
285 253
285 267
285 283
286 70
286 86
286 115
286 169
286 199
286 217
286 238
286 297
287 110
287 174
287 237
287 238
287 253
287 267
288 46
288 50
288 74
288 97
288 143
288 182
288 207
289 30
289 65
289 83
289 103
289 119
289 164
289 216
289 217
289 281
290 41
290 70
290 176
290 189
290 207
290 268
290 292
291 46
291 97
291 147
291 178
291 209
291 237
292 31
292 177
292 182
292 186
292 193
292 229
292 241
292 288
292 291
293 84
293 102
293 146
293 177
293 179
293 250
293 279
293 288
294 14
294 45
294 148
294 150
294 228
294 233
294 264
295 18
295 50
295 104
295 209
295 283
296 31
296 57
296 138
296 179
296 225
297 104
297 121
297 182
297 186
297 244
297 245
298 18
298 95
298 128
298 213
298 241
298 244
298 281
298 296
299 7
299 44
299 53
299 104
299 172
299 179
299 269
