# Tier 6 (Large) - Instance 13
# Generated with config: N=125, K=5, topology=grid, calendar=heavy_start

# HEADER: <num_tasks> <num_types> <num_units>
127 5 40

# RESOURCE TYPES
# Format: <type_id> <num_units> <unit_id1> <unit_id2> ...
0 6 0 1 2 3 4 5
1 9 6 7 8 9 10 11 12 13 14
2 7 15 16 17 18 19 20 21
3 10 22 23 24 25 26 27 28 29 30 31
4 8 32 33 34 35 36 37 38 39

# RESOURCE UNITS (Calendars)
# Format: <unit_id> <num_steps> <t1> <v1> <t2> <v2> ...
0 14 0 100 2 0 15 100 143 0 159 100 163 0 175 100 233 0 244 100 322 0 331 100 425 0 438 100 703 0
1 12 0 100 2 0 18 100 118 0 128 100 150 0 162 100 345 0 360 100 592 0 603 100 703 0
2 12 0 100 4 0 13 100 28 0 38 100 161 0 180 100 614 0 625 100 645 0 661 100 703 0
3 14 0 100 1 0 14 100 80 0 94 100 317 0 332 100 335 0 348 100 503 0 514 100 601 0 614 100 703 0
4 14 0 100 5 0 15 100 16 0 32 100 59 0 75 100 150 0 165 100 287 0 299 100 630 0 640 100 703 0
5 14 0 100 1 0 10 100 36 0 49 100 85 0 96 100 124 0 136 100 161 0 174 100 618 0 633 100 703 0
6 12 0 100 1 0 16 100 22 0 31 100 64 0 78 100 378 0 388 100 686 0 695 100 703 0
7 12 0 100 15 0 25 100 29 0 45 100 319 0 328 100 387 0 403 100 489 0 505 100 703 0
8 14 0 100 5 0 20 100 33 0 48 100 216 0 225 100 256 0 269 100 353 0 362 100 369 0 381 100 703 0
9 14 0 100 9 0 19 100 87 0 98 100 113 0 129 100 174 0 188 100 355 0 370 100 472 0 482 100 703 0
10 14 0 100 1 0 10 100 43 0 55 100 72 0 82 100 206 0 220 100 480 0 490 100 530 0 544 100 703 0
11 16 0 100 18 0 33 100 94 0 103 100 134 0 144 100 219 0 228 100 336 0 346 100 476 0 489 100 643 0 657 100 703 0
12 16 0 100 1 0 17 100 18 0 28 100 41 0 55 100 146 0 161 100 171 0 186 100 326 0 336 100 392 0 408 100 703 0
13 12 0 100 1 0 17 100 65 0 78 100 120 0 132 100 607 0 622 100 675 0 690 100 703 0
14 16 0 100 3 0 14 100 51 0 62 100 63 0 72 100 73 0 89 100 482 0 493 100 503 0 512 100 690 0 699 100 703 0
15 14 0 100 34 0 45 100 99 0 111 100 115 0 119 100 154 0 170 100 439 0 454 100 649 0 661 100 703 0
16 14 0 100 1 0 17 100 31 0 43 100 44 0 59 100 68 0 81 100 171 0 180 100 327 0 336 100 703 0
17 14 0 100 10 0 20 100 39 0 54 100 144 0 153 100 328 0 341 100 396 0 408 100 592 0 608 100 703 0
18 12 0 100 1 0 16 100 308 0 320 100 408 0 434 100 450 0 461 100 610 0 620 100 703 0
19 8 0 100 46 0 58 100 115 0 130 100 555 0 564 100 703 0
20 14 0 100 10 0 26 100 76 0 88 100 104 0 116 100 512 0 522 100 546 0 555 100 561 0 571 100 703 0
21 16 0 100 1 0 10 100 12 0 26 100 50 0 65 100 99 0 111 100 221 0 237 100 309 0 325 100 349 0 360 100 703 0
22 14 0 100 2 0 13 100 27 0 41 100 43 0 56 100 245 0 259 100 380 0 389 100 574 0 588 100 703 0
23 14 0 100 2 0 11 100 56 0 67 100 149 0 165 100 301 0 310 100 409 0 422 100 685 0 699 100 703 0
24 16 0 100 4 0 15 100 24 0 33 100 60 0 72 100 207 0 220 100 291 0 307 100 386 0 402 100 433 0 445 100 703 0
25 14 0 100 4 0 17 100 141 0 150 100 182 0 196 100 230 0 239 100 327 0 342 100 463 0 479 100 703 0
26 12 0 100 2 0 15 100 113 0 124 100 315 0 330 100 633 0 647 100 689 0 701 100 703 0
27 14 0 100 22 0 33 100 47 0 59 100 164 0 178 100 272 0 283 100 418 0 430 100 432 0 441 100 703 0
28 12 0 100 5 0 21 100 33 0 44 100 75 0 89 100 284 0 297 100 336 0 347 100 703 0
29 12 0 100 7 0 16 100 32 0 41 100 166 0 179 100 441 0 452 100 470 0 482 100 703 0
30 12 0 100 1 0 16 100 72 0 81 100 103 0 117 100 394 0 403 100 574 0 585 100 703 0
31 16 0 100 29 0 42 100 76 0 87 100 157 0 169 100 359 0 370 100 494 0 504 100 517 0 527 100 555 0 566 100 703 0
32 10 0 100 5 0 16 100 31 0 44 100 126 0 137 100 180 0 196 100 703 0
33 16 0 100 1 0 12 100 23 0 38 100 79 0 88 100 254 0 264 100 323 0 338 100 353 0 366 100 513 0 529 100 703 0
34 16 0 100 49 0 63 100 175 0 190 100 234 0 244 100 272 0 283 100 354 0 365 100 374 0 388 100 596 0 607 100 703 0
35 16 0 100 69 0 85 100 104 0 113 100 222 0 235 100 288 0 297 100 315 0 330 100 401 0 417 100 424 0 434 100 703 0
36 14 0 100 118 0 130 100 191 0 202 100 355 0 365 100 446 0 461 100 480 0 489 100 614 0 625 100 703 0
37 14 0 100 9 0 22 100 136 0 146 100 161 0 177 100 243 0 252 100 406 0 419 100 627 0 652 100 703 0
38 12 0 100 7 0 16 100 100 0 116 100 126 0 137 100 273 0 287 100 569 0 578 100 703 0
39 12 0 100 33 0 44 100 76 0 87 100 197 0 208 100 441 0 454 100 640 0 649 100 703 0

# TASKS
# Format: <task_id> <size> <num_reqs>
# Then for each requirement: <type_id> <qty>
0 0 5
 0 0
 1 0
 2 0
 3 0
 4 0
1 8 5
 0 3
 1 3
 2 3
 3 3
 4 0
2 10 5
 0 1
 1 1
 2 0
 3 3
 4 2
3 11 5
 0 1
 1 3
 2 0
 3 0
 4 1
4 5 5
 0 0
 1 3
 2 2
 3 3
 4 3
5 13 5
 0 1
 1 2
 2 2
 3 3
 4 0
6 13 5
 0 0
 1 1
 2 1
 3 1
 4 2
7 11 5
 0 3
 1 3
 2 1
 3 3
 4 2
8 8 5
 0 1
 1 2
 2 2
 3 3
 4 2
9 9 5
 0 1
 1 0
 2 0
 3 3
 4 0
10 3 5
 0 0
 1 1
 2 2
 3 0
 4 2
11 8 5
 0 0
 1 1
 2 1
 3 1
 4 0
12 11 5
 0 2
 1 2
 2 3
 3 1
 4 2
13 12 5
 0 2
 1 2
 2 3
 3 3
 4 3
14 12 5
 0 0
 1 3
 2 1
 3 0
 4 1
15 12 5
 0 1
 1 3
 2 0
 3 1
 4 1
16 8 5
 0 0
 1 3
 2 0
 3 0
 4 2
17 7 5
 0 0
 1 0
 2 2
 3 2
 4 0
18 3 5
 0 1
 1 2
 2 3
 3 2
 4 0
19 7 5
 0 0
 1 1
 2 1
 3 1
 4 1
20 6 5
 0 0
 1 0
 2 3
 3 3
 4 0
21 12 5
 0 2
 1 0
 2 2
 3 3
 4 3
22 12 5
 0 1
 1 3
 2 1
 3 2
 4 0
23 14 5
 0 0
 1 2
 2 1
 3 1
 4 0
24 13 5
 0 0
 1 0
 2 1
 3 1
 4 2
25 7 5
 0 2
 1 0
 2 3
 3 1
 4 2
26 15 5
 0 1
 1 1
 2 0
 3 0
 4 1
27 14 5
 0 3
 1 1
 2 2
 3 1
 4 0
28 4 5
 0 3
 1 0
 2 0
 3 1
 4 0
29 5 5
 0 0
 1 0
 2 1
 3 2
 4 1
30 15 5
 0 1
 1 0
 2 1
 3 0
 4 2
31 13 5
 0 2
 1 1
 2 2
 3 2
 4 3
32 3 5
 0 1
 1 0
 2 2
 3 1
 4 1
33 7 5
 0 3
 1 2
 2 3
 3 2
 4 0
34 14 5
 0 0
 1 0
 2 0
 3 1
 4 0
35 11 5
 0 0
 1 2
 2 3
 3 0
 4 0
36 12 5
 0 2
 1 3
 2 0
 3 0
 4 0
37 8 5
 0 3
 1 0
 2 2
 3 3
 4 0
38 9 5
 0 3
 1 0
 2 3
 3 0
 4 2
39 10 5
 0 0
 1 0
 2 0
 3 3
 4 2
40 3 5
 0 3
 1 0
 2 0
 3 0
 4 0
41 13 5
 0 2
 1 3
 2 1
 3 3
 4 0
42 10 5
 0 3
 1 3
 2 3
 3 1
 4 2
43 4 5
 0 0
 1 2
 2 1
 3 1
 4 2
44 6 5
 0 1
 1 2
 2 1
 3 1
 4 1
45 11 5
 0 0
 1 0
 2 0
 3 2
 4 3
46 3 5
 0 1
 1 2
 2 2
 3 0
 4 3
47 8 5
 0 2
 1 3
 2 1
 3 2
 4 0
48 8 5
 0 2
 1 0
 2 1
 3 1
 4 2
49 3 5
 0 2
 1 1
 2 3
 3 1
 4 1
50 3 5
 0 1
 1 2
 2 0
 3 2
 4 0
51 6 5
 0 3
 1 0
 2 2
 3 1
 4 2
52 12 5
 0 3
 1 1
 2 0
 3 0
 4 2
53 4 5
 0 0
 1 0
 2 3
 3 1
 4 2
54 14 5
 0 3
 1 3
 2 3
 3 3
 4 3
55 12 5
 0 0
 1 3
 2 0
 3 0
 4 1
56 7 5
 0 2
 1 0
 2 2
 3 0
 4 1
57 7 5
 0 3
 1 1
 2 1
 3 2
 4 0
58 15 5
 0 1
 1 0
 2 2
 3 1
 4 1
59 9 5
 0 3
 1 2
 2 0
 3 3
 4 2
60 6 5
 0 3
 1 1
 2 1
 3 0
 4 2
61 13 5
 0 3
 1 2
 2 2
 3 0
 4 2
62 14 5
 0 1
 1 0
 2 0
 3 0
 4 0
63 7 5
 0 3
 1 1
 2 1
 3 0
 4 3
64 4 5
 0 3
 1 1
 2 0
 3 0
 4 3
65 12 5
 0 1
 1 2
 2 2
 3 0
 4 2
66 9 5
 0 1
 1 1
 2 3
 3 2
 4 3
67 9 5
 0 2
 1 1
 2 3
 3 0
 4 2
68 5 5
 0 1
 1 3
 2 0
 3 3
 4 1
69 7 5
 0 0
 1 2
 2 1
 3 3
 4 3
70 6 5
 0 0
 1 2
 2 3
 3 3
 4 0
71 9 5
 0 2
 1 1
 2 1
 3 0
 4 1
72 6 5
 0 0
 1 0
 2 0
 3 0
 4 2
73 12 5
 0 0
 1 0
 2 0
 3 0
 4 1
74 3 5
 0 0
 1 0
 2 3
 3 2
 4 0
75 10 5
 0 0
 1 3
 2 1
 3 2
 4 2
76 9 5
 0 0
 1 2
 2 0
 3 1
 4 3
77 15 5
 0 2
 1 1
 2 0
 3 2
 4 3
78 10 5
 0 2
 1 3
 2 1
 3 0
 4 3
79 7 5
 0 0
 1 1
 2 1
 3 0
 4 0
80 5 5
 0 0
 1 1
 2 0
 3 3
 4 1
81 13 5
 0 2
 1 3
 2 3
 3 3
 4 1
82 13 5
 0 0
 1 1
 2 2
 3 0
 4 0
83 11 5
 0 1
 1 3
 2 0
 3 2
 4 2
84 7 5
 0 1
 1 3
 2 0
 3 2
 4 0
85 10 5
 0 2
 1 0
 2 0
 3 3
 4 0
86 9 5
 0 3
 1 0
 2 2
 3 1
 4 1
87 13 5
 0 2
 1 3
 2 1
 3 2
 4 2
88 8 5
 0 0
 1 1
 2 2
 3 2
 4 2
89 9 5
 0 0
 1 3
 2 2
 3 0
 4 0
90 7 5
 0 0
 1 1
 2 1
 3 1
 4 3
91 13 5
 0 0
 1 0
 2 1
 3 0
 4 1
92 7 5
 0 3
 1 1
 2 0
 3 0
 4 3
93 5 5
 0 1
 1 2
 2 1
 3 3
 4 2
94 3 5
 0 1
 1 2
 2 0
 3 0
 4 0
95 4 5
 0 1
 1 0
 2 2
 3 0
 4 0
96 5 5
 0 2
 1 3
 2 1
 3 0
 4 0
97 5 5
 0 1
 1 3
 2 2
 3 3
 4 2
98 10 5
 0 1
 1 2
 2 3
 3 0
 4 2
99 12 5
 0 0
 1 3
 2 0
 3 3
 4 0
100 7 5
 0 0
 1 2
 2 2
 3 0
 4 2
101 9 5
 0 1
 1 1
 2 3
 3 3
 4 1
102 13 5
 0 1
 1 0
 2 3
 3 1
 4 3
103 6 5
 0 2
 1 1
 2 0
 3 2
 4 2
104 15 5
 0 0
 1 0
 2 1
 3 1
 4 0
105 9 5
 0 2
 1 1
 2 2
 3 0
 4 0
106 13 5
 0 1
 1 0
 2 3
 3 0
 4 2
107 9 5
 0 0
 1 2
 2 0
 3 0
 4 1
108 6 5
 0 1
 1 2
 2 3
 3 0
 4 2
109 15 5
 0 0
 1 2
 2 2
 3 2
 4 2
110 8 5
 0 0
 1 3
 2 2
 3 0
 4 3
111 9 5
 0 2
 1 2
 2 0
 3 2
 4 3
112 3 5
 0 3
 1 0
 2 0
 3 2
 4 0
113 13 5
 0 2
 1 3
 2 1
 3 3
 4 1
114 11 5
 0 0
 1 2
 2 0
 3 1
 4 0
115 5 5
 0 1
 1 3
 2 0
 3 0
 4 0
116 10 5
 0 1
 1 0
 2 1
 3 3
 4 2
117 7 5
 0 3
 1 3
 2 2
 3 0
 4 2
118 8 5
 0 1
 1 0
 2 3
 3 2
 4 2
119 6 5
 0 2
 1 0
 2 0
 3 0
 4 0
120 7 5
 0 2
 1 2
 2 0
 3 3
 4 3
121 13 5
 0 0
 1 0
 2 3
 3 2
 4 0
122 5 5
 0 0
 1 3
 2 2
 3 1
 4 3
123 10 5
 0 1
 1 2
 2 3
 3 2
 4 2
124 6 5
 0 0
 1 2
 2 2
 3 2
 4 0
125 5 5
 0 2
 1 0
 2 0
 3 0
 4 3
126 0 5
 0 0
 1 0
 2 0
 3 0
 4 0

# PRECEDENCES
239
6 18
67 68
33 45
44 45
88 100
98 110
99 100
70 82
8 9
0 5
29 41
40 41
39 51
100 101
11 23
66 78
41 42
7 19
18 19
62 74
72 84
73 74
44 56
99 111
3 15
14 15
9 10
0 7
74 75
40 52
95 107
106 107
100 112
111 112
15 16
36 48
47 48
42 43
96 108
107 108
18 30
73 85
38 39
103 104
0 9
14 26
69 81
80 81
9 21
75 76
85 86
106 118
10 22
16 17
71 72
81 82
47 59
102 114
42 54
107 119
118 119
22 23
77 78
0 2
43 55
38 50
49 50
104 105
103 115
114 115
80 92
109 110
75 87
13 14
34 46
45 46
55 56
110 111
76 88
50 51
105 106
16 28
71 83
82 83
81 93
51 52
108 120
46 47
23 24
12 24
67 79
77 89
78 79
83 84
49 61
104 116
115 116
8 20
19 20
79 80
45 57
56 57
55 67
110 122
105 117
116 117
82 94
20 21
41 53
52 53
51 63
46 58
57 58
112 113
23 35
78 90
89 90
53 54
19 31
30 31
74 86
25 26
79 91
90 91
56 68
111 123
15 27
26 27
21 22
20 32
31 32
86 87
52 64
113 114
112 124
17 18
123 124
89 101
27 28
0 11
48 60
54 55
53 65
64 65
119 120
30 42
85 97
5 6
26 38
21 33
87 88
86 98
97 98
92 104
1 2
0 4
22 34
113 125
17 29
28 29
27 39
93 94
88 89
54 66
109 121
13 25
29 30
50 62
61 62
60 72
121 122
87 99
0 6
2 3
1 13
122 123
62 63
117 118
28 40
83 95
94 95
93 105
3 4
58 59
24 36
35 36
84 96
95 96
61 73
0 8
91 92
2 14
57 69
68 69
63 64
94 106
32 33
4 5
59 60
25 37
58 70
69 70
35 47
90 102
101 102
124 125
0 1
10 11
65 66
0 10
31 43
37 38
92 93
91 103
102 103
68 80
6 7
63 75
33 34
32 44
43 44
98 99
64 76
4 16
59 71
70 71
101 113
39 40
0 3
5 17
34 35
0 12
11 12
66 67
65 77
76 77
97 109
37 49
7 8
