# Tier 6 (Large) - Instance 53
# Generated with config: N=237, K=5, topology=random_dag, calendar=random

# HEADER: <num_tasks> <num_types> <num_units>
239 5 16

# RESOURCE TYPES
# Format: <type_id> <num_units> <unit_id1> <unit_id2> ...
0 3 0 1 2
1 3 3 4 5
2 3 6 7 8
3 3 9 10 11
4 4 12 13 14 15

# RESOURCE UNITS (Calendars)
# Format: <unit_id> <num_steps> <t1> <v1> <t2> <v2> ...
0 26 0 0 12 100 84 0 95 100 165 0 177 100 250 0 254 100 331 0 335 100 362 0 368 100 408 0 410 100 450 0 454 100 503 0 509 100 625 0 628 100 752 0 758 100 883 0 894 100 928 0 2034 0
1 26 0 100 42 0 50 100 171 0 176 100 207 0 209 100 300 0 310 100 350 0 362 100 442 0 448 100 565 0 570 100 707 0 712 100 824 0 827 100 965 0 976 100 1002 0 1005 100 1079 0 1082 100 2034 0
2 26 0 100 135 0 142 100 234 0 246 100 366 0 375 100 427 0 435 100 538 0 550 100 631 0 643 100 680 0 685 100 814 0 816 100 873 0 877 100 921 0 927 100 993 0 996 100 1104 0 1109 100 2034 0
3 26 0 100 103 0 106 100 146 0 157 100 269 0 280 100 352 0 359 100 398 0 405 100 527 0 531 100 596 0 602 100 686 0 688 100 720 0 730 100 824 0 836 100 924 0 932 100 1074 0 1085 100 2034 0
4 26 0 0 3 100 122 0 130 100 211 0 221 100 357 0 369 100 410 0 421 100 478 0 489 100 573 0 585 100 731 0 736 100 782 0 794 100 884 0 886 100 919 0 921 100 963 0 970 100 1072 0 2034 0
5 26 0 100 63 0 68 100 208 0 216 100 247 0 251 100 395 0 403 100 541 0 546 100 628 0 637 100 759 0 768 100 880 0 885 100 1025 0 1032 100 1071 0 1073 100 1165 0 1175 100 1274 0 1284 100 2034 0
6 26 0 100 81 0 84 100 201 0 205 100 297 0 305 100 386 0 389 100 481 0 488 100 533 0 541 100 681 0 690 100 826 0 829 100 868 0 876 100 982 0 986 100 1106 0 1113 100 1144 0 1155 100 2034 0
7 26 0 100 81 0 90 100 210 0 221 100 326 0 335 100 401 0 408 100 445 0 449 100 520 0 527 100 602 0 604 100 653 0 658 100 771 0 783 100 861 0 872 100 913 0 919 100 1051 0 1062 100 2034 0
8 26 0 0 9 100 139 0 143 100 258 0 267 100 355 0 358 100 384 0 387 100 464 0 474 100 525 0 528 100 616 0 628 100 743 0 748 100 886 0 898 100 984 0 995 100 1113 0 1119 100 1174 0 2034 0
9 26 0 100 39 0 49 100 114 0 124 100 229 0 232 100 277 0 286 100 326 0 335 100 407 0 411 100 442 0 452 100 550 0 557 100 628 0 636 100 696 0 707 100 781 0 785 100 875 0 882 100 2034 0
10 26 0 100 137 0 147 100 256 0 267 100 402 0 413 100 538 0 545 100 637 0 647 100 718 0 724 100 784 0 795 100 836 0 844 100 911 0 914 100 1026 0 1033 100 1088 0 1100 100 1173 0 1176 100 2034 0
11 26 0 100 79 0 84 100 123 0 125 100 199 0 201 100 295 0 303 100 412 0 418 100 478 0 483 100 554 0 565 100 668 0 679 100 704 0 713 100 793 0 797 100 907 0 913 100 1052 0 1059 100 2034 0
12 26 0 0 6 100 50 0 59 100 123 0 125 100 210 0 213 100 318 0 328 100 432 0 437 100 535 0 545 100 591 0 597 100 702 0 709 100 735 0 747 100 855 0 867 100 902 0 909 100 939 0 2034 0
13 26 0 100 79 0 87 100 178 0 189 100 319 0 321 100 466 0 468 100 576 0 587 100 661 0 665 100 785 0 787 100 922 0 931 100 983 0 989 100 1084 0 1096 100 1207 0 1210 100 1244 0 1252 100 2034 0
14 26 0 100 37 0 41 100 69 0 73 100 216 0 227 100 328 0 339 100 401 0 410 100 440 0 442 100 533 0 535 100 571 0 576 100 608 0 619 100 753 0 760 100 789 0 799 100 849 0 857 100 2034 0
15 26 0 0 11 100 122 0 130 100 268 0 276 100 318 0 322 100 456 0 460 100 564 0 575 100 619 0 628 100 769 0 776 100 801 0 812 100 941 0 946 100 1058 0 1062 100 1179 0 1186 100 1286 0 2034 0

# TASKS
# Format: <task_id> <size> <num_reqs>
# Then for each requirement: <type_id> <qty>
0 0 5
 0 0
 1 0
 2 0
 3 0
 4 0
1 9 5
 0 2
 1 3
 2 1
 3 2
 4 3
2 1 5
 0 3
 1 2
 2 1
 3 0
 4 3
3 12 5
 0 2
 1 0
 2 1
 3 2
 4 0
4 18 5
 0 1
 1 0
 2 3
 3 0
 4 0
5 20 5
 0 1
 1 0
 2 1
 3 0
 4 0
6 8 5
 0 0
 1 3
 2 0
 3 0
 4 1
7 20 5
 0 2
 1 3
 2 2
 3 3
 4 0
8 13 5
 0 0
 1 3
 2 1
 3 1
 4 0
9 14 5
 0 3
 1 0
 2 0
 3 1
 4 3
10 12 5
 0 0
 1 3
 2 0
 3 0
 4 1
11 16 5
 0 1
 1 0
 2 2
 3 2
 4 1
12 3 5
 0 0
 1 0
 2 3
 3 0
 4 0
13 15 5
 0 0
 1 1
 2 1
 3 1
 4 1
14 13 5
 0 0
 1 0
 2 0
 3 2
 4 3
15 18 5
 0 0
 1 2
 2 3
 3 0
 4 0
16 11 5
 0 2
 1 0
 2 0
 3 0
 4 2
17 13 5
 0 0
 1 0
 2 1
 3 3
 4 1
18 11 5
 0 1
 1 0
 2 1
 3 0
 4 0
19 14 5
 0 2
 1 0
 2 0
 3 0
 4 3
20 15 5
 0 1
 1 0
 2 3
 3 3
 4 2
21 7 5
 0 3
 1 0
 2 0
 3 1
 4 3
22 11 5
 0 2
 1 0
 2 1
 3 3
 4 0
23 7 5
 0 0
 1 3
 2 0
 3 2
 4 2
24 14 5
 0 1
 1 3
 2 1
 3 0
 4 1
25 12 5
 0 3
 1 0
 2 2
 3 2
 4 0
26 2 5
 0 0
 1 1
 2 2
 3 1
 4 3
27 10 5
 0 2
 1 0
 2 0
 3 0
 4 2
28 16 5
 0 0
 1 3
 2 3
 3 0
 4 3
29 15 5
 0 0
 1 0
 2 3
 3 3
 4 0
30 4 5
 0 2
 1 0
 2 2
 3 3
 4 1
31 15 5
 0 2
 1 3
 2 3
 3 3
 4 3
32 1 5
 0 0
 1 2
 2 0
 3 0
 4 1
33 8 5
 0 1
 1 1
 2 0
 3 0
 4 1
34 5 5
 0 1
 1 0
 2 1
 3 2
 4 0
35 7 5
 0 0
 1 0
 2 1
 3 0
 4 1
36 6 5
 0 3
 1 1
 2 3
 3 0
 4 1
37 7 5
 0 3
 1 0
 2 0
 3 0
 4 1
38 7 5
 0 3
 1 0
 2 1
 3 2
 4 3
39 4 5
 0 0
 1 1
 2 3
 3 2
 4 1
40 5 5
 0 1
 1 0
 2 0
 3 0
 4 0
41 20 5
 0 2
 1 0
 2 0
 3 0
 4 1
42 15 5
 0 0
 1 0
 2 1
 3 3
 4 3
43 18 5
 0 2
 1 0
 2 1
 3 0
 4 0
44 20 5
 0 1
 1 0
 2 0
 3 0
 4 2
45 9 5
 0 1
 1 3
 2 0
 3 3
 4 3
46 5 5
 0 1
 1 0
 2 3
 3 0
 4 3
47 19 5
 0 1
 1 3
 2 2
 3 3
 4 1
48 20 5
 0 0
 1 2
 2 3
 3 3
 4 1
49 3 5
 0 1
 1 3
 2 2
 3 3
 4 0
50 16 5
 0 0
 1 3
 2 1
 3 1
 4 2
51 14 5
 0 3
 1 0
 2 0
 3 1
 4 2
52 5 5
 0 1
 1 0
 2 3
 3 3
 4 0
53 18 5
 0 1
 1 3
 2 3
 3 2
 4 3
54 20 5
 0 1
 1 2
 2 0
 3 0
 4 0
55 4 5
 0 3
 1 2
 2 3
 3 0
 4 0
56 20 5
 0 1
 1 0
 2 1
 3 1
 4 0
57 4 5
 0 0
 1 1
 2 2
 3 3
 4 0
58 7 5
 0 2
 1 1
 2 0
 3 3
 4 0
59 10 5
 0 1
 1 0
 2 1
 3 0
 4 3
60 8 5
 0 3
 1 0
 2 0
 3 3
 4 3
61 7 5
 0 0
 1 3
 2 3
 3 0
 4 3
62 5 5
 0 1
 1 2
 2 0
 3 3
 4 0
63 12 5
 0 3
 1 0
 2 1
 3 0
 4 0
64 6 5
 0 3
 1 3
 2 0
 3 1
 4 0
65 14 5
 0 3
 1 0
 2 1
 3 1
 4 0
66 5 5
 0 1
 1 0
 2 3
 3 2
 4 0
67 1 5
 0 2
 1 1
 2 0
 3 1
 4 0
68 19 5
 0 0
 1 3
 2 1
 3 0
 4 3
69 16 5
 0 2
 1 0
 2 0
 3 3
 4 0
70 13 5
 0 2
 1 2
 2 0
 3 3
 4 1
71 7 5
 0 0
 1 0
 2 0
 3 3
 4 3
72 2 5
 0 0
 1 0
 2 0
 3 0
 4 2
73 18 5
 0 1
 1 2
 2 0
 3 0
 4 0
74 20 5
 0 2
 1 0
 2 1
 3 3
 4 0
75 13 5
 0 3
 1 1
 2 1
 3 3
 4 0
76 5 5
 0 0
 1 3
 2 1
 3 0
 4 0
77 13 5
 0 3
 1 1
 2 0
 3 1
 4 2
78 14 5
 0 1
 1 3
 2 0
 3 1
 4 3
79 20 5
 0 2
 1 0
 2 0
 3 1
 4 1
80 19 5
 0 0
 1 0
 2 3
 3 0
 4 3
81 14 5
 0 1
 1 3
 2 1
 3 0
 4 2
82 7 5
 0 2
 1 0
 2 3
 3 0
 4 2
83 2 5
 0 0
 1 0
 2 2
 3 1
 4 3
84 2 5
 0 2
 1 0
 2 0
 3 2
 4 0
85 9 5
 0 3
 1 3
 2 3
 3 2
 4 3
86 6 5
 0 2
 1 0
 2 1
 3 0
 4 2
87 9 5
 0 0
 1 2
 2 2
 3 3
 4 3
88 16 5
 0 0
 1 1
 2 3
 3 3
 4 3
89 5 5
 0 0
 1 3
 2 2
 3 0
 4 0
90 7 5
 0 2
 1 3
 2 0
 3 1
 4 0
91 6 5
 0 0
 1 3
 2 0
 3 1
 4 2
92 10 5
 0 0
 1 0
 2 0
 3 3
 4 0
93 2 5
 0 0
 1 1
 2 0
 3 0
 4 0
94 14 5
 0 0
 1 0
 2 0
 3 2
 4 3
95 7 5
 0 0
 1 3
 2 0
 3 2
 4 2
96 14 5
 0 0
 1 3
 2 0
 3 2
 4 0
97 5 5
 0 2
 1 1
 2 0
 3 0
 4 1
98 4 5
 0 1
 1 2
 2 0
 3 0
 4 2
99 15 5
 0 0
 1 1
 2 1
 3 1
 4 1
100 2 5
 0 2
 1 1
 2 3
 3 0
 4 0
101 14 5
 0 0
 1 0
 2 0
 3 0
 4 2
102 1 5
 0 0
 1 0
 2 3
 3 0
 4 1
103 5 5
 0 3
 1 0
 2 2
 3 2
 4 1
104 6 5
 0 0
 1 0
 2 0
 3 3
 4 1
105 1 5
 0 2
 1 2
 2 0
 3 0
 4 2
106 3 5
 0 0
 1 0
 2 1
 3 0
 4 1
107 8 5
 0 2
 1 0
 2 0
 3 0
 4 3
108 16 5
 0 3
 1 0
 2 0
 3 0
 4 3
109 13 5
 0 0
 1 1
 2 0
 3 2
 4 1
110 18 5
 0 2
 1 2
 2 2
 3 0
 4 0
111 9 5
 0 0
 1 0
 2 0
 3 0
 4 3
112 12 5
 0 0
 1 3
 2 1
 3 0
 4 1
113 7 5
 0 3
 1 2
 2 0
 3 2
 4 0
114 6 5
 0 0
 1 0
 2 3
 3 2
 4 1
115 2 5
 0 0
 1 2
 2 1
 3 3
 4 2
116 17 5
 0 0
 1 3
 2 2
 3 0
 4 0
117 15 5
 0 1
 1 0
 2 0
 3 3
 4 0
118 4 5
 0 0
 1 1
 2 0
 3 1
 4 3
119 19 5
 0 0
 1 3
 2 0
 3 0
 4 0
120 9 5
 0 2
 1 3
 2 0
 3 3
 4 3
121 20 5
 0 0
 1 3
 2 1
 3 0
 4 0
122 4 5
 0 0
 1 0
 2 1
 3 0
 4 3
123 16 5
 0 2
 1 3
 2 0
 3 2
 4 1
124 17 5
 0 0
 1 0
 2 1
 3 2
 4 3
125 5 5
 0 1
 1 0
 2 2
 3 1
 4 0
126 15 5
 0 1
 1 0
 2 2
 3 2
 4 0
127 11 5
 0 0
 1 2
 2 3
 3 3
 4 2
128 13 5
 0 0
 1 0
 2 3
 3 2
 4 2
129 18 5
 0 1
 1 2
 2 1
 3 2
 4 0
130 15 5
 0 1
 1 0
 2 3
 3 0
 4 0
131 15 5
 0 1
 1 1
 2 3
 3 0
 4 0
132 8 5
 0 0
 1 2
 2 0
 3 2
 4 3
133 11 5
 0 1
 1 0
 2 3
 3 0
 4 0
134 4 5
 0 3
 1 0
 2 1
 3 2
 4 2
135 8 5
 0 3
 1 0
 2 3
 3 2
 4 2
136 9 5
 0 2
 1 1
 2 2
 3 0
 4 2
137 4 5
 0 0
 1 3
 2 1
 3 2
 4 3
138 8 5
 0 0
 1 1
 2 3
 3 0
 4 0
139 11 5
 0 0
 1 0
 2 2
 3 0
 4 1
140 6 5
 0 0
 1 3
 2 0
 3 0
 4 2
141 18 5
 0 1
 1 1
 2 0
 3 2
 4 0
142 15 5
 0 3
 1 2
 2 1
 3 0
 4 0
143 6 5
 0 1
 1 2
 2 1
 3 0
 4 0
144 20 5
 0 0
 1 3
 2 3
 3 0
 4 2
145 17 5
 0 2
 1 1
 2 0
 3 3
 4 0
146 3 5
 0 0
 1 0
 2 3
 3 1
 4 3
147 2 5
 0 3
 1 0
 2 0
 3 0
 4 3
148 20 5
 0 0
 1 0
 2 0
 3 0
 4 3
149 18 5
 0 2
 1 2
 2 0
 3 1
 4 0
150 2 5
 0 0
 1 2
 2 0
 3 1
 4 2
151 6 5
 0 2
 1 3
 2 3
 3 2
 4 1
152 8 5
 0 0
 1 2
 2 0
 3 1
 4 1
153 10 5
 0 0
 1 2
 2 0
 3 3
 4 2
154 20 5
 0 2
 1 3
 2 0
 3 3
 4 3
155 2 5
 0 0
 1 3
 2 0
 3 1
 4 0
156 9 5
 0 0
 1 3
 2 0
 3 0
 4 2
157 18 5
 0 0
 1 3
 2 0
 3 3
 4 2
158 13 5
 0 2
 1 0
 2 0
 3 0
 4 1
159 13 5
 0 1
 1 3
 2 3
 3 0
 4 1
160 18 5
 0 3
 1 2
 2 3
 3 1
 4 0
161 4 5
 0 0
 1 3
 2 2
 3 3
 4 3
162 19 5
 0 2
 1 3
 2 2
 3 1
 4 0
163 11 5
 0 3
 1 3
 2 3
 3 2
 4 3
164 17 5
 0 0
 1 3
 2 2
 3 0
 4 3
165 9 5
 0 0
 1 0
 2 0
 3 3
 4 2
166 1 5
 0 0
 1 2
 2 2
 3 0
 4 0
167 5 5
 0 0
 1 0
 2 1
 3 0
 4 1
168 1 5
 0 1
 1 3
 2 0
 3 1
 4 0
169 7 5
 0 2
 1 0
 2 3
 3 0
 4 1
170 4 5
 0 0
 1 2
 2 1
 3 1
 4 0
171 20 5
 0 2
 1 2
 2 3
 3 1
 4 0
172 5 5
 0 2
 1 0
 2 2
 3 0
 4 1
173 12 5
 0 2
 1 0
 2 2
 3 1
 4 0
174 9 5
 0 2
 1 1
 2 2
 3 3
 4 1
175 20 5
 0 0
 1 3
 2 0
 3 0
 4 3
176 20 5
 0 0
 1 3
 2 2
 3 2
 4 2
177 4 5
 0 1
 1 2
 2 2
 3 0
 4 1
178 20 5
 0 0
 1 1
 2 3
 3 3
 4 0
179 2 5
 0 2
 1 1
 2 1
 3 3
 4 0
180 19 5
 0 2
 1 2
 2 3
 3 3
 4 3
181 7 5
 0 3
 1 0
 2 3
 3 3
 4 0
182 16 5
 0 1
 1 3
 2 3
 3 0
 4 0
183 17 5
 0 1
 1 0
 2 0
 3 1
 4 0
184 15 5
 0 0
 1 2
 2 1
 3 2
 4 0
185 16 5
 0 1
 1 0
 2 0
 3 0
 4 3
186 5 5
 0 2
 1 3
 2 2
 3 0
 4 1
187 4 5
 0 0
 1 3
 2 0
 3 1
 4 1
188 4 5
 0 2
 1 2
 2 1
 3 0
 4 0
189 17 5
 0 1
 1 0
 2 2
 3 0
 4 0
190 16 5
 0 3
 1 0
 2 2
 3 0
 4 0
191 12 5
 0 3
 1 2
 2 3
 3 1
 4 0
192 8 5
 0 0
 1 2
 2 0
 3 1
 4 2
193 3 5
 0 0
 1 0
 2 2
 3 1
 4 0
194 9 5
 0 2
 1 1
 2 0
 3 1
 4 2
195 20 5
 0 0
 1 2
 2 0
 3 0
 4 0
196 2 5
 0 0
 1 1
 2 3
 3 0
 4 0
197 17 5
 0 0
 1 1
 2 1
 3 3
 4 2
198 12 5
 0 0
 1 3
 2 2
 3 0
 4 0
199 9 5
 0 2
 1 3
 2 0
 3 1
 4 0
200 14 5
 0 0
 1 1
 2 2
 3 2
 4 2
201 17 5
 0 2
 1 1
 2 2
 3 1
 4 0
202 17 5
 0 3
 1 3
 2 3
 3 0
 4 3
203 4 5
 0 1
 1 1
 2 2
 3 2
 4 1
204 3 5
 0 3
 1 2
 2 0
 3 1
 4 0
205 17 5
 0 2
 1 0
 2 1
 3 0
 4 0
206 17 5
 0 3
 1 1
 2 1
 3 0
 4 3
207 7 5
 0 0
 1 3
 2 2
 3 0
 4 1
208 20 5
 0 2
 1 1
 2 1
 3 1
 4 3
209 9 5
 0 0
 1 3
 2 2
 3 0
 4 0
210 18 5
 0 1
 1 0
 2 3
 3 0
 4 1
211 11 5
 0 1
 1 0
 2 0
 3 0
 4 0
212 14 5
 0 2
 1 3
 2 0
 3 1
 4 3
213 7 5
 0 1
 1 1
 2 0
 3 2
 4 0
214 2 5
 0 0
 1 2
 2 1
 3 0
 4 0
215 5 5
 0 1
 1 0
 2 2
 3 0
 4 1
216 15 5
 0 2
 1 0
 2 3
 3 2
 4 1
217 8 5
 0 2
 1 2
 2 3
 3 3
 4 0
218 7 5
 0 1
 1 2
 2 3
 3 1
 4 2
219 10 5
 0 1
 1 0
 2 2
 3 3
 4 0
220 8 5
 0 0
 1 1
 2 2
 3 2
 4 2
221 10 5
 0 2
 1 1
 2 3
 3 3
 4 2
222 6 5
 0 0
 1 0
 2 1
 3 0
 4 0
223 9 5
 0 1
 1 3
 2 2
 3 2
 4 2
224 13 5
 0 3
 1 2
 2 0
 3 1
 4 1
225 10 5
 0 1
 1 3
 2 0
 3 2
 4 3
226 19 5
 0 2
 1 1
 2 1
 3 0
 4 3
227 10 5
 0 3
 1 0
 2 0
 3 1
 4 2
228 3 5
 0 2
 1 1
 2 0
 3 2
 4 1
229 6 5
 0 2
 1 3
 2 0
 3 0
 4 0
230 20 5
 0 1
 1 0
 2 0
 3 2
 4 1
231 12 5
 0 2
 1 3
 2 0
 3 0
 4 0
232 20 5
 0 0
 1 1
 2 3
 3 0
 4 0
233 7 5
 0 2
 1 2
 2 0
 3 1
 4 2
234 13 5
 0 2
 1 3
 2 0
 3 2
 4 0
235 1 5
 0 3
 1 0
 2 0
 3 1
 4 1
236 3 5
 0 2
 1 0
 2 0
 3 0
 4 2
237 8 5
 0 2
 1 3
 2 2
 3 3
 4 0
238 0 5
 0 0
 1 0
 2 0
 3 0
 4 0

# PRECEDENCES
1386
0 1
0 7
0 9
0 10
0 22
0 26
0 33
0 39
0 40
0 41
0 51
0 53
0 63
0 71
0 77
0 84
0 90
0 93
0 104
0 116
0 119
0 122
0 125
0 127
0 134
0 138
0 145
0 148
0 157
0 160
0 162
0 171
0 174
0 179
0 184
0 186
0 195
0 205
0 214
0 222
0 223
0 228
0 231
0 232
0 237
1 74
1 137
1 147
1 153
1 213
1 234
2 49
2 87
2 177
2 208
3 25
3 86
3 111
3 155
4 99
4 110
4 139
4 194
5 36
5 52
5 130
5 151
5 153
6 4
6 97
6 199
6 204
7 12
7 107
7 156
7 171
7 175
7 227
8 55
8 118
8 155
8 180
9 68
9 133
9 165
9 167
9 183
10 56
10 86
10 88
10 155
10 181
10 188
10 212
11 4
11 19
11 70
11 74
11 88
11 97
11 158
11 202
12 24
12 45
12 60
12 79
12 87
12 111
12 192
12 218
13 38
13 52
13 74
13 118
13 158
13 172
13 192
13 211
14 60
14 88
14 176
14 227
15 109
15 118
15 177
15 180
15 199
15 211
16 70
16 74
16 191
16 224
17 11
17 25
17 50
17 80
17 97
17 128
17 199
17 200
18 19
18 70
18 86
18 99
18 159
18 215
19 38
19 139
19 172
19 194
20 5
20 89
20 120
20 146
20 187
20 196
21 49
21 128
21 176
21 192
21 200
21 208
22 13
22 60
22 68
22 73
22 114
22 131
22 163
22 189
23 47
23 56
23 78
23 198
24 16
24 57
24 74
24 89
24 130
24 181
25 238
26 14
26 81
26 95
26 136
26 151
27 58
27 75
27 96
27 126
28 37
28 74
28 147
28 158
28 176
28 209
28 211
28 230
29 99
29 118
29 155
29 224
30 55
30 88
30 155
30 202
31 13
31 102
31 118
31 120
31 128
31 168
31 204
31 229
32 11
32 38
32 55
32 88
32 114
32 118
32 144
32 159
33 16
33 71
33 139
33 175
34 57
34 175
34 196
34 215
35 25
35 97
35 110
35 142
36 74
36 118
36 155
36 159
36 161
36 211
37 74
37 95
37 118
37 155
37 180
37 182
37 194
38 238
39 15
39 37
39 47
39 140
39 153
39 168
40 16
40 30
40 101
40 103
40 133
40 149
40 158
40 196
41 60
41 108
41 144
41 221
42 29
42 67
42 109
42 139
42 236
43 67
43 161
43 193
43 201
43 219
43 221
44 4
44 88
44 144
44 158
44 182
44 194
45 58
45 72
45 97
45 111
45 118
45 136
45 142
46 47
46 109
46 204
46 209
47 19
47 25
47 35
47 36
47 55
47 79
47 88
47 161
48 6
48 55
48 89
48 100
48 106
48 121
48 147
48 218
49 4
49 88
49 180
49 204
49 211
49 230
50 38
50 74
50 155
50 159
50 230
51 24
51 59
51 136
51 169
51 208
51 213
52 35
52 59
52 118
52 158
52 194
53 70
53 102
53 129
53 131
53 216
54 30
54 43
54 91
54 120
54 143
54 165
54 204
55 97
55 99
55 168
55 224
56 3
56 29
56 42
56 82
56 180
56 192
56 203
56 216
57 19
57 70
57 95
57 130
57 131
57 172
57 202
58 52
58 86
58 95
58 168
59 38
59 97
59 110
59 194
59 224
60 30
60 117
60 144
60 158
60 165
60 204
60 216
61 70
61 99
61 118
61 128
61 159
61 168
61 213
61 221
62 25
62 55
62 88
62 97
62 159
62 161
62 182
62 204
63 34
63 185
63 225
63 227
64 16
64 30
64 59
64 114
64 159
64 170
64 194
65 3
65 27
65 45
65 150
65 192
66 89
66 136
66 137
66 144
66 147
66 158
66 167
66 187
67 17
67 30
67 37
67 46
67 128
67 144
67 155
67 209
68 97
68 100
68 156
68 159
68 176
68 191
69 32
69 105
69 168
69 210
69 221
69 235
70 110
70 118
70 139
70 142
71 17
71 27
71 38
71 69
71 97
71 109
71 187
71 231
72 11
72 19
72 50
72 86
72 111
72 192
72 209
72 215
73 79
73 80
73 211
73 234
74 38
74 99
74 110
74 142
74 155
75 17
75 32
75 45
75 62
75 94
75 135
75 194
75 216
76 32
76 60
76 83
76 164
76 166
77 61
77 70
77 81
77 91
77 114
77 128
77 158
77 181
78 64
78 105
78 115
78 208
79 4
79 25
79 142
79 158
79 172
79 180
79 202
79 211
80 38
80 52
80 55
80 79
80 95
80 118
80 172
80 180
81 38
81 62
81 99
81 142
81 202
82 31
82 45
82 58
82 80
82 142
82 191
82 207
83 67
83 69
83 89
83 130
83 146
83 161
84 3
84 12
84 28
84 49
84 72
84 110
84 154
85 60
85 111
85 128
85 151
86 25
86 55
86 99
86 172
86 204
87 4
87 97
87 153
87 196
88 38
88 97
88 118
88 139
88 142
88 172
88 224
89 99
89 139
89 144
89 151
89 155
90 44
90 176
90 188
90 207
91 13
91 108
91 113
91 180
91 200
91 210
92 20
92 34
92 67
92 230
92 235
93 11
93 35
93 62
93 129
94 59
94 142
94 152
94 180
94 199
94 221
94 227
95 4
95 59
95 99
95 118
95 142
95 194
95 202
95 230
96 105
96 136
96 177
96 216
96 218
97 238
98 8
98 17
98 38
98 46
98 206
98 221
99 238
100 36
100 62
100 80
100 123
101 28
101 52
101 152
101 180
102 4
102 50
102 139
102 172
102 194
102 218
103 19
103 45
103 50
103 60
103 64
103 109
103 221
104 24
104 37
104 94
104 161
104 181
104 191
104 228
104 229
105 50
105 86
105 99
105 172
106 17
106 18
106 49
106 64
106 133
106 224
106 235
107 8
107 86
107 102
107 153
107 155
107 161
107 170
108 6
108 35
108 46
108 47
108 59
108 62
108 128
108 130
109 29
109 38
109 44
109 118
109 142
109 158
109 161
110 238
111 19
111 29
111 110
111 114
111 155
111 158
111 159
112 8
112 44
112 59
112 142
112 153
113 16
113 25
113 37
113 102
113 182
113 199
113 227
114 4
114 59
114 110
114 161
114 180
115 8
115 32
115 70
115 109
115 130
115 144
115 194
116 5
116 60
116 70
116 81
117 70
117 88
117 97
117 215
118 238
119 8
119 20
119 65
119 76
119 81
119 126
119 164
119 202
120 49
120 50
120 79
120 107
120 144
120 199
120 202
120 213
121 25
121 97
121 102
121 120
121 136
122 35
122 131
122 155
122 169
122 172
122 178
123 13
123 74
123 88
123 89
123 202
124 12
124 15
124 30
124 34
124 126
124 149
124 190
125 30
125 62
125 116
125 121
125 130
125 158
126 13
126 80
126 113
126 131
126 139
126 172
127 118
127 120
127 146
127 152
128 35
128 59
128 88
128 118
128 139
128 155
128 159
128 182
129 2
129 106
129 167
129 176
129 229
130 36
130 59
130 89
130 97
130 159
130 168
130 202
131 70
131 74
131 89
131 97
131 110
131 200
131 215
132 36
132 70
132 175
132 182
132 218
133 36
133 62
133 79
133 97
133 99
133 153
133 155
133 202
134 3
134 12
134 31
134 109
134 142
134 183
134 211
135 99
135 112
135 159
135 183
136 44
136 50
136 59
136 110
136 151
136 202
136 211
136 224
137 38
137 55
137 69
137 131
137 142
137 215
138 23
138 43
138 65
138 124
138 169
138 170
138 217
138 226
139 238
140 27
140 62
140 107
140 151
140 158
140 204
141 8
141 131
141 155
141 156
141 191
142 238
143 14
143 52
143 92
143 141
143 142
144 99
144 110
144 118
144 168
144 172
144 211
144 224
145 64
145 69
145 94
145 139
145 146
145 154
146 30
146 35
146 46
146 57
146 114
146 215
147 11
147 47
147 86
147 180
148 19
148 91
148 98
148 105
148 137
148 163
148 164
148 233
149 68
149 113
149 115
149 163
150 28
150 29
150 81
150 224
151 25
151 97
151 142
151 155
151 168
151 224
152 55
152 86
152 89
152 111
153 35
153 38
153 118
153 144
153 159
153 161
154 16
154 37
154 46
154 108
154 194
154 227
155 238
156 44
156 59
156 70
156 74
156 102
156 181
157 14
157 31
157 59
157 133
157 147
157 149
157 169
157 204
158 38
158 99
158 110
158 118
158 172
158 211
159 25
159 38
159 142
159 168
159 172
159 211
159 224
160 35
160 49
160 132
160 155
160 207
161 99
161 110
161 118
161 142
161 155
161 172
161 224
162 8
162 146
162 190
162 212
163 4
163 8
163 130
163 144
163 165
163 196
164 34
164 75
164 78
164 165
164 194
165 36
165 70
165 88
165 102
165 118
165 131
165 158
165 230
166 11
166 15
166 70
166 135
166 159
166 178
166 188
166 197
167 6
167 50
167 108
167 142
167 172
167 215
167 234
168 238
169 4
169 58
169 114
169 121
169 123
169 183
169 192
169 199
170 19
170 35
170 55
170 151
170 158
170 224
171 12
171 117
171 155
171 190
172 238
173 60
173 64
173 69
173 136
173 151
174 17
174 82
174 96
174 217
174 230
175 99
175 153
175 158
175 163
175 235
176 29
176 59
176 89
176 97
176 128
176 215
176 230
177 74
177 110
177 118
177 142
177 180
178 49
178 133
178 194
178 211
178 230
179 30
179 110
179 137
179 145
179 147
179 165
179 171
179 212
180 38
180 118
180 142
180 172
180 224
181 55
181 59
181 182
181 202
181 204
181 211
182 25
182 38
182 110
182 139
182 194
182 211
183 29
183 44
183 50
183 110
184 15
184 64
184 99
184 102
184 146
184 166
185 5
185 43
185 111
185 151
185 219
186 23
186 85
186 112
186 152
186 168
186 220
187 38
187 95
187 139
187 158
187 168
187 182
187 200
187 215
188 2
188 46
188 57
188 100
188 128
188 139
188 176
189 19
189 61
189 89
189 101
189 117
189 187
190 38
190 47
190 48
190 99
190 131
190 200
190 207
190 211
191 19
191 59
191 70
191 118
191 139
191 155
191 158
191 194
192 19
192 25
192 55
192 74
192 110
192 144
192 180
192 202
193 12
193 48
193 153
193 187
193 200
194 238
195 26
195 30
195 114
195 189
195 216
196 8
196 55
196 79
196 86
196 114
196 131
196 133
196 191
197 35
197 111
197 159
197 204
197 209
197 211
197 219
198 8
198 60
198 62
198 99
198 109
198 158
198 165
198 229
199 29
199 38
199 49
199 59
199 114
199 158
199 200
200 4
200 144
200 155
200 161
200 194
201 5
201 8
201 101
201 108
201 112
201 173
201 187
201 215
202 25
202 97
202 110
202 139
202 168
202 224
203 16
203 47
203 97
203 187
204 25
204 38
204 211
204 224
205 62
205 114
205 118
205 120
205 202
206 131
206 161
206 187
206 204
207 37
207 45
207 80
207 110
207 175
207 221
208 11
208 50
208 80
208 89
208 114
208 133
208 168
208 180
209 59
209 62
209 159
209 200
210 86
210 118
210 153
210 158
210 199
210 224
211 238
212 36
212 61
212 103
212 188
212 202
213 18
213 49
213 52
213 172
213 194
214 57
214 124
214 201
214 227
215 4
215 110
215 142
215 151
215 161
215 182
215 230
216 29
216 36
216 95
216 131
217 13
217 29
217 66
217 79
217 114
218 55
218 74
218 142
218 159
218 204
219 36
219 38
219 109
219 178
219 200
219 208
220 36
220 55
220 74
220 97
220 158
220 177
220 182
221 13
221 95
221 105
221 177
221 183
221 196
222 3
222 65
222 126
222 146
222 170
222 233
223 29
223 54
223 106
223 153
223 165
223 209
223 226
223 234
224 238
225 88
225 96
225 130
225 136
225 150
225 154
225 201
225 217
226 12
226 13
226 38
226 73
226 161
226 216
227 32
227 80
227 130
227 172
227 215
228 16
228 38
228 67
228 142
228 188
228 207
229 4
229 44
229 55
229 74
229 89
229 180
229 191
229 202
230 97
230 110
230 139
230 142
230 172
231 28
231 31
231 64
231 97
231 130
231 173
232 19
232 34
232 91
232 142
232 211
233 13
233 15
233 21
233 36
233 173
233 203
233 218
233 219
234 32
234 111
234 114
234 118
234 176
235 19
235 158
235 199
235 208
236 32
236 49
236 137
236 155
236 181
236 194
237 37
237 68
237 94
237 111
237 149
237 178
