# Tier 6 (Large) - Instance 22
# Generated with config: N=138, K=6, topology=random_dag, calendar=staggered

# HEADER: <num_tasks> <num_types> <num_units>
140 6 50

# RESOURCE TYPES
# Format: <type_id> <num_units> <unit_id1> <unit_id2> ...
0 8 0 1 2 3 4 5 6 7
1 10 8 9 10 11 12 13 14 15 16 17
2 8 18 19 20 21 22 23 24 25
3 10 26 27 28 29 30 31 32 33 34 35
4 8 36 37 38 39 40 41 42 43
5 6 44 45 46 47 48 49

# RESOURCE UNITS (Calendars)
# Format: <unit_id> <num_steps> <t1> <v1> <t2> <v2> ...
0 16 0 100 80 0 87 100 160 0 165 100 240 0 245 100 320 0 325 100 400 0 410 100 480 0 490 100 560 0 569 100 641 0
1 16 0 100 92 0 101 100 172 0 180 100 252 0 258 100 332 0 338 100 412 0 422 100 492 0 498 100 572 0 582 100 641 0
2 16 0 100 104 0 112 100 184 0 189 100 264 0 270 100 344 0 350 100 424 0 433 100 504 0 512 100 584 0 592 100 641 0
3 16 0 100 116 0 121 100 196 0 206 100 276 0 284 100 356 0 362 100 436 0 441 100 516 0 524 100 596 0 602 100 641 0
4 16 0 100 128 0 136 100 208 0 217 100 288 0 296 100 368 0 378 100 448 0 456 100 528 0 538 100 608 0 613 100 641 0
5 16 0 100 140 0 149 100 220 0 230 100 300 0 305 100 380 0 390 100 460 0 468 100 540 0 548 100 620 0 625 100 641 0
6 16 0 100 152 0 159 100 232 0 237 100 312 0 319 100 392 0 402 100 472 0 481 100 552 0 562 100 632 0 637 100 641 0
7 16 0 100 3 0 9 100 164 0 174 100 244 0 249 100 324 0 332 100 404 0 412 100 484 0 494 100 564 0 573 100 641 0
8 16 0 100 15 0 20 100 176 0 185 100 256 0 263 100 336 0 344 100 416 0 423 100 496 0 505 100 576 0 586 100 641 0
9 16 0 100 27 0 32 100 188 0 197 100 268 0 274 100 348 0 358 100 428 0 436 100 508 0 518 100 588 0 594 100 641 0
10 16 0 100 39 0 44 100 200 0 210 100 280 0 288 100 360 0 368 100 440 0 449 100 520 0 527 100 600 0 608 100 641 0
11 16 0 100 51 0 61 100 212 0 217 100 292 0 302 100 372 0 377 100 452 0 459 100 532 0 538 100 612 0 621 100 641 0
12 16 0 100 63 0 68 100 224 0 234 100 304 0 314 100 384 0 392 100 464 0 473 100 544 0 550 100 624 0 631 100 641 0
13 14 0 100 75 0 80 100 236 0 245 100 316 0 325 100 396 0 401 100 476 0 486 100 556 0 562 100 641 0
14 16 0 100 7 0 15 100 87 0 95 100 248 0 253 100 328 0 335 100 408 0 413 100 488 0 495 100 568 0 574 100 641 0
15 16 0 100 19 0 27 100 99 0 108 100 260 0 270 100 340 0 347 100 420 0 427 100 500 0 510 100 580 0 586 100 641 0
16 16 0 100 31 0 39 100 111 0 116 100 272 0 279 100 352 0 361 100 432 0 441 100 512 0 521 100 592 0 598 100 641 0
17 16 0 100 43 0 49 100 123 0 130 100 284 0 294 100 364 0 369 100 444 0 454 100 524 0 531 100 604 0 609 100 641 0
18 16 0 100 55 0 60 100 135 0 141 100 296 0 302 100 376 0 382 100 456 0 465 100 536 0 542 100 616 0 625 100 641 0
19 16 0 100 67 0 75 100 147 0 156 100 308 0 313 100 388 0 398 100 468 0 476 100 548 0 554 100 628 0 636 100 641 0
20 14 0 100 79 0 88 100 159 0 166 100 320 0 329 100 400 0 408 100 480 0 487 100 560 0 570 100 641 0
21 16 0 100 11 0 21 100 91 0 98 100 171 0 179 100 332 0 338 100 412 0 420 100 492 0 501 100 572 0 581 100 641 0
22 16 0 100 23 0 31 100 103 0 113 100 183 0 193 100 344 0 354 100 424 0 430 100 504 0 512 100 584 0 589 100 641 0
23 16 0 100 35 0 44 100 115 0 121 100 195 0 200 100 356 0 366 100 436 0 444 100 516 0 521 100 596 0 601 100 641 0
24 16 0 100 47 0 57 100 127 0 134 100 207 0 214 100 368 0 378 100 448 0 454 100 528 0 537 100 608 0 617 100 641 0
25 16 0 100 59 0 66 100 139 0 147 100 219 0 227 100 380 0 387 100 460 0 468 100 540 0 545 100 620 0 629 100 641 0
26 16 0 100 71 0 78 100 151 0 160 100 231 0 236 100 392 0 400 100 472 0 477 100 552 0 560 100 632 0 637 100 641 0
27 16 0 100 3 0 12 100 83 0 90 100 163 0 170 100 243 0 251 100 404 0 411 100 484 0 492 100 564 0 569 100 641 0
28 16 0 100 15 0 21 100 95 0 101 100 175 0 182 100 255 0 263 100 416 0 426 100 496 0 504 100 576 0 584 100 641 0
29 16 0 100 27 0 33 100 107 0 112 100 187 0 192 100 267 0 275 100 428 0 433 100 508 0 517 100 588 0 596 100 641 0
30 16 0 100 39 0 46 100 119 0 126 100 199 0 208 100 279 0 288 100 440 0 449 100 520 0 525 100 600 0 607 100 641 0
31 16 0 100 51 0 61 100 131 0 139 100 211 0 217 100 291 0 300 100 452 0 460 100 532 0 538 100 612 0 618 100 641 0
32 16 0 100 63 0 73 100 143 0 149 100 223 0 230 100 303 0 313 100 464 0 472 100 544 0 551 100 624 0 629 100 641 0
33 14 0 100 75 0 81 100 155 0 165 100 235 0 242 100 315 0 321 100 476 0 481 100 556 0 563 100 641 0
34 16 0 100 7 0 15 100 87 0 94 100 167 0 176 100 247 0 253 100 327 0 337 100 488 0 494 100 568 0 574 100 641 0
35 16 0 100 19 0 25 100 99 0 106 100 179 0 184 100 259 0 269 100 339 0 345 100 500 0 506 100 580 0 586 100 641 0
36 16 0 100 31 0 37 100 111 0 120 100 191 0 200 100 271 0 276 100 351 0 356 100 512 0 518 100 592 0 597 100 641 0
37 16 0 100 43 0 48 100 123 0 132 100 203 0 208 100 283 0 288 100 363 0 373 100 524 0 529 100 604 0 609 100 641 0
38 16 0 100 55 0 60 100 135 0 142 100 215 0 222 100 295 0 300 100 375 0 383 100 536 0 543 100 616 0 621 100 641 0
39 16 0 100 67 0 75 100 147 0 157 100 227 0 233 100 307 0 312 100 387 0 393 100 548 0 557 100 628 0 634 100 641 0
40 14 0 100 79 0 88 100 159 0 166 100 239 0 244 100 319 0 328 100 399 0 404 100 560 0 566 100 641 0
41 16 0 100 11 0 19 100 91 0 100 100 171 0 178 100 251 0 256 100 331 0 340 100 411 0 421 100 572 0 582 100 641 0
42 16 0 100 23 0 30 100 103 0 113 100 183 0 189 100 263 0 268 100 343 0 351 100 423 0 433 100 584 0 591 100 641 0
43 16 0 100 35 0 43 100 115 0 123 100 195 0 200 100 275 0 282 100 355 0 362 100 435 0 440 100 596 0 603 100 641 0
44 16 0 100 47 0 52 100 127 0 137 100 207 0 213 100 287 0 292 100 367 0 374 100 447 0 452 100 608 0 615 100 641 0
45 16 0 100 59 0 66 100 139 0 144 100 219 0 229 100 299 0 307 100 379 0 385 100 459 0 465 100 620 0 630 100 641 0
46 16 0 100 71 0 77 100 151 0 156 100 231 0 237 100 311 0 318 100 391 0 399 100 471 0 481 100 632 0 637 100 641 0
47 16 0 100 3 0 13 100 83 0 91 100 163 0 171 100 243 0 248 100 323 0 330 100 403 0 410 100 483 0 493 100 641 0
48 16 0 100 15 0 24 100 95 0 103 100 175 0 185 100 255 0 261 100 335 0 341 100 415 0 420 100 495 0 502 100 641 0
49 16 0 100 27 0 37 100 107 0 116 100 187 0 197 100 267 0 274 100 347 0 355 100 427 0 435 100 507 0 517 100 641 0

# TASKS
# Format: <task_id> <size> <num_reqs>
# Then for each requirement: <type_id> <qty>
0 0 6
 0 0
 1 0
 2 0
 3 0
 4 0
 5 0
1 14 6
 0 0
 1 0
 2 0
 3 0
 4 3
 5 2
2 13 6
 0 0
 1 1
 2 3
 3 0
 4 3
 5 0
3 5 6
 0 2
 1 3
 2 0
 3 0
 4 2
 5 0
4 6 6
 0 3
 1 0
 2 0
 3 1
 4 1
 5 2
5 13 6
 0 0
 1 3
 2 3
 3 0
 4 3
 5 0
6 12 6
 0 0
 1 0
 2 2
 3 0
 4 1
 5 3
7 11 6
 0 2
 1 1
 2 1
 3 3
 4 3
 5 0
8 15 6
 0 1
 1 1
 2 2
 3 1
 4 3
 5 1
9 14 6
 0 2
 1 2
 2 0
 3 1
 4 2
 5 3
10 7 6
 0 2
 1 0
 2 3
 3 1
 4 2
 5 1
11 6 6
 0 0
 1 1
 2 2
 3 3
 4 2
 5 1
12 14 6
 0 3
 1 2
 2 0
 3 2
 4 0
 5 2
13 6 6
 0 1
 1 0
 2 0
 3 1
 4 3
 5 2
14 13 6
 0 0
 1 3
 2 1
 3 3
 4 1
 5 1
15 11 6
 0 1
 1 0
 2 3
 3 2
 4 0
 5 0
16 15 6
 0 0
 1 0
 2 1
 3 2
 4 3
 5 1
17 10 6
 0 3
 1 0
 2 2
 3 3
 4 0
 5 0
18 5 6
 0 1
 1 0
 2 0
 3 3
 4 1
 5 0
19 5 6
 0 0
 1 3
 2 1
 3 3
 4 1
 5 1
20 15 6
 0 1
 1 2
 2 3
 3 3
 4 0
 5 2
21 5 6
 0 0
 1 1
 2 3
 3 1
 4 0
 5 0
22 9 6
 0 1
 1 3
 2 3
 3 2
 4 1
 5 3
23 3 6
 0 2
 1 0
 2 2
 3 3
 4 0
 5 0
24 12 6
 0 3
 1 3
 2 0
 3 0
 4 1
 5 2
25 6 6
 0 1
 1 0
 2 3
 3 0
 4 1
 5 1
26 9 6
 0 0
 1 2
 2 0
 3 1
 4 3
 5 0
27 10 6
 0 1
 1 0
 2 1
 3 1
 4 2
 5 0
28 7 6
 0 1
 1 2
 2 1
 3 2
 4 2
 5 1
29 5 6
 0 2
 1 0
 2 0
 3 1
 4 1
 5 1
30 8 6
 0 1
 1 1
 2 2
 3 2
 4 2
 5 2
31 10 6
 0 0
 1 1
 2 2
 3 0
 4 0
 5 0
32 4 6
 0 1
 1 0
 2 2
 3 3
 4 1
 5 2
33 12 6
 0 0
 1 2
 2 1
 3 3
 4 3
 5 0
34 7 6
 0 1
 1 0
 2 1
 3 3
 4 3
 5 1
35 7 6
 0 3
 1 1
 2 3
 3 3
 4 1
 5 1
36 4 6
 0 2
 1 0
 2 0
 3 2
 4 1
 5 0
37 6 6
 0 1
 1 3
 2 1
 3 3
 4 0
 5 1
38 5 6
 0 1
 1 1
 2 0
 3 2
 4 1
 5 3
39 15 6
 0 3
 1 3
 2 1
 3 0
 4 1
 5 0
40 6 6
 0 3
 1 1
 2 2
 3 3
 4 0
 5 1
41 3 6
 0 1
 1 2
 2 2
 3 3
 4 0
 5 3
42 5 6
 0 1
 1 2
 2 2
 3 0
 4 3
 5 2
43 5 6
 0 3
 1 1
 2 2
 3 3
 4 2
 5 0
44 8 6
 0 2
 1 3
 2 0
 3 0
 4 0
 5 1
45 8 6
 0 1
 1 3
 2 3
 3 0
 4 2
 5 3
46 13 6
 0 1
 1 0
 2 3
 3 3
 4 0
 5 1
47 15 6
 0 3
 1 2
 2 0
 3 2
 4 3
 5 0
48 8 6
 0 0
 1 2
 2 1
 3 2
 4 1
 5 2
49 12 6
 0 3
 1 3
 2 0
 3 2
 4 2
 5 0
50 4 6
 0 1
 1 3
 2 2
 3 2
 4 2
 5 2
51 14 6
 0 0
 1 1
 2 2
 3 2
 4 1
 5 3
52 13 6
 0 2
 1 2
 2 1
 3 0
 4 1
 5 0
53 9 6
 0 3
 1 1
 2 1
 3 3
 4 1
 5 0
54 6 6
 0 0
 1 2
 2 0
 3 2
 4 1
 5 3
55 5 6
 0 0
 1 2
 2 1
 3 3
 4 0
 5 2
56 13 6
 0 1
 1 2
 2 3
 3 2
 4 0
 5 2
57 7 6
 0 0
 1 2
 2 1
 3 0
 4 0
 5 0
58 10 6
 0 3
 1 2
 2 3
 3 0
 4 2
 5 1
59 11 6
 0 2
 1 2
 2 0
 3 1
 4 1
 5 0
60 5 6
 0 1
 1 1
 2 3
 3 1
 4 2
 5 3
61 14 6
 0 0
 1 0
 2 1
 3 0
 4 3
 5 1
62 15 6
 0 0
 1 1
 2 1
 3 3
 4 0
 5 3
63 13 6
 0 1
 1 2
 2 3
 3 0
 4 1
 5 1
64 9 6
 0 0
 1 0
 2 3
 3 1
 4 3
 5 2
65 11 6
 0 3
 1 3
 2 0
 3 1
 4 2
 5 0
66 3 6
 0 0
 1 2
 2 0
 3 3
 4 3
 5 3
67 10 6
 0 2
 1 1
 2 3
 3 0
 4 0
 5 3
68 15 6
 0 2
 1 2
 2 1
 3 3
 4 3
 5 2
69 3 6
 0 2
 1 1
 2 0
 3 3
 4 3
 5 2
70 4 6
 0 2
 1 1
 2 2
 3 2
 4 0
 5 3
71 14 6
 0 3
 1 0
 2 0
 3 3
 4 2
 5 1
72 13 6
 0 1
 1 0
 2 3
 3 0
 4 0
 5 3
73 8 6
 0 3
 1 0
 2 1
 3 0
 4 0
 5 0
74 15 6
 0 1
 1 2
 2 0
 3 1
 4 2
 5 1
75 12 6
 0 0
 1 0
 2 2
 3 1
 4 3
 5 1
76 12 6
 0 0
 1 0
 2 0
 3 1
 4 2
 5 1
77 6 6
 0 3
 1 1
 2 0
 3 0
 4 2
 5 3
78 6 6
 0 1
 1 2
 2 0
 3 1
 4 0
 5 1
79 13 6
 0 3
 1 1
 2 3
 3 3
 4 1
 5 0
80 10 6
 0 3
 1 1
 2 2
 3 2
 4 2
 5 1
81 4 6
 0 2
 1 1
 2 1
 3 2
 4 2
 5 0
82 12 6
 0 0
 1 0
 2 2
 3 3
 4 0
 5 3
83 10 6
 0 3
 1 1
 2 3
 3 0
 4 1
 5 1
84 8 6
 0 3
 1 1
 2 0
 3 3
 4 1
 5 0
85 12 6
 0 0
 1 2
 2 3
 3 0
 4 2
 5 1
86 11 6
 0 0
 1 3
 2 2
 3 1
 4 3
 5 2
87 8 6
 0 2
 1 0
 2 0
 3 1
 4 3
 5 2
88 3 6
 0 2
 1 3
 2 0
 3 2
 4 0
 5 2
89 8 6
 0 1
 1 3
 2 0
 3 2
 4 1
 5 1
90 5 6
 0 2
 1 0
 2 2
 3 0
 4 3
 5 1
91 8 6
 0 0
 1 1
 2 1
 3 0
 4 1
 5 1
92 15 6
 0 1
 1 0
 2 1
 3 1
 4 3
 5 2
93 4 6
 0 3
 1 2
 2 1
 3 0
 4 2
 5 0
94 14 6
 0 0
 1 0
 2 2
 3 3
 4 0
 5 1
95 6 6
 0 0
 1 1
 2 1
 3 3
 4 1
 5 2
96 14 6
 0 0
 1 3
 2 1
 3 0
 4 0
 5 2
97 3 6
 0 0
 1 0
 2 1
 3 2
 4 2
 5 3
98 13 6
 0 2
 1 0
 2 1
 3 0
 4 0
 5 3
99 14 6
 0 1
 1 1
 2 0
 3 2
 4 1
 5 0
100 7 6
 0 0
 1 0
 2 1
 3 2
 4 3
 5 0
101 6 6
 0 3
 1 0
 2 2
 3 2
 4 0
 5 0
102 12 6
 0 0
 1 3
 2 1
 3 2
 4 1
 5 3
103 6 6
 0 0
 1 1
 2 3
 3 3
 4 2
 5 0
104 15 6
 0 2
 1 2
 2 2
 3 3
 4 3
 5 0
105 10 6
 0 3
 1 2
 2 1
 3 0
 4 2
 5 1
106 5 6
 0 2
 1 1
 2 0
 3 3
 4 3
 5 1
107 9 6
 0 0
 1 0
 2 1
 3 0
 4 0
 5 1
108 9 6
 0 0
 1 1
 2 2
 3 0
 4 0
 5 1
109 10 6
 0 2
 1 1
 2 1
 3 3
 4 2
 5 2
110 15 6
 0 0
 1 0
 2 0
 3 2
 4 3
 5 0
111 8 6
 0 3
 1 3
 2 1
 3 2
 4 2
 5 1
112 9 6
 0 3
 1 1
 2 1
 3 1
 4 3
 5 2
113 3 6
 0 2
 1 3
 2 3
 3 0
 4 0
 5 0
114 14 6
 0 1
 1 0
 2 3
 3 2
 4 0
 5 1
115 6 6
 0 3
 1 0
 2 0
 3 0
 4 2
 5 0
116 10 6
 0 2
 1 0
 2 2
 3 3
 4 3
 5 1
117 11 6
 0 0
 1 0
 2 0
 3 0
 4 3
 5 2
118 5 6
 0 0
 1 2
 2 1
 3 1
 4 3
 5 1
119 12 6
 0 0
 1 1
 2 2
 3 3
 4 2
 5 0
120 11 6
 0 0
 1 2
 2 2
 3 1
 4 1
 5 2
121 15 6
 0 0
 1 0
 2 1
 3 1
 4 2
 5 2
122 6 6
 0 3
 1 0
 2 2
 3 3
 4 0
 5 0
123 7 6
 0 0
 1 0
 2 3
 3 2
 4 0
 5 3
124 5 6
 0 1
 1 3
 2 0
 3 0
 4 0
 5 3
125 8 6
 0 0
 1 2
 2 0
 3 2
 4 3
 5 1
126 14 6
 0 3
 1 0
 2 3
 3 3
 4 2
 5 0
127 7 6
 0 1
 1 2
 2 3
 3 0
 4 1
 5 3
128 6 6
 0 1
 1 0
 2 2
 3 3
 4 1
 5 2
129 8 6
 0 0
 1 3
 2 1
 3 0
 4 1
 5 2
130 15 6
 0 1
 1 0
 2 2
 3 0
 4 2
 5 2
131 14 6
 0 0
 1 2
 2 0
 3 3
 4 3
 5 1
132 7 6
 0 0
 1 0
 2 2
 3 1
 4 1
 5 1
133 13 6
 0 1
 1 2
 2 0
 3 1
 4 0
 5 1
134 9 6
 0 0
 1 0
 2 2
 3 0
 4 3
 5 0
135 11 6
 0 2
 1 1
 2 3
 3 1
 4 1
 5 3
136 11 6
 0 3
 1 3
 2 3
 3 2
 4 0
 5 2
137 9 6
 0 3
 1 0
 2 3
 3 1
 4 2
 5 0
138 13 6
 0 3
 1 0
 2 1
 3 3
 4 2
 5 2
139 0 6
 0 0
 1 0
 2 0
 3 0
 4 0
 5 0

# PRECEDENCES
2044
13 88
64 133
55 84
29 32
0 5
17 94
68 139
69 104
40 77
80 113
19 103
42 123
2 50
0 126
19 139
66 71
13 65
72 114
24 74
103 138
15 25
1 90
107 108
46 98
3 136
48 58
40 54
26 119
92 101
49 139
8 107
0 103
20 81
31 90
84 102
75 133
114 124
33 136
66 84
35 96
76 97
68 93
14 122
34 137
99 117
65 124
58 85
19 93
110 131
102 127
0 116
12 90
32 68
72 104
23 99
64 100
84 115
16 60
35 73
36 38
53 127
64 136
22 139
21 31
71 117
82 126
101 139
94 100
0 93
39 84
23 76
75 123
35 50
135 137
41 130
52 139
13 68
25 122
72 117
45 100
56 109
76 87
9 34
26 86
5 63
37 132
38 97
57 110
3 139
50 71
61 80
0 70
30 92
71 130
82 139
21 129
0 106
60 120
4 76
32 58
24 54
35 63
33 139
37 109
65 91
3 116
9 47
89 119
109 134
7 86
67 137
18 95
59 133
79 111
17 136
42 80
29 110
0 83
4 53
63 139
34 81
45 90
85 126
64 103
38 51
51 133
56 99
49 60
15 67
26 76
30 46
89 132
55 139
7 99
47 135
0 60
5 138
21 119
6 139
52 106
25 89
53 71
3 70
26 53
85 139
45 103
32 133
37 99
24 129
0 37
70 132
30 59
36 139
82 106
101 119
0 73
41 74
60 87
104 130
115 139
21 132
62 133
25 102
45 80
85 116
56 89
9 14
66 139
67 104
71 74
16 138
63 70
55 129
0 50
11 59
39 41
52 60
17 139
63 106
9 135
29 113
115 116
40 122
25 79
45 57
37 53
15 34
46 58
59 77
78 90
24 119
43 132
16 115
89 99
35 128
27 44
0 27
19 40
111 123
36 129
29 90
60 77
6 106
52 73
25 56
122 137
25 92
66 93
39 139
37 66
14 82
55 83
47 79
0 4
13 123
118 139
0 40
100 127
44 46
10 53
69 139
42 122
19 138
11 134
10 89
103 137
74 110
20 139
59 67
24 109
35 118
1 125
0 17
99 139
92 100
71 77
17 106
40 89
80 125
52 63
50 139
10 66
3 27
62 113
0 138
4 108
3 63
36 60
96 111
13 113
57 119
6 73
92 113
50 116
0 115
73 99
2 75
14 49
114 136
18 19
72 139
23 134
56 131
76 109
0 7
77 110
50 93
69 106
21 66
41 44
19 105
11 101
30 114
31 79
2 52
83 126
102 139
95 100
0 128
64 112
47 59
128 133
107 110
53 139
59 70
99 106
118 119
5 62
6 27
38 96
3 138
76 122
28 82
61 79
40 56
132 139
92 103
10 33
42 102
2 29
0 105
60 119
12 79
83 139
43 66
75 135
33 138
106 122
57 86
36 63
28 59
88 110
34 139
5 75
58 87
49 118
50 83
77 100
69 96
113 139
0 82
11 91
32 34
63 138
110 133
102 129
35 39
14 16
0 118
41 119
20 96
60 132
12 92
64 102
22 105
45 125
46 90
37 121
38 86
56 134
57 99
9 59
69 73
21 33
18 107
19 72
31 46
10 23
63 115
91 97
29 122
0 95
6 138
39 86
72 83
83 129
135 139
25 124
53 106
44 137
16 75
56 111
68 85
15 79
86 139
18 84
79 100
70 131
61 82
48 112
0 72
18 120
11 81
39 63
30 94
71 132
83 106
102 119
41 109
25 101
105 130
10 121
16 52
116 139
2 117
9 13
108 135
65 93
3 118
15 92
21 23
47 124
67 139
26 101
0 49
30 71
90 122
2 9
0 85
40 121
11 94
25 114
85 128
37 88
43 131
120 122
67 116
18 74
89 134
36 128
7 101
0 62
60 76
12 36
123 132
81 135
25 91
72 86
37 65
124 133
56 78
15 46
34 96
26 55
18 51
97 115
70 98
16 127
0 39
18 87
119 139
79 103
12 13
90 112
63 95
9 124
82 108
25 68
4 45
10 88
16 19
33 108
45 82
5 9
85 118
43 121
3 85
9 16
35 117
1 124
86 119
78 115
70 111
9 101
82 85
28 114
0 52
41 53
100 139
20 30
92 135
112 113
44 58
34 50
53 63
85 95
10 101
2 97
22 75
14 71
26 45
126 132
18 41
38 56
51 138
78 92
70 88
118 128
130 139
36 95
0 29
111 125
17 118
77 132
28 127
25 58
112 126
30 136
115 131
122 139
93 112
23 133
36 72
26 58
67 96
0 6
24 134
65 135
21 65
0 42
100 129
5 120
44 48
58 132
62 102
0 127
33 75
3 52
84 126
103 139
35 84
96 100
67 73
53 138
24 111
89 91
96 136
47 94
0 19
61 114
133 139
30 126
10 68
22 42
103 116
66 85
85 98
32 92
84 139
1 104
9 81
6 75
92 115
69 131
110 132
3 6
62 92
8 121
0 117
19 130
39 108
30 139
35 74
15 16
106 134
57 98
68 107
0 9
10 22
0 94
11 103
2 54
43 55
8 134
0 130
11 139
53 105
16 74
117 126
136 139
55 65
87 134
47 61
57 111
76 124
129 136
80 94
19 84
42 104
54 78
0 107
32 59
43 68
16 51
75 137
45 114
46 79
37 110
117 139
26 100
67 138
50 85
90 121
42 81
15 127
101 130
0 84
20 62
25 28
31 71
35 41
41 121
60 134
33 117
52 130
4 90
72 108
64 104
65 69
56 100
9 25
68 74
88 89
49 97
14 139
21 35
7 100
121 122
11 70
39 52
91 99
0 97
60 111
31 84
10 110
75 127
35 54
95 105
53 108
44 139
65 82
56 113
3 107
22 120
15 81
6 32
38 101
98 115
30 60
82 107
48 114
0 74
19 87
6 117
39 65
30 96
31 61
29 137
1 38
60 124
93 121
45 81
37 77
9 15
49 51
38 78
78 114
70 110
3 120
55 130
26 103
0 51
19 64
100 138
12 25
9 136
0 87
12 61
44 93
64 71
16 31
56 67
116 118
108 114
1 51
97 104
43 133
89 100
68 77
8 32
67 118
86 131
18 76
59 114
70 123
98 105
63 84
28 126
47 139
0 64
6 107
31 51
112 125
131 138
83 98
21 123
1 28
44 106
56 80
22 87
14 83
78 104
70 100
36 107
55 120
8 45
0 41
59 127
5 119
82 110
28 139
48 117
40 113
41 78
45 48
54 133
14 60
34 75
25 106
4 132
38 45
78 81
8 22
0 18
13 137
18 66
79 82
111 114
77 121
0 54
40 90
60 68
23 37
104 111
42 136
62 114
54 110
33 87
34 52
93 101
45 61
31 126
10 103
74 124
66 120
26 47
86 98
118 130
16 119
28 93
1 139
0 31
100 118
17 120
58 121
9 116
50 117
80 139
6 110
39 107
74 101
66 97
31 139
32 104
35 109
15 51
7 47
47 83
0 8
99 130
9 93
77 111
80 116
4 14
2 53
61 139
0 129
20 107
11 138
31 116
24 77
95 137
7 24
67 75
12 139
107 111
9 70
29 48
129 135
0 21
6 64
10 34
80 129
8 110
39 97
42 139
4 112
32 94
96 115
1 106
47 73
107 124
118 133
29 61
40 70
27 100
30 105
62 94
54 90
0 119
4 89
51 84
43 80
95 127
106 136
34 117
5 53
64 139
65 104
28 73
48 51
5 89
6 54
98 137
49 132
90 133
15 139
0 96
25 40
83 130
43 57
103 108
94 139
0 132
1 60
53 107
32 84
44 138
117 128
55 67
47 63
34 130
120 133
45 139
29 51
15 116
27 90
39 64
0 109
11 118
52 119
32 61
51 74
84 108
75 139
17 18
64 129
56 125
49 86
14 128
71 110
61 96
0 86
12 60
23 69
83 120
35 43
45 93
16 66
97 139
57 103
3 132
77 81
90 100
101 109
121 124
0 63
20 41
79 127
30 85
48 139
54 70
94 106
0 99
53 74
105 121
84 98
16 43
56 79
108 126
127 139
87 103
34 97
45 106
49 76
89 112
67 130
27 57
59 126
78 139
0 76
40 112
83 110
29 139
16 20
21 135
53 87
45 83
5 10
85 119
37 79
38 44
108 139
27 34
13 136
79 81
30 39
49 89
15 96
0 53
59 139
9 138
115 119
48 129
21 112
6 132
45 60
105 111
16 33
116 120
127 129
51 139
24 122
35 131
15 73
7 69
47 105
0 30
98 107
71 90
63 86
9 115
82 99
0 66
40 102
41 67
11 75
52 76
112 127
10 79
115 132
81 139
74 100
20 129
45 73
2 111
15 50
7 46
13 126
32 139
78 106
28 105
0 43
40 79
100 130
20 21
11 52
12 17
111 139
92 126
40 115
1 7
6 122
34 41
16 23
62 139
14 62
93 126
4 134
70 79
35 121
96 137
47 95
8 24
13 139
0 20
5 98
40 92
60 70
5 134
92 139
12 30
52 66
22 43
81 129
32 93
37 59
3 66
43 102
96 114
7 36
65 126
76 135
28 95
0 33
5 111
6 76
119 133
61 128
33 66
25 62
3 43
62 129
114 139
66 99
12 128
59 60
32 106
23 137
51 119
64 138
36 76
88 123
0 10
40 46
19 23
46 126
65 139
9 95
69 109
52 56
44 52
58 136
30 117
50 132
3 20
0 131
85 89
24 79
43 92
3 56
84 130
95 139
88 100
67 77
13 106
59 73
24 115
37 134
28 85
68 121
0 23
46 139
5 101
110 123
62 83
8 112
0 108
33 56
125 139
2 68
84 107
75 138
1 72
20 122
13 83
56 124
35 101
96 117
38 112
42 82
7 124
31 72
10 49
3 10
62 96
102 132
54 92
0 121
31 108
4 91
43 82
57 102
29 40
69 76
15 105
48 53
80 85
26 114
79 126
98 139
58 103
90 135
110 113
2 22
0 98
4 68
43 59
84 97
103 110
1 62
33 131
13 73
53 109
72 122
16 78
128 139
34 132
6 33
38 102
57 115
7 114
80 98
0 75
79 139
0 111
11 120
23 94
35 68
97 128
3 121
49 88
109 139
68 101
14 130
26 104
18 100
39 43
71 112
10 16
0 88
19 101
20 66
13 27
31 75
75 118
41 125
5 22
64 108
9 29
68 78
46 96
79 93
7 104
0 65
18 113
20 43
11 74
39 56
131 139
82 134
60 115
52 111
13 40
72 89
24 49
108 128
5 35
38 69
78 105
3 111
14 120
55 121
8 46
67 132
11 51
71 102
23 25
42 75
29 105
48 118
21 101
0 78
20 56
60 92
13 17
112 139
4 48
31 65
24 26
75 108
44 120
64 98
3 88
13 138
30 41
42 52
55 134
28 117
0 55
40 91
11 64
92 138
71 115
23 38
41 92
1 19
81 128
13 30
93 102
14 74
93 138
66 121
86 99
32 128
57 72
43 137
49 68
89 104
55 111
47 107
0 32
100 119
11 41
71 92
0 68
44 74
115 134
2 77
62 128
1 32
25 97
85 111
37 71
14 87
66 134
86 112
99 131
16 133
36 111
0 45
100 132
20 23
6 88
31 32
9 130
52 91
45 52
10 94
56 61
2 90
85 124
86 89
59 72
4 136
32 118
51 131
96 139
8 26
0 22
100 109
46 138
11 31
30 44
38 134
9 107
40 94
41 59
81 95
60 72
52 68
112 119
104 115
81 131
122 132
14 41
25 87
66 88
39 134
85 101
31 130
23 126
51 108
35 100
96 116
1 107
99 121
76 137
47 110
0 35
26 136
6 78
61 130
0 120
25 64
37 38
103 132
54 127
74 105
87 124
20 134
12 130
23 139
16 100
88 125
107 138
0 12
40 48
92 95
17 101
69 111
61 107
41 49
6 91
30 119
42 130
0 133
66 78
13 72
32 85
72 121
1 97
107 115
18 37
16 113
9 74
68 123
129 139
21 48
40 61
100 112
5 103
50 111
69 124
61 120
81 98
27 127
0 110
20 88
84 109
14 44
87 114
25 139
13 85
72 134
17 55
22 133
28 64
47 77
0 2
5 80
57 127
77 105
15 130
8 91
26 139
33 35
18 135
19 100
30 109
94 130
14 21
0 123
41 124
12 97
52 133
4 93
32 75
24 71
64 107
10 136
43 84
17 32
47 54
53 134
65 108
56 139
58 69
49 100
29 42
15 107
21 38
38 127
39 55
71 124
50 101
91 102
2 24
7 139
0 100
40 136
20 78
12 74
91 138
84 99
75 130
1 64
109 128
120 137
26 93
37 139
38 104
58 82
7 116
0 77
0 113
1 41
53 88
45 84
56 93
17 22
1 77
34 111
6 12
65 98
58 59
89 126
68 103
42 51
8 58
26 106
9 139
54 61
0 90
20 68
60 104
32 42
23 73
116 121
1 54
87 94
127 130
53 101
10 139
38 58
97 107
76 84
49 67
128 131
15 74
86 134
59 117
78 130
79 95
98 108
89 139
82 100
61 77
101 113
8 71
27 84
0 67
19 80
91 105
94 110
40 139
41 104
1 31
34 65
64 87
3 77
108 130
67 98
5 37
46 75
57 84
8 48
0 44
20 22
70 139
71 104
48 120
0 80
40 116
6 123
13 19
56 60
21 139
22 67
34 78
43 126
89 93
67 111
78 120
79 85
36 123
101 103
48 97
0 57
40 93
20 35
5 135
4 27
29 120
75 87
115 123
62 117
81 130
6 136
37 60
67 88
13 117
46 65
24 126
43 139
36 100
0 34
30 56
17 123
60 84
44 76
73 139
34 68
74 104
85 113
23 138
24 103
43 116
35 112
96 128
0 11
24 139
16 135
0 47
12 21
58 137
50 133
42 129
44 89
23 115
108 110
54 139
7 27
18 36
76 126
28 86
0 24
71 84
33 57
19 122
52 70
10 73
54 116
14 43
106 126
43 106
55 80
96 118
47 76
67 91
0 1
13 120
18 49
57 126
76 139
9 86
36 103
28 99
21 60
26 138
58 127
50 123
69 136
102 133
27 139
0 122
20 100
32 74
51 87
103 134
1 86
47 53
106 139
67 68
13 97
99 100
32 110
45 129
70 73
17 67
76 116
9 63
1 122
88 127
0 14
40 50
57 139
7 138
80 122
73 83
39 90
31 86
10 63
43 60
22 37
8 139
14 33
0 135
74 84
95 107
13 74
72 123
35 92
87 139
1 99
99 113
118 126
65 120
9 76
28 89
40 63
121 137
38 139
10 40
91 114
0 112
73 96
39 103
32 64
4 118
65 97
56 128
57 93
21 27
6 47
57 129
50 90
101 135
62 64
8 93
54 60
0 89
33 37
25 33
12 63
43 50
84 88
102 136
95 97
0 125
60 139
20 103
33 122
52 135
10 138
84 124
34 123
5 59
46 97
37 128
9 66
89 138
69 80
42 63
15 109
80 89
8 70
90 139
10 30
63 122
62 77
94 109
0 102
12 76
52 112
4 72
51 67
24 50
84 101
124 137
41 139
28 56
15 86
120 139
26 95
46 110
79 107
50 80
2 3
7 118
48 119
0 79
71 139
4 49
24 27
94 122
60 129
4 85
105 137
10 128
9 20
28 33
68 69
34 113
45 122
5 49
86 123
37 118
57 96
3 125
21 30
0 56
23 39
82 125
101 138
0 92
72 80
135 136
87 96
127 132
33 125
34 90
93 139
25 121
44 134
46 64
56 108
2 137
22 115
86 136
19 46
79 97
98 110
42 66
0 69
20 47
6 112
39 60
104 126
123 139
83 103
75 99
93 116
56 85
74 139
66 135
26 62
67 100
47 121
0 46
59 132
31 33
63 102
48 122
41 83
6 125
104 139
64 66
108 109
46 54
65 67
38 50
3 92
14 101
1 131
78 122
119 123
63 79
134 139
8 63
0 59
40 95
41 60
4 29
44 65
123 129
115 125
1 23
25 88
108 122
74 129
126 139
32 132
17 89
35 137
7 75
47 111
0 36
40 72
4 6
58 126
63 92
77 139
104 129
37 39
10 85
14 55
20 135
12 131
3 82
55 92
107 139
0 13
59 99
17 102
57 138
12 23
58 139
81 122
0 134
20 112
12 108
37 52
137 139
86 93
18 38
32 122
118 125
88 139
0 26
63 82
29 89
21 85
61 121
73 95
19 124
10 75
2 71
20 125
106 128
12 121
31 134
55 82
96 120
0 3
99 125
17 92
68 137
44 45
30 110
10 52
110 139
3 13
62 99
22 26
81 112
102 135
14 22
0 124
43 85
55 59
34 122
59 66
77 83
48 56
0 16
6 59
58 106
50 102
90 138
2 25
0 101
19 114
91 139
2 61
43 62
83 135
95 109
0 137
66 82
32 89
72 125
36 59
117 133
96 110
6 36
77 96
21 52
121 139
27 95
30 100
0 114
73 98
31 101
4 84
32 66
35 71
95 122
106 131
34 112
13 89
37 117
28 68
15 98
21 29
38 118
49 127
50 92
42 88
2 15
15 134
54 62
0 91
18 139
12 65
23 74
3 16
24 75
64 111
65 76
2 136
76 85
117 123
68 81
14 110
128 132
46 99
86 135
3 137
50 69
61 78
8 72
39 59
42 101
83 102
29 131
75 98
94 111
0 104
4 74
44 110
23 87
124 139
1 68
45 111
97 121
22 127
68 94
109 132
98 122
71 105
82 114
0 81
13 56
5 15
105 139
56 97
49 58
34 115
67 112
5 51
46 89
70 117
98 99
89 130
36 124
69 72
15 101
55 137
7 97
47 133
113 115
0 58
82 127
29 121
102 105
94 101
40 130
13 33
4 64
66 124
45 101
32 131
56 110
97 111
2 139
89 107
14 113
27 52
86 138
63 91
9 120
0 71
63 127
15 55
59 98
0 48
5 126
31 35
58 138
81 121
16 28
56 64
2 93
34 82
85 127
4 139
78 88
138 139
89 97
8 29
26 77
0 25
119 125
30 47
9 110
82 94
48 101
0 61
5 139
6 104
112 122
62 121
73 130
20 124
14 80
7 41
66 127
26 54
67 92
35 139
0 38
11 47
4 8
58 128
21 97
41 75
81 111
22 61
74 108
66 104
51 124
16 103
1 123
48 55
0 15
18 63
16 139
17 104
58 105
82 84
40 87
104 108
10 64
2 60
81 124
0 136
20 114
25 80
32 88
15 35
55 71
107 118
18 40
59 78
78 91
17 81
68 126
0 28
80 100
58 118
42 110
110 128
62 88
80 136
8 117
39 104
30 135
10 77
43 74
103 125
87 117
7 8
106 130
