# Tier 6 (Large) - Instance 21
# Generated with config: N=143, K=6, topology=grid, calendar=staggered

# HEADER: <num_tasks> <num_types> <num_units>
145 6 48

# RESOURCE TYPES
# Format: <type_id> <num_units> <unit_id1> <unit_id2> ...
0 7 0 1 2 3 4 5 6
1 6 7 8 9 10 11 12
2 10 13 14 15 16 17 18 19 20 21 22
3 9 23 24 25 26 27 28 29 30 31
4 10 32 33 34 35 36 37 38 39 40 41
5 6 42 43 44 45 46 47

# RESOURCE UNITS (Calendars)
# Format: <unit_id> <num_steps> <t1> <v1> <t2> <v2> ...
0 14 0 100 75 0 92 100 150 0 159 100 225 0 234 100 300 0 318 100 375 0 385 100 450 0 464 100 527 0
1 14 0 100 85 0 95 100 160 0 177 100 235 0 252 100 310 0 319 100 385 0 403 100 460 0 471 100 527 0
2 14 0 100 95 0 111 100 170 0 183 100 245 0 261 100 320 0 333 100 395 0 408 100 470 0 486 100 527 0
3 14 0 100 105 0 120 100 180 0 192 100 255 0 270 100 330 0 343 100 405 0 417 100 480 0 492 100 527 0
4 14 0 100 115 0 130 100 190 0 202 100 265 0 274 100 340 0 357 100 415 0 429 100 490 0 502 100 527 0
5 14 0 100 125 0 143 100 200 0 211 100 275 0 288 100 350 0 365 100 425 0 438 100 500 0 510 100 527 0
6 14 0 100 135 0 144 100 210 0 223 100 285 0 303 100 360 0 371 100 435 0 452 100 510 0 523 100 527 0
7 12 0 100 145 0 155 100 220 0 232 100 295 0 310 100 370 0 384 100 445 0 461 100 527 0
8 14 0 100 3 0 19 100 155 0 166 100 230 0 240 100 305 0 315 100 380 0 393 100 455 0 464 100 527 0
9 14 0 100 13 0 29 100 165 0 179 100 240 0 252 100 315 0 325 100 390 0 402 100 465 0 474 100 527 0
10 14 0 100 23 0 34 100 175 0 186 100 250 0 259 100 325 0 340 100 400 0 410 100 475 0 484 100 527 0
11 14 0 100 33 0 43 100 185 0 197 100 260 0 270 100 335 0 351 100 410 0 424 100 485 0 494 100 527 0
12 14 0 100 43 0 54 100 195 0 209 100 270 0 282 100 345 0 363 100 420 0 435 100 495 0 512 100 527 0
13 14 0 100 53 0 71 100 205 0 219 100 280 0 296 100 355 0 367 100 430 0 448 100 505 0 521 100 527 0
14 12 0 100 63 0 73 100 215 0 225 100 290 0 307 100 365 0 382 100 440 0 457 100 527 0
15 12 0 100 73 0 90 100 225 0 238 100 300 0 318 100 375 0 386 100 450 0 462 100 527 0
16 14 0 100 8 0 18 100 83 0 92 100 235 0 245 100 310 0 320 100 385 0 397 100 460 0 473 100 527 0
17 14 0 100 18 0 36 100 93 0 108 100 245 0 256 100 320 0 334 100 395 0 412 100 470 0 482 100 527 0
18 14 0 100 28 0 41 100 103 0 115 100 255 0 268 100 330 0 339 100 405 0 418 100 480 0 494 100 527 0
19 14 0 100 38 0 54 100 113 0 123 100 265 0 278 100 340 0 356 100 415 0 432 100 490 0 499 100 527 0
20 14 0 100 48 0 62 100 123 0 136 100 275 0 289 100 350 0 360 100 425 0 434 100 500 0 518 100 527 0
21 14 0 100 58 0 67 100 133 0 143 100 285 0 294 100 360 0 373 100 435 0 446 100 510 0 525 100 527 0
22 12 0 100 68 0 79 100 143 0 156 100 295 0 305 100 370 0 382 100 445 0 459 100 527 0
23 14 0 100 3 0 15 100 78 0 88 100 153 0 164 100 305 0 319 100 380 0 398 100 455 0 470 100 527 0
24 14 0 100 13 0 26 100 88 0 104 100 163 0 180 100 315 0 330 100 390 0 402 100 465 0 475 100 527 0
25 14 0 100 23 0 36 100 98 0 113 100 173 0 186 100 325 0 341 100 400 0 412 100 475 0 486 100 527 0
26 14 0 100 33 0 46 100 108 0 126 100 183 0 198 100 335 0 351 100 410 0 423 100 485 0 500 100 527 0
27 14 0 100 43 0 57 100 118 0 132 100 193 0 207 100 345 0 359 100 420 0 431 100 495 0 512 100 527 0
28 14 0 100 53 0 70 100 128 0 142 100 203 0 216 100 355 0 369 100 430 0 442 100 505 0 523 100 527 0
29 12 0 100 63 0 81 100 138 0 148 100 213 0 229 100 365 0 382 100 440 0 456 100 527 0
30 12 0 100 73 0 86 100 148 0 164 100 223 0 241 100 375 0 393 100 450 0 463 100 527 0
31 14 0 100 8 0 18 100 83 0 97 100 158 0 174 100 233 0 247 100 385 0 394 100 460 0 474 100 527 0
32 14 0 100 18 0 31 100 93 0 109 100 168 0 185 100 243 0 260 100 395 0 411 100 470 0 484 100 527 0
33 14 0 100 28 0 40 100 103 0 117 100 178 0 188 100 253 0 264 100 405 0 421 100 480 0 490 100 527 0
34 14 0 100 38 0 49 100 113 0 124 100 188 0 201 100 263 0 278 100 415 0 431 100 490 0 505 100 527 0
35 14 0 100 48 0 62 100 123 0 132 100 198 0 211 100 273 0 287 100 425 0 439 100 500 0 517 100 527 0
36 14 0 100 58 0 72 100 133 0 147 100 208 0 226 100 283 0 292 100 435 0 447 100 510 0 525 100 527 0
37 12 0 100 68 0 81 100 143 0 154 100 218 0 227 100 293 0 305 100 445 0 463 100 527 0
38 14 0 100 3 0 17 100 78 0 90 100 153 0 171 100 228 0 245 100 303 0 317 100 455 0 466 100 527 0
39 14 0 100 13 0 30 100 88 0 98 100 163 0 175 100 238 0 255 100 313 0 324 100 465 0 477 100 527 0
40 14 0 100 23 0 39 100 98 0 116 100 173 0 183 100 248 0 265 100 323 0 337 100 475 0 490 100 527 0
41 14 0 100 33 0 47 100 108 0 118 100 183 0 200 100 258 0 271 100 333 0 347 100 485 0 494 100 527 0
42 14 0 100 43 0 56 100 118 0 132 100 193 0 206 100 268 0 282 100 343 0 353 100 495 0 504 100 527 0
43 14 0 100 53 0 66 100 128 0 144 100 203 0 214 100 278 0 296 100 353 0 363 100 505 0 521 100 527 0
44 12 0 100 63 0 78 100 138 0 155 100 213 0 226 100 288 0 300 100 363 0 372 100 527 0
45 12 0 100 73 0 87 100 148 0 165 100 223 0 236 100 298 0 308 100 373 0 383 100 527 0
46 14 0 100 8 0 18 100 83 0 94 100 158 0 173 100 233 0 246 100 308 0 326 100 383 0 396 100 527 0
47 14 0 100 18 0 27 100 93 0 109 100 168 0 186 100 243 0 259 100 318 0 332 100 393 0 408 100 527 0

# TASKS
# Format: <task_id> <size> <num_reqs>
# Then for each requirement: <type_id> <qty>
0 0 6
 0 0
 1 0
 2 0
 3 0
 4 0
 5 0
1 12 6
 0 3
 1 3
 2 3
 3 1
 4 1
 5 2
2 13 6
 0 1
 1 1
 2 2
 3 0
 4 1
 5 3
3 10 6
 0 2
 1 1
 2 0
 3 1
 4 0
 5 2
4 15 6
 0 0
 1 2
 2 2
 3 1
 4 2
 5 3
5 8 6
 0 1
 1 2
 2 0
 3 3
 4 1
 5 2
6 3 6
 0 3
 1 0
 2 3
 3 2
 4 2
 5 1
7 3 6
 0 3
 1 2
 2 0
 3 0
 4 2
 5 0
8 13 6
 0 3
 1 3
 2 3
 3 1
 4 3
 5 2
9 14 6
 0 2
 1 0
 2 1
 3 0
 4 2
 5 0
10 4 6
 0 0
 1 0
 2 1
 3 0
 4 0
 5 2
11 9 6
 0 0
 1 0
 2 0
 3 1
 4 1
 5 1
12 6 6
 0 2
 1 3
 2 3
 3 0
 4 3
 5 0
13 5 6
 0 2
 1 1
 2 1
 3 0
 4 1
 5 1
14 15 6
 0 2
 1 2
 2 0
 3 3
 4 1
 5 2
15 5 6
 0 3
 1 0
 2 0
 3 3
 4 3
 5 1
16 13 6
 0 3
 1 2
 2 2
 3 2
 4 2
 5 2
17 6 6
 0 0
 1 0
 2 1
 3 0
 4 0
 5 3
18 13 6
 0 2
 1 3
 2 1
 3 1
 4 0
 5 1
19 8 6
 0 1
 1 0
 2 3
 3 0
 4 2
 5 2
20 8 6
 0 0
 1 3
 2 2
 3 1
 4 2
 5 3
21 14 6
 0 0
 1 2
 2 0
 3 3
 4 2
 5 2
22 13 6
 0 0
 1 2
 2 0
 3 3
 4 3
 5 3
23 9 6
 0 1
 1 2
 2 3
 3 2
 4 0
 5 3
24 4 6
 0 2
 1 3
 2 2
 3 0
 4 0
 5 1
25 11 6
 0 3
 1 2
 2 2
 3 3
 4 1
 5 0
26 7 6
 0 0
 1 2
 2 3
 3 2
 4 3
 5 2
27 3 6
 0 0
 1 2
 2 3
 3 0
 4 0
 5 0
28 15 6
 0 0
 1 3
 2 0
 3 2
 4 3
 5 1
29 4 6
 0 2
 1 2
 2 2
 3 1
 4 3
 5 1
30 7 6
 0 1
 1 1
 2 3
 3 3
 4 2
 5 0
31 7 6
 0 3
 1 2
 2 0
 3 0
 4 0
 5 0
32 12 6
 0 2
 1 3
 2 3
 3 0
 4 1
 5 1
33 6 6
 0 0
 1 1
 2 2
 3 0
 4 2
 5 0
34 6 6
 0 3
 1 1
 2 0
 3 2
 4 0
 5 1
35 3 6
 0 1
 1 1
 2 3
 3 0
 4 0
 5 3
36 11 6
 0 2
 1 0
 2 3
 3 2
 4 3
 5 3
37 15 6
 0 1
 1 0
 2 0
 3 2
 4 1
 5 0
38 13 6
 0 2
 1 0
 2 1
 3 0
 4 3
 5 3
39 12 6
 0 2
 1 3
 2 3
 3 2
 4 0
 5 3
40 5 6
 0 3
 1 1
 2 0
 3 2
 4 1
 5 0
41 8 6
 0 0
 1 0
 2 0
 3 1
 4 2
 5 3
42 7 6
 0 0
 1 0
 2 3
 3 2
 4 0
 5 0
43 5 6
 0 2
 1 3
 2 2
 3 0
 4 0
 5 1
44 14 6
 0 1
 1 1
 2 1
 3 3
 4 3
 5 0
45 10 6
 0 0
 1 3
 2 1
 3 3
 4 0
 5 3
46 6 6
 0 0
 1 3
 2 2
 3 2
 4 3
 5 3
47 4 6
 0 1
 1 2
 2 0
 3 3
 4 0
 5 1
48 6 6
 0 1
 1 1
 2 1
 3 2
 4 0
 5 2
49 10 6
 0 3
 1 2
 2 0
 3 2
 4 3
 5 3
50 6 6
 0 0
 1 0
 2 2
 3 3
 4 1
 5 3
51 13 6
 0 1
 1 0
 2 2
 3 2
 4 1
 5 1
52 9 6
 0 1
 1 3
 2 0
 3 2
 4 2
 5 3
53 12 6
 0 0
 1 0
 2 0
 3 0
 4 0
 5 1
54 10 6
 0 0
 1 0
 2 2
 3 3
 4 2
 5 2
55 4 6
 0 0
 1 0
 2 3
 3 0
 4 3
 5 2
56 6 6
 0 3
 1 0
 2 2
 3 0
 4 2
 5 0
57 12 6
 0 1
 1 3
 2 1
 3 0
 4 0
 5 2
58 15 6
 0 1
 1 1
 2 0
 3 2
 4 2
 5 2
59 11 6
 0 0
 1 1
 2 3
 3 3
 4 1
 5 2
60 12 6
 0 2
 1 3
 2 1
 3 2
 4 2
 5 1
61 8 6
 0 0
 1 0
 2 1
 3 1
 4 2
 5 2
62 12 6
 0 0
 1 1
 2 1
 3 1
 4 1
 5 1
63 9 6
 0 2
 1 2
 2 3
 3 3
 4 2
 5 0
64 14 6
 0 1
 1 0
 2 2
 3 2
 4 3
 5 0
65 14 6
 0 1
 1 0
 2 2
 3 2
 4 0
 5 1
66 5 6
 0 1
 1 0
 2 2
 3 3
 4 1
 5 0
67 15 6
 0 0
 1 2
 2 3
 3 2
 4 3
 5 3
68 6 6
 0 1
 1 0
 2 2
 3 0
 4 0
 5 3
69 5 6
 0 3
 1 0
 2 1
 3 3
 4 0
 5 3
70 3 6
 0 3
 1 3
 2 0
 3 2
 4 0
 5 3
71 11 6
 0 3
 1 2
 2 0
 3 1
 4 0
 5 3
72 7 6
 0 0
 1 2
 2 2
 3 0
 4 0
 5 1
73 9 6
 0 0
 1 3
 2 0
 3 0
 4 2
 5 0
74 15 6
 0 1
 1 1
 2 0
 3 3
 4 0
 5 1
75 5 6
 0 3
 1 2
 2 1
 3 0
 4 3
 5 2
76 12 6
 0 1
 1 1
 2 3
 3 2
 4 0
 5 0
77 8 6
 0 1
 1 0
 2 0
 3 1
 4 3
 5 2
78 3 6
 0 0
 1 2
 2 2
 3 0
 4 2
 5 2
79 3 6
 0 1
 1 3
 2 0
 3 3
 4 1
 5 1
80 3 6
 0 3
 1 2
 2 0
 3 1
 4 2
 5 1
81 11 6
 0 0
 1 0
 2 2
 3 3
 4 3
 5 2
82 11 6
 0 0
 1 0
 2 3
 3 1
 4 0
 5 1
83 4 6
 0 0
 1 2
 2 2
 3 0
 4 0
 5 0
84 7 6
 0 1
 1 0
 2 1
 3 0
 4 1
 5 2
85 5 6
 0 0
 1 1
 2 0
 3 2
 4 3
 5 0
86 6 6
 0 2
 1 0
 2 0
 3 1
 4 2
 5 0
87 12 6
 0 1
 1 3
 2 1
 3 3
 4 2
 5 3
88 13 6
 0 3
 1 1
 2 0
 3 1
 4 2
 5 2
89 7 6
 0 3
 1 1
 2 1
 3 3
 4 3
 5 3
90 7 6
 0 3
 1 0
 2 3
 3 0
 4 0
 5 0
91 12 6
 0 0
 1 2
 2 2
 3 2
 4 0
 5 3
92 5 6
 0 0
 1 1
 2 0
 3 3
 4 1
 5 3
93 10 6
 0 3
 1 3
 2 0
 3 0
 4 0
 5 3
94 11 6
 0 0
 1 2
 2 3
 3 3
 4 3
 5 2
95 4 6
 0 1
 1 2
 2 2
 3 3
 4 0
 5 0
96 12 6
 0 3
 1 3
 2 3
 3 1
 4 3
 5 2
97 9 6
 0 0
 1 0
 2 3
 3 2
 4 2
 5 1
98 8 6
 0 0
 1 3
 2 1
 3 2
 4 2
 5 1
99 8 6
 0 1
 1 2
 2 3
 3 1
 4 2
 5 2
100 11 6
 0 3
 1 0
 2 2
 3 3
 4 2
 5 0
101 13 6
 0 0
 1 1
 2 3
 3 2
 4 1
 5 2
102 10 6
 0 3
 1 2
 2 2
 3 0
 4 0
 5 1
103 5 6
 0 2
 1 0
 2 1
 3 3
 4 2
 5 0
104 6 6
 0 0
 1 1
 2 0
 3 3
 4 2
 5 0
105 13 6
 0 2
 1 3
 2 3
 3 0
 4 3
 5 3
106 14 6
 0 0
 1 2
 2 1
 3 0
 4 2
 5 0
107 13 6
 0 2
 1 3
 2 2
 3 3
 4 3
 5 0
108 5 6
 0 0
 1 2
 2 0
 3 3
 4 2
 5 0
109 13 6
 0 0
 1 1
 2 0
 3 0
 4 3
 5 3
110 15 6
 0 2
 1 1
 2 2
 3 2
 4 1
 5 1
111 5 6
 0 3
 1 0
 2 0
 3 1
 4 2
 5 0
112 6 6
 0 3
 1 1
 2 0
 3 2
 4 2
 5 3
113 11 6
 0 3
 1 0
 2 1
 3 0
 4 1
 5 3
114 3 6
 0 2
 1 3
 2 2
 3 0
 4 3
 5 3
115 4 6
 0 0
 1 3
 2 2
 3 2
 4 3
 5 3
116 10 6
 0 1
 1 2
 2 1
 3 0
 4 3
 5 3
117 14 6
 0 1
 1 3
 2 3
 3 1
 4 1
 5 0
118 12 6
 0 3
 1 1
 2 2
 3 3
 4 2
 5 0
119 11 6
 0 0
 1 3
 2 1
 3 3
 4 3
 5 0
120 11 6
 0 1
 1 2
 2 0
 3 3
 4 2
 5 2
121 12 6
 0 1
 1 1
 2 1
 3 2
 4 3
 5 2
122 12 6
 0 1
 1 0
 2 0
 3 1
 4 1
 5 2
123 5 6
 0 0
 1 1
 2 3
 3 2
 4 3
 5 1
124 3 6
 0 0
 1 2
 2 1
 3 2
 4 2
 5 0
125 6 6
 0 0
 1 3
 2 0
 3 2
 4 1
 5 0
126 5 6
 0 1
 1 3
 2 3
 3 0
 4 3
 5 1
127 6 6
 0 3
 1 1
 2 2
 3 1
 4 2
 5 3
128 9 6
 0 1
 1 2
 2 0
 3 2
 4 1
 5 1
129 13 6
 0 1
 1 3
 2 1
 3 2
 4 0
 5 1
130 4 6
 0 0
 1 3
 2 3
 3 2
 4 0
 5 2
131 13 6
 0 0
 1 2
 2 0
 3 1
 4 3
 5 1
132 11 6
 0 3
 1 1
 2 3
 3 2
 4 0
 5 0
133 9 6
 0 2
 1 0
 2 0
 3 0
 4 3
 5 0
134 3 6
 0 0
 1 2
 2 2
 3 2
 4 3
 5 2
135 3 6
 0 3
 1 3
 2 3
 3 1
 4 0
 5 2
136 12 6
 0 3
 1 2
 2 0
 3 0
 4 3
 5 3
137 3 6
 0 0
 1 3
 2 3
 3 1
 4 3
 5 2
138 7 6
 0 3
 1 0
 2 0
 3 2
 4 2
 5 0
139 12 6
 0 2
 1 3
 2 0
 3 1
 4 1
 5 1
140 5 6
 0 3
 1 0
 2 2
 3 0
 4 1
 5 0
141 5 6
 0 0
 1 0
 2 3
 3 0
 4 2
 5 2
142 12 6
 0 1
 1 2
 2 1
 3 3
 4 3
 5 1
143 10 6
 0 3
 1 0
 2 1
 3 1
 4 3
 5 2
144 0 6
 0 0
 1 0
 2 0
 3 0
 4 0
 5 0

# PRECEDENCES
285
6 18
67 68
33 45
44 45
88 100
98 110
99 100
142 144
70 82
8 9
125 137
0 5
29 41
40 41
39 51
100 101
11 23
66 78
121 133
131 143
137 138
41 42
7 19
18 19
62 74
72 84
73 74
133 134
44 56
99 111
3 15
14 15
9 10
0 7
74 75
129 130
40 52
95 107
106 107
100 112
111 112
15 16
36 48
47 48
42 43
96 108
107 108
136 144
18 30
73 85
128 140
134 135
38 39
134 144
103 104
0 9
14 26
69 81
80 81
9 21
75 76
138 144
85 86
129 141
140 141
106 118
10 22
16 17
71 72
81 82
136 137
47 59
102 114
42 54
107 119
118 119
22 23
77 78
0 2
43 55
38 50
49 50
104 105
103 115
114 115
80 92
109 110
75 87
13 14
130 142
34 46
45 46
55 56
110 111
76 88
50 51
105 106
16 28
71 83
82 83
81 93
139 144
51 52
142 143
108 120
46 47
23 24
12 24
67 79
77 89
78 79
143 144
83 84
138 139
49 61
104 116
115 116
114 126
8 20
19 20
79 80
45 57
56 57
55 67
110 122
105 117
116 117
82 94
20 21
41 53
52 53
51 63
46 58
57 58
112 113
23 35
78 90
89 90
115 127
53 54
19 31
30 31
74 86
25 26
79 91
90 91
56 68
111 123
15 27
26 27
21 22
20 32
31 32
86 87
52 64
141 142
113 114
135 144
112 124
17 18
123 124
89 101
27 28
0 11
48 60
54 55
53 65
64 65
119 120
30 42
85 97
137 144
5 6
26 38
141 144
21 33
87 88
86 98
97 98
92 104
1 2
0 4
118 130
22 34
113 125
17 29
28 29
27 39
93 94
88 89
54 66
109 121
119 131
13 25
29 30
50 62
61 62
60 72
126 127
121 122
87 99
0 6
2 3
1 13
122 123
62 63
117 118
28 40
83 95
94 95
93 105
120 132
3 4
58 59
24 36
35 36
84 96
95 96
61 73
116 128
127 128
126 138
133 144
0 8
91 92
2 14
57 69
68 69
122 134
63 64
117 129
128 129
94 106
32 33
4 5
59 60
25 37
58 70
69 70
35 47
90 102
101 102
124 125
0 1
127 139
10 11
65 66
0 10
31 43
37 38
92 93
91 103
102 103
68 80
6 7
123 135
63 75
139 140
33 34
32 44
43 44
98 99
64 76
4 16
59 71
70 71
124 136
125 126
135 136
101 113
39 40
130 131
0 3
5 17
34 35
0 12
11 12
66 67
65 77
76 77
131 132
97 109
140 144
37 49
7 8
