# Tier 6 (Large) - Instance 3
# Generated with config: N=105, K=4, topology=grid, calendar=heavy_start

# HEADER: <num_tasks> <num_types> <num_units>
107 4 34

# RESOURCE TYPES
# Format: <type_id> <num_units> <unit_id1> <unit_id2> ...
0 9 0 1 2 3 4 5 6 7 8
1 7 9 10 11 12 13 14 15
2 9 16 17 18 19 20 21 22 23 24
3 9 25 26 27 28 29 30 31 32 33

# RESOURCE UNITS (Calendars)
# Format: <unit_id> <num_steps> <t1> <v1> <t2> <v2> ...
0 12 0 100 1 0 11 100 28 0 39 100 213 0 224 100 325 0 336 100 365 0 374 100 655 0
1 16 0 100 9 0 21 100 37 0 46 100 78 0 90 100 294 0 303 100 457 0 467 100 536 0 547 100 569 0 580 100 655 0
2 16 0 100 2 0 15 100 16 0 24 100 161 0 171 100 282 0 292 100 306 0 317 100 481 0 494 100 525 0 538 100 655 0
3 14 0 100 4 0 13 100 15 0 26 100 219 0 227 100 271 0 280 100 556 0 569 100 618 0 630 100 655 0
4 14 0 100 1 0 10 100 24 0 34 100 118 0 129 100 440 0 452 100 511 0 519 100 521 0 531 100 655 0
5 16 0 100 2 0 10 100 78 0 87 100 187 0 200 100 223 0 236 100 241 0 250 100 434 0 442 100 505 0 515 100 655 0
6 14 0 100 1 0 11 100 15 0 27 100 44 0 55 100 79 0 92 100 234 0 243 100 565 0 577 100 655 0
7 16 0 100 10 0 23 100 26 0 34 100 127 0 137 100 230 0 241 100 381 0 389 100 426 0 434 100 482 0 494 100 655 0
8 18 0 100 12 0 21 100 116 0 129 100 176 0 188 100 194 0 207 100 219 0 227 100 343 0 351 100 371 0 384 100 400 0 411 100 655 0
9 16 0 100 5 0 13 100 57 0 65 100 66 0 76 100 120 0 130 100 203 0 212 100 247 0 256 100 313 0 324 100 655 0
10 16 0 100 166 0 178 100 220 0 233 100 283 0 294 100 390 0 398 100 401 0 413 100 510 0 519 100 618 0 629 100 655 0
11 18 0 100 12 0 20 100 110 0 119 100 174 0 184 100 232 0 242 100 326 0 335 100 390 0 400 100 414 0 427 100 468 0 477 100 655 0
12 16 0 100 5 0 16 100 94 0 104 100 231 0 239 100 417 0 425 100 507 0 515 100 528 0 537 100 635 0 648 100 655 0
13 12 0 100 1 0 12 100 26 0 35 100 299 0 309 100 328 0 339 100 345 0 356 100 655 0
14 14 0 100 9 0 19 100 31 0 40 100 80 0 93 100 448 0 456 100 520 0 533 100 537 0 547 100 655 0
15 10 0 100 3 0 15 100 16 0 24 100 37 0 46 100 107 0 117 100 655 0
16 18 0 100 7 0 16 100 52 0 62 100 67 0 75 100 247 0 259 100 260 0 272 100 293 0 305 100 403 0 416 100 420 0 430 100 655 0
17 16 0 100 2 0 12 100 18 0 28 100 29 0 40 100 47 0 59 100 405 0 418 100 429 0 439 100 513 0 521 100 655 0
18 16 0 100 12 0 20 100 46 0 55 100 88 0 101 100 197 0 210 100 216 0 229 100 446 0 455 100 458 0 471 100 655 0
19 18 0 100 1 0 12 100 112 0 125 100 193 0 205 100 279 0 289 100 445 0 457 100 497 0 510 100 576 0 585 100 586 0 598 100 655 0
20 14 0 100 1 0 11 100 128 0 138 100 242 0 252 100 286 0 295 100 383 0 395 100 641 0 652 100 655 0
21 16 0 100 8 0 16 100 39 0 52 100 61 0 72 100 136 0 144 100 193 0 201 100 374 0 387 100 441 0 453 100 655 0
22 18 0 100 1 0 14 100 42 0 52 100 57 0 69 100 76 0 85 100 164 0 177 100 243 0 252 100 278 0 289 100 459 0 472 100 655 0
23 16 0 100 3 0 15 100 36 0 49 100 64 0 73 100 103 0 112 100 277 0 285 100 480 0 488 100 628 0 637 100 655 0
24 16 0 100 22 0 34 100 174 0 184 100 186 0 195 100 244 0 255 100 433 0 442 100 538 0 550 100 627 0 638 100 655 0
25 14 0 100 1 0 15 100 38 0 50 100 68 0 76 100 216 0 229 100 245 0 255 100 595 0 604 100 655 0
26 18 0 100 23 0 33 100 39 0 48 100 62 0 73 100 142 0 151 100 369 0 379 100 429 0 440 100 460 0 472 100 538 0 547 100 655 0
27 16 0 100 4 0 14 100 19 0 28 100 67 0 76 100 148 0 158 100 337 0 345 100 379 0 391 100 569 0 577 100 655 0
28 16 0 100 47 0 59 100 74 0 85 100 248 0 259 100 360 0 368 100 426 0 435 100 445 0 456 100 609 0 617 100 655 0
29 12 0 100 1 0 12 100 32 0 43 100 89 0 102 100 183 0 195 100 298 0 307 100 655 0
30 18 0 100 1 0 10 100 24 0 32 100 52 0 65 100 153 0 165 100 225 0 238 100 242 0 254 100 534 0 547 100 637 0 646 100 655 0
31 16 0 100 5 0 18 100 140 0 152 100 207 0 216 100 326 0 336 100 382 0 395 100 492 0 501 100 552 0 564 100 655 0
32 18 0 100 13 0 24 100 39 0 48 100 53 0 64 100 137 0 147 100 180 0 192 100 226 0 237 100 456 0 464 100 593 0 601 100 655 0
33 14 0 100 2 0 12 100 77 0 87 100 177 0 187 100 221 0 230 100 252 0 260 100 284 0 293 100 655 0

# TASKS
# Format: <task_id> <size> <num_reqs>
# Then for each requirement: <type_id> <qty>
0 0 4
 0 0
 1 0
 2 0
 3 0
1 6 4
 0 1
 1 2
 2 2
 3 2
2 12 4
 0 3
 1 0
 2 0
 3 0
3 4 4
 0 3
 1 0
 2 2
 3 0
4 5 4
 0 3
 1 0
 2 2
 3 2
5 7 4
 0 0
 1 3
 2 0
 3 3
6 4 4
 0 3
 1 2
 2 0
 3 1
7 11 4
 0 1
 1 1
 2 1
 3 0
8 14 4
 0 2
 1 3
 2 1
 3 2
9 8 4
 0 1
 1 0
 2 1
 3 3
10 4 4
 0 3
 1 3
 2 0
 3 0
11 3 4
 0 2
 1 0
 2 0
 3 0
12 4 4
 0 3
 1 3
 2 3
 3 2
13 5 4
 0 3
 1 0
 2 1
 3 3
14 5 4
 0 0
 1 3
 2 2
 3 3
15 10 4
 0 1
 1 0
 2 3
 3 0
16 15 4
 0 2
 1 2
 2 2
 3 2
17 9 4
 0 3
 1 3
 2 1
 3 1
18 5 4
 0 2
 1 1
 2 0
 3 0
19 12 4
 0 1
 1 0
 2 1
 3 1
20 9 4
 0 1
 1 0
 2 1
 3 2
21 14 4
 0 0
 1 1
 2 3
 3 0
22 15 4
 0 1
 1 0
 2 0
 3 1
23 13 4
 0 2
 1 0
 2 1
 3 2
24 12 4
 0 2
 1 2
 2 0
 3 0
25 6 4
 0 0
 1 3
 2 1
 3 3
26 15 4
 0 0
 1 0
 2 0
 3 3
27 14 4
 0 1
 1 0
 2 1
 3 3
28 5 4
 0 3
 1 1
 2 2
 3 0
29 11 4
 0 0
 1 3
 2 0
 3 0
30 14 4
 0 1
 1 0
 2 1
 3 2
31 6 4
 0 3
 1 3
 2 2
 3 0
32 13 4
 0 2
 1 0
 2 0
 3 1
33 8 4
 0 0
 1 0
 2 1
 3 0
34 6 4
 0 0
 1 2
 2 2
 3 0
35 8 4
 0 0
 1 1
 2 2
 3 2
36 15 4
 0 3
 1 0
 2 2
 3 1
37 5 4
 0 1
 1 3
 2 1
 3 0
38 8 4
 0 3
 1 3
 2 0
 3 0
39 9 4
 0 1
 1 3
 2 3
 3 2
40 5 4
 0 1
 1 0
 2 1
 3 2
41 15 4
 0 1
 1 2
 2 0
 3 3
42 6 4
 0 0
 1 3
 2 2
 3 0
43 10 4
 0 0
 1 1
 2 1
 3 0
44 11 4
 0 3
 1 2
 2 1
 3 3
45 4 4
 0 1
 1 0
 2 2
 3 0
46 9 4
 0 1
 1 0
 2 3
 3 0
47 13 4
 0 0
 1 0
 2 1
 3 0
48 12 4
 0 3
 1 1
 2 2
 3 0
49 13 4
 0 3
 1 2
 2 1
 3 2
50 6 4
 0 2
 1 2
 2 0
 3 2
51 10 4
 0 2
 1 3
 2 0
 3 0
52 4 4
 0 2
 1 2
 2 0
 3 0
53 7 4
 0 0
 1 2
 2 0
 3 2
54 5 4
 0 3
 1 0
 2 2
 3 3
55 14 4
 0 1
 1 0
 2 0
 3 3
56 7 4
 0 1
 1 2
 2 1
 3 3
57 10 4
 0 2
 1 2
 2 1
 3 3
58 12 4
 0 0
 1 1
 2 2
 3 2
59 14 4
 0 1
 1 1
 2 0
 3 3
60 14 4
 0 3
 1 3
 2 2
 3 3
61 15 4
 0 0
 1 2
 2 0
 3 1
62 9 4
 0 2
 1 0
 2 2
 3 0
63 11 4
 0 1
 1 0
 2 0
 3 2
64 15 4
 0 1
 1 0
 2 2
 3 2
65 15 4
 0 1
 1 3
 2 0
 3 0
66 8 4
 0 2
 1 3
 2 3
 3 1
67 11 4
 0 3
 1 2
 2 0
 3 0
68 13 4
 0 0
 1 2
 2 3
 3 1
69 3 4
 0 2
 1 1
 2 0
 3 3
70 3 4
 0 1
 1 0
 2 2
 3 1
71 11 4
 0 1
 1 3
 2 3
 3 1
72 8 4
 0 0
 1 3
 2 2
 3 3
73 11 4
 0 3
 1 0
 2 0
 3 2
74 14 4
 0 0
 1 2
 2 2
 3 2
75 8 4
 0 1
 1 3
 2 0
 3 1
76 4 4
 0 1
 1 1
 2 3
 3 1
77 8 4
 0 1
 1 1
 2 0
 3 2
78 4 4
 0 0
 1 3
 2 2
 3 2
79 4 4
 0 0
 1 3
 2 0
 3 0
80 15 4
 0 0
 1 0
 2 0
 3 3
81 12 4
 0 3
 1 3
 2 2
 3 2
82 5 4
 0 0
 1 1
 2 2
 3 3
83 5 4
 0 1
 1 2
 2 0
 3 1
84 8 4
 0 1
 1 2
 2 1
 3 3
85 13 4
 0 0
 1 1
 2 2
 3 1
86 10 4
 0 3
 1 2
 2 2
 3 0
87 9 4
 0 2
 1 0
 2 1
 3 2
88 6 4
 0 1
 1 2
 2 2
 3 0
89 15 4
 0 0
 1 2
 2 2
 3 0
90 15 4
 0 0
 1 2
 2 1
 3 1
91 6 4
 0 3
 1 0
 2 3
 3 2
92 9 4
 0 0
 1 0
 2 0
 3 2
93 15 4
 0 0
 1 2
 2 3
 3 0
94 12 4
 0 1
 1 1
 2 0
 3 2
95 7 4
 0 0
 1 0
 2 0
 3 3
96 4 4
 0 0
 1 2
 2 0
 3 2
97 11 4
 0 2
 1 3
 2 1
 3 3
98 9 4
 0 1
 1 0
 2 2
 3 1
99 10 4
 0 1
 1 0
 2 1
 3 0
100 12 4
 0 1
 1 1
 2 1
 3 1
101 8 4
 0 3
 1 2
 2 2
 3 0
102 9 4
 0 2
 1 0
 2 0
 3 3
103 7 4
 0 0
 1 2
 2 0
 3 1
104 10 4
 0 3
 1 1
 2 3
 3 3
105 7 4
 0 3
 1 0
 2 0
 3 1
106 0 4
 0 0
 1 0
 2 0
 3 0

# PRECEDENCES
200
72 73
55 66
67 68
50 61
82 93
8 9
51 62
0 5
40 41
46 57
23 34
100 101
83 94
41 42
96 97
18 19
24 35
73 74
79 90
56 67
14 15
20 31
9 10
0 7
74 75
57 68
89 100
15 16
94 105
47 48
53 64
30 41
42 43
25 36
90 101
38 39
48 49
21 32
103 104
0 9
31 42
80 81
86 97
75 76
85 86
68 79
27 38
16 17
71 72
81 82
54 65
64 75
59 70
12 13
0 2
5 16
60 71
49 50
104 105
87 98
1 12
13 14
92 103
45 46
28 39
50 51
93 104
82 83
33 44
88 99
51 52
46 47
23 24
29 40
78 79
84 95
61 72
83 84
66 77
19 20
2 13
24 25
79 80
56 57
62 73
20 21
52 53
3 14
58 69
35 46
57 58
89 90
40 51
53 54
30 31
36 47
91 102
25 26
90 91
63 74
73 84
26 27
32 43
21 22
31 32
4 15
86 87
14 25
69 80
17 18
27 28
0 11
10 21
65 76
54 55
64 65
37 48
47 58
6 17
5 6
60 61
43 54
87 88
38 49
97 98
70 81
1 2
0 4
80 91
39 50
28 29
34 45
93 94
11 22
76 87
71 82
7 18
29 30
72 83
84 85
61 62
12 23
67 78
44 55
0 6
2 3
8 19
62 63
94 95
45 56
3 4
58 59
35 36
41 52
18 29
95 96
78 89
0 8
36 37
9 20
91 92
68 69
19 30
74 85
63 64
32 33
15 26
4 5
59 60
69 70
42 53
101 102
52 63
0 1
10 11
65 66
0 10
48 59
37 38
92 93
102 103
75 86
6 7
85 96
43 44
16 27
98 99
26 37
81 92
70 71
39 40
0 3
22 33
34 35
77 88
17 28
76 77
49 60
7 8
13 24
