# Tier 6 (Large) - Instance 84
# Generated with config: N=292, K=5, topology=random_dag, calendar=random

# HEADER: <num_tasks> <num_types> <num_units>
294 5 15

# RESOURCE TYPES
# Format: <type_id> <num_units> <unit_id1> <unit_id2> ...
0 3 0 1 2
1 3 3 4 5
2 3 6 7 8
3 3 9 10 11
4 3 12 13 14

# RESOURCE UNITS (Calendars)
# Format: <unit_id> <num_steps> <t1> <v1> <t2> <v2> ...
0 26 0 100 85 0 95 100 210 0 221 100 277 0 289 100 327 0 338 100 389 0 404 100 576 0 589 100 653 0 657 100 711 0 722 100 840 0 845 100 899 0 910 100 1039 0 1042 100 1077 0 1088 100 2563 0
1 26 0 100 62 0 65 100 182 0 194 100 279 0 294 100 325 0 333 100 490 0 505 100 639 0 642 100 813 0 820 100 926 0 940 100 1053 0 1055 100 1123 0 1136 100 1237 0 1240 100 1351 0 1361 100 2563 0
2 26 0 100 122 0 128 100 174 0 180 100 301 0 314 100 345 0 356 100 518 0 525 100 654 0 668 100 747 0 750 100 827 0 838 100 887 0 890 100 998 0 1011 100 1121 0 1130 100 1276 0 1288 100 2563 0
3 26 0 100 183 0 185 100 237 0 250 100 329 0 336 100 510 0 516 100 558 0 572 100 712 0 715 100 801 0 808 100 856 0 868 100 1004 0 1011 100 1178 0 1180 100 1216 0 1224 100 1368 0 1376 100 2563 0
4 26 0 100 36 0 51 100 184 0 198 100 300 0 302 100 353 0 358 100 530 0 535 100 589 0 601 100 701 0 716 100 841 0 852 100 1002 0 1014 100 1147 0 1155 100 1243 0 1247 100 1426 0 1431 100 2563 0
5 26 0 100 30 0 36 100 152 0 163 100 207 0 213 100 387 0 400 100 454 0 467 100 572 0 583 100 655 0 669 100 700 0 710 100 796 0 803 100 947 0 949 100 1029 0 1034 100 1072 0 1076 100 2563 0
6 26 0 0 4 100 182 0 194 100 236 0 248 100 371 0 382 100 559 0 570 100 715 0 726 100 870 0 876 100 906 0 908 100 1007 0 1022 100 1054 0 1066 100 1217 0 1220 100 1283 0 1286 100 1365 0 2563 0
7 26 0 0 12 100 181 0 187 100 360 0 373 100 516 0 521 100 610 0 617 100 705 0 713 100 813 0 816 100 855 0 859 100 1024 0 1035 100 1087 0 1100 100 1268 0 1274 100 1412 0 1425 100 1593 0 2563 0
8 26 0 0 11 100 124 0 134 100 286 0 298 100 451 0 455 100 556 0 565 100 620 0 622 100 690 0 699 100 852 0 856 100 962 0 974 100 1083 0 1098 100 1189 0 1197 100 1360 0 1375 100 1503 0 2563 0
9 26 0 100 86 0 93 100 269 0 280 100 402 0 407 100 490 0 501 100 626 0 638 100 729 0 732 100 835 0 842 100 918 0 924 100 1012 0 1023 100 1055 0 1062 100 1162 0 1172 100 1254 0 1268 100 2563 0
10 26 0 0 6 100 83 0 97 100 197 0 207 100 337 0 350 100 501 0 511 100 594 0 599 100 670 0 679 100 819 0 833 100 1007 0 1015 100 1064 0 1079 100 1157 0 1169 100 1343 0 1346 100 1433 0 2563 0
11 26 0 0 14 100 96 0 102 100 174 0 183 100 350 0 356 100 435 0 437 100 509 0 521 100 650 0 659 100 778 0 784 100 932 0 940 100 1014 0 1020 100 1121 0 1126 100 1196 0 1202 100 1362 0 2563 0
12 26 0 0 2 100 121 0 134 100 169 0 180 100 258 0 264 100 443 0 454 100 541 0 554 100 635 0 648 100 795 0 809 100 845 0 860 100 1020 0 1035 100 1175 0 1187 100 1218 0 1223 100 1303 0 2563 0
13 26 0 100 43 0 53 100 195 0 208 100 283 0 292 100 355 0 366 100 491 0 498 100 543 0 552 100 599 0 606 100 752 0 767 100 890 0 903 100 981 0 987 100 1045 0 1060 100 1184 0 1194 100 2563 0
14 26 0 0 2 100 66 0 72 100 208 0 223 100 303 0 310 100 344 0 354 100 411 0 420 100 587 0 595 100 769 0 780 100 908 0 917 100 1080 0 1085 100 1263 0 1267 100 1311 0 1315 100 1460 0 2563 0

# TASKS
# Format: <task_id> <size> <num_reqs>
# Then for each requirement: <type_id> <qty>
0 0 5
 0 0
 1 0
 2 0
 3 0
 4 0
1 1 5
 0 0
 1 1
 2 1
 3 0
 4 0
2 1 5
 0 0
 1 1
 2 3
 3 1
 4 0
3 6 5
 0 0
 1 1
 2 3
 3 3
 4 0
4 9 5
 0 0
 1 2
 2 2
 3 0
 4 3
5 8 5
 0 3
 1 0
 2 1
 3 0
 4 2
6 8 5
 0 0
 1 1
 2 0
 3 1
 4 1
7 11 5
 0 3
 1 3
 2 1
 3 0
 4 0
8 7 5
 0 3
 1 1
 2 0
 3 3
 4 0
9 15 5
 0 3
 1 3
 2 0
 3 2
 4 3
10 4 5
 0 3
 1 0
 2 0
 3 0
 4 0
11 13 5
 0 0
 1 1
 2 0
 3 2
 4 0
12 2 5
 0 2
 1 3
 2 1
 3 2
 4 0
13 9 5
 0 1
 1 0
 2 3
 3 2
 4 1
14 9 5
 0 0
 1 3
 2 1
 3 3
 4 2
15 15 5
 0 0
 1 1
 2 0
 3 0
 4 1
16 10 5
 0 2
 1 0
 2 0
 3 3
 4 2
17 4 5
 0 2
 1 2
 2 0
 3 2
 4 3
18 18 5
 0 2
 1 3
 2 2
 3 3
 4 0
19 10 5
 0 0
 1 3
 2 2
 3 0
 4 2
20 2 5
 0 2
 1 0
 2 1
 3 1
 4 2
21 14 5
 0 1
 1 0
 2 1
 3 0
 4 0
22 12 5
 0 1
 1 0
 2 0
 3 0
 4 0
23 7 5
 0 0
 1 0
 2 2
 3 0
 4 1
24 8 5
 0 0
 1 3
 2 0
 3 0
 4 0
25 8 5
 0 3
 1 2
 2 1
 3 1
 4 3
26 5 5
 0 2
 1 3
 2 3
 3 3
 4 1
27 2 5
 0 0
 1 0
 2 2
 3 2
 4 2
28 8 5
 0 3
 1 0
 2 2
 3 1
 4 0
29 1 5
 0 3
 1 0
 2 0
 3 1
 4 3
30 6 5
 0 3
 1 0
 2 0
 3 2
 4 2
31 8 5
 0 1
 1 0
 2 1
 3 0
 4 0
32 18 5
 0 2
 1 3
 2 0
 3 0
 4 2
33 5 5
 0 1
 1 2
 2 0
 3 0
 4 0
34 12 5
 0 1
 1 2
 2 1
 3 2
 4 3
35 6 5
 0 2
 1 3
 2 2
 3 2
 4 3
36 14 5
 0 0
 1 0
 2 3
 3 2
 4 1
37 17 5
 0 1
 1 1
 2 1
 3 2
 4 3
38 19 5
 0 2
 1 0
 2 3
 3 0
 4 2
39 18 5
 0 0
 1 3
 2 1
 3 2
 4 0
40 12 5
 0 2
 1 0
 2 2
 3 1
 4 2
41 6 5
 0 0
 1 1
 2 0
 3 2
 4 3
42 10 5
 0 2
 1 1
 2 0
 3 0
 4 0
43 20 5
 0 0
 1 0
 2 0
 3 3
 4 1
44 2 5
 0 1
 1 0
 2 2
 3 3
 4 2
45 3 5
 0 0
 1 3
 2 3
 3 3
 4 0
46 16 5
 0 0
 1 2
 2 2
 3 0
 4 2
47 18 5
 0 0
 1 0
 2 0
 3 0
 4 2
48 6 5
 0 3
 1 1
 2 1
 3 0
 4 3
49 6 5
 0 0
 1 3
 2 0
 3 0
 4 2
50 10 5
 0 0
 1 0
 2 1
 3 1
 4 3
51 16 5
 0 2
 1 1
 2 3
 3 0
 4 3
52 12 5
 0 0
 1 0
 2 2
 3 2
 4 0
53 16 5
 0 0
 1 1
 2 3
 3 2
 4 0
54 17 5
 0 3
 1 3
 2 0
 3 0
 4 1
55 1 5
 0 0
 1 3
 2 0
 3 1
 4 0
56 17 5
 0 3
 1 0
 2 2
 3 3
 4 3
57 15 5
 0 2
 1 2
 2 0
 3 3
 4 1
58 19 5
 0 3
 1 2
 2 1
 3 3
 4 0
59 14 5
 0 0
 1 3
 2 0
 3 2
 4 0
60 9 5
 0 0
 1 1
 2 0
 3 0
 4 3
61 17 5
 0 2
 1 0
 2 2
 3 0
 4 3
62 1 5
 0 0
 1 0
 2 2
 3 2
 4 2
63 5 5
 0 3
 1 2
 2 0
 3 1
 4 1
64 17 5
 0 0
 1 3
 2 2
 3 1
 4 0
65 13 5
 0 0
 1 3
 2 3
 3 2
 4 2
66 13 5
 0 3
 1 2
 2 2
 3 0
 4 2
67 6 5
 0 3
 1 3
 2 0
 3 0
 4 1
68 16 5
 0 2
 1 1
 2 3
 3 0
 4 3
69 2 5
 0 2
 1 1
 2 1
 3 3
 4 1
70 5 5
 0 3
 1 1
 2 0
 3 1
 4 3
71 14 5
 0 0
 1 0
 2 0
 3 2
 4 2
72 6 5
 0 0
 1 0
 2 0
 3 0
 4 2
73 13 5
 0 0
 1 0
 2 1
 3 2
 4 1
74 9 5
 0 0
 1 3
 2 3
 3 3
 4 3
75 6 5
 0 0
 1 2
 2 2
 3 0
 4 0
76 9 5
 0 0
 1 3
 2 0
 3 3
 4 0
77 17 5
 0 3
 1 3
 2 1
 3 1
 4 2
78 16 5
 0 1
 1 0
 2 0
 3 0
 4 2
79 16 5
 0 0
 1 0
 2 3
 3 3
 4 1
80 3 5
 0 3
 1 0
 2 0
 3 0
 4 1
81 11 5
 0 2
 1 0
 2 1
 3 0
 4 2
82 6 5
 0 3
 1 0
 2 1
 3 3
 4 1
83 20 5
 0 0
 1 2
 2 3
 3 3
 4 0
84 20 5
 0 2
 1 2
 2 0
 3 0
 4 2
85 14 5
 0 2
 1 3
 2 3
 3 2
 4 2
86 6 5
 0 1
 1 0
 2 0
 3 0
 4 3
87 13 5
 0 0
 1 0
 2 0
 3 3
 4 0
88 1 5
 0 1
 1 0
 2 1
 3 1
 4 3
89 6 5
 0 0
 1 2
 2 2
 3 0
 4 3
90 12 5
 0 0
 1 2
 2 3
 3 0
 4 2
91 17 5
 0 3
 1 0
 2 2
 3 1
 4 3
92 8 5
 0 0
 1 0
 2 0
 3 2
 4 3
93 6 5
 0 3
 1 3
 2 3
 3 3
 4 3
94 17 5
 0 0
 1 0
 2 0
 3 0
 4 1
95 8 5
 0 0
 1 1
 2 0
 3 0
 4 0
96 12 5
 0 0
 1 0
 2 0
 3 2
 4 3
97 11 5
 0 2
 1 1
 2 0
 3 2
 4 0
98 11 5
 0 0
 1 2
 2 3
 3 0
 4 1
99 2 5
 0 3
 1 2
 2 1
 3 2
 4 2
100 5 5
 0 1
 1 0
 2 2
 3 0
 4 3
101 14 5
 0 3
 1 3
 2 0
 3 0
 4 0
102 11 5
 0 1
 1 2
 2 0
 3 0
 4 0
103 3 5
 0 0
 1 3
 2 0
 3 0
 4 0
104 17 5
 0 3
 1 3
 2 0
 3 3
 4 3
105 7 5
 0 1
 1 2
 2 2
 3 0
 4 0
106 14 5
 0 2
 1 2
 2 2
 3 2
 4 0
107 3 5
 0 0
 1 3
 2 3
 3 0
 4 3
108 19 5
 0 0
 1 3
 2 2
 3 2
 4 0
109 4 5
 0 0
 1 0
 2 1
 3 0
 4 0
110 1 5
 0 2
 1 0
 2 0
 3 2
 4 2
111 3 5
 0 2
 1 3
 2 3
 3 1
 4 0
112 19 5
 0 3
 1 3
 2 1
 3 0
 4 0
113 12 5
 0 0
 1 3
 2 0
 3 2
 4 1
114 1 5
 0 0
 1 0
 2 3
 3 3
 4 0
115 12 5
 0 0
 1 2
 2 1
 3 0
 4 1
116 9 5
 0 0
 1 0
 2 0
 3 1
 4 0
117 16 5
 0 0
 1 0
 2 0
 3 0
 4 1
118 5 5
 0 2
 1 2
 2 0
 3 3
 4 1
119 15 5
 0 3
 1 1
 2 3
 3 0
 4 1
120 15 5
 0 3
 1 2
 2 0
 3 2
 4 0
121 2 5
 0 1
 1 3
 2 1
 3 0
 4 0
122 7 5
 0 2
 1 0
 2 0
 3 2
 4 2
123 16 5
 0 0
 1 0
 2 1
 3 3
 4 2
124 18 5
 0 2
 1 1
 2 0
 3 1
 4 2
125 17 5
 0 1
 1 0
 2 2
 3 0
 4 0
126 19 5
 0 2
 1 3
 2 2
 3 3
 4 3
127 20 5
 0 0
 1 1
 2 3
 3 3
 4 2
128 12 5
 0 0
 1 0
 2 1
 3 0
 4 0
129 8 5
 0 0
 1 0
 2 0
 3 0
 4 3
130 8 5
 0 0
 1 0
 2 3
 3 2
 4 3
131 17 5
 0 3
 1 0
 2 1
 3 1
 4 0
132 20 5
 0 3
 1 2
 2 1
 3 0
 4 2
133 8 5
 0 2
 1 0
 2 2
 3 0
 4 3
134 4 5
 0 1
 1 0
 2 1
 3 0
 4 1
135 16 5
 0 3
 1 2
 2 0
 3 0
 4 1
136 13 5
 0 1
 1 0
 2 3
 3 1
 4 1
137 5 5
 0 1
 1 0
 2 1
 3 2
 4 1
138 3 5
 0 3
 1 2
 2 0
 3 1
 4 0
139 12 5
 0 2
 1 0
 2 0
 3 2
 4 3
140 13 5
 0 2
 1 2
 2 2
 3 3
 4 3
141 8 5
 0 2
 1 0
 2 2
 3 0
 4 2
142 8 5
 0 0
 1 0
 2 2
 3 0
 4 0
143 1 5
 0 0
 1 0
 2 2
 3 3
 4 0
144 13 5
 0 3
 1 0
 2 0
 3 2
 4 2
145 6 5
 0 0
 1 3
 2 1
 3 0
 4 0
146 13 5
 0 1
 1 0
 2 0
 3 2
 4 3
147 7 5
 0 2
 1 3
 2 0
 3 0
 4 1
148 20 5
 0 0
 1 0
 2 3
 3 0
 4 2
149 16 5
 0 3
 1 2
 2 2
 3 1
 4 3
150 1 5
 0 0
 1 0
 2 0
 3 0
 4 2
151 6 5
 0 0
 1 1
 2 3
 3 2
 4 1
152 14 5
 0 0
 1 0
 2 0
 3 0
 4 2
153 15 5
 0 0
 1 1
 2 1
 3 0
 4 2
154 16 5
 0 1
 1 0
 2 3
 3 0
 4 1
155 3 5
 0 0
 1 2
 2 0
 3 0
 4 1
156 2 5
 0 3
 1 2
 2 0
 3 1
 4 1
157 1 5
 0 1
 1 0
 2 3
 3 0
 4 3
158 11 5
 0 1
 1 0
 2 0
 3 2
 4 0
159 17 5
 0 2
 1 0
 2 3
 3 1
 4 2
160 12 5
 0 0
 1 0
 2 0
 3 2
 4 2
161 2 5
 0 2
 1 1
 2 0
 3 1
 4 0
162 4 5
 0 0
 1 3
 2 0
 3 1
 4 2
163 2 5
 0 0
 1 2
 2 0
 3 1
 4 0
164 8 5
 0 0
 1 3
 2 3
 3 2
 4 3
165 8 5
 0 1
 1 2
 2 1
 3 1
 4 3
166 3 5
 0 0
 1 2
 2 1
 3 1
 4 0
167 18 5
 0 1
 1 1
 2 0
 3 0
 4 2
168 16 5
 0 1
 1 3
 2 3
 3 0
 4 1
169 8 5
 0 2
 1 2
 2 3
 3 0
 4 0
170 17 5
 0 0
 1 3
 2 3
 3 2
 4 0
171 8 5
 0 3
 1 1
 2 1
 3 0
 4 0
172 20 5
 0 0
 1 3
 2 3
 3 0
 4 0
173 17 5
 0 1
 1 2
 2 3
 3 2
 4 0
174 7 5
 0 1
 1 0
 2 0
 3 0
 4 0
175 17 5
 0 0
 1 1
 2 0
 3 2
 4 2
176 17 5
 0 0
 1 0
 2 0
 3 1
 4 0
177 2 5
 0 0
 1 3
 2 0
 3 0
 4 2
178 18 5
 0 2
 1 1
 2 3
 3 2
 4 3
179 3 5
 0 1
 1 1
 2 0
 3 0
 4 0
180 16 5
 0 0
 1 3
 2 0
 3 0
 4 1
181 7 5
 0 2
 1 2
 2 2
 3 2
 4 3
182 3 5
 0 0
 1 3
 2 0
 3 3
 4 0
183 5 5
 0 0
 1 1
 2 1
 3 3
 4 2
184 6 5
 0 3
 1 0
 2 3
 3 3
 4 0
185 20 5
 0 1
 1 1
 2 0
 3 3
 4 2
186 11 5
 0 2
 1 0
 2 0
 3 3
 4 3
187 16 5
 0 3
 1 0
 2 1
 3 2
 4 2
188 19 5
 0 2
 1 3
 2 1
 3 0
 4 3
189 16 5
 0 1
 1 0
 2 0
 3 3
 4 2
190 9 5
 0 0
 1 3
 2 2
 3 0
 4 2
191 13 5
 0 0
 1 3
 2 3
 3 2
 4 1
192 4 5
 0 1
 1 3
 2 2
 3 1
 4 2
193 12 5
 0 0
 1 1
 2 1
 3 0
 4 0
194 18 5
 0 0
 1 0
 2 1
 3 0
 4 0
195 5 5
 0 1
 1 1
 2 2
 3 1
 4 1
196 6 5
 0 2
 1 3
 2 0
 3 0
 4 2
197 18 5
 0 0
 1 0
 2 1
 3 0
 4 0
198 15 5
 0 0
 1 2
 2 0
 3 0
 4 2
199 5 5
 0 0
 1 2
 2 0
 3 3
 4 0
200 16 5
 0 0
 1 2
 2 0
 3 3
 4 0
201 10 5
 0 1
 1 2
 2 0
 3 0
 4 0
202 4 5
 0 0
 1 2
 2 0
 3 0
 4 2
203 20 5
 0 0
 1 0
 2 3
 3 0
 4 0
204 10 5
 0 3
 1 0
 2 3
 3 2
 4 0
205 2 5
 0 1
 1 0
 2 0
 3 0
 4 0
206 17 5
 0 0
 1 3
 2 2
 3 2
 4 0
207 13 5
 0 0
 1 0
 2 0
 3 1
 4 0
208 9 5
 0 1
 1 1
 2 0
 3 2
 4 0
209 2 5
 0 0
 1 0
 2 0
 3 0
 4 3
210 5 5
 0 0
 1 1
 2 0
 3 0
 4 3
211 9 5
 0 1
 1 3
 2 1
 3 0
 4 2
212 3 5
 0 0
 1 0
 2 2
 3 3
 4 0
213 14 5
 0 0
 1 2
 2 1
 3 1
 4 0
214 18 5
 0 1
 1 0
 2 2
 3 2
 4 1
215 2 5
 0 0
 1 3
 2 3
 3 1
 4 1
216 14 5
 0 1
 1 0
 2 2
 3 2
 4 2
217 8 5
 0 3
 1 0
 2 0
 3 1
 4 3
218 1 5
 0 0
 1 0
 2 0
 3 3
 4 2
219 14 5
 0 2
 1 0
 2 3
 3 3
 4 2
220 18 5
 0 0
 1 3
 2 3
 3 1
 4 3
221 16 5
 0 0
 1 2
 2 2
 3 0
 4 2
222 2 5
 0 3
 1 0
 2 3
 3 1
 4 0
223 11 5
 0 2
 1 2
 2 2
 3 0
 4 2
224 10 5
 0 0
 1 3
 2 1
 3 0
 4 2
225 8 5
 0 1
 1 2
 2 2
 3 3
 4 1
226 11 5
 0 3
 1 2
 2 1
 3 3
 4 2
227 4 5
 0 0
 1 0
 2 0
 3 2
 4 0
228 15 5
 0 2
 1 0
 2 1
 3 0
 4 3
229 1 5
 0 3
 1 1
 2 1
 3 3
 4 0
230 17 5
 0 1
 1 0
 2 2
 3 0
 4 2
231 15 5
 0 3
 1 2
 2 0
 3 2
 4 2
232 17 5
 0 1
 1 0
 2 2
 3 2
 4 0
233 11 5
 0 0
 1 0
 2 3
 3 1
 4 1
234 7 5
 0 0
 1 1
 2 0
 3 0
 4 0
235 6 5
 0 2
 1 3
 2 3
 3 1
 4 3
236 3 5
 0 0
 1 1
 2 0
 3 0
 4 0
237 16 5
 0 2
 1 3
 2 0
 3 0
 4 0
238 20 5
 0 1
 1 1
 2 0
 3 0
 4 0
239 3 5
 0 0
 1 2
 2 0
 3 2
 4 3
240 8 5
 0 2
 1 1
 2 2
 3 1
 4 0
241 20 5
 0 3
 1 1
 2 0
 3 0
 4 1
242 3 5
 0 3
 1 0
 2 0
 3 0
 4 3
243 15 5
 0 3
 1 3
 2 1
 3 0
 4 0
244 8 5
 0 1
 1 0
 2 3
 3 3
 4 0
245 17 5
 0 2
 1 2
 2 1
 3 0
 4 2
246 16 5
 0 1
 1 1
 2 3
 3 1
 4 1
247 10 5
 0 0
 1 2
 2 2
 3 0
 4 0
248 19 5
 0 0
 1 1
 2 2
 3 1
 4 3
249 9 5
 0 0
 1 2
 2 1
 3 2
 4 3
250 11 5
 0 3
 1 1
 2 0
 3 1
 4 0
251 20 5
 0 0
 1 1
 2 0
 3 2
 4 0
252 9 5
 0 3
 1 1
 2 0
 3 0
 4 0
253 18 5
 0 0
 1 0
 2 2
 3 1
 4 2
254 8 5
 0 3
 1 3
 2 1
 3 2
 4 0
255 5 5
 0 1
 1 1
 2 0
 3 3
 4 1
256 9 5
 0 1
 1 1
 2 0
 3 1
 4 0
257 15 5
 0 3
 1 0
 2 0
 3 0
 4 2
258 8 5
 0 1
 1 3
 2 0
 3 0
 4 1
259 15 5
 0 3
 1 0
 2 1
 3 0
 4 0
260 20 5
 0 1
 1 0
 2 1
 3 2
 4 0
261 10 5
 0 3
 1 2
 2 2
 3 0
 4 2
262 17 5
 0 1
 1 0
 2 0
 3 1
 4 1
263 14 5
 0 3
 1 1
 2 2
 3 0
 4 1
264 17 5
 0 3
 1 0
 2 0
 3 1
 4 0
265 13 5
 0 0
 1 0
 2 1
 3 1
 4 3
266 11 5
 0 0
 1 2
 2 3
 3 1
 4 3
267 15 5
 0 0
 1 0
 2 0
 3 2
 4 0
268 13 5
 0 0
 1 0
 2 1
 3 0
 4 3
269 3 5
 0 3
 1 1
 2 3
 3 0
 4 0
270 6 5
 0 0
 1 0
 2 0
 3 1
 4 3
271 1 5
 0 0
 1 2
 2 1
 3 0
 4 0
272 9 5
 0 2
 1 1
 2 2
 3 0
 4 3
273 17 5
 0 3
 1 0
 2 0
 3 0
 4 3
274 10 5
 0 0
 1 3
 2 3
 3 0
 4 0
275 6 5
 0 0
 1 1
 2 0
 3 0
 4 0
276 12 5
 0 3
 1 0
 2 0
 3 0
 4 1
277 13 5
 0 0
 1 1
 2 0
 3 1
 4 1
278 5 5
 0 0
 1 3
 2 1
 3 0
 4 1
279 14 5
 0 0
 1 0
 2 2
 3 1
 4 2
280 5 5
 0 3
 1 3
 2 3
 3 1
 4 1
281 5 5
 0 3
 1 3
 2 2
 3 2
 4 1
282 18 5
 0 0
 1 2
 2 0
 3 1
 4 2
283 9 5
 0 3
 1 1
 2 2
 3 0
 4 0
284 8 5
 0 2
 1 3
 2 0
 3 0
 4 2
285 15 5
 0 1
 1 1
 2 0
 3 0
 4 3
286 1 5
 0 0
 1 0
 2 3
 3 3
 4 2
287 10 5
 0 0
 1 0
 2 0
 3 2
 4 1
288 15 5
 0 0
 1 3
 2 0
 3 3
 4 0
289 8 5
 0 3
 1 0
 2 2
 3 3
 4 0
290 16 5
 0 2
 1 3
 2 1
 3 0
 4 2
291 8 5
 0 0
 1 1
 2 2
 3 3
 4 2
292 15 5
 0 3
 1 3
 2 0
 3 3
 4 0
293 0 5
 0 0
 1 0
 2 0
 3 0
 4 0

# PRECEDENCES
1671
0 4
0 6
0 9
0 12
0 15
0 19
0 21
0 22
0 32
0 37
0 45
0 50
0 51
0 53
0 58
0 59
0 62
0 64
0 66
0 67
0 71
0 73
0 75
0 77
0 83
0 85
0 91
0 94
0 108
0 110
0 115
0 120
0 126
0 128
0 135
0 136
0 137
0 141
0 146
0 150
0 171
0 175
0 189
0 192
0 199
0 200
0 202
0 205
0 207
0 208
0 209
0 212
0 213
0 223
0 234
0 240
0 245
0 248
0 262
0 266
0 269
0 270
0 274
0 283
0 286
0 287
0 289
1 27
1 38
1 114
1 196
1 216
1 220
1 236
1 242
2 44
2 90
2 204
2 221
2 242
2 264
2 265
3 38
3 216
3 278
3 291
4 96
4 105
4 118
4 122
4 182
4 250
4 252
5 293
6 17
6 63
6 132
6 139
6 167
6 180
7 90
7 98
7 142
7 167
7 181
7 264
8 5
8 55
8 96
8 114
8 169
8 188
8 263
9 28
9 48
9 127
9 163
9 173
9 271
9 279
10 2
10 143
10 169
10 181
10 238
11 55
11 118
11 238
11 246
11 278
12 50
12 59
12 65
12 149
12 216
12 238
12 250
12 292
13 81
13 225
13 249
13 253
14 84
14 99
14 106
14 196
14 278
15 17
15 101
15 111
15 188
15 203
15 237
16 5
16 14
16 49
16 98
16 117
16 176
16 182
16 184
17 18
17 113
17 155
17 160
17 165
18 65
18 100
18 113
18 204
18 216
18 227
18 236
18 284
19 32
19 114
19 256
19 260
19 262
20 38
20 43
20 48
20 90
20 118
20 169
20 190
20 264
21 35
21 72
21 238
21 264
21 265
21 266
21 269
21 292
22 107
22 143
22 183
22 227
23 43
23 82
23 172
23 275
24 26
24 82
24 121
24 147
24 172
24 178
24 232
24 242
25 34
25 187
25 239
25 244
25 247
25 284
26 16
26 17
26 48
26 55
26 145
26 254
26 280
27 44
27 114
27 181
27 204
27 264
28 2
28 63
28 114
28 181
29 55
29 114
29 221
29 236
29 263
29 265
30 7
30 96
30 167
30 236
31 42
31 46
31 52
31 70
31 107
31 276
32 10
32 49
32 69
32 143
32 182
32 244
32 254
33 49
33 96
33 142
33 181
33 242
34 55
34 95
34 105
34 181
35 33
35 89
35 165
35 257
36 7
36 113
36 168
36 203
36 224
37 20
37 60
37 89
37 124
37 225
37 256
38 41
38 48
38 221
38 236
39 48
39 70
39 99
39 105
39 157
39 197
39 204
39 216
40 28
40 39
40 147
40 159
40 181
40 233
41 27
41 90
41 142
41 242
42 43
42 166
42 176
42 204
42 228
42 236
42 275
43 8
43 28
43 47
43 61
43 254
43 261
44 293
45 63
45 113
45 130
45 216
45 228
45 233
45 254
46 55
46 142
46 143
46 221
46 236
47 41
47 86
47 134
47 186
47 264
48 2
48 27
48 46
48 55
48 90
48 142
48 242
48 264
49 30
49 41
49 90
49 98
49 143
50 23
50 92
50 105
50 133
50 186
50 197
50 210
50 254
51 84
51 105
51 130
51 192
51 231
51 235
51 237
51 282
52 47
52 134
52 181
52 182
52 196
52 204
52 271
53 79
53 127
53 183
53 210
53 279
53 281
54 33
54 55
54 118
54 227
55 293
56 101
56 143
56 167
56 181
56 182
57 55
57 123
57 170
57 225
58 49
58 100
58 152
58 191
58 206
58 262
58 279
58 286
59 2
59 27
59 86
59 109
59 154
59 236
59 281
59 285
60 48
60 114
60 124
60 133
60 155
60 167
60 168
60 254
61 5
61 184
61 242
61 244
62 86
62 130
62 145
62 166
62 263
62 271
62 286
63 5
63 10
63 46
63 84
63 86
63 181
63 184
63 242
64 18
64 49
64 201
64 251
65 8
65 30
65 90
65 117
65 119
65 167
65 239
65 263
66 4
66 5
66 25
66 92
66 123
66 184
67 69
67 86
67 271
67 280
68 38
68 104
68 130
68 154
68 172
68 184
69 33
69 44
69 111
69 183
69 190
69 268
70 111
70 229
70 238
70 278
70 280
71 106
71 118
71 154
71 194
72 93
72 106
72 238
72 275
72 277
73 27
73 101
73 238
73 265
73 276
73 291
74 8
74 96
74 109
74 123
74 165
74 174
74 227
74 230
75 30
75 55
75 140
75 156
75 193
75 203
75 229
76 46
76 168
76 184
76 204
76 210
76 257
76 279
77 59
77 132
77 140
77 193
77 213
78 46
78 99
78 114
78 134
78 221
78 264
78 265
78 278
79 122
79 233
79 239
79 258
79 264
79 280
80 90
80 132
80 139
80 194
80 195
80 251
80 257
81 5
81 48
81 97
81 143
81 157
81 172
81 236
81 263
82 14
82 98
82 143
82 188
83 1
83 45
83 201
83 222
83 238
84 90
84 98
84 142
84 167
84 169
84 264
85 3
85 25
85 103
85 125
85 195
86 90
86 98
86 142
86 181
86 221
86 264
86 265
87 60
87 114
87 178
87 197
87 220
87 230
88 16
88 107
88 114
88 195
88 210
88 246
88 279
89 86
89 154
89 230
89 251
89 263
89 280
90 293
91 43
91 90
91 163
91 200
91 230
91 250
91 252
91 288
92 46
92 55
92 130
92 143
92 167
92 169
93 52
93 142
93 170
93 186
94 113
94 148
94 191
94 249
94 275
95 41
95 109
95 129
95 264
96 44
96 55
96 142
96 167
96 169
96 204
96 220
96 221
97 63
97 95
97 140
97 154
97 183
97 250
97 265
97 280
98 293
99 7
99 119
99 181
99 184
99 263
99 264
100 186
100 236
100 238
100 257
101 29
101 34
101 47
101 236
101 238
102 20
102 34
102 188
102 203
102 224
102 246
102 255
102 280
103 2
103 17
103 127
103 153
103 160
103 198
103 254
103 285
104 28
104 70
104 214
104 230
104 264
104 271
105 49
105 129
105 130
105 172
106 29
106 143
106 188
106 263
107 10
107 41
107 111
107 221
107 230
108 24
108 107
108 151
108 174
108 180
108 206
109 8
109 27
109 142
109 167
109 242
110 43
110 236
110 237
110 246
111 86
111 184
111 188
111 220
112 39
112 143
112 174
112 214
112 227
113 27
113 114
113 181
113 204
114 293
115 13
115 28
115 38
115 55
115 96
116 106
116 140
116 218
116 278
117 114
117 134
117 169
117 236
118 27
118 48
118 114
118 172
118 239
118 242
118 256
119 90
119 98
119 142
119 181
119 221
119 236
119 265
120 161
120 183
120 194
120 201
120 286
120 292
121 33
121 34
121 90
121 106
121 117
121 280
122 172
122 196
122 220
122 244
123 10
123 86
123 130
123 142
123 221
123 230
124 155
124 169
124 195
124 277
125 29
125 61
125 116
125 258
125 275
125 284
126 3
126 130
126 145
126 201
126 239
127 43
127 114
127 140
127 195
127 197
127 214
128 44
128 59
128 109
128 214
128 260
129 44
129 84
129 169
129 186
129 264
129 265
130 27
130 44
130 167
130 181
130 196
130 236
130 263
131 1
131 17
131 38
131 57
131 82
131 249
131 290
132 8
132 78
132 145
132 226
133 2
133 78
133 129
133 184
133 271
133 292
134 27
134 44
134 86
134 221
134 236
135 37
135 96
135 128
135 143
135 151
135 217
136 82
136 106
136 156
136 170
136 272
136 278
137 69
137 140
137 253
137 287
138 30
138 54
138 155
138 203
138 239
138 253
139 47
139 106
139 155
139 174
139 190
139 220
139 260
139 272
140 5
140 44
140 114
140 167
140 242
141 88
141 116
141 158
141 197
142 293
143 293
144 5
144 10
144 264
144 288
145 2
145 46
145 52
145 244
145 246
145 254
145 257
145 264
146 62
146 87
146 151
146 178
146 190
146 242
147 20
147 29
147 34
147 41
147 107
147 165
147 178
147 227
148 16
148 47
148 70
148 129
148 145
149 65
149 93
149 96
149 122
149 155
149 165
149 169
149 216
150 133
150 139
150 211
150 236
150 253
150 275
151 72
151 107
151 114
151 130
152 52
152 95
152 109
152 130
152 158
152 225
152 239
153 95
153 96
153 129
153 130
153 188
153 216
153 239
153 278
154 29
154 46
154 167
154 184
154 221
154 244
155 99
155 140
155 142
155 143
155 186
155 196
155 251
155 264
156 49
156 69
156 144
156 155
156 166
156 228
156 235
157 7
157 55
157 90
157 119
157 239
158 44
158 113
158 157
158 239
158 242
159 35
159 41
159 239
159 250
160 49
160 95
160 173
160 181
160 261
161 5
161 55
161 61
161 97
161 218
161 230
161 251
162 96
162 111
162 165
162 169
162 204
162 221
162 251
162 263
163 46
163 107
163 134
163 188
163 215
164 8
164 30
164 84
164 230
164 236
164 251
165 90
165 114
165 169
165 181
165 264
166 41
166 55
166 145
166 161
166 184
166 281
166 292
167 293
168 29
168 86
168 118
168 121
168 140
168 165
168 227
168 242
169 293
170 2
170 5
170 220
170 230
171 92
171 116
171 145
171 213
171 244
172 10
172 55
172 99
172 134
173 38
173 93
173 106
173 114
173 116
173 280
174 38
174 105
174 143
174 203
174 242
174 264
175 80
175 88
175 182
175 229
175 267
176 55
176 98
176 114
176 143
176 165
176 236
176 263
177 78
177 97
177 195
177 219
178 41
178 82
178 106
178 113
178 116
179 121
179 134
179 149
179 173
179 224
179 288
180 246
180 257
180 281
180 291
181 293
182 29
182 44
182 46
182 86
182 114
182 220
182 264
183 7
183 61
183 84
183 99
183 218
184 5
184 44
184 242
184 264
184 265
185 55
185 57
185 227
185 242
185 257
185 281
186 44
186 55
186 114
186 188
186 204
186 265
187 20
187 38
187 97
187 155
187 236
188 44
188 98
188 143
188 204
188 221
188 263
189 28
189 33
189 118
189 134
189 242
190 65
190 86
190 92
190 106
190 111
190 155
190 165
191 8
191 40
191 52
191 72
191 79
191 127
191 158
191 216
192 26
192 34
192 38
192 44
192 61
192 129
192 190
192 197
193 49
193 105
193 111
193 259
194 23
194 26
194 186
194 225
194 285
195 2
195 90
195 123
195 140
195 229
195 263
195 278
195 284
196 5
196 90
196 167
196 204
196 236
196 264
197 14
197 70
197 121
197 154
197 165
198 93
198 168
198 218
198 254
199 3
199 16
199 36
199 74
199 123
199 138
200 33
200 119
200 155
200 186
200 195
201 96
201 168
201 180
201 196
202 92
202 113
202 140
202 177
202 243
203 111
203 130
203 204
203 263
204 293
205 87
205 106
205 164
205 216
205 278
206 68
206 74
206 170
206 222
206 238
207 102
207 173
207 179
207 191
207 237
208 48
208 90
208 92
208 96
209 96
209 180
209 208
209 229
209 256
209 269
210 34
210 61
210 118
210 181
210 225
211 7
211 14
211 131
211 178
211 185
211 215
212 11
212 40
212 67
212 79
212 217
212 265
212 292
213 107
213 181
213 210
213 268
213 269
214 7
214 43
214 44
214 84
214 158
214 172
214 176
215 30
215 92
215 117
215 162
215 176
216 8
216 86
216 92
216 109
216 123
216 142
216 256
216 265
217 72
217 130
217 226
217 229
217 276
218 5
218 10
218 44
218 86
218 99
218 182
218 278
219 1
219 18
219 41
219 114
219 117
219 231
219 251
219 259
220 293
221 293
222 20
222 95
222 165
222 236
222 277
223 31
223 204
223 268
223 279
224 61
224 82
224 116
224 216
225 1
225 29
225 49
225 196
225 244
225 257
225 284
226 44
226 63
226 129
226 154
226 162
226 230
226 271
227 44
227 90
227 111
227 113
228 47
228 82
228 121
228 155
229 52
229 95
229 98
229 140
229 182
229 186
229 244
229 254
230 5
230 86
230 98
230 119
230 242
231 35
231 56
231 100
231 104
231 197
231 236
231 277
232 44
232 166
232 226
232 278
233 72
233 90
233 184
233 239
233 250
233 256
234 34
234 56
234 112
234 178
234 191
234 195
235 17
235 43
235 84
235 114
235 161
235 252
235 254
236 293
237 20
237 156
237 158
237 173
238 44
238 55
238 90
238 143
238 167
238 236
238 263
238 264
239 5
239 7
239 27
239 99
239 264
240 63
240 114
240 155
240 172
240 180
240 184
240 193
241 111
241 114
241 183
241 214
241 290
242 293
243 55
243 104
243 155
243 244
244 86
244 143
244 165
244 236
244 242
244 265
245 42
245 89
245 122
245 178
245 206
245 290
246 41
246 46
246 221
246 278
247 68
247 99
247 109
247 130
247 163
247 185
247 229
248 20
248 109
248 157
248 193
248 272
249 7
249 176
249 238
249 251
249 252
249 258
249 277
250 29
250 63
250 114
250 140
250 142
250 172
250 203
250 263
251 7
251 46
251 86
251 181
252 1
252 55
252 93
252 134
252 158
252 220
252 257
252 281
253 11
253 148
253 152
253 247
253 280
253 285
253 288
254 30
254 44
254 99
254 265
255 93
255 203
255 222
255 244
256 7
256 29
256 96
256 238
256 244
256 251
257 172
257 184
257 216
257 226
257 281
258 44
258 61
258 89
258 90
258 123
258 178
258 197
259 52
259 109
259 149
259 165
259 167
259 186
259 292
260 46
260 92
260 96
260 125
260 129
260 131
260 142
260 238
261 7
261 44
261 55
261 96
261 167
262 22
262 54
262 61
262 142
262 228
263 293
264 293
265 293
266 29
266 61
266 181
266 239
266 244
267 78
267 153
267 174
267 280
268 82
268 157
268 160
268 170
268 204
269 16
269 89
269 143
269 152
269 244
269 259
270 9
270 65
270 78
270 101
270 103
270 242
271 30
271 130
271 184
271 251
272 69
272 84
272 195
272 267
272 268
273 40
273 46
273 97
273 180
273 187
273 226
273 232
273 252
274 13
274 182
274 217
274 252
275 33
275 119
275 153
275 281
276 72
276 89
276 101
276 241
277 113
277 114
277 129
277 230
277 263
278 7
278 27
278 184
278 220
279 10
279 96
279 130
279 165
279 176
279 188
280 61
280 109
280 155
280 220
280 242
280 256
280 279
281 2
281 44
281 119
281 221
281 265
282 8
282 24
282 76
282 195
282 220
282 273
283 43
283 114
283 160
283 210
283 258
284 48
284 140
284 165
284 167
284 172
284 184
284 278
285 61
285 101
285 117
285 129
285 196
285 220
285 264
286 5
286 27
286 57
286 95
286 216
286 230
287 14
287 61
287 111
287 114
287 170
287 186
287 271
288 43
288 46
288 92
288 106
288 154
288 155
288 220
288 236
289 14
289 40
289 124
289 176
289 243
289 282
289 291
290 1
290 30
290 63
290 100
290 105
290 145
290 230
291 82
291 145
291 166
291 170
291 173
291 242
291 263
292 46
292 52
292 89
292 153
292 227
292 242
