# Tier 6 (Large) - Instance 2
# Generated with config: N=129, K=4, topology=grid, calendar=staggered

# HEADER: <num_tasks> <num_types> <num_units>
131 4 30

# RESOURCE TYPES
# Format: <type_id> <num_units> <unit_id1> <unit_id2> ...
0 6 0 1 2 3 4 5
1 10 6 7 8 9 10 11 12 13 14 15
2 6 16 17 18 19 20 21
3 8 22 23 24 25 26 27 28 29

# RESOURCE UNITS (Calendars)
# Format: <unit_id> <num_steps> <t1> <v1> <t2> <v2> ...
0 12 0 100 84 0 92 100 168 0 172 100 252 0 258 100 336 0 340 100 420 0 424 100 507 0
1 12 0 100 100 0 105 100 184 0 189 100 268 0 276 100 352 0 356 100 436 0 444 100 507 0
2 12 0 100 116 0 120 100 200 0 208 100 284 0 291 100 368 0 371 100 452 0 460 100 507 0
3 12 0 100 132 0 137 100 216 0 224 100 300 0 306 100 384 0 391 100 468 0 473 100 507 0
4 12 0 100 148 0 154 100 232 0 237 100 316 0 321 100 400 0 404 100 484 0 491 100 507 0
5 12 0 100 164 0 171 100 248 0 256 100 332 0 339 100 416 0 423 100 500 0 503 100 507 0
6 12 0 100 9 0 12 100 180 0 184 100 264 0 271 100 348 0 356 100 432 0 438 100 507 0
7 12 0 100 25 0 30 100 196 0 200 100 280 0 286 100 364 0 370 100 448 0 451 100 507 0
8 12 0 100 41 0 46 100 212 0 215 100 296 0 301 100 380 0 388 100 464 0 472 100 507 0
9 12 0 100 57 0 61 100 228 0 232 100 312 0 319 100 396 0 400 100 480 0 483 100 507 0
10 12 0 100 73 0 78 100 244 0 249 100 328 0 334 100 412 0 420 100 496 0 500 100 507 0
11 12 0 100 5 0 11 100 89 0 92 100 260 0 263 100 344 0 349 100 428 0 433 100 507 0
12 12 0 100 21 0 29 100 105 0 110 100 276 0 279 100 360 0 365 100 444 0 450 100 507 0
13 12 0 100 37 0 44 100 121 0 126 100 292 0 299 100 376 0 379 100 460 0 465 100 507 0
14 12 0 100 53 0 59 100 137 0 145 100 308 0 314 100 392 0 400 100 476 0 483 100 507 0
15 12 0 100 69 0 73 100 153 0 157 100 324 0 330 100 408 0 415 100 492 0 500 100 507 0
16 12 0 100 1 0 7 100 85 0 91 100 169 0 175 100 340 0 345 100 424 0 432 100 507 0
17 12 0 100 17 0 25 100 101 0 109 100 185 0 193 100 356 0 359 100 440 0 446 100 507 0
18 12 0 100 33 0 37 100 117 0 125 100 201 0 208 100 372 0 380 100 456 0 459 100 507 0
19 12 0 100 49 0 55 100 133 0 136 100 217 0 224 100 388 0 395 100 472 0 477 100 507 0
20 12 0 100 65 0 69 100 149 0 157 100 233 0 237 100 404 0 412 100 488 0 491 100 507 0
21 10 0 100 81 0 88 100 165 0 172 100 249 0 252 100 420 0 427 100 507 0
22 12 0 100 13 0 20 100 97 0 105 100 181 0 184 100 265 0 272 100 436 0 440 100 507 0
23 12 0 100 29 0 36 100 113 0 116 100 197 0 204 100 281 0 286 100 452 0 458 100 507 0
24 12 0 100 45 0 48 100 129 0 135 100 213 0 216 100 297 0 304 100 468 0 475 100 507 0
25 12 0 100 61 0 65 100 145 0 153 100 229 0 234 100 313 0 318 100 484 0 492 100 507 0
26 12 0 100 77 0 83 100 161 0 168 100 245 0 253 100 329 0 336 100 500 0 503 100 507 0
27 12 0 100 9 0 14 100 93 0 100 100 177 0 180 100 261 0 267 100 345 0 352 100 507 0
28 12 0 100 25 0 28 100 109 0 115 100 193 0 197 100 277 0 284 100 361 0 369 100 507 0
29 12 0 100 41 0 48 100 125 0 132 100 209 0 214 100 293 0 299 100 377 0 385 100 507 0

# TASKS
# Format: <task_id> <size> <num_reqs>
# Then for each requirement: <type_id> <qty>
0 0 4
 0 0
 1 0
 2 0
 3 0
1 9 4
 0 3
 1 2
 2 2
 3 0
2 13 4
 0 3
 1 3
 2 0
 3 2
3 14 4
 0 2
 1 3
 2 1
 3 3
4 3 4
 0 0
 1 1
 2 2
 3 1
5 12 4
 0 0
 1 0
 2 2
 3 2
6 8 4
 0 2
 1 2
 2 0
 3 2
7 5 4
 0 0
 1 1
 2 0
 3 2
8 9 4
 0 0
 1 1
 2 3
 3 2
9 13 4
 0 1
 1 0
 2 0
 3 0
10 11 4
 0 2
 1 0
 2 1
 3 3
11 11 4
 0 0
 1 2
 2 0
 3 3
12 3 4
 0 0
 1 2
 2 3
 3 3
13 5 4
 0 2
 1 0
 2 2
 3 1
14 6 4
 0 2
 1 1
 2 1
 3 0
15 13 4
 0 0
 1 1
 2 0
 3 1
16 7 4
 0 1
 1 0
 2 2
 3 0
17 13 4
 0 0
 1 2
 2 3
 3 0
18 8 4
 0 1
 1 2
 2 1
 3 0
19 3 4
 0 1
 1 1
 2 1
 3 2
20 9 4
 0 1
 1 0
 2 0
 3 0
21 13 4
 0 2
 1 1
 2 1
 3 0
22 15 4
 0 2
 1 2
 2 2
 3 3
23 6 4
 0 0
 1 2
 2 2
 3 2
24 15 4
 0 0
 1 2
 2 3
 3 2
25 12 4
 0 0
 1 1
 2 1
 3 0
26 4 4
 0 3
 1 3
 2 2
 3 3
27 14 4
 0 3
 1 2
 2 1
 3 3
28 5 4
 0 3
 1 0
 2 1
 3 2
29 15 4
 0 3
 1 0
 2 0
 3 0
30 8 4
 0 0
 1 3
 2 1
 3 2
31 10 4
 0 1
 1 2
 2 1
 3 2
32 7 4
 0 3
 1 1
 2 1
 3 3
33 9 4
 0 2
 1 0
 2 0
 3 2
34 10 4
 0 1
 1 0
 2 2
 3 1
35 13 4
 0 1
 1 0
 2 3
 3 0
36 10 4
 0 3
 1 1
 2 0
 3 2
37 11 4
 0 0
 1 2
 2 2
 3 0
38 9 4
 0 1
 1 0
 2 1
 3 0
39 14 4
 0 1
 1 2
 2 1
 3 1
40 4 4
 0 0
 1 3
 2 2
 3 2
41 10 4
 0 1
 1 1
 2 2
 3 2
42 11 4
 0 2
 1 0
 2 0
 3 3
43 9 4
 0 3
 1 3
 2 0
 3 3
44 11 4
 0 3
 1 0
 2 0
 3 0
45 7 4
 0 0
 1 0
 2 2
 3 0
46 11 4
 0 0
 1 2
 2 2
 3 3
47 5 4
 0 2
 1 1
 2 0
 3 0
48 5 4
 0 2
 1 2
 2 3
 3 0
49 13 4
 0 2
 1 0
 2 1
 3 2
50 13 4
 0 2
 1 0
 2 3
 3 2
51 10 4
 0 1
 1 0
 2 3
 3 3
52 15 4
 0 2
 1 0
 2 0
 3 0
53 10 4
 0 3
 1 1
 2 2
 3 0
54 5 4
 0 2
 1 3
 2 0
 3 1
55 14 4
 0 0
 1 0
 2 0
 3 3
56 5 4
 0 0
 1 0
 2 3
 3 3
57 11 4
 0 1
 1 2
 2 0
 3 0
58 5 4
 0 0
 1 0
 2 3
 3 1
59 9 4
 0 1
 1 0
 2 0
 3 3
60 14 4
 0 0
 1 3
 2 3
 3 1
61 8 4
 0 2
 1 1
 2 2
 3 1
62 7 4
 0 2
 1 0
 2 3
 3 0
63 6 4
 0 3
 1 2
 2 1
 3 1
64 3 4
 0 2
 1 2
 2 0
 3 1
65 4 4
 0 0
 1 0
 2 3
 3 0
66 4 4
 0 2
 1 0
 2 0
 3 0
67 8 4
 0 2
 1 0
 2 1
 3 0
68 15 4
 0 2
 1 3
 2 1
 3 1
69 12 4
 0 0
 1 3
 2 1
 3 0
70 5 4
 0 0
 1 3
 2 3
 3 0
71 12 4
 0 1
 1 2
 2 2
 3 2
72 12 4
 0 3
 1 1
 2 1
 3 0
73 11 4
 0 0
 1 2
 2 0
 3 0
74 4 4
 0 0
 1 3
 2 0
 3 0
75 14 4
 0 2
 1 2
 2 1
 3 1
76 10 4
 0 3
 1 0
 2 3
 3 2
77 12 4
 0 2
 1 1
 2 0
 3 2
78 8 4
 0 3
 1 0
 2 1
 3 3
79 11 4
 0 1
 1 2
 2 0
 3 0
80 9 4
 0 3
 1 1
 2 0
 3 3
81 5 4
 0 2
 1 0
 2 2
 3 2
82 11 4
 0 0
 1 0
 2 0
 3 1
83 6 4
 0 3
 1 1
 2 0
 3 1
84 13 4
 0 0
 1 1
 2 1
 3 1
85 3 4
 0 1
 1 1
 2 3
 3 0
86 13 4
 0 0
 1 3
 2 2
 3 2
87 11 4
 0 0
 1 1
 2 2
 3 0
88 6 4
 0 2
 1 2
 2 1
 3 1
89 11 4
 0 0
 1 3
 2 3
 3 1
90 13 4
 0 1
 1 2
 2 3
 3 1
91 6 4
 0 3
 1 0
 2 1
 3 2
92 4 4
 0 1
 1 0
 2 1
 3 0
93 12 4
 0 0
 1 2
 2 1
 3 0
94 15 4
 0 2
 1 0
 2 0
 3 3
95 3 4
 0 0
 1 2
 2 0
 3 0
96 4 4
 0 3
 1 0
 2 3
 3 3
97 14 4
 0 3
 1 0
 2 1
 3 2
98 5 4
 0 3
 1 3
 2 2
 3 1
99 9 4
 0 0
 1 3
 2 2
 3 1
100 13 4
 0 1
 1 3
 2 3
 3 2
101 14 4
 0 3
 1 2
 2 2
 3 3
102 9 4
 0 0
 1 0
 2 3
 3 3
103 11 4
 0 1
 1 2
 2 3
 3 2
104 7 4
 0 3
 1 3
 2 1
 3 3
105 10 4
 0 3
 1 2
 2 0
 3 0
106 13 4
 0 3
 1 1
 2 1
 3 3
107 6 4
 0 3
 1 0
 2 1
 3 0
108 13 4
 0 2
 1 1
 2 1
 3 0
109 3 4
 0 3
 1 1
 2 0
 3 0
110 4 4
 0 2
 1 1
 2 3
 3 0
111 12 4
 0 1
 1 1
 2 2
 3 2
112 15 4
 0 3
 1 2
 2 3
 3 0
113 5 4
 0 0
 1 0
 2 0
 3 2
114 14 4
 0 3
 1 1
 2 0
 3 0
115 10 4
 0 3
 1 2
 2 3
 3 0
116 10 4
 0 1
 1 1
 2 3
 3 1
117 4 4
 0 0
 1 2
 2 0
 3 2
118 15 4
 0 2
 1 0
 2 0
 3 1
119 15 4
 0 2
 1 0
 2 1
 3 3
120 7 4
 0 2
 1 1
 2 0
 3 1
121 13 4
 0 2
 1 0
 2 0
 3 2
122 9 4
 0 2
 1 0
 2 1
 3 0
123 13 4
 0 3
 1 2
 2 2
 3 2
124 12 4
 0 0
 1 0
 2 3
 3 0
125 11 4
 0 3
 1 3
 2 0
 3 2
126 15 4
 0 2
 1 0
 2 3
 3 3
127 5 4
 0 1
 1 3
 2 0
 3 3
128 4 4
 0 2
 1 2
 2 0
 3 3
129 12 4
 0 3
 1 2
 2 2
 3 1
130 0 4
 0 0
 1 0
 2 0
 3 0

# PRECEDENCES
247
6 18
67 68
33 45
44 45
88 100
98 110
99 100
70 82
8 9
0 5
29 41
40 41
39 51
100 101
11 23
66 78
41 42
7 19
18 19
62 74
72 84
73 74
44 56
99 111
3 15
14 15
9 10
0 7
74 75
40 52
95 107
106 107
100 112
111 112
15 16
36 48
47 48
42 43
96 108
107 108
18 30
73 85
38 39
103 104
0 9
14 26
69 81
80 81
9 21
75 76
85 86
106 118
10 22
16 17
71 72
81 82
47 59
102 114
42 54
107 119
118 119
22 23
77 78
0 2
43 55
38 50
49 50
104 105
103 115
114 115
80 92
109 110
75 87
13 14
34 46
45 46
55 56
110 111
76 88
50 51
105 106
16 28
71 83
82 83
81 93
51 52
108 120
46 47
23 24
12 24
67 79
77 89
78 79
83 84
49 61
104 116
115 116
114 126
8 20
19 20
79 80
45 57
56 57
55 67
110 122
105 117
116 117
82 94
20 21
41 53
52 53
51 63
46 58
57 58
112 113
23 35
78 90
89 90
115 127
53 54
19 31
30 31
74 86
25 26
79 91
90 91
56 68
111 123
15 27
26 27
21 22
20 32
31 32
86 87
52 64
113 114
112 124
17 18
123 124
89 101
27 28
0 11
48 60
54 55
53 65
64 65
119 120
30 42
85 97
5 6
26 38
21 33
87 88
86 98
97 98
92 104
1 2
0 4
22 34
113 125
17 29
28 29
27 39
93 94
88 89
54 66
109 121
13 25
29 30
50 62
61 62
60 72
126 127
121 122
87 99
0 6
2 3
1 13
122 123
62 63
117 118
28 40
83 95
94 95
93 105
3 4
58 59
24 36
35 36
84 96
95 96
61 73
116 128
127 128
0 8
91 92
2 14
57 69
68 69
63 64
117 129
128 129
94 106
32 33
4 5
59 60
25 37
58 70
69 70
35 47
90 102
101 102
124 125
0 1
10 11
65 66
0 10
31 43
37 38
92 93
91 103
102 103
68 80
6 7
63 75
33 34
32 44
43 44
98 99
64 76
4 16
59 71
70 71
125 126
101 113
39 40
0 3
5 17
34 35
0 12
11 12
66 67
65 77
76 77
97 109
37 49
7 8
