# Tier 6 (Large) - Instance 24
# Generated with config: N=99, K=6, topology=grid, calendar=heavy_start

# HEADER: <num_tasks> <num_types> <num_units>
101 6 47

# RESOURCE TYPES
# Format: <type_id> <num_units> <unit_id1> <unit_id2> ...
0 6 0 1 2 3 4 5
1 10 6 7 8 9 10 11 12 13 14 15
2 6 16 17 18 19 20 21
3 9 22 23 24 25 26 27 28 29 30
4 8 31 32 33 34 35 36 37 38
5 8 39 40 41 42 43 44 45 46

# RESOURCE UNITS (Calendars)
# Format: <unit_id> <num_steps> <t1> <v1> <t2> <v2> ...
0 14 0 100 5 0 12 100 42 0 48 100 267 0 277 100 303 0 309 100 334 0 341 100 378 0 387 100 545 0
1 16 0 100 1 0 12 100 19 0 25 100 53 0 60 100 230 0 239 100 280 0 289 100 306 0 317 100 341 0 352 100 545 0
2 16 0 100 2 0 8 100 47 0 55 100 174 0 181 100 245 0 255 100 274 0 284 100 462 0 472 100 492 0 502 100 545 0
3 10 0 100 65 0 72 100 177 0 187 100 240 0 250 100 394 0 403 100 545 0
4 12 0 100 2 0 11 100 16 0 25 100 216 0 225 100 268 0 279 100 445 0 453 100 545 0
5 14 0 100 1 0 12 100 39 0 46 100 58 0 66 100 210 0 217 100 227 0 235 100 412 0 423 100 545 0
6 16 0 100 37 0 46 100 85 0 95 100 144 0 150 100 184 0 194 100 209 0 220 100 311 0 321 100 434 0 445 100 545 0
7 16 0 100 1 0 12 100 41 0 48 100 94 0 103 100 203 0 213 100 227 0 234 100 329 0 340 100 386 0 393 100 545 0
8 14 0 100 6 0 16 100 199 0 209 100 232 0 242 100 356 0 362 100 381 0 389 100 508 0 516 100 545 0
9 14 0 100 4 0 12 100 20 0 29 100 36 0 44 100 100 0 111 100 294 0 302 100 314 0 324 100 545 0
10 12 0 100 1 0 11 100 16 0 24 100 90 0 96 100 212 0 222 100 263 0 271 100 545 0
11 14 0 100 7 0 13 100 280 0 286 100 321 0 330 100 343 0 352 100 481 0 490 100 498 0 509 100 545 0
12 14 0 100 70 0 79 100 163 0 174 100 188 0 199 100 322 0 330 100 384 0 393 100 536 0 542 100 545 0
13 16 0 100 11 0 21 100 32 0 41 100 114 0 123 100 130 0 138 100 140 0 149 100 219 0 229 100 504 0 510 100 545 0
14 14 0 100 1 0 7 100 15 0 25 100 47 0 54 100 184 0 190 100 384 0 390 100 509 0 517 100 545 0
15 14 0 100 15 0 25 100 75 0 84 100 149 0 158 100 195 0 201 100 331 0 341 100 451 0 460 100 545 0
16 12 0 100 6 0 16 100 19 0 30 100 68 0 76 100 116 0 126 100 329 0 339 100 545 0
17 16 0 100 2 0 9 100 18 0 28 100 132 0 143 100 152 0 162 100 171 0 177 100 223 0 230 100 378 0 389 100 545 0
18 16 0 100 1 0 12 100 82 0 89 100 172 0 182 100 201 0 209 100 213 0 223 100 415 0 426 100 494 0 501 100 545 0
19 14 0 100 46 0 54 100 55 0 58 100 160 0 169 100 172 0 181 100 219 0 230 100 464 0 475 100 545 0
20 12 0 100 32 0 41 100 119 0 126 100 151 0 161 100 203 0 209 100 295 0 304 100 545 0
21 14 0 100 20 0 27 100 215 0 222 100 281 0 287 100 308 0 315 100 393 0 402 100 463 0 474 100 545 0
22 14 0 100 1 0 8 100 20 0 29 100 95 0 105 100 152 0 158 100 245 0 252 100 392 0 400 100 545 0
23 16 0 100 8 0 16 100 29 0 40 100 89 0 95 100 112 0 118 100 133 0 140 100 167 0 177 100 235 0 244 100 545 0
24 14 0 100 2 0 9 100 61 0 70 100 72 0 82 100 137 0 146 100 224 0 231 100 253 0 263 100 545 0
25 10 0 100 4 0 12 100 15 0 22 100 67 0 76 100 412 0 421 100 545 0
26 16 0 100 58 0 64 100 125 0 134 100 243 0 249 100 305 0 316 100 326 0 333 100 363 0 370 100 483 0 491 100 545 0
27 16 0 100 2 0 11 100 50 0 59 100 63 0 71 100 125 0 132 100 315 0 324 100 476 0 487 100 513 0 524 100 545 0
28 16 0 100 2 0 8 100 94 0 103 100 164 0 174 100 197 0 205 100 242 0 248 100 269 0 275 100 417 0 427 100 545 0
29 16 0 100 1 0 7 100 10 0 18 100 160 0 166 100 219 0 229 100 239 0 245 100 251 0 259 100 302 0 313 100 545 0
30 14 0 100 114 0 120 100 186 0 194 100 265 0 271 100 309 0 316 100 360 0 367 100 522 0 528 100 545 0
31 12 0 100 3 0 10 100 67 0 75 100 172 0 179 100 444 0 452 100 503 0 510 100 545 0
32 14 0 100 1 0 12 100 108 0 116 100 180 0 191 100 192 0 199 100 282 0 290 100 531 0 541 100 545 0
33 16 0 100 40 0 49 100 109 0 116 100 138 0 146 100 273 0 279 100 314 0 320 100 481 0 490 100 524 0 531 100 545 0
34 12 0 100 2 0 9 100 97 0 107 100 278 0 287 100 349 0 355 100 419 0 427 100 545 0
35 16 0 100 11 0 19 100 36 0 46 100 49 0 57 100 88 0 97 100 131 0 140 100 247 0 254 100 520 0 529 100 545 0
36 14 0 100 2 0 8 100 114 0 123 100 128 0 138 100 311 0 319 100 337 0 346 100 518 0 528 100 545 0
37 16 0 100 1 0 11 100 51 0 57 100 62 0 69 100 94 0 101 100 114 0 123 100 302 0 313 100 389 0 400 100 545 0
38 16 0 100 26 0 34 100 50 0 57 100 77 0 85 100 92 0 103 100 275 0 286 100 336 0 343 100 495 0 503 100 545 0
39 14 0 100 1 0 9 100 12 0 14 100 75 0 81 100 87 0 97 100 104 0 110 100 148 0 159 100 545 0
40 16 0 100 18 0 27 100 50 0 56 100 99 0 108 100 109 0 118 100 121 0 130 100 142 0 150 100 181 0 189 100 545 0
41 14 0 100 9 0 16 100 61 0 71 100 200 0 207 100 281 0 289 100 468 0 475 100 515 0 524 100 545 0
42 12 0 100 1 0 11 100 66 0 75 100 126 0 133 100 409 0 418 100 485 0 493 100 545 0
43 14 0 100 50 0 58 100 64 0 73 100 75 0 84 100 379 0 387 100 437 0 446 100 448 0 454 100 545 0
44 12 0 100 20 0 28 100 87 0 95 100 190 0 200 100 279 0 287 100 439 0 445 100 545 0
45 12 0 100 67 0 77 100 108 0 115 100 240 0 249 100 283 0 289 100 497 0 505 100 545 0
46 12 0 100 3 0 13 100 20 0 26 100 31 0 39 100 91 0 99 100 165 0 175 100 545 0

# TASKS
# Format: <task_id> <size> <num_reqs>
# Then for each requirement: <type_id> <qty>
0 0 6
 0 0
 1 0
 2 0
 3 0
 4 0
 5 0
1 5 6
 0 0
 1 3
 2 2
 3 3
 4 1
 5 2
2 13 6
 0 0
 1 2
 2 0
 3 3
 4 3
 5 2
3 11 6
 0 0
 1 1
 2 0
 3 3
 4 0
 5 0
4 14 6
 0 1
 1 2
 2 1
 3 1
 4 1
 5 2
5 6 6
 0 1
 1 0
 2 2
 3 3
 4 3
 5 0
6 9 6
 0 2
 1 1
 2 2
 3 0
 4 1
 5 3
7 7 6
 0 0
 1 0
 2 2
 3 3
 4 0
 5 1
8 4 6
 0 2
 1 2
 2 2
 3 2
 4 3
 5 3
9 11 6
 0 1
 1 0
 2 3
 3 2
 4 3
 5 3
10 15 6
 0 2
 1 0
 2 2
 3 1
 4 0
 5 2
11 8 6
 0 3
 1 0
 2 3
 3 3
 4 3
 5 3
12 12 6
 0 1
 1 0
 2 1
 3 1
 4 0
 5 0
13 12 6
 0 0
 1 1
 2 1
 3 2
 4 2
 5 2
14 3 6
 0 1
 1 0
 2 0
 3 1
 4 0
 5 0
15 6 6
 0 2
 1 3
 2 3
 3 0
 4 1
 5 1
16 12 6
 0 2
 1 1
 2 3
 3 0
 4 1
 5 0
17 13 6
 0 0
 1 3
 2 3
 3 3
 4 1
 5 1
18 15 6
 0 3
 1 3
 2 0
 3 0
 4 2
 5 0
19 3 6
 0 1
 1 2
 2 1
 3 2
 4 0
 5 3
20 5 6
 0 3
 1 1
 2 0
 3 2
 4 0
 5 1
21 14 6
 0 2
 1 3
 2 2
 3 3
 4 2
 5 0
22 13 6
 0 0
 1 0
 2 3
 3 2
 4 1
 5 2
23 5 6
 0 0
 1 2
 2 1
 3 2
 4 0
 5 3
24 10 6
 0 3
 1 1
 2 3
 3 2
 4 0
 5 0
25 13 6
 0 0
 1 0
 2 1
 3 1
 4 3
 5 2
26 11 6
 0 0
 1 2
 2 0
 3 0
 4 3
 5 0
27 3 6
 0 0
 1 0
 2 1
 3 0
 4 2
 5 3
28 15 6
 0 2
 1 3
 2 2
 3 2
 4 3
 5 0
29 3 6
 0 3
 1 1
 2 0
 3 0
 4 0
 5 2
30 9 6
 0 0
 1 2
 2 0
 3 1
 4 0
 5 2
31 12 6
 0 3
 1 3
 2 0
 3 3
 4 1
 5 1
32 14 6
 0 2
 1 2
 2 0
 3 3
 4 2
 5 2
33 11 6
 0 0
 1 2
 2 0
 3 1
 4 1
 5 1
34 6 6
 0 1
 1 2
 2 1
 3 1
 4 3
 5 0
35 11 6
 0 3
 1 3
 2 2
 3 3
 4 2
 5 2
36 6 6
 0 1
 1 0
 2 2
 3 3
 4 2
 5 1
37 3 6
 0 1
 1 1
 2 3
 3 0
 4 1
 5 0
38 3 6
 0 2
 1 0
 2 3
 3 0
 4 2
 5 2
39 8 6
 0 0
 1 1
 2 0
 3 3
 4 2
 5 0
40 10 6
 0 3
 1 2
 2 2
 3 1
 4 0
 5 1
41 7 6
 0 1
 1 2
 2 0
 3 2
 4 3
 5 2
42 5 6
 0 0
 1 2
 2 3
 3 2
 4 1
 5 0
43 7 6
 0 1
 1 2
 2 0
 3 3
 4 0
 5 0
44 5 6
 0 2
 1 3
 2 0
 3 3
 4 1
 5 0
45 7 6
 0 0
 1 0
 2 2
 3 2
 4 0
 5 1
46 5 6
 0 2
 1 2
 2 3
 3 0
 4 3
 5 0
47 6 6
 0 1
 1 3
 2 0
 3 2
 4 3
 5 2
48 13 6
 0 0
 1 3
 2 0
 3 3
 4 2
 5 2
49 13 6
 0 3
 1 2
 2 1
 3 3
 4 1
 5 3
50 13 6
 0 0
 1 2
 2 0
 3 0
 4 2
 5 0
51 5 6
 0 2
 1 3
 2 3
 3 0
 4 3
 5 3
52 11 6
 0 2
 1 2
 2 3
 3 3
 4 0
 5 3
53 10 6
 0 1
 1 1
 2 2
 3 1
 4 3
 5 0
54 3 6
 0 2
 1 3
 2 2
 3 0
 4 3
 5 0
55 3 6
 0 1
 1 2
 2 2
 3 3
 4 0
 5 1
56 3 6
 0 1
 1 1
 2 1
 3 2
 4 3
 5 1
57 13 6
 0 0
 1 1
 2 1
 3 0
 4 2
 5 0
58 11 6
 0 2
 1 1
 2 3
 3 0
 4 0
 5 0
59 3 6
 0 0
 1 0
 2 0
 3 2
 4 3
 5 1
60 9 6
 0 3
 1 1
 2 1
 3 0
 4 1
 5 2
61 12 6
 0 0
 1 1
 2 0
 3 0
 4 1
 5 3
62 12 6
 0 0
 1 3
 2 0
 3 2
 4 1
 5 2
63 7 6
 0 1
 1 3
 2 3
 3 0
 4 3
 5 1
64 9 6
 0 3
 1 3
 2 0
 3 0
 4 3
 5 1
65 6 6
 0 3
 1 0
 2 3
 3 3
 4 0
 5 0
66 7 6
 0 1
 1 0
 2 3
 3 3
 4 2
 5 3
67 5 6
 0 0
 1 0
 2 0
 3 0
 4 3
 5 1
68 8 6
 0 3
 1 1
 2 2
 3 0
 4 0
 5 0
69 5 6
 0 1
 1 0
 2 2
 3 0
 4 0
 5 1
70 8 6
 0 1
 1 2
 2 2
 3 3
 4 1
 5 0
71 10 6
 0 0
 1 0
 2 1
 3 0
 4 3
 5 1
72 15 6
 0 3
 1 2
 2 0
 3 2
 4 0
 5 1
73 9 6
 0 2
 1 0
 2 3
 3 1
 4 3
 5 0
74 15 6
 0 3
 1 3
 2 3
 3 3
 4 0
 5 1
75 9 6
 0 0
 1 1
 2 3
 3 3
 4 2
 5 1
76 12 6
 0 0
 1 3
 2 3
 3 2
 4 0
 5 0
77 5 6
 0 3
 1 3
 2 1
 3 3
 4 2
 5 0
78 11 6
 0 2
 1 0
 2 2
 3 1
 4 1
 5 2
79 6 6
 0 0
 1 3
 2 0
 3 1
 4 1
 5 3
80 9 6
 0 0
 1 2
 2 3
 3 2
 4 3
 5 1
81 10 6
 0 1
 1 2
 2 1
 3 3
 4 2
 5 3
82 14 6
 0 3
 1 0
 2 1
 3 3
 4 1
 5 2
83 5 6
 0 3
 1 0
 2 0
 3 1
 4 3
 5 2
84 10 6
 0 0
 1 2
 2 0
 3 2
 4 1
 5 1
85 13 6
 0 1
 1 3
 2 2
 3 0
 4 1
 5 3
86 14 6
 0 0
 1 2
 2 2
 3 3
 4 2
 5 1
87 4 6
 0 3
 1 2
 2 1
 3 3
 4 3
 5 1
88 3 6
 0 0
 1 1
 2 0
 3 0
 4 1
 5 2
89 14 6
 0 0
 1 0
 2 0
 3 3
 4 2
 5 0
90 8 6
 0 2
 1 3
 2 1
 3 1
 4 1
 5 3
91 14 6
 0 1
 1 1
 2 0
 3 0
 4 2
 5 1
92 4 6
 0 2
 1 1
 2 1
 3 3
 4 0
 5 0
93 4 6
 0 1
 1 1
 2 3
 3 0
 4 1
 5 2
94 12 6
 0 0
 1 3
 2 3
 3 2
 4 3
 5 2
95 14 6
 0 3
 1 0
 2 0
 3 2
 4 0
 5 0
96 14 6
 0 1
 1 2
 2 0
 3 1
 4 1
 5 0
97 5 6
 0 0
 1 0
 2 0
 3 1
 4 1
 5 2
98 15 6
 0 2
 1 2
 2 0
 3 1
 4 0
 5 3
99 3 6
 0 1
 1 2
 2 0
 3 3
 4 0
 5 1
100 0 6
 0 0
 1 0
 2 0
 3 0
 4 0
 5 0

# PRECEDENCES
197
72 73
7 17
62 72
67 68
72 82
44 45
99 100
67 77
44 54
3 13
8 9
0 5
8 18
40 50
36 46
41 42
96 97
18 19
73 74
41 51
18 28
73 83
14 15
9 10
0 7
14 24
74 75
9 19
74 84
10 20
15 16
47 48
15 25
42 43
47 57
42 52
38 39
48 49
38 48
0 9
95 100
48 58
75 76
80 90
85 86
75 85
16 17
71 72
81 82
16 26
71 81
81 91
12 13
22 23
77 78
12 22
0 2
22 32
77 87
49 50
49 59
13 14
45 46
13 23
55 56
45 55
55 65
98 100
82 83
82 92
51 52
46 47
51 61
23 24
78 79
46 56
23 33
78 88
83 84
19 20
19 29
91 100
24 25
79 80
56 57
79 89
56 66
52 53
20 30
52 62
57 58
89 90
89 99
53 54
53 63
25 26
30 40
85 95
25 35
26 27
21 22
26 36
31 32
86 87
21 31
86 96
17 18
27 28
17 27
27 37
54 55
64 65
54 64
94 100
5 6
50 60
60 70
87 88
97 98
87 97
1 2
0 4
1 11
28 29
93 94
28 38
83 93
88 89
88 98
24 34
29 30
84 85
61 62
84 94
61 71
97 100
0 6
2 3
2 12
57 67
62 63
94 95
3 4
58 59
35 36
58 68
35 45
95 96
0 8
31 41
36 37
91 92
68 69
63 64
68 78
92 100
63 73
32 33
96 100
32 42
4 5
59 60
64 74
69 70
4 14
59 69
69 79
0 1
5 15
65 66
0 10
65 75
37 38
92 93
93 100
37 47
6 7
6 16
33 34
43 44
98 99
33 43
43 53
70 80
39 40
0 3
29 39
34 35
39 49
11 12
66 67
34 44
76 77
11 21
66 76
76 86
7 8
