# Tier 6 (Large) - Instance 32
# Generated with config: N=80, K=6, topology=grid, calendar=random

# HEADER: <num_tasks> <num_types> <num_units>
82 6 52

# RESOURCE TYPES
# Format: <type_id> <num_units> <unit_id1> <unit_id2> ...
0 9 0 1 2 3 4 5 6 7 8
1 9 9 10 11 12 13 14 15 16 17
2 7 18 19 20 21 22 23 24
3 8 25 26 27 28 29 30 31 32
4 9 33 34 35 36 37 38 39 40 41
5 10 42 43 44 45 46 47 48 49 50 51

# RESOURCE UNITS (Calendars)
# Format: <unit_id> <num_steps> <t1> <v1> <t2> <v2> ...
0 14 0 100 43 0 51 100 64 0 70 100 148 0 153 100 221 0 225 100 463 0 472 100 609 0 613 100 627 0
1 14 0 100 42 0 49 100 77 0 83 100 89 0 94 100 146 0 151 100 446 0 453 100 562 0 570 100 627 0
2 14 0 100 49 0 53 100 278 0 285 100 328 0 337 100 379 0 386 100 467 0 473 100 597 0 604 100 627 0
3 12 0 100 8 0 13 100 105 0 113 100 181 0 189 100 298 0 307 100 515 0 523 100 627 0
4 14 0 100 37 0 45 100 197 0 203 100 373 0 381 100 414 0 419 100 438 0 446 100 555 0 559 100 627 0
5 14 0 100 255 0 260 100 273 0 278 100 343 0 350 100 408 0 417 100 431 0 438 100 525 0 534 100 627 0
6 12 0 100 119 0 127 100 190 0 196 100 249 0 258 100 413 0 422 100 538 0 545 100 627 0
7 14 0 100 103 0 112 100 181 0 190 100 248 0 253 100 306 0 312 100 351 0 359 100 606 0 614 100 627 0
8 12 0 100 314 0 323 100 348 0 354 100 387 0 391 100 497 0 506 100 514 0 518 100 627 0
9 12 0 100 21 0 29 100 198 0 203 100 264 0 268 100 426 0 433 100 577 0 586 100 627 0
10 14 0 100 83 0 88 100 217 0 221 100 274 0 282 100 338 0 346 100 376 0 384 100 428 0 434 100 627 0
11 14 0 100 218 0 227 100 273 0 279 100 486 0 493 100 506 0 510 100 546 0 550 100 577 0 584 100 627 0
12 14 0 100 62 0 68 100 198 0 207 100 249 0 257 100 332 0 339 100 359 0 363 100 468 0 474 100 627 0
13 14 0 100 13 0 22 100 134 0 140 100 145 0 151 100 234 0 240 100 387 0 394 100 614 0 622 100 627 0
14 10 0 100 39 0 45 100 140 0 148 100 428 0 436 100 501 0 508 100 627 0
15 12 0 100 43 0 49 100 174 0 178 100 475 0 481 100 495 0 501 100 512 0 520 100 627 0
16 14 0 100 12 0 17 100 34 0 40 100 152 0 159 100 293 0 301 100 541 0 545 100 576 0 585 100 627 0
17 14 0 100 76 0 85 100 229 0 234 100 409 0 418 100 471 0 480 100 502 0 507 100 571 0 578 100 627 0
18 14 0 100 36 0 42 100 299 0 306 100 331 0 335 100 395 0 404 100 546 0 550 100 593 0 601 100 627 0
19 14 0 100 86 0 93 100 165 0 169 100 177 0 183 100 237 0 242 100 252 0 259 100 563 0 572 100 627 0
20 12 0 100 34 0 40 100 420 0 427 100 453 0 462 100 517 0 524 100 541 0 547 100 627 0
21 14 0 100 67 0 71 100 130 0 139 100 243 0 249 100 380 0 387 100 572 0 578 100 587 0 594 100 627 0
22 14 0 100 129 0 133 100 174 0 180 100 356 0 365 100 505 0 514 100 531 0 540 100 612 0 617 100 627 0
23 14 0 100 43 0 49 100 260 0 267 100 296 0 304 100 396 0 400 100 470 0 477 100 522 0 529 100 627 0
24 14 0 100 2 0 11 100 120 0 126 100 131 0 139 100 201 0 208 100 268 0 272 100 289 0 297 100 627 0
25 12 0 100 211 0 216 100 298 0 306 100 407 0 413 100 442 0 446 100 545 0 553 100 627 0
26 12 0 100 12 0 20 100 97 0 101 100 146 0 155 100 473 0 479 100 575 0 583 100 627 0
27 14 0 100 3 0 10 100 151 0 158 100 222 0 229 100 253 0 258 100 484 0 488 100 577 0 584 100 627 0
28 14 0 100 37 0 44 100 207 0 214 100 525 0 532 100 562 0 566 100 593 0 600 100 621 0 626 100 627 0
29 12 0 100 65 0 70 100 198 0 206 100 381 0 390 100 445 0 451 100 555 0 561 100 627 0
30 14 0 100 12 0 16 100 23 0 30 100 56 0 61 100 292 0 296 100 317 0 325 100 427 0 434 100 627 0
31 12 0 100 24 0 33 100 90 0 97 100 175 0 179 100 315 0 321 100 600 0 608 100 627 0
32 12 0 100 55 0 60 100 228 0 235 100 281 0 285 100 327 0 333 100 387 0 396 100 627 0
33 12 0 100 284 0 293 100 376 0 383 100 403 0 409 100 428 0 437 100 536 0 543 100 627 0
34 14 0 100 40 0 48 100 104 0 110 100 132 0 140 100 142 0 151 100 292 0 301 100 517 0 523 100 627 0
35 14 0 100 46 0 53 100 135 0 144 100 189 0 195 100 374 0 382 100 479 0 486 100 611 0 616 100 627 0
36 14 0 100 72 0 80 100 172 0 177 100 282 0 289 100 453 0 460 100 481 0 485 100 622 0 626 100 627 0
37 14 0 100 234 0 239 100 378 0 384 100 425 0 431 100 493 0 497 100 520 0 525 100 592 0 599 100 627 0
38 12 0 100 55 0 60 100 248 0 252 100 270 0 274 100 332 0 340 100 367 0 376 100 627 0
39 12 0 100 50 0 58 100 93 0 99 100 201 0 209 100 238 0 246 100 301 0 306 100 627 0
40 14 0 100 35 0 42 100 231 0 236 100 408 0 412 100 441 0 445 100 502 0 507 100 517 0 523 100 627 0
41 12 0 100 42 0 51 100 137 0 142 100 268 0 275 100 310 0 315 100 525 0 529 100 627 0
42 14 0 100 57 0 64 100 69 0 77 100 208 0 213 100 365 0 370 100 419 0 427 100 483 0 492 100 627 0
43 14 0 100 23 0 32 100 190 0 195 100 301 0 305 100 315 0 319 100 446 0 454 100 473 0 477 100 627 0
44 14 0 100 57 0 65 100 108 0 116 100 213 0 220 100 271 0 277 100 336 0 341 100 481 0 487 100 627 0
45 14 0 100 51 0 56 100 118 0 127 100 154 0 159 100 353 0 359 100 606 0 610 100 621 0 626 100 627 0
46 14 0 100 20 0 27 100 60 0 66 100 235 0 241 100 285 0 290 100 412 0 421 100 449 0 454 100 627 0
47 14 0 100 34 0 39 100 114 0 121 100 139 0 148 100 277 0 281 100 518 0 523 100 554 0 560 100 627 0
48 12 0 100 218 0 226 100 365 0 374 100 408 0 414 100 552 0 557 100 591 0 595 100 627 0
49 14 0 100 57 0 65 100 147 0 154 100 196 0 205 100 275 0 284 100 491 0 497 100 533 0 539 100 627 0
50 12 0 100 15 0 21 100 52 0 59 100 220 0 228 100 350 0 355 100 369 0 376 100 627 0
51 12 0 100 178 0 185 100 223 0 231 100 291 0 295 100 587 0 595 100 609 0 617 100 627 0

# TASKS
# Format: <task_id> <size> <num_reqs>
# Then for each requirement: <type_id> <qty>
0 0 6
 0 0
 1 0
 2 0
 3 0
 4 0
 5 0
1 3 6
 0 2
 1 2
 2 1
 3 1
 4 2
 5 2
2 3 6
 0 2
 1 2
 2 1
 3 0
 4 1
 5 2
3 10 6
 0 1
 1 0
 2 1
 3 0
 4 0
 5 3
4 15 6
 0 2
 1 3
 2 3
 3 3
 4 3
 5 3
5 7 6
 0 0
 1 0
 2 2
 3 3
 4 0
 5 2
6 11 6
 0 0
 1 1
 2 1
 3 2
 4 0
 5 2
7 13 6
 0 3
 1 2
 2 0
 3 0
 4 2
 5 0
8 8 6
 0 3
 1 2
 2 1
 3 2
 4 3
 5 3
9 12 6
 0 1
 1 0
 2 0
 3 3
 4 0
 5 0
10 12 6
 0 2
 1 0
 2 2
 3 0
 4 1
 5 3
11 13 6
 0 3
 1 0
 2 0
 3 2
 4 0
 5 2
12 7 6
 0 1
 1 0
 2 1
 3 0
 4 2
 5 0
13 8 6
 0 3
 1 0
 2 2
 3 0
 4 0
 5 1
14 9 6
 0 1
 1 1
 2 0
 3 0
 4 2
 5 2
15 14 6
 0 0
 1 1
 2 2
 3 0
 4 2
 5 1
16 8 6
 0 0
 1 0
 2 2
 3 1
 4 0
 5 3
17 6 6
 0 3
 1 0
 2 3
 3 3
 4 3
 5 0
18 3 6
 0 2
 1 0
 2 3
 3 2
 4 1
 5 0
19 14 6
 0 2
 1 0
 2 3
 3 3
 4 0
 5 1
20 12 6
 0 3
 1 2
 2 0
 3 3
 4 0
 5 3
21 3 6
 0 2
 1 3
 2 3
 3 0
 4 0
 5 1
22 7 6
 0 3
 1 0
 2 1
 3 3
 4 1
 5 3
23 10 6
 0 3
 1 2
 2 1
 3 3
 4 3
 5 3
24 5 6
 0 2
 1 0
 2 3
 3 2
 4 3
 5 3
25 9 6
 0 0
 1 3
 2 1
 3 2
 4 3
 5 3
26 6 6
 0 2
 1 3
 2 1
 3 3
 4 0
 5 2
27 11 6
 0 3
 1 1
 2 3
 3 1
 4 1
 5 3
28 3 6
 0 0
 1 0
 2 1
 3 1
 4 0
 5 2
29 12 6
 0 2
 1 3
 2 0
 3 2
 4 0
 5 0
30 9 6
 0 3
 1 0
 2 3
 3 3
 4 0
 5 1
31 11 6
 0 0
 1 2
 2 0
 3 0
 4 0
 5 3
32 8 6
 0 2
 1 3
 2 2
 3 2
 4 2
 5 2
33 13 6
 0 1
 1 0
 2 3
 3 3
 4 3
 5 2
34 7 6
 0 1
 1 1
 2 1
 3 1
 4 3
 5 1
35 14 6
 0 0
 1 1
 2 1
 3 1
 4 0
 5 3
36 11 6
 0 3
 1 3
 2 1
 3 1
 4 2
 5 0
37 9 6
 0 2
 1 0
 2 1
 3 1
 4 3
 5 0
38 11 6
 0 2
 1 3
 2 0
 3 2
 4 3
 5 0
39 12 6
 0 1
 1 1
 2 0
 3 1
 4 1
 5 3
40 14 6
 0 0
 1 1
 2 3
 3 0
 4 0
 5 0
41 9 6
 0 0
 1 2
 2 2
 3 1
 4 3
 5 2
42 15 6
 0 3
 1 3
 2 3
 3 0
 4 2
 5 1
43 10 6
 0 0
 1 1
 2 1
 3 3
 4 1
 5 1
44 4 6
 0 0
 1 1
 2 0
 3 1
 4 0
 5 0
45 12 6
 0 0
 1 3
 2 1
 3 0
 4 3
 5 1
46 9 6
 0 0
 1 2
 2 3
 3 0
 4 1
 5 2
47 9 6
 0 3
 1 0
 2 0
 3 1
 4 0
 5 0
48 5 6
 0 3
 1 2
 2 0
 3 0
 4 1
 5 3
49 3 6
 0 0
 1 3
 2 1
 3 1
 4 2
 5 3
50 6 6
 0 1
 1 3
 2 0
 3 0
 4 2
 5 3
51 12 6
 0 1
 1 0
 2 1
 3 0
 4 0
 5 3
52 5 6
 0 3
 1 0
 2 3
 3 3
 4 0
 5 2
53 6 6
 0 1
 1 1
 2 0
 3 2
 4 0
 5 0
54 14 6
 0 2
 1 2
 2 2
 3 0
 4 0
 5 1
55 7 6
 0 3
 1 2
 2 1
 3 1
 4 0
 5 2
56 13 6
 0 1
 1 2
 2 3
 3 0
 4 3
 5 0
57 13 6
 0 3
 1 1
 2 0
 3 3
 4 1
 5 2
58 6 6
 0 0
 1 3
 2 1
 3 0
 4 3
 5 0
59 8 6
 0 1
 1 0
 2 0
 3 3
 4 2
 5 2
60 14 6
 0 1
 1 0
 2 3
 3 1
 4 1
 5 3
61 4 6
 0 3
 1 3
 2 0
 3 2
 4 3
 5 2
62 9 6
 0 0
 1 0
 2 0
 3 1
 4 0
 5 3
63 12 6
 0 2
 1 3
 2 1
 3 0
 4 0
 5 0
64 7 6
 0 0
 1 0
 2 2
 3 1
 4 3
 5 3
65 10 6
 0 1
 1 3
 2 3
 3 0
 4 3
 5 1
66 8 6
 0 1
 1 0
 2 2
 3 0
 4 0
 5 2
67 7 6
 0 1
 1 3
 2 0
 3 3
 4 2
 5 0
68 8 6
 0 0
 1 0
 2 1
 3 2
 4 3
 5 3
69 4 6
 0 1
 1 2
 2 3
 3 0
 4 2
 5 3
70 14 6
 0 0
 1 2
 2 2
 3 1
 4 0
 5 2
71 9 6
 0 0
 1 1
 2 2
 3 1
 4 3
 5 0
72 6 6
 0 2
 1 0
 2 0
 3 3
 4 0
 5 0
73 12 6
 0 1
 1 1
 2 3
 3 3
 4 2
 5 0
74 15 6
 0 2
 1 3
 2 2
 3 2
 4 0
 5 1
75 13 6
 0 2
 1 2
 2 1
 3 3
 4 0
 5 3
76 10 6
 0 0
 1 2
 2 3
 3 2
 4 0
 5 3
77 8 6
 0 2
 1 0
 2 3
 3 3
 4 3
 5 0
78 13 6
 0 3
 1 2
 2 2
 3 2
 4 0
 5 3
79 9 6
 0 1
 1 2
 2 2
 3 0
 4 0
 5 1
80 11 6
 0 1
 1 0
 2 3
 3 0
 4 2
 5 0
81 0 6
 0 0
 1 0
 2 0
 3 0
 4 0
 5 0

# PRECEDENCES
159
24 33
67 68
44 45
73 81
61 70
20 29
8 9
0 5
40 41
2 11
57 66
75 81
53 62
41 42
79 81
30 39
73 74
25 34
35 44
14 15
0 7
31 40
74 75
68 77
27 36
15 16
47 48
42 43
64 73
59 68
38 39
5 14
48 49
60 69
0 9
80 81
75 76
1 10
16 17
71 72
33 42
12 13
22 23
77 78
0 2
29 38
49 50
66 75
13 14
55 56
7 16
50 51
62 71
51 52
3 12
46 47
58 67
23 24
78 79
40 49
19 20
36 45
24 25
79 80
76 81
56 57
63 72
32 41
20 21
52 53
4 13
78 81
14 23
57 58
69 78
10 19
53 54
65 74
30 31
37 46
25 26
47 56
6 15
26 27
21 22
43 52
31 32
38 47
70 79
17 18
39 48
34 43
11 20
64 65
71 80
5 6
60 61
12 21
67 76
44 53
1 2
0 4
8 17
28 29
74 81
45 54
41 50
29 30
18 27
51 60
61 62
0 6
2 3
9 18
19 28
62 63
56 65
15 24
3 4
58 59
35 36
42 51
77 81
52 61
0 8
48 57
68 69
32 33
16 25
4 5
59 60
26 35
69 70
21 30
0 1
22 31
10 11
65 66
17 26
49 58
37 38
54 63
6 7
13 22
33 34
55 64
43 44
50 59
70 71
39 40
0 3
46 55
34 35
23 32
11 12
66 67
76 77
28 37
7 8
