# Tier 6 (Large) - Instance 77
# Generated with config: N=202, K=4, topology=random_dag, calendar=staggered

# HEADER: <num_tasks> <num_types> <num_units>
204 4 16

# RESOURCE TYPES
# Format: <type_id> <num_units> <unit_id1> <unit_id2> ...
0 3 0 1 2
1 3 3 4 5
2 5 6 7 8 9 10
3 5 11 12 13 14 15

# RESOURCE UNITS (Calendars)
# Format: <unit_id> <num_steps> <t1> <v1> <t2> <v2> ...
0 26 0 100 1 0 13 100 150 0 162 100 303 0 317 100 454 0 467 100 605 0 619 100 760 0 773 100 910 0 924 100 1061 0 1074 100 1212 0 1226 100 1364 0 1377 100 1515 0 1527 100 1669 0 1683 100 1998 0
1 26 0 100 10 0 32 100 163 0 186 100 319 0 340 100 468 0 489 100 618 0 642 100 771 0 793 100 921 0 944 100 1075 0 1098 100 1226 0 1246 100 1377 0 1397 100 1527 0 1548 100 1677 0 1699 100 1998 0
2 26 0 100 18 0 35 100 169 0 184 100 317 0 335 100 469 0 485 100 622 0 638 100 776 0 791 100 929 0 947 100 1084 0 1100 100 1238 0 1256 100 1395 0 1413 100 1552 0 1568 100 1702 0 1717 100 1998 0
3 26 0 100 27 0 44 100 180 0 196 100 332 0 346 100 481 0 497 100 633 0 647 100 784 0 800 100 937 0 952 100 1086 0 1103 100 1242 0 1258 100 1392 0 1407 100 1543 0 1561 100 1698 0 1713 100 1998 0
4 26 0 100 38 0 64 100 195 0 217 100 345 0 367 100 498 0 522 100 651 0 673 100 802 0 827 100 954 0 978 100 1110 0 1135 100 1261 0 1285 100 1413 0 1438 100 1566 0 1591 100 1719 0 1742 100 1998 0
5 26 0 100 46 0 64 100 203 0 220 100 359 0 376 100 515 0 532 100 669 0 684 100 821 0 837 100 974 0 988 100 1125 0 1142 100 1275 0 1293 100 1432 0 1450 100 1589 0 1605 100 1741 0 1756 100 1998 0
6 26 0 100 57 0 83 100 208 0 234 100 362 0 387 100 512 0 536 100 666 0 691 100 821 0 846 100 974 0 1000 100 1130 0 1157 100 1283 0 1309 100 1439 0 1462 100 1591 0 1618 100 1748 0 1775 100 1998 0
7 26 0 100 65 0 83 100 214 0 235 100 368 0 388 100 518 0 537 100 670 0 690 100 820 0 840 100 972 0 991 100 1122 0 1141 100 1276 0 1294 100 1424 0 1444 100 1579 0 1600 100 1732 0 1752 100 1998 0
8 26 0 100 76 0 101 100 232 0 256 100 384 0 406 100 534 0 556 100 687 0 711 100 842 0 864 100 994 0 1018 100 1148 0 1172 100 1300 0 1322 100 1450 0 1475 100 1605 0 1629 100 1760 0 1783 100 1998 0
9 26 0 100 86 0 108 100 236 0 257 100 388 0 410 100 541 0 563 100 692 0 713 100 842 0 864 100 995 0 1020 100 1151 0 1172 100 1305 0 1328 100 1456 0 1479 100 1607 0 1630 100 1763 0 1784 100 1998 0
10 26 0 100 96 0 113 100 245 0 265 100 402 0 421 100 558 0 577 100 709 0 726 100 863 0 883 100 1018 0 1037 100 1170 0 1189 100 1321 0 1341 100 1474 0 1494 100 1629 0 1649 100 1782 0 1799 100 1998 0
11 26 0 100 103 0 120 100 258 0 276 100 412 0 427 100 562 0 580 100 714 0 729 100 866 0 883 100 1021 0 1036 100 1172 0 1191 100 1330 0 1346 100 1480 0 1495 100 1633 0 1648 100 1785 0 1801 100 1998 0
12 26 0 100 116 0 139 100 266 0 289 100 418 0 441 100 572 0 598 100 729 0 751 100 877 0 901 100 1027 0 1051 100 1180 0 1204 100 1333 0 1357 100 1485 0 1507 100 1636 0 1660 100 1790 0 1814 100 1998 0
13 26 0 100 123 0 142 100 273 0 293 100 429 0 450 100 584 0 602 100 737 0 758 100 888 0 908 100 1043 0 1062 100 1194 0 1212 100 1345 0 1364 100 1494 0 1515 100 1648 0 1667 100 1797 0 1815 100 1998 0
14 26 0 100 135 0 151 100 287 0 307 100 444 0 464 100 599 0 617 100 752 0 770 100 906 0 923 100 1060 0 1077 100 1213 0 1232 100 1365 0 1383 100 1520 0 1539 100 1674 0 1691 100 1824 0 1841 100 1998 0
15 26 0 100 142 0 166 100 293 0 318 100 447 0 470 100 599 0 624 100 754 0 777 100 909 0 933 100 1064 0 1086 100 1212 0 1234 100 1361 0 1386 100 1518 0 1541 100 1671 0 1694 100 1821 0 1846 100 1998 0

# TASKS
# Format: <task_id> <size> <num_reqs>
# Then for each requirement: <type_id> <qty>
0 0 4
 0 0
 1 0
 2 0
 3 0
1 20 4
 0 0
 1 0
 2 2
 3 0
2 3 4
 0 1
 1 1
 2 3
 3 2
3 16 4
 0 1
 1 2
 2 0
 3 1
4 10 4
 0 0
 1 0
 2 0
 3 3
5 6 4
 0 3
 1 2
 2 2
 3 2
6 9 4
 0 0
 1 0
 2 0
 3 1
7 5 4
 0 3
 1 0
 2 0
 3 2
8 16 4
 0 0
 1 0
 2 0
 3 1
9 9 4
 0 0
 1 1
 2 1
 3 1
10 3 4
 0 0
 1 0
 2 2
 3 2
11 6 4
 0 0
 1 0
 2 2
 3 0
12 13 4
 0 0
 1 0
 2 0
 3 2
13 3 4
 0 0
 1 0
 2 3
 3 3
14 9 4
 0 0
 1 3
 2 0
 3 1
15 13 4
 0 0
 1 1
 2 0
 3 0
16 5 4
 0 2
 1 1
 2 1
 3 0
17 11 4
 0 2
 1 1
 2 1
 3 0
18 9 4
 0 0
 1 0
 2 0
 3 1
19 6 4
 0 1
 1 2
 2 3
 3 0
20 8 4
 0 0
 1 0
 2 1
 3 0
21 12 4
 0 0
 1 0
 2 0
 3 2
22 16 4
 0 2
 1 0
 2 3
 3 0
23 17 4
 0 0
 1 1
 2 0
 3 0
24 3 4
 0 0
 1 1
 2 0
 3 3
25 16 4
 0 0
 1 2
 2 0
 3 0
26 16 4
 0 2
 1 0
 2 1
 3 2
27 5 4
 0 0
 1 0
 2 2
 3 0
28 6 4
 0 0
 1 2
 2 2
 3 0
29 3 4
 0 0
 1 2
 2 2
 3 0
30 2 4
 0 1
 1 1
 2 0
 3 2
31 3 4
 0 0
 1 3
 2 0
 3 1
32 7 4
 0 0
 1 3
 2 0
 3 3
33 5 4
 0 3
 1 0
 2 3
 3 0
34 19 4
 0 1
 1 3
 2 0
 3 0
35 9 4
 0 1
 1 0
 2 3
 3 1
36 9 4
 0 3
 1 2
 2 1
 3 0
37 20 4
 0 1
 1 3
 2 0
 3 3
38 18 4
 0 2
 1 3
 2 2
 3 1
39 3 4
 0 1
 1 0
 2 0
 3 2
40 14 4
 0 0
 1 3
 2 3
 3 2
41 12 4
 0 0
 1 1
 2 0
 3 3
42 14 4
 0 2
 1 1
 2 0
 3 1
43 12 4
 0 1
 1 2
 2 1
 3 0
44 6 4
 0 3
 1 2
 2 2
 3 0
45 8 4
 0 0
 1 1
 2 2
 3 0
46 9 4
 0 0
 1 0
 2 2
 3 2
47 9 4
 0 0
 1 1
 2 3
 3 0
48 17 4
 0 0
 1 0
 2 3
 3 0
49 17 4
 0 0
 1 3
 2 3
 3 0
50 13 4
 0 2
 1 0
 2 0
 3 2
51 20 4
 0 3
 1 1
 2 1
 3 0
52 9 4
 0 0
 1 0
 2 1
 3 1
53 15 4
 0 3
 1 0
 2 3
 3 2
54 3 4
 0 1
 1 2
 2 0
 3 2
55 14 4
 0 0
 1 1
 2 1
 3 2
56 13 4
 0 2
 1 3
 2 3
 3 3
57 10 4
 0 0
 1 2
 2 0
 3 3
58 13 4
 0 0
 1 3
 2 0
 3 1
59 15 4
 0 2
 1 3
 2 2
 3 0
60 4 4
 0 1
 1 3
 2 1
 3 1
61 5 4
 0 2
 1 1
 2 1
 3 0
62 1 4
 0 3
 1 1
 2 2
 3 0
63 3 4
 0 0
 1 3
 2 2
 3 3
64 15 4
 0 3
 1 1
 2 2
 3 3
65 20 4
 0 0
 1 2
 2 0
 3 0
66 9 4
 0 0
 1 0
 2 1
 3 0
67 18 4
 0 0
 1 0
 2 0
 3 1
68 20 4
 0 0
 1 2
 2 0
 3 1
69 14 4
 0 3
 1 0
 2 0
 3 2
70 10 4
 0 1
 1 0
 2 1
 3 2
71 12 4
 0 1
 1 3
 2 1
 3 1
72 11 4
 0 3
 1 3
 2 1
 3 0
73 20 4
 0 0
 1 2
 2 0
 3 2
74 16 4
 0 3
 1 1
 2 2
 3 0
75 16 4
 0 3
 1 0
 2 1
 3 3
76 8 4
 0 0
 1 0
 2 1
 3 0
77 4 4
 0 2
 1 0
 2 3
 3 0
78 10 4
 0 0
 1 3
 2 3
 3 0
79 12 4
 0 2
 1 1
 2 3
 3 2
80 5 4
 0 0
 1 0
 2 3
 3 1
81 8 4
 0 0
 1 0
 2 0
 3 2
82 3 4
 0 0
 1 1
 2 2
 3 0
83 18 4
 0 0
 1 2
 2 0
 3 0
84 13 4
 0 1
 1 0
 2 1
 3 0
85 11 4
 0 0
 1 1
 2 0
 3 3
86 8 4
 0 3
 1 2
 2 0
 3 1
87 17 4
 0 3
 1 2
 2 2
 3 1
88 8 4
 0 3
 1 1
 2 2
 3 0
89 10 4
 0 3
 1 3
 2 0
 3 0
90 13 4
 0 3
 1 3
 2 0
 3 3
91 6 4
 0 1
 1 3
 2 2
 3 3
92 13 4
 0 0
 1 3
 2 0
 3 1
93 8 4
 0 2
 1 0
 2 1
 3 0
94 18 4
 0 0
 1 3
 2 1
 3 1
95 3 4
 0 2
 1 2
 2 2
 3 2
96 8 4
 0 0
 1 0
 2 3
 3 1
97 8 4
 0 0
 1 3
 2 1
 3 0
98 16 4
 0 3
 1 0
 2 0
 3 0
99 13 4
 0 1
 1 0
 2 0
 3 0
100 12 4
 0 0
 1 2
 2 0
 3 3
101 7 4
 0 2
 1 3
 2 2
 3 1
102 15 4
 0 1
 1 3
 2 1
 3 2
103 6 4
 0 0
 1 2
 2 0
 3 2
104 19 4
 0 1
 1 0
 2 0
 3 0
105 17 4
 0 3
 1 0
 2 3
 3 3
106 4 4
 0 2
 1 3
 2 0
 3 1
107 17 4
 0 2
 1 0
 2 3
 3 1
108 8 4
 0 1
 1 1
 2 0
 3 1
109 15 4
 0 3
 1 1
 2 1
 3 2
110 15 4
 0 0
 1 1
 2 0
 3 2
111 11 4
 0 0
 1 2
 2 3
 3 1
112 19 4
 0 2
 1 0
 2 2
 3 0
113 16 4
 0 2
 1 3
 2 2
 3 2
114 9 4
 0 0
 1 0
 2 0
 3 1
115 17 4
 0 1
 1 1
 2 3
 3 3
116 14 4
 0 1
 1 0
 2 2
 3 1
117 12 4
 0 0
 1 0
 2 3
 3 0
118 10 4
 0 2
 1 3
 2 0
 3 3
119 20 4
 0 0
 1 0
 2 2
 3 2
120 3 4
 0 3
 1 1
 2 0
 3 0
121 5 4
 0 0
 1 1
 2 1
 3 0
122 9 4
 0 2
 1 2
 2 0
 3 0
123 9 4
 0 0
 1 0
 2 1
 3 3
124 15 4
 0 1
 1 0
 2 2
 3 1
125 11 4
 0 0
 1 0
 2 3
 3 0
126 19 4
 0 2
 1 0
 2 3
 3 2
127 12 4
 0 2
 1 0
 2 0
 3 0
128 7 4
 0 2
 1 0
 2 3
 3 0
129 18 4
 0 0
 1 1
 2 0
 3 0
130 18 4
 0 0
 1 3
 2 0
 3 0
131 17 4
 0 2
 1 0
 2 2
 3 3
132 16 4
 0 2
 1 0
 2 2
 3 0
133 14 4
 0 1
 1 0
 2 2
 3 0
134 20 4
 0 1
 1 0
 2 1
 3 0
135 11 4
 0 1
 1 3
 2 0
 3 2
136 19 4
 0 2
 1 0
 2 3
 3 2
137 7 4
 0 2
 1 2
 2 3
 3 0
138 15 4
 0 0
 1 1
 2 0
 3 1
139 8 4
 0 0
 1 3
 2 0
 3 2
140 9 4
 0 0
 1 1
 2 0
 3 1
141 11 4
 0 2
 1 2
 2 1
 3 2
142 9 4
 0 0
 1 3
 2 2
 3 2
143 16 4
 0 2
 1 0
 2 3
 3 0
144 8 4
 0 3
 1 1
 2 3
 3 1
145 17 4
 0 0
 1 0
 2 2
 3 0
146 2 4
 0 1
 1 0
 2 0
 3 0
147 18 4
 0 2
 1 3
 2 0
 3 0
148 3 4
 0 0
 1 3
 2 2
 3 1
149 8 4
 0 2
 1 3
 2 0
 3 3
150 15 4
 0 2
 1 0
 2 3
 3 0
151 13 4
 0 0
 1 0
 2 2
 3 1
152 8 4
 0 2
 1 0
 2 2
 3 1
153 17 4
 0 1
 1 0
 2 0
 3 1
154 20 4
 0 0
 1 1
 2 2
 3 2
155 16 4
 0 2
 1 1
 2 3
 3 3
156 6 4
 0 3
 1 1
 2 0
 3 1
157 5 4
 0 3
 1 0
 2 0
 3 1
158 6 4
 0 1
 1 3
 2 2
 3 3
159 9 4
 0 3
 1 3
 2 0
 3 2
160 9 4
 0 2
 1 1
 2 1
 3 0
161 1 4
 0 0
 1 1
 2 1
 3 0
162 4 4
 0 0
 1 0
 2 1
 3 3
163 8 4
 0 0
 1 1
 2 0
 3 1
164 1 4
 0 2
 1 2
 2 0
 3 3
165 7 4
 0 2
 1 0
 2 3
 3 2
166 11 4
 0 1
 1 1
 2 2
 3 2
167 12 4
 0 0
 1 0
 2 3
 3 0
168 4 4
 0 1
 1 3
 2 3
 3 0
169 12 4
 0 3
 1 3
 2 2
 3 1
170 5 4
 0 2
 1 1
 2 0
 3 0
171 20 4
 0 2
 1 0
 2 0
 3 1
172 20 4
 0 0
 1 2
 2 0
 3 0
173 19 4
 0 3
 1 0
 2 0
 3 1
174 11 4
 0 0
 1 2
 2 2
 3 1
175 11 4
 0 3
 1 1
 2 2
 3 2
176 18 4
 0 3
 1 0
 2 2
 3 3
177 16 4
 0 3
 1 3
 2 0
 3 2
178 8 4
 0 3
 1 1
 2 2
 3 0
179 10 4
 0 0
 1 1
 2 3
 3 1
180 11 4
 0 2
 1 2
 2 3
 3 0
181 12 4
 0 0
 1 0
 2 0
 3 1
182 13 4
 0 2
 1 2
 2 2
 3 2
183 13 4
 0 1
 1 1
 2 0
 3 3
184 16 4
 0 0
 1 0
 2 2
 3 0
185 7 4
 0 1
 1 0
 2 3
 3 1
186 17 4
 0 0
 1 2
 2 0
 3 1
187 2 4
 0 0
 1 0
 2 2
 3 2
188 18 4
 0 1
 1 3
 2 3
 3 1
189 11 4
 0 3
 1 0
 2 2
 3 2
190 18 4
 0 0
 1 1
 2 3
 3 2
191 9 4
 0 1
 1 1
 2 0
 3 1
192 18 4
 0 0
 1 2
 2 0
 3 2
193 3 4
 0 2
 1 3
 2 2
 3 3
194 18 4
 0 2
 1 2
 2 0
 3 3
195 9 4
 0 0
 1 0
 2 1
 3 1
196 4 4
 0 1
 1 1
 2 0
 3 2
197 3 4
 0 2
 1 3
 2 3
 3 3
198 15 4
 0 1
 1 3
 2 3
 3 2
199 16 4
 0 2
 1 2
 2 0
 3 3
200 1 4
 0 1
 1 3
 2 0
 3 0
201 8 4
 0 3
 1 1
 2 3
 3 0
202 16 4
 0 0
 1 0
 2 1
 3 1
203 0 4
 0 0
 1 0
 2 0
 3 0

# PRECEDENCES
1569
0 1
0 4
0 7
0 14
0 17
0 20
0 21
0 22
0 39
0 46
0 50
0 62
0 64
0 74
0 75
0 77
0 96
0 102
0 106
0 107
0 108
0 113
0 114
0 117
0 140
0 145
0 157
0 163
0 167
0 171
0 172
0 176
0 189
0 190
1 3
1 57
1 73
1 78
1 79
1 88
1 101
1 111
1 132
1 152
2 16
2 37
2 55
2 78
2 79
2 94
2 155
2 170
2 173
2 186
3 23
3 48
3 67
3 87
3 112
3 128
3 136
3 146
3 166
4 2
4 42
4 52
4 100
4 126
4 144
4 177
4 187
4 193
5 82
5 126
5 165
5 166
5 183
5 195
6 15
6 47
6 48
6 69
6 82
6 115
6 130
6 166
6 195
7 2
7 6
7 16
7 31
7 42
7 67
7 92
7 98
7 182
8 9
8 44
8 45
8 83
8 126
8 195
9 203
10 42
10 53
10 144
10 164
10 177
10 185
11 26
11 100
11 134
11 139
11 188
11 197
12 63
12 72
12 85
12 115
12 141
12 146
13 92
13 109
13 136
13 149
13 150
13 160
13 161
14 6
14 54
14 56
14 69
14 87
14 100
14 131
14 184
14 198
14 199
15 9
15 37
15 45
15 72
15 126
15 165
15 166
15 183
16 9
16 45
16 72
16 82
16 130
16 165
16 183
16 195
17 33
17 48
17 70
17 88
17 99
17 103
17 160
17 175
17 195
18 42
18 44
18 127
18 175
18 181
18 200
19 85
19 89
19 148
19 164
19 187
19 197
20 40
20 52
20 74
20 88
20 136
20 142
20 186
20 188
20 197
20 202
21 40
21 67
21 73
21 80
21 90
21 142
21 159
21 175
22 25
22 57
22 61
22 94
22 119
22 123
22 158
22 164
22 168
23 9
23 37
23 72
23 82
23 83
23 115
23 126
23 130
23 165
23 195
24 44
24 63
24 72
24 115
24 166
24 175
24 191
25 5
25 8
25 9
25 47
25 55
25 68
25 91
25 135
25 170
25 192
26 8
26 40
26 41
26 63
26 115
26 153
27 5
27 9
27 15
27 37
27 83
27 116
27 123
27 126
27 130
27 195
28 23
28 61
28 71
28 78
28 88
28 103
28 135
28 153
28 177
28 191
29 26
29 149
29 160
29 165
29 168
29 174
29 191
30 23
30 40
30 57
30 88
30 97
30 110
30 121
30 136
31 16
31 38
31 66
31 68
31 82
31 84
31 100
31 184
31 202
32 8
32 35
32 92
32 104
32 119
32 124
32 185
32 188
33 15
33 71
33 120
33 166
33 186
33 188
34 6
34 15
34 55
34 78
34 83
34 111
34 112
34 118
34 159
34 199
35 36
35 82
35 86
35 103
35 104
35 127
35 165
35 199
36 5
36 6
36 9
36 23
36 40
36 78
36 120
36 146
36 152
37 203
38 9
38 15
38 36
38 40
38 134
38 160
39 12
39 45
39 84
39 105
39 109
39 142
39 166
39 195
39 199
40 5
40 16
40 82
40 83
40 116
40 165
40 166
40 179
40 183
40 195
41 37
41 47
41 52
41 55
41 88
41 89
41 127
41 177
41 183
42 5
42 16
42 72
42 87
42 130
42 165
42 179
42 183
43 23
43 25
43 37
43 48
43 72
43 129
43 155
43 159
44 37
44 82
44 115
44 126
44 183
44 195
45 203
46 76
46 83
46 84
46 89
46 136
46 175
46 177
47 5
47 9
47 15
47 37
47 69
47 72
47 82
47 166
47 179
47 191
48 9
48 15
48 45
48 61
48 115
48 116
48 123
48 126
48 130
48 183
49 25
49 28
49 44
49 63
49 68
49 71
49 112
49 149
50 16
50 32
50 80
50 86
50 99
50 128
50 130
50 147
50 152
50 160
51 8
51 72
51 76
51 100
51 134
51 180
52 8
52 9
52 15
52 45
52 53
52 72
52 82
52 89
52 166
52 175
53 9
53 16
53 44
53 69
53 87
53 126
53 127
53 130
53 179
53 195
54 12
54 38
54 58
54 104
54 115
54 151
54 201
55 8
55 15
55 37
55 47
55 78
55 127
55 166
56 24
56 28
56 34
56 63
56 123
56 143
56 147
56 148
56 169
56 177
57 71
57 116
57 146
57 160
57 165
57 175
57 179
57 191
58 38
58 68
58 149
58 152
58 177
58 187
59 42
59 48
59 72
59 83
59 87
59 120
59 126
59 165
60 2
60 35
60 59
60 121
60 127
60 144
60 178
60 179
60 182
60 196
61 9
61 37
61 45
61 72
61 82
61 130
61 165
61 166
61 195
62 15
62 48
62 53
62 84
62 104
62 120
62 139
62 148
62 149
62 168
63 15
63 83
63 87
63 116
63 123
63 126
63 166
63 179
63 191
64 27
64 28
64 72
64 98
64 153
64 165
64 198
65 63
65 131
65 153
65 165
65 169
65 174
66 40
66 80
66 86
66 89
66 118
66 123
66 148
66 149
66 159
66 164
67 37
67 57
67 73
67 118
67 124
67 126
67 127
67 135
67 173
68 5
68 45
68 47
68 48
68 61
68 130
68 146
69 9
69 37
69 45
69 72
69 130
69 166
69 183
69 195
70 23
70 47
70 73
70 118
70 149
70 156
70 177
70 183
71 5
71 37
71 40
71 72
71 116
71 146
72 203
73 40
73 82
73 88
73 99
73 111
73 120
73 123
73 188
74 26
74 69
74 71
74 72
74 92
74 97
74 134
74 147
74 199
75 3
75 70
75 73
75 93
75 94
75 100
75 103
75 136
75 169
76 8
76 26
76 135
76 148
76 162
76 181
77 48
77 63
77 68
77 83
77 121
77 127
77 144
77 183
78 16
78 23
78 61
78 69
78 72
78 83
78 87
78 183
78 191
79 38
79 44
79 49
79 109
79 112
79 121
79 124
79 192
80 8
80 25
80 55
80 123
80 129
80 173
80 181
80 187
81 34
81 57
81 66
81 100
81 132
81 198
82 203
83 203
84 33
84 44
84 82
84 124
84 135
84 136
85 38
85 45
85 52
85 69
85 103
85 121
85 128
85 144
86 16
86 71
86 116
86 147
86 150
86 152
86 166
86 170
86 188
86 192
87 9
87 45
87 72
87 83
87 126
87 130
87 166
87 183
88 15
88 16
88 27
88 40
88 104
88 110
88 123
88 156
88 175
89 72
89 82
89 87
89 115
89 126
89 195
90 8
90 25
90 59
90 82
90 141
90 202
91 48
91 82
91 83
91 123
91 130
91 175
92 27
92 126
92 132
92 150
92 153
92 156
93 9
93 28
93 33
93 58
93 91
93 92
93 162
93 186
93 195
93 201
94 25
94 80
94 111
94 119
94 120
94 164
95 35
95 38
95 45
95 61
95 73
95 100
95 116
95 159
95 169
95 174
96 12
96 19
96 29
96 44
96 154
96 175
97 24
97 52
97 82
97 88
97 104
97 123
97 173
97 185
98 26
98 37
98 45
98 80
98 123
98 126
98 156
98 183
99 6
99 68
99 88
99 126
99 127
99 146
99 150
99 166
99 170
99 183
100 8
100 42
100 44
100 67
100 73
100 97
100 118
100 119
100 122
100 165
101 70
101 72
101 98
101 147
101 159
101 168
102 6
102 12
102 55
102 87
102 136
102 141
102 148
102 179
103 5
103 6
103 8
103 47
103 53
103 63
103 156
104 16
104 23
104 72
104 83
104 179
104 195
105 24
105 42
105 55
105 72
105 98
105 134
105 147
105 164
105 194
105 195
106 3
106 34
106 38
106 48
106 50
106 65
106 70
106 138
107 32
107 48
107 81
107 92
107 150
107 151
107 169
107 183
107 191
108 3
108 11
108 27
108 73
108 124
108 125
108 126
108 196
109 15
109 37
109 53
109 73
109 181
109 199
110 9
110 45
110 72
110 82
110 115
110 130
110 166
110 195
111 42
111 45
111 61
111 78
111 130
111 146
111 175
112 45
112 48
112 53
112 73
112 110
112 124
112 149
112 165
112 166
112 195
113 86
113 122
113 126
113 130
113 152
113 164
113 184
114 25
114 101
114 138
114 155
114 158
114 188
114 193
115 203
116 9
116 45
116 72
116 82
116 83
116 126
116 130
116 165
116 183
117 8
117 35
117 78
117 89
117 132
117 136
117 137
117 141
118 5
118 24
118 25
118 44
118 88
118 111
118 146
118 160
118 170
118 192
119 15
119 68
119 71
119 91
119 120
119 170
120 5
120 9
120 27
120 37
120 47
120 116
120 165
120 175
120 179
120 195
121 53
121 72
121 87
121 89
121 124
121 179
122 27
122 45
122 63
122 69
122 78
122 116
122 156
122 175
122 191
123 37
123 72
123 82
123 83
123 115
123 126
123 130
123 165
123 183
123 195
124 8
124 48
124 52
124 69
124 122
124 166
124 185
125 16
125 41
125 59
125 97
125 116
125 128
125 134
125 144
125 166
125 185
126 203
127 9
127 37
127 45
127 72
127 83
127 166
127 183
127 195
128 6
128 15
128 48
128 59
128 146
128 185
129 9
129 68
129 71
129 89
129 103
129 120
129 126
129 144
129 152
130 203
131 5
131 24
131 37
131 110
131 118
131 122
131 134
131 188
131 192
132 24
132 55
132 72
132 82
132 115
132 126
132 130
132 135
132 179
132 185
133 34
133 43
133 63
133 109
133 119
133 142
133 149
133 177
133 195
133 199
134 5
134 15
134 47
134 82
134 89
134 91
134 150
134 160
134 166
134 191
135 8
135 63
135 69
135 72
135 146
135 191
136 42
136 57
136 61
136 89
136 110
136 116
136 153
136 166
136 183
136 186
137 71
137 82
137 130
137 132
137 156
137 162
137 174
138 48
138 79
138 90
138 116
138 132
138 179
138 201
139 9
139 38
139 59
139 72
139 73
139 136
139 137
139 149
139 159
139 168
140 2
140 5
140 11
140 28
140 122
140 125
140 134
140 151
140 168
141 8
141 36
141 38
141 52
141 69
141 122
141 127
141 159
141 175
142 32
142 97
142 98
142 101
142 116
142 124
142 126
142 160
142 169
142 198
143 6
143 24
143 52
143 57
143 111
143 127
143 132
143 144
143 183
144 40
144 55
144 83
144 87
144 110
144 130
144 170
144 195
145 10
145 13
145 27
145 84
145 97
145 104
145 136
145 194
145 198
146 9
146 23
146 37
146 69
146 72
146 83
146 123
147 9
147 83
147 122
147 146
147 179
147 183
148 9
148 59
148 61
148 120
148 134
148 177
148 187
149 23
149 36
149 53
149 116
149 146
149 166
150 45
150 47
150 78
150 83
150 116
150 130
150 170
150 195
151 8
151 27
151 30
151 73
151 183
151 187
152 37
152 45
152 47
152 61
152 72
152 78
152 83
152 191
153 9
153 123
153 152
153 160
153 179
153 195
154 3
154 32
154 36
154 80
154 119
154 130
154 164
154 184
154 187
155 27
155 61
155 63
155 71
155 87
155 103
155 127
156 9
156 44
156 69
156 82
156 110
156 115
156 127
156 179
156 183
157 13
157 18
157 36
157 65
157 141
157 143
157 168
157 187
157 201
158 25
158 45
158 101
158 116
158 139
158 147
158 177
159 122
159 146
159 150
159 152
159 170
159 188
159 191
160 15
160 45
160 61
160 83
160 87
160 110
160 115
160 123
160 195
161 6
161 48
161 59
161 89
161 97
161 130
161 177
161 186
162 25
162 41
162 57
162 59
162 118
162 153
162 164
163 9
163 65
163 70
163 93
163 121
163 151
163 160
164 9
164 37
164 63
164 72
164 78
164 110
164 115
164 175
164 183
165 203
166 203
167 28
167 70
167 73
167 76
167 82
167 97
167 201
168 27
168 40
168 68
168 70
168 129
168 185
168 188
169 23
169 53
169 57
169 71
169 86
169 115
169 127
169 132
169 170
169 185
170 5
170 16
170 23
170 37
170 44
170 69
170 110
170 127
170 165
170 179
171 10
171 11
171 47
171 78
171 95
171 131
171 146
171 170
171 198
171 202
172 2
172 44
172 57
172 60
172 76
172 115
172 177
172 181
172 198
173 16
173 42
173 44
173 45
173 55
173 72
173 104
173 127
173 165
173 179
174 15
174 119
174 146
174 177
174 187
174 192
175 23
175 69
175 72
175 82
175 110
175 183
175 191
176 2
176 25
176 67
176 97
176 101
176 112
176 127
176 161
176 170
176 201
177 24
177 55
177 91
177 116
177 126
177 146
177 156
177 185
178 34
178 59
178 118
178 119
178 128
178 173
179 45
179 83
179 126
179 165
179 166
179 183
179 195
180 8
180 30
180 36
180 37
180 52
180 61
180 65
180 94
180 95
181 23
181 27
181 71
181 150
181 160
181 179
182 71
182 78
182 84
182 87
182 111
182 122
182 128
182 139
182 164
182 177
183 203
184 9
184 35
184 128
184 152
184 159
184 166
185 9
185 16
185 47
185 82
185 83
185 87
185 127
185 170
185 179
186 16
186 47
186 78
186 110
186 130
186 195
187 24
187 25
187 37
187 42
187 99
187 120
187 122
187 144
187 177
188 42
188 55
188 71
188 175
188 183
188 195
189 41
189 50
189 56
189 59
189 98
189 110
189 122
189 161
190 51
190 57
190 82
190 103
190 133
190 159
190 179
190 192
191 9
191 72
191 82
191 126
191 130
191 165
191 166
191 183
191 195
192 8
192 15
192 37
192 42
192 47
192 69
192 82
192 110
192 166
192 195
193 15
193 25
193 52
193 61
193 76
193 104
193 170
193 199
193 201
194 16
194 37
194 72
194 88
194 112
194 162
194 184
194 186
195 203
196 10
196 16
196 38
196 109
196 129
196 200
197 3
197 32
197 71
197 120
197 127
197 165
197 183
197 202
198 53
198 71
198 103
198 122
198 136
198 177
198 188
199 23
199 45
199 68
199 88
199 89
199 91
199 110
199 186
200 52
200 92
200 104
200 120
200 127
200 131
200 156
200 186
200 188
201 86
201 92
201 104
201 109
201 146
201 187
201 199
202 44
202 70
202 86
202 112
202 135
202 187
