# Tier 6 (Large) - Instance 61
# Generated with config: N=240, K=3, topology=grid, calendar=random

# HEADER: <num_tasks> <num_types> <num_units>
242 3 24

# RESOURCE TYPES
# Format: <type_id> <num_units> <unit_id1> <unit_id2> ...
0 8 0 1 2 3 4 5 6 7
1 8 8 9 10 11 12 13 14 15
2 8 16 17 18 19 20 21 22 23

# RESOURCE UNITS (Calendars)
# Format: <unit_id> <num_steps> <t1> <v1> <t2> <v2> ...
0 24 0 0 3 100 104 0 106 100 230 0 239 100 409 0 411 100 464 0 468 100 613 0 620 100 806 0 814 100 964 0 977 100 1070 0 1078 100 1165 0 1178 100 1303 0 1310 100 1375 0 2495 0
1 24 0 0 15 100 189 0 197 100 297 0 311 100 429 0 444 100 478 0 488 100 541 0 552 100 746 0 754 100 814 0 826 100 1011 0 1018 100 1071 0 1083 100 1231 0 1244 100 1291 0 2495 0
2 24 0 0 15 100 116 0 129 100 163 0 178 100 309 0 316 100 483 0 486 100 631 0 636 100 754 0 756 100 880 0 883 100 1027 0 1039 100 1234 0 1245 100 1419 0 1422 100 1485 0 2495 0
3 24 0 0 9 100 121 0 130 100 317 0 327 100 505 0 518 100 609 0 622 100 707 0 711 100 822 0 832 100 1013 0 1026 100 1193 0 1198 100 1300 0 1306 100 1450 0 1461 100 1525 0 2495 0
4 24 0 100 191 0 204 100 241 0 253 100 398 0 410 100 578 0 583 100 664 0 674 100 710 0 720 100 903 0 915 100 999 0 1006 100 1054 0 1068 100 1216 0 1231 100 1398 0 1409 100 2495 0
5 24 0 0 16 100 114 0 121 100 184 0 191 100 290 0 297 100 389 0 405 100 579 0 589 100 642 0 651 100 782 0 788 100 897 0 903 100 1015 0 1025 100 1206 0 1212 100 1393 0 2495 0
6 24 0 100 41 0 51 100 129 0 136 100 282 0 286 100 434 0 449 100 496 0 501 100 617 0 619 100 694 0 699 100 766 0 779 100 923 0 938 100 1014 0 1029 100 1118 0 1124 100 2495 0
7 24 0 100 102 0 113 100 239 0 255 100 309 0 321 100 390 0 403 100 458 0 471 100 632 0 639 100 810 0 825 100 979 0 985 100 1154 0 1159 100 1244 0 1257 100 1387 0 1391 100 2495 0
8 24 0 0 16 100 75 0 80 100 274 0 281 100 387 0 389 100 516 0 519 100 651 0 654 100 729 0 744 100 870 0 885 100 1051 0 1065 100 1214 0 1220 100 1296 0 1301 100 1426 0 2495 0
9 24 0 0 3 100 149 0 164 100 239 0 244 100 306 0 310 100 362 0 371 100 489 0 496 100 661 0 672 100 783 0 797 100 930 0 937 100 1112 0 1126 100 1260 0 1274 100 1412 0 2495 0
10 24 0 0 8 100 116 0 130 100 289 0 300 100 434 0 444 100 554 0 557 100 633 0 644 100 823 0 825 100 904 0 914 100 955 0 970 100 1123 0 1129 100 1283 0 1295 100 1408 0 2495 0
11 24 0 100 50 0 64 100 202 0 217 100 260 0 275 100 462 0 469 100 623 0 631 100 787 0 800 100 908 0 915 100 947 0 955 100 1060 0 1068 100 1116 0 1119 100 1240 0 1249 100 2495 0
12 24 0 0 16 100 180 0 195 100 319 0 321 100 464 0 472 100 505 0 511 100 640 0 645 100 735 0 737 100 912 0 915 100 980 0 987 100 1113 0 1123 100 1180 0 1192 100 1379 0 2495 0
13 24 0 100 49 0 55 100 92 0 103 100 241 0 248 100 311 0 313 100 478 0 487 100 638 0 650 100 785 0 792 100 971 0 978 100 1131 0 1138 100 1312 0 1317 100 1436 0 1445 100 2495 0
14 24 0 0 14 100 185 0 187 100 334 0 342 100 406 0 408 100 522 0 532 100 657 0 668 100 829 0 844 100 1006 0 1014 100 1130 0 1139 100 1222 0 1228 100 1329 0 1344 100 1525 0 2495 0
15 24 0 100 74 0 88 100 205 0 213 100 341 0 349 100 389 0 394 100 491 0 505 100 587 0 590 100 657 0 670 100 742 0 755 100 938 0 946 100 993 0 996 100 1087 0 1094 100 2495 0
16 24 0 100 67 0 69 100 158 0 167 100 320 0 333 100 492 0 502 100 670 0 679 100 789 0 798 100 864 0 875 100 1006 0 1019 100 1067 0 1070 100 1114 0 1126 100 1233 0 1239 100 2495 0
17 24 0 0 14 100 64 0 66 100 227 0 235 100 344 0 349 100 455 0 470 100 505 0 512 100 549 0 553 100 638 0 643 100 698 0 700 100 868 0 872 100 995 0 999 100 1184 0 2495 0
18 24 0 100 171 0 174 100 277 0 289 100 322 0 331 100 437 0 439 100 546 0 562 100 748 0 760 100 872 0 875 100 1002 0 1009 100 1152 0 1156 100 1301 0 1305 100 1443 0 1450 100 2495 0
19 24 0 0 11 100 58 0 73 100 226 0 234 100 270 0 277 100 382 0 387 100 487 0 496 100 613 0 622 100 791 0 795 100 926 0 938 100 985 0 993 100 1113 0 1121 100 1266 0 2495 0
20 24 0 0 11 100 192 0 207 100 393 0 405 100 583 0 599 100 675 0 688 100 857 0 868 100 1033 0 1041 100 1086 0 1097 100 1290 0 1304 100 1360 0 1376 100 1566 0 1574 100 1677 0 2495 0
21 24 0 100 72 0 80 100 215 0 231 100 363 0 377 100 540 0 554 100 620 0 625 100 784 0 792 100 884 0 891 100 931 0 938 100 1066 0 1078 100 1207 0 1223 100 1305 0 1315 100 2495 0
22 24 0 100 102 0 109 100 254 0 261 100 453 0 456 100 513 0 522 100 706 0 712 100 748 0 750 100 859 0 868 100 1035 0 1051 100 1187 0 1200 100 1337 0 1351 100 1437 0 1451 100 2495 0
23 24 0 0 4 100 190 0 202 100 255 0 265 100 385 0 387 100 525 0 541 100 595 0 599 100 651 0 660 100 849 0 863 100 907 0 911 100 1059 0 1067 100 1145 0 1158 100 1276 0 2495 0

# TASKS
# Format: <task_id> <size> <num_reqs>
# Then for each requirement: <type_id> <qty>
0 0 3
 0 0
 1 0
 2 0
1 9 3
 0 0
 1 2
 2 1
2 4 3
 0 3
 1 0
 2 0
3 6 3
 0 2
 1 1
 2 1
4 4 3
 0 0
 1 2
 2 2
5 6 3
 0 1
 1 2
 2 0
6 3 3
 0 3
 1 1
 2 2
7 5 3
 0 0
 1 3
 2 0
8 6 3
 0 3
 1 0
 2 3
9 13 3
 0 3
 1 3
 2 3
10 16 3
 0 0
 1 0
 2 1
11 1 3
 0 0
 1 2
 2 2
12 1 3
 0 0
 1 1
 2 0
13 4 3
 0 0
 1 0
 2 1
14 10 3
 0 0
 1 0
 2 3
15 6 3
 0 0
 1 0
 2 2
16 8 3
 0 1
 1 0
 2 2
17 2 3
 0 1
 1 3
 2 3
18 19 3
 0 2
 1 3
 2 0
19 16 3
 0 3
 1 0
 2 3
20 6 3
 0 2
 1 2
 2 0
21 3 3
 0 2
 1 0
 2 1
22 13 3
 0 1
 1 0
 2 3
23 9 3
 0 1
 1 3
 2 3
24 4 3
 0 0
 1 1
 2 0
25 18 3
 0 1
 1 0
 2 2
26 2 3
 0 3
 1 0
 2 2
27 12 3
 0 0
 1 0
 2 3
28 9 3
 0 0
 1 1
 2 0
29 19 3
 0 1
 1 3
 2 2
30 12 3
 0 3
 1 1
 2 1
31 1 3
 0 0
 1 2
 2 0
32 8 3
 0 2
 1 0
 2 1
33 8 3
 0 3
 1 0
 2 0
34 12 3
 0 2
 1 0
 2 2
35 5 3
 0 2
 1 1
 2 3
36 1 3
 0 0
 1 2
 2 0
37 4 3
 0 3
 1 3
 2 2
38 7 3
 0 0
 1 2
 2 1
39 1 3
 0 1
 1 3
 2 3
40 9 3
 0 0
 1 3
 2 0
41 18 3
 0 2
 1 3
 2 1
42 12 3
 0 3
 1 1
 2 3
43 20 3
 0 1
 1 1
 2 2
44 19 3
 0 3
 1 0
 2 0
45 13 3
 0 0
 1 3
 2 2
46 6 3
 0 1
 1 1
 2 0
47 17 3
 0 3
 1 2
 2 0
48 12 3
 0 3
 1 0
 2 0
49 14 3
 0 2
 1 1
 2 1
50 20 3
 0 3
 1 3
 2 2
51 17 3
 0 1
 1 0
 2 0
52 11 3
 0 2
 1 0
 2 2
53 14 3
 0 0
 1 1
 2 0
54 1 3
 0 0
 1 1
 2 0
55 18 3
 0 0
 1 0
 2 2
56 7 3
 0 0
 1 1
 2 1
57 1 3
 0 0
 1 3
 2 0
58 1 3
 0 3
 1 0
 2 1
59 16 3
 0 2
 1 0
 2 0
60 9 3
 0 3
 1 2
 2 0
61 17 3
 0 0
 1 0
 2 2
62 12 3
 0 1
 1 1
 2 3
63 2 3
 0 3
 1 0
 2 2
64 7 3
 0 0
 1 3
 2 3
65 15 3
 0 3
 1 0
 2 3
66 2 3
 0 0
 1 0
 2 3
67 12 3
 0 0
 1 0
 2 3
68 13 3
 0 3
 1 2
 2 1
69 14 3
 0 3
 1 0
 2 3
70 14 3
 0 1
 1 1
 2 1
71 6 3
 0 3
 1 0
 2 0
72 10 3
 0 0
 1 1
 2 0
73 18 3
 0 0
 1 3
 2 1
74 7 3
 0 1
 1 2
 2 0
75 3 3
 0 2
 1 1
 2 0
76 3 3
 0 3
 1 2
 2 1
77 16 3
 0 2
 1 3
 2 0
78 15 3
 0 3
 1 0
 2 0
79 5 3
 0 1
 1 1
 2 0
80 16 3
 0 0
 1 3
 2 0
81 13 3
 0 2
 1 3
 2 3
82 10 3
 0 2
 1 1
 2 1
83 3 3
 0 0
 1 0
 2 3
84 17 3
 0 1
 1 2
 2 1
85 9 3
 0 0
 1 1
 2 3
86 6 3
 0 0
 1 0
 2 1
87 20 3
 0 0
 1 3
 2 1
88 6 3
 0 1
 1 1
 2 2
89 11 3
 0 2
 1 0
 2 0
90 17 3
 0 2
 1 1
 2 2
91 20 3
 0 3
 1 2
 2 2
92 20 3
 0 3
 1 0
 2 0
93 2 3
 0 3
 1 0
 2 0
94 13 3
 0 0
 1 1
 2 3
95 20 3
 0 0
 1 2
 2 3
96 17 3
 0 0
 1 1
 2 0
97 3 3
 0 1
 1 3
 2 0
98 18 3
 0 1
 1 3
 2 0
99 15 3
 0 2
 1 1
 2 3
100 10 3
 0 2
 1 2
 2 1
101 11 3
 0 0
 1 3
 2 3
102 7 3
 0 0
 1 3
 2 1
103 4 3
 0 3
 1 3
 2 2
104 10 3
 0 0
 1 2
 2 2
105 11 3
 0 3
 1 1
 2 1
106 6 3
 0 1
 1 0
 2 0
107 15 3
 0 3
 1 0
 2 1
108 13 3
 0 1
 1 0
 2 0
109 1 3
 0 0
 1 0
 2 3
110 12 3
 0 2
 1 0
 2 0
111 7 3
 0 3
 1 0
 2 2
112 9 3
 0 1
 1 0
 2 0
113 19 3
 0 2
 1 2
 2 2
114 19 3
 0 1
 1 0
 2 2
115 10 3
 0 2
 1 2
 2 2
116 13 3
 0 0
 1 0
 2 3
117 14 3
 0 0
 1 2
 2 1
118 19 3
 0 0
 1 3
 2 1
119 13 3
 0 2
 1 0
 2 0
120 9 3
 0 1
 1 0
 2 3
121 3 3
 0 0
 1 1
 2 0
122 15 3
 0 1
 1 1
 2 1
123 10 3
 0 0
 1 1
 2 3
124 9 3
 0 1
 1 1
 2 1
125 19 3
 0 1
 1 0
 2 0
126 13 3
 0 2
 1 3
 2 0
127 15 3
 0 0
 1 0
 2 1
128 19 3
 0 2
 1 0
 2 3
129 15 3
 0 0
 1 3
 2 0
130 3 3
 0 0
 1 3
 2 3
131 17 3
 0 0
 1 3
 2 0
132 20 3
 0 0
 1 1
 2 1
133 11 3
 0 1
 1 2
 2 3
134 3 3
 0 0
 1 0
 2 1
135 19 3
 0 0
 1 2
 2 3
136 7 3
 0 1
 1 1
 2 3
137 4 3
 0 3
 1 1
 2 0
138 17 3
 0 2
 1 0
 2 1
139 11 3
 0 2
 1 0
 2 0
140 4 3
 0 3
 1 3
 2 0
141 5 3
 0 0
 1 2
 2 0
142 5 3
 0 3
 1 0
 2 0
143 11 3
 0 3
 1 3
 2 0
144 12 3
 0 0
 1 0
 2 3
145 17 3
 0 0
 1 3
 2 2
146 16 3
 0 0
 1 0
 2 3
147 15 3
 0 3
 1 0
 2 3
148 9 3
 0 3
 1 0
 2 0
149 13 3
 0 1
 1 1
 2 0
150 4 3
 0 1
 1 2
 2 0
151 10 3
 0 1
 1 3
 2 1
152 20 3
 0 1
 1 1
 2 0
153 19 3
 0 3
 1 2
 2 2
154 14 3
 0 0
 1 3
 2 3
155 9 3
 0 2
 1 2
 2 1
156 2 3
 0 3
 1 2
 2 2
157 9 3
 0 0
 1 1
 2 0
158 20 3
 0 1
 1 0
 2 3
159 16 3
 0 3
 1 3
 2 0
160 11 3
 0 2
 1 3
 2 3
161 4 3
 0 0
 1 2
 2 0
162 17 3
 0 0
 1 0
 2 2
163 10 3
 0 0
 1 3
 2 3
164 11 3
 0 0
 1 3
 2 3
165 2 3
 0 0
 1 3
 2 3
166 6 3
 0 2
 1 3
 2 1
167 11 3
 0 2
 1 3
 2 1
168 13 3
 0 0
 1 3
 2 3
169 4 3
 0 0
 1 2
 2 0
170 12 3
 0 2
 1 2
 2 0
171 17 3
 0 1
 1 0
 2 0
172 9 3
 0 3
 1 1
 2 2
173 15 3
 0 3
 1 1
 2 0
174 15 3
 0 3
 1 0
 2 0
175 15 3
 0 1
 1 1
 2 0
176 6 3
 0 0
 1 0
 2 3
177 15 3
 0 0
 1 0
 2 3
178 16 3
 0 0
 1 0
 2 1
179 19 3
 0 1
 1 3
 2 1
180 12 3
 0 2
 1 1
 2 3
181 14 3
 0 3
 1 0
 2 0
182 3 3
 0 0
 1 0
 2 1
183 16 3
 0 0
 1 3
 2 2
184 4 3
 0 1
 1 2
 2 0
185 16 3
 0 0
 1 0
 2 1
186 14 3
 0 0
 1 3
 2 0
187 6 3
 0 0
 1 1
 2 3
188 19 3
 0 0
 1 1
 2 1
189 5 3
 0 3
 1 0
 2 0
190 3 3
 0 1
 1 0
 2 0
191 13 3
 0 0
 1 1
 2 2
192 4 3
 0 3
 1 3
 2 1
193 7 3
 0 3
 1 0
 2 3
194 13 3
 0 2
 1 0
 2 2
195 17 3
 0 0
 1 1
 2 0
196 7 3
 0 0
 1 3
 2 0
197 4 3
 0 2
 1 0
 2 1
198 12 3
 0 1
 1 0
 2 0
199 11 3
 0 3
 1 3
 2 1
200 7 3
 0 2
 1 0
 2 1
201 18 3
 0 0
 1 1
 2 0
202 3 3
 0 1
 1 2
 2 3
203 2 3
 0 0
 1 3
 2 1
204 12 3
 0 0
 1 0
 2 2
205 13 3
 0 3
 1 0
 2 0
206 14 3
 0 0
 1 3
 2 0
207 3 3
 0 0
 1 2
 2 0
208 17 3
 0 0
 1 1
 2 1
209 3 3
 0 0
 1 0
 2 2
210 20 3
 0 0
 1 3
 2 3
211 19 3
 0 3
 1 1
 2 3
212 7 3
 0 0
 1 1
 2 2
213 6 3
 0 0
 1 2
 2 1
214 17 3
 0 3
 1 1
 2 2
215 8 3
 0 3
 1 0
 2 1
216 12 3
 0 3
 1 1
 2 0
217 14 3
 0 0
 1 2
 2 3
218 9 3
 0 0
 1 0
 2 1
219 15 3
 0 1
 1 1
 2 0
220 15 3
 0 1
 1 0
 2 0
221 4 3
 0 0
 1 3
 2 0
222 17 3
 0 1
 1 0
 2 2
223 2 3
 0 2
 1 0
 2 1
224 8 3
 0 0
 1 3
 2 0
225 12 3
 0 1
 1 0
 2 1
226 1 3
 0 2
 1 1
 2 0
227 18 3
 0 1
 1 0
 2 0
228 9 3
 0 0
 1 2
 2 0
229 11 3
 0 3
 1 1
 2 1
230 14 3
 0 0
 1 2
 2 1
231 1 3
 0 0
 1 3
 2 2
232 14 3
 0 0
 1 0
 2 2
233 11 3
 0 3
 1 0
 2 3
234 1 3
 0 0
 1 1
 2 2
235 5 3
 0 3
 1 2
 2 0
236 19 3
 0 0
 1 1
 2 0
237 18 3
 0 0
 1 2
 2 0
238 15 3
 0 0
 1 3
 2 1
239 15 3
 0 0
 1 2
 2 2
240 2 3
 0 0
 1 1
 2 0
241 0 3
 0 0
 1 0
 2 0

# PRECEDENCES
545
0 1
0 22
0 43
0 64
0 85
0 106
0 127
0 148
0 169
0 190
0 211
0 232
1 2
1 22
2 3
2 23
3 4
3 24
4 5
4 25
5 6
5 26
5 27
6 7
6 27
6 28
7 8
7 28
8 9
8 29
9 10
9 30
10 11
10 31
11 12
11 32
11 33
12 13
12 33
13 14
13 34
13 35
14 15
14 35
15 16
15 36
16 17
16 37
17 18
17 38
18 19
18 39
18 40
19 20
19 40
20 21
20 41
21 42
21 241
22 23
22 43
23 24
23 44
23 45
24 25
24 45
24 46
25 26
25 46
25 47
26 27
26 47
26 48
27 28
27 48
28 29
28 49
29 30
29 50
30 31
30 51
31 32
31 52
32 33
32 53
33 34
33 54
33 55
34 35
34 55
35 36
35 56
35 57
36 37
36 57
37 38
37 58
38 39
38 59
39 40
39 60
40 41
40 61
41 42
41 62
42 63
42 241
43 44
43 64
43 65
44 45
44 65
45 46
45 66
46 47
46 67
46 68
47 48
47 68
48 49
48 69
49 50
49 70
50 51
50 71
51 52
51 72
52 53
52 73
52 74
53 54
53 74
54 55
54 75
55 56
55 76
55 77
56 57
56 77
56 78
57 58
57 78
58 59
58 79
59 60
59 80
60 61
60 81
60 82
61 62
61 82
62 63
62 83
63 84
63 241
64 65
64 85
64 86
65 66
65 86
65 87
66 67
66 87
67 68
67 88
67 89
68 69
68 89
69 70
69 90
70 71
70 91
71 72
71 92
72 73
72 93
73 74
73 94
74 75
74 95
75 76
75 96
76 77
76 97
77 78
77 98
78 79
78 99
79 80
79 100
80 81
80 101
80 102
81 82
81 102
82 83
82 103
83 84
83 104
83 105
84 105
84 241
85 86
85 106
85 107
86 87
86 107
87 88
87 108
88 89
88 109
89 90
89 110
89 111
90 91
90 111
91 92
91 112
91 113
92 93
92 113
93 94
93 114
94 95
94 115
95 96
95 116
95 117
96 97
96 117
97 98
97 118
97 119
98 99
98 119
98 120
99 100
99 120
100 101
100 121
100 122
101 102
101 122
101 123
102 103
102 123
103 104
103 124
104 105
104 125
105 126
105 241
106 107
106 127
106 128
107 108
107 128
108 109
108 129
108 130
109 110
109 130
109 131
110 111
110 131
111 112
111 132
112 113
112 133
113 114
113 134
114 115
114 135
114 136
115 116
115 136
116 117
116 137
117 118
117 138
117 139
118 119
118 139
119 120
119 140
120 121
120 141
120 142
121 122
121 142
121 143
122 123
122 143
122 144
123 124
123 144
123 145
124 125
124 145
125 126
125 146
126 147
126 241
127 128
127 148
128 129
128 149
128 150
129 130
129 150
130 131
130 151
131 132
131 152
131 153
132 133
132 153
133 134
133 154
133 155
134 135
134 155
135 136
135 156
135 157
136 137
136 157
137 138
137 158
137 159
138 139
138 159
139 140
139 160
139 161
140 141
140 161
140 162
141 142
141 162
142 143
142 163
143 144
143 164
144 145
144 165
144 166
145 146
145 166
145 167
146 147
146 167
146 168
147 168
147 241
148 149
148 169
148 170
149 150
149 170
150 151
150 171
151 152
151 172
152 153
152 173
153 154
153 174
154 155
154 175
155 156
155 176
156 157
156 177
157 158
157 178
158 159
158 179
159 160
159 180
160 161
160 181
161 162
161 182
161 183
162 163
162 183
163 164
163 184
164 165
164 185
165 166
165 186
165 187
166 167
166 187
167 168
167 188
167 189
168 189
168 241
169 170
169 190
169 191
170 171
170 191
171 172
171 192
172 173
172 193
173 174
173 194
174 175
174 195
175 176
175 196
176 177
176 197
177 178
177 198
178 179
178 199
179 180
179 200
180 181
180 201
181 182
181 202
182 183
182 203
183 184
183 204
183 205
184 185
184 205
185 186
185 206
186 187
186 207
186 208
187 188
187 208
187 209
188 189
188 209
189 210
189 241
190 191
190 211
191 192
191 212
192 193
192 213
193 194
193 214
193 215
194 195
194 215
194 216
195 196
195 216
196 197
196 217
197 198
197 218
197 219
198 199
198 219
198 220
199 200
199 220
200 201
200 221
201 202
201 222
201 223
202 203
202 223
202 224
203 204
203 224
204 205
204 225
204 226
205 206
205 226
205 227
206 207
206 227
207 208
207 228
208 209
208 229
209 210
209 230
209 231
210 231
210 241
211 212
211 232
212 213
212 233
213 214
213 234
214 215
214 235
215 216
215 236
216 217
216 237
217 218
217 238
218 219
218 239
219 220
219 240
220 221
221 222
222 223
223 224
224 225
225 226
226 227
227 228
228 229
229 230
230 231
231 241
232 233
232 241
233 234
233 241
234 235
234 241
235 236
235 241
236 237
236 241
237 238
237 241
238 239
238 241
239 240
239 241
240 241
