# Tier 6 (Large) - Instance 34
# Generated with config: N=144, K=5, topology=random_dag, calendar=staggered

# HEADER: <num_tasks> <num_types> <num_units>
146 5 42

# RESOURCE TYPES
# Format: <type_id> <num_units> <unit_id1> <unit_id2> ...
0 10 0 1 2 3 4 5 6 7 8 9
1 10 10 11 12 13 14 15 16 17 18 19
2 6 20 21 22 23 24 25
3 7 26 27 28 29 30 31 32
4 9 33 34 35 36 37 38 39 40 41

# RESOURCE UNITS (Calendars)
# Format: <unit_id> <num_steps> <t1> <v1> <t2> <v2> ...
0 24 0 100 59 0 69 100 118 0 131 100 177 0 190 100 236 0 246 100 295 0 305 100 354 0 368 100 413 0 427 100 472 0 486 100 531 0 543 100 590 0 605 100 649 0 659 100 716 0
1 24 0 100 75 0 84 100 134 0 146 100 193 0 208 100 252 0 263 100 311 0 324 100 370 0 381 100 429 0 440 100 488 0 500 100 547 0 556 100 606 0 618 100 665 0 677 100 716 0
2 24 0 100 91 0 104 100 150 0 164 100 209 0 224 100 268 0 276 100 327 0 339 100 386 0 396 100 445 0 459 100 504 0 515 100 563 0 578 100 622 0 634 100 681 0 693 100 716 0
3 24 0 100 107 0 116 100 166 0 177 100 225 0 236 100 284 0 299 100 343 0 358 100 402 0 413 100 461 0 476 100 520 0 535 100 579 0 593 100 638 0 648 100 697 0 709 100 716 0
4 22 0 100 123 0 132 100 182 0 193 100 241 0 254 100 300 0 311 100 359 0 372 100 418 0 432 100 477 0 488 100 536 0 545 100 595 0 610 100 654 0 666 100 716 0
5 24 0 100 13 0 27 100 139 0 148 100 198 0 206 100 257 0 266 100 316 0 331 100 375 0 384 100 434 0 443 100 493 0 503 100 552 0 566 100 611 0 619 100 670 0 684 100 716 0
6 24 0 100 29 0 43 100 155 0 169 100 214 0 227 100 273 0 281 100 332 0 343 100 391 0 406 100 450 0 459 100 509 0 524 100 568 0 582 100 627 0 638 100 686 0 696 100 716 0
7 24 0 100 45 0 58 100 171 0 179 100 230 0 240 100 289 0 298 100 348 0 358 100 407 0 419 100 466 0 477 100 525 0 534 100 584 0 592 100 643 0 651 100 702 0 711 100 716 0
8 24 0 100 2 0 13 100 61 0 75 100 187 0 202 100 246 0 257 100 305 0 318 100 364 0 378 100 423 0 431 100 482 0 490 100 541 0 554 100 600 0 610 100 659 0 668 100 716 0
9 24 0 100 18 0 32 100 77 0 90 100 203 0 211 100 262 0 271 100 321 0 332 100 380 0 389 100 439 0 448 100 498 0 511 100 557 0 566 100 616 0 624 100 675 0 685 100 716 0
10 24 0 100 34 0 45 100 93 0 104 100 219 0 234 100 278 0 287 100 337 0 348 100 396 0 404 100 455 0 467 100 514 0 524 100 573 0 583 100 632 0 643 100 691 0 705 100 716 0
11 22 0 100 50 0 61 100 109 0 124 100 235 0 247 100 294 0 305 100 353 0 363 100 412 0 427 100 471 0 483 100 530 0 540 100 589 0 601 100 648 0 660 100 716 0
12 24 0 100 7 0 18 100 66 0 79 100 125 0 134 100 251 0 265 100 310 0 320 100 369 0 381 100 428 0 441 100 487 0 495 100 546 0 559 100 605 0 613 100 664 0 675 100 716 0
13 24 0 100 23 0 34 100 82 0 90 100 141 0 152 100 267 0 276 100 326 0 334 100 385 0 397 100 444 0 453 100 503 0 517 100 562 0 572 100 621 0 629 100 680 0 693 100 716 0
14 24 0 100 39 0 53 100 98 0 113 100 157 0 169 100 283 0 292 100 342 0 353 100 401 0 410 100 460 0 471 100 519 0 531 100 578 0 590 100 637 0 645 100 696 0 708 100 716 0
15 22 0 100 55 0 66 100 114 0 122 100 173 0 188 100 299 0 307 100 358 0 369 100 417 0 431 100 476 0 491 100 535 0 548 100 594 0 603 100 653 0 664 100 716 0
16 24 0 100 12 0 21 100 71 0 85 100 130 0 138 100 189 0 199 100 315 0 328 100 374 0 386 100 433 0 448 100 492 0 507 100 551 0 564 100 610 0 624 100 669 0 684 100 716 0
17 24 0 100 28 0 41 100 87 0 95 100 146 0 158 100 205 0 214 100 331 0 345 100 390 0 404 100 449 0 459 100 508 0 523 100 567 0 582 100 626 0 641 100 685 0 696 100 716 0
18 24 0 100 44 0 52 100 103 0 114 100 162 0 172 100 221 0 229 100 347 0 359 100 406 0 417 100 465 0 479 100 524 0 535 100 583 0 597 100 642 0 657 100 701 0 712 100 716 0
19 24 0 100 1 0 16 100 60 0 70 100 119 0 132 100 178 0 191 100 237 0 249 100 363 0 373 100 422 0 435 100 481 0 494 100 540 0 555 100 599 0 610 100 658 0 669 100 716 0
20 24 0 100 17 0 26 100 76 0 85 100 135 0 145 100 194 0 208 100 253 0 264 100 379 0 393 100 438 0 446 100 497 0 511 100 556 0 570 100 615 0 626 100 674 0 683 100 716 0
21 24 0 100 33 0 45 100 92 0 101 100 151 0 162 100 210 0 218 100 269 0 280 100 395 0 408 100 454 0 462 100 513 0 521 100 572 0 584 100 631 0 639 100 690 0 703 100 716 0
22 22 0 100 49 0 57 100 108 0 121 100 167 0 182 100 226 0 235 100 285 0 296 100 411 0 421 100 470 0 479 100 529 0 543 100 588 0 597 100 647 0 660 100 716 0
23 24 0 100 6 0 15 100 65 0 75 100 124 0 138 100 183 0 195 100 242 0 252 100 301 0 310 100 427 0 441 100 486 0 494 100 545 0 558 100 604 0 616 100 663 0 671 100 716 0
24 24 0 100 22 0 32 100 81 0 96 100 140 0 154 100 199 0 207 100 258 0 266 100 317 0 328 100 443 0 457 100 502 0 517 100 561 0 576 100 620 0 634 100 679 0 694 100 716 0
25 24 0 100 38 0 47 100 97 0 112 100 156 0 164 100 215 0 226 100 274 0 282 100 333 0 343 100 459 0 470 100 518 0 533 100 577 0 585 100 636 0 645 100 695 0 705 100 716 0
26 22 0 100 54 0 67 100 113 0 128 100 172 0 183 100 231 0 243 100 290 0 305 100 349 0 364 100 475 0 489 100 534 0 548 100 593 0 606 100 652 0 664 100 716 0
27 24 0 100 11 0 24 100 70 0 82 100 129 0 141 100 188 0 196 100 247 0 260 100 306 0 315 100 365 0 376 100 491 0 502 100 550 0 564 100 609 0 617 100 668 0 678 100 716 0
28 24 0 100 27 0 40 100 86 0 95 100 145 0 160 100 204 0 213 100 263 0 271 100 322 0 332 100 381 0 389 100 507 0 515 100 566 0 579 100 625 0 633 100 684 0 698 100 716 0
29 24 0 100 43 0 53 100 102 0 112 100 161 0 169 100 220 0 233 100 279 0 294 100 338 0 347 100 397 0 408 100 523 0 534 100 582 0 591 100 641 0 653 100 700 0 714 100 716 0
30 23 0 0 14 100 59 0 67 100 118 0 126 100 177 0 186 100 236 0 246 100 295 0 305 100 354 0 365 100 413 0 427 100 539 0 548 100 598 0 612 100 657 0 672 100 716 0
31 24 0 100 16 0 26 100 75 0 84 100 134 0 142 100 193 0 205 100 252 0 263 100 311 0 326 100 370 0 379 100 429 0 444 100 555 0 566 100 614 0 625 100 673 0 684 100 716 0
32 24 0 100 32 0 47 100 91 0 101 100 150 0 161 100 209 0 224 100 268 0 282 100 327 0 340 100 386 0 396 100 445 0 456 100 571 0 580 100 630 0 645 100 689 0 700 100 716 0
33 22 0 100 48 0 56 100 107 0 122 100 166 0 175 100 225 0 237 100 284 0 295 100 343 0 352 100 402 0 411 100 461 0 475 100 587 0 597 100 646 0 659 100 716 0
34 24 0 100 5 0 18 100 64 0 77 100 123 0 134 100 182 0 193 100 241 0 251 100 300 0 308 100 359 0 373 100 418 0 430 100 477 0 485 100 603 0 614 100 662 0 676 100 716 0
35 24 0 100 21 0 36 100 80 0 92 100 139 0 147 100 198 0 209 100 257 0 270 100 316 0 324 100 375 0 385 100 434 0 445 100 493 0 506 100 619 0 631 100 678 0 692 100 716 0
36 24 0 100 37 0 47 100 96 0 111 100 155 0 164 100 214 0 226 100 273 0 286 100 332 0 340 100 391 0 404 100 450 0 464 100 509 0 519 100 635 0 647 100 694 0 708 100 716 0
37 22 0 100 53 0 62 100 112 0 121 100 171 0 182 100 230 0 238 100 289 0 298 100 348 0 359 100 407 0 415 100 466 0 476 100 525 0 537 100 651 0 664 100 716 0
38 24 0 100 10 0 20 100 69 0 84 100 128 0 142 100 187 0 195 100 246 0 257 100 305 0 315 100 364 0 379 100 423 0 437 100 482 0 495 100 541 0 550 100 667 0 681 100 716 0
39 24 0 100 26 0 37 100 85 0 98 100 144 0 154 100 203 0 216 100 262 0 270 100 321 0 330 100 380 0 394 100 439 0 454 100 498 0 507 100 557 0 565 100 683 0 698 100 716 0
40 24 0 100 42 0 55 100 101 0 114 100 160 0 173 100 219 0 234 100 278 0 286 100 337 0 350 100 396 0 407 100 455 0 463 100 514 0 523 100 573 0 585 100 699 0 710 100 716 0
41 22 0 100 58 0 71 100 117 0 127 100 176 0 186 100 235 0 247 100 294 0 303 100 353 0 366 100 412 0 427 100 471 0 486 100 530 0 540 100 589 0 599 100 716 0

# TASKS
# Format: <task_id> <size> <num_reqs>
# Then for each requirement: <type_id> <qty>
0 0 5
 0 0
 1 0
 2 0
 3 0
 4 0
1 11 5
 0 3
 1 3
 2 3
 3 0
 4 2
2 9 5
 0 1
 1 1
 2 2
 3 0
 4 3
3 3 5
 0 0
 1 1
 2 1
 3 0
 4 2
4 9 5
 0 0
 1 0
 2 1
 3 1
 4 3
5 7 5
 0 2
 1 0
 2 2
 3 3
 4 1
6 9 5
 0 0
 1 0
 2 0
 3 2
 4 0
7 6 5
 0 0
 1 0
 2 1
 3 0
 4 0
8 11 5
 0 1
 1 0
 2 3
 3 2
 4 2
9 7 5
 0 2
 1 0
 2 0
 3 3
 4 0
10 10 5
 0 0
 1 1
 2 2
 3 0
 4 1
11 6 5
 0 1
 1 1
 2 2
 3 0
 4 3
12 5 5
 0 3
 1 3
 2 3
 3 1
 4 2
13 9 5
 0 0
 1 3
 2 1
 3 1
 4 3
14 11 5
 0 1
 1 3
 2 2
 3 1
 4 1
15 11 5
 0 1
 1 2
 2 1
 3 2
 4 0
16 11 5
 0 0
 1 2
 2 2
 3 0
 4 2
17 7 5
 0 1
 1 0
 2 1
 3 3
 4 2
18 7 5
 0 1
 1 3
 2 2
 3 0
 4 0
19 5 5
 0 0
 1 1
 2 2
 3 2
 4 2
20 15 5
 0 0
 1 1
 2 1
 3 2
 4 1
21 13 5
 0 0
 1 0
 2 0
 3 1
 4 0
22 4 5
 0 0
 1 3
 2 2
 3 0
 4 0
23 8 5
 0 1
 1 1
 2 3
 3 3
 4 0
24 11 5
 0 2
 1 2
 2 0
 3 3
 4 3
25 10 5
 0 3
 1 2
 2 2
 3 0
 4 0
26 6 5
 0 1
 1 1
 2 0
 3 2
 4 0
27 9 5
 0 2
 1 3
 2 2
 3 2
 4 2
28 12 5
 0 1
 1 2
 2 3
 3 1
 4 0
29 7 5
 0 2
 1 3
 2 2
 3 3
 4 1
30 9 5
 0 2
 1 0
 2 3
 3 0
 4 1
31 11 5
 0 1
 1 0
 2 0
 3 1
 4 2
32 10 5
 0 1
 1 0
 2 1
 3 2
 4 2
33 12 5
 0 1
 1 3
 2 0
 3 1
 4 3
34 7 5
 0 2
 1 3
 2 3
 3 2
 4 1
35 5 5
 0 1
 1 1
 2 1
 3 0
 4 2
36 4 5
 0 2
 1 2
 2 3
 3 2
 4 0
37 10 5
 0 3
 1 2
 2 0
 3 2
 4 0
38 10 5
 0 0
 1 2
 2 1
 3 2
 4 3
39 15 5
 0 2
 1 0
 2 0
 3 3
 4 2
40 8 5
 0 1
 1 1
 2 2
 3 3
 4 2
41 6 5
 0 3
 1 1
 2 3
 3 3
 4 1
42 4 5
 0 0
 1 2
 2 0
 3 1
 4 3
43 7 5
 0 2
 1 0
 2 3
 3 3
 4 2
44 6 5
 0 0
 1 0
 2 2
 3 2
 4 0
45 5 5
 0 2
 1 0
 2 0
 3 0
 4 0
46 11 5
 0 0
 1 1
 2 1
 3 2
 4 3
47 9 5
 0 0
 1 2
 2 0
 3 0
 4 0
48 14 5
 0 0
 1 1
 2 2
 3 0
 4 1
49 11 5
 0 2
 1 3
 2 0
 3 1
 4 2
50 9 5
 0 0
 1 1
 2 0
 3 0
 4 0
51 15 5
 0 3
 1 3
 2 0
 3 1
 4 2
52 14 5
 0 0
 1 0
 2 1
 3 1
 4 0
53 3 5
 0 1
 1 3
 2 0
 3 2
 4 0
54 11 5
 0 3
 1 1
 2 0
 3 1
 4 1
55 6 5
 0 0
 1 1
 2 0
 3 0
 4 0
56 12 5
 0 3
 1 3
 2 1
 3 3
 4 3
57 5 5
 0 0
 1 3
 2 2
 3 1
 4 0
58 7 5
 0 3
 1 3
 2 1
 3 3
 4 3
59 5 5
 0 2
 1 2
 2 0
 3 3
 4 0
60 14 5
 0 2
 1 1
 2 1
 3 2
 4 0
61 14 5
 0 0
 1 1
 2 3
 3 3
 4 3
62 13 5
 0 2
 1 2
 2 1
 3 2
 4 1
63 7 5
 0 1
 1 3
 2 0
 3 0
 4 0
64 10 5
 0 0
 1 1
 2 2
 3 0
 4 2
65 12 5
 0 3
 1 3
 2 2
 3 3
 4 3
66 12 5
 0 2
 1 3
 2 0
 3 3
 4 3
67 3 5
 0 2
 1 3
 2 2
 3 1
 4 1
68 11 5
 0 1
 1 0
 2 2
 3 1
 4 1
69 10 5
 0 0
 1 3
 2 2
 3 3
 4 0
70 7 5
 0 0
 1 1
 2 0
 3 2
 4 3
71 4 5
 0 0
 1 1
 2 2
 3 0
 4 0
72 14 5
 0 1
 1 2
 2 3
 3 0
 4 1
73 7 5
 0 0
 1 1
 2 3
 3 1
 4 1
74 3 5
 0 0
 1 3
 2 1
 3 1
 4 2
75 7 5
 0 0
 1 3
 2 2
 3 2
 4 2
76 15 5
 0 2
 1 0
 2 2
 3 3
 4 0
77 6 5
 0 2
 1 2
 2 1
 3 2
 4 2
78 14 5
 0 0
 1 0
 2 1
 3 1
 4 2
79 13 5
 0 0
 1 2
 2 3
 3 0
 4 3
80 11 5
 0 2
 1 0
 2 1
 3 2
 4 0
81 5 5
 0 0
 1 1
 2 3
 3 0
 4 3
82 14 5
 0 3
 1 0
 2 3
 3 2
 4 2
83 15 5
 0 1
 1 0
 2 2
 3 2
 4 1
84 8 5
 0 1
 1 2
 2 0
 3 2
 4 1
85 10 5
 0 0
 1 3
 2 3
 3 1
 4 0
86 10 5
 0 0
 1 3
 2 1
 3 0
 4 0
87 9 5
 0 0
 1 0
 2 3
 3 1
 4 0
88 14 5
 0 0
 1 0
 2 2
 3 2
 4 1
89 5 5
 0 2
 1 3
 2 3
 3 3
 4 1
90 9 5
 0 0
 1 1
 2 3
 3 2
 4 3
91 7 5
 0 0
 1 2
 2 0
 3 1
 4 3
92 14 5
 0 3
 1 0
 2 2
 3 0
 4 2
93 6 5
 0 3
 1 0
 2 3
 3 0
 4 3
94 11 5
 0 2
 1 0
 2 3
 3 3
 4 2
95 3 5
 0 0
 1 2
 2 3
 3 1
 4 1
96 12 5
 0 3
 1 1
 2 2
 3 0
 4 0
97 3 5
 0 1
 1 1
 2 2
 3 2
 4 0
98 14 5
 0 1
 1 2
 2 0
 3 1
 4 0
99 5 5
 0 0
 1 0
 2 0
 3 1
 4 2
100 4 5
 0 0
 1 1
 2 0
 3 3
 4 1
101 5 5
 0 2
 1 0
 2 0
 3 2
 4 3
102 14 5
 0 1
 1 0
 2 0
 3 0
 4 0
103 7 5
 0 0
 1 3
 2 3
 3 3
 4 0
104 3 5
 0 0
 1 2
 2 2
 3 0
 4 0
105 11 5
 0 3
 1 1
 2 2
 3 0
 4 0
106 15 5
 0 1
 1 1
 2 1
 3 3
 4 1
107 4 5
 0 0
 1 1
 2 3
 3 3
 4 3
108 3 5
 0 0
 1 1
 2 1
 3 0
 4 0
109 15 5
 0 2
 1 2
 2 0
 3 0
 4 1
110 5 5
 0 2
 1 0
 2 0
 3 3
 4 2
111 15 5
 0 1
 1 1
 2 0
 3 1
 4 0
112 5 5
 0 3
 1 2
 2 2
 3 0
 4 1
113 6 5
 0 0
 1 0
 2 0
 3 1
 4 0
114 12 5
 0 1
 1 2
 2 1
 3 1
 4 2
115 8 5
 0 2
 1 1
 2 3
 3 0
 4 0
116 6 5
 0 0
 1 2
 2 1
 3 2
 4 1
117 8 5
 0 1
 1 2
 2 3
 3 2
 4 0
118 15 5
 0 0
 1 1
 2 0
 3 3
 4 0
119 11 5
 0 2
 1 2
 2 0
 3 1
 4 2
120 14 5
 0 2
 1 2
 2 3
 3 2
 4 0
121 5 5
 0 0
 1 0
 2 1
 3 3
 4 2
122 9 5
 0 3
 1 1
 2 1
 3 0
 4 1
123 4 5
 0 2
 1 3
 2 0
 3 0
 4 3
124 9 5
 0 3
 1 3
 2 0
 3 2
 4 1
125 15 5
 0 3
 1 0
 2 1
 3 0
 4 2
126 4 5
 0 1
 1 2
 2 0
 3 3
 4 2
127 6 5
 0 3
 1 1
 2 1
 3 1
 4 0
128 13 5
 0 1
 1 0
 2 1
 3 0
 4 0
129 14 5
 0 0
 1 2
 2 0
 3 0
 4 3
130 9 5
 0 2
 1 3
 2 0
 3 1
 4 2
131 11 5
 0 3
 1 0
 2 1
 3 0
 4 1
132 14 5
 0 0
 1 3
 2 2
 3 2
 4 0
133 10 5
 0 0
 1 3
 2 1
 3 3
 4 2
134 15 5
 0 2
 1 1
 2 2
 3 3
 4 1
135 10 5
 0 2
 1 0
 2 2
 3 0
 4 1
136 9 5
 0 1
 1 0
 2 0
 3 3
 4 1
137 5 5
 0 0
 1 0
 2 0
 3 2
 4 0
138 13 5
 0 3
 1 3
 2 3
 3 1
 4 2
139 4 5
 0 1
 1 0
 2 3
 3 0
 4 3
140 11 5
 0 0
 1 1
 2 1
 3 0
 4 2
141 9 5
 0 2
 1 3
 2 1
 3 0
 4 1
142 8 5
 0 2
 1 3
 2 2
 3 1
 4 2
143 13 5
 0 2
 1 0
 2 3
 3 2
 4 0
144 7 5
 0 0
 1 1
 2 3
 3 2
 4 0
145 0 5
 0 0
 1 0
 2 0
 3 0
 4 0

# PRECEDENCES
1863
24 97
0 5
29 68
15 133
40 77
33 38
19 103
25 34
44 47
42 123
3 15
0 126
11 135
4 96
32 78
87 130
47 57
106 143
107 108
65 111
49 103
68 116
69 81
14 145
15 110
140 141
92 101
38 130
49 139
90 140
62 78
102 114
8 107
0 103
133 138
35 60
44 145
24 87
64 123
34 137
65 124
98 121
49 116
69 94
129 145
61 90
19 93
30 102
63 136
83 114
29 143
8 120
54 87
0 116
95 124
28 34
7 11
25 145
64 136
76 110
22 139
50 58
61 67
40 44
6 51
38 120
58 98
42 90
48 133
54 64
0 93
83 127
43 54
1 57
25 122
9 34
28 47
68 83
5 63
46 101
49 106
69 84
47 145
80 93
0 70
79 134
2 30
83 104
0 106
60 120
53 81
72 94
23 89
3 116
117 138
109 134
8 51
26 99
9 132
2 7
28 145
42 80
0 83
6 126
31 70
32 35
83 117
68 73
7 63
58 65
30 46
48 100
0 60
18 108
91 98
23 43
9 145
40 132
52 106
25 89
53 71
44 102
72 84
64 80
10 109
3 70
26 53
86 104
37 99
57 77
43 142
49 73
1 145
7 76
0 37
18 85
19 50
79 101
111 133
36 139
28 135
0 73
80 145
112 134
23 56
16 17
73 142
20 136
44 115
31 145
105 131
3 83
7 53
27 31
13 133
18 62
97 126
16 138
42 47
55 129
8 54
0 50
6 93
17 139
83 84
29 113
61 145
40 122
52 96
104 143
64 70
16 30
54 142
12 145
59 77
4 141
96 144
47 102
8 31
0 27
19 40
11 36
71 87
17 116
21 86
5 141
112 124
42 145
22 50
122 137
74 97
25 92
93 110
32 100
23 131
15 47
47 79
67 94
0 4
118 139
35 141
9 89
0 40
100 127
119 140
11 49
92 123
111 136
8 129
1 4
15 24
13 100
64 145
55 96
47 92
88 130
0 17
5 95
11 26
15 145
21 76
40 89
73 86
104 110
62 113
94 145
0 138
73 122
93 100
32 90
18 42
45 145
37 141
76 132
9 79
48 70
58 120
110 130
61 125
62 90
80 138
8 119
0 115
12 89
84 114
75 145
95 123
1 79
4 121
9 56
1 115
47 82
0 7
76 145
77 110
10 20
42 89
42 125
0 128
31 115
23 111
16 72
96 101
88 97
107 110
45 135
77 87
80 92
92 103
91 107
48 145
0 105
19 118
24 53
3 30
41 142
114 126
13 80
53 116
72 129
24 89
57 86
9 46
22 128
28 59
34 139
26 98
5 75
6 40
78 145
98 123
77 100
113 139
0 82
20 60
30 104
23 65
29 145
21 141
0 118
53 93
72 106
23 101
10 131
35 75
108 145
38 86
57 99
22 141
14 137
80 82
113 116
59 145
0 95
19 108
20 73
4 65
135 139
106 112
34 93
93 142
44 137
45 102
85 138
9 36
139 145
6 30
90 109
36 138
69 86
0 72
18 120
102 119
94 115
12 82
9 13
74 142
86 116
32 145
37 111
78 112
0 49
19 62
111 145
10 13
23 32
54 56
0 85
60 99
64 69
21 144
62 145
33 118
74 119
93 132
10 134
51 135
57 66
76 79
22 108
68 75
120 122
67 116
13 145
19 39
98 103
90 99
28 124
0 62
92 145
71 122
41 99
64 82
37 65
16 42
14 81
93 145
13 122
37 101
49 75
0 39
18 87
100 126
11 48
17 128
63 95
77 142
52 85
112 136
4 45
123 145
2 84
62 135
73 144
74 109
93 122
66 105
46 47
3 85
9 16
15 59
55 95
18 64
59 102
65 145
30 38
28 114
47 127
8 56
0 52
60 66
6 95
8 141
34 50
31 124
137 142
2 97
95 145
74 122
7 32
26 45
85 131
86 96
32 125
138 143
16 117
55 108
28 91
47 104
48 69
0 29
46 145
38 141
63 85
69 128
61 124
6 108
125 145
4 35
22 52
74 99
114 135
7 45
0 6
126 145
13 125
76 144
29 69
0 42
80 114
5 120
6 85
77 145
81 115
0 127
74 76
51 92
22 65
106 144
53 138
4 133
32 115
43 124
17 72
36 85
96 136
107 145
0 19
40 55
99 141
61 114
141 143
50 141
10 68
83 138
3 29
0 140
31 127
137 145
59 82
37 143
28 94
80 104
121 142
92 115
79 145
110 132
3 6
0 117
73 101
39 108
31 104
7 12
106 134
18 21
9 58
109 145
0 9
80 81
65 138
38 121
98 135
81 82
0 94
18 142
25 38
23 77
110 145
51 59
43 55
0 130
114 115
66 75
32 82
35 87
76 88
96 103
28 48
1 94
107 112
53 141
99 108
38 98
69 85
15 114
140 145
79 135
30 93
0 107
13 46
103 119
5 41
64 127
36 65
26 100
6 42
79 112
49 120
15 127
7 123
27 101
0 84
25 28
11 93
43 45
75 114
35 41
21 143
33 117
109 112
37 123
65 105
78 124
8 65
98 138
31 48
131 135
110 112
29 124
94 104
0 97
13 36
4 67
24 45
143 145
75 127
34 95
5 31
2 142
9 38
120 134
38 101
90 111
36 140
0 74
11 83
39 65
83 108
21 133
34 72
25 103
124 145
10 123
17 19
56 90
22 97
14 93
34 108
57 91
89 123
0 51
100 138
20 29
12 25
29 114
0 87
33 84
52 97
22 74
38 55
51 137
56 103
97 104
89 100
35 129
109 115
96 145
15 71
119 128
17 117
47 139
0 64
40 100
5 142
6 107
29 127
75 94
21 123
73 133
52 110
25 93
37 67
10 113
56 80
67 95
38 68
89 113
36 107
8 45
0 41
18 89
5 119
11 50
79 105
111 137
82 110
27 143
34 39
45 48
5 11
46 49
23 145
24 110
89 90
35 119
47 93
0 18
99 140
78 117
17 107
63 74
90 91
77 121
48 94
0 54
100 141
5 132
33 51
12 28
54 110
0 139
73 123
39 130
85 97
43 100
22 77
108 117
59 81
4 145
138 145
17 84
55 110
0 31
119 131
11 40
21 90
61 126
80 139
41 68
52 77
103 128
54 123
74 101
66 97
106 133
85 110
23 135
43 113
28 70
88 121
0 8
118 143
68 142
26 145
33 41
44 50
0 129
73 113
66 74
11 138
45 51
95 137
15 28
7 24
26 37
99 107
56 145
9 70
48 61
0 21
99 143
46 137
7 145
141 145
39 97
3 31
0 142
13 81
23 125
17 51
55 77
28 60
96 115
47 73
99 120
37 145
58 88
113 140
102 130
8 123
0 119
32 71
103 131
7 14
47 50
64 139
16 99
56 135
77 78
69 74
46 127
92 94
69 110
15 139
7 135
0 96
30 118
91 134
14 30
0 132
41 133
1 60
87 100
33 129
95 104
53 107
44 138
72 120
64 116
10 145
55 67
86 140
65 117
38 100
89 145
49 109
68 122
7 112
8 77
26 125
113 130
18 121
19 86
42 106
2 33
40 145
0 109
72 97
35 66
1 73
64 129
68 99
26 102
27 67
70 145
30 72
71 110
90 123
10 14
82 119
0 86
12 60
63 142
75 116
21 145
94 129
34 84
4 92
44 128
72 110
34 120
38 90
97 139
49 99
89 135
69 77
80 86
27 80
0 63
71 123
63 119
102 110
0 99
34 97
45 106
46 71
43 145
117 131
26 92
98 117
71 100
28 138
29 103
0 76
63 132
104 133
83 110
73 145
34 74
25 105
5 10
46 48
64 96
2 121
3 86
14 95
78 116
24 145
97 129
89 125
36 119
27 70
0 53
11 62
4 23
17 142
29 116
48 129
56 69
22 76
108 116
54 145
25 118
5 23
86 97
32 126
24 122
89 102
67 120
0 30
78 129
119 130
30 52
71 90
9 115
48 106
0 66
112 127
23 49
104 123
21 125
93 113
39 142
31 138
10 115
108 129
32 139
35 144
7 82
8 47
0 43
6 86
111 139
9 128
27 145
16 23
106 145
85 122
4 134
24 112
3 89
43 125
89 92
0 20
99 142
19 33
57 145
49 141
134 136
25 49
115 122
22 43
8 145
54 112
14 39
0 141
34 54
37 59
23 124
15 40
87 145
26 49
67 87
126 136
36 99
55 112
48 73
21 56
0 33
100 120
38 145
25 62
39 109
30 140
10 82
95 126
20 132
85 112
59 60
51 119
7 49
0 10
118 145
46 126
63 66
28 108
27 112
92 129
52 56
4 16
58 136
3 20
61 141
94 138
0 131
60 145
11 140
12 105
39 122
31 118
35 88
65 116
3 141
21 46
0 23
132 142
111 119
77 126
90 145
42 105
8 112
0 108
33 56
83 142
3 33
43 69
35 65
0 144
41 145
106 125
12 118
120 145
49 121
27 102
113 142
71 145
63 141
91 123
110 136
22 23
0 121
11 130
52 131
43 82
84 120
88 90
72 145
46 93
3 131
29 40
69 76
15 105
113 119
2 22
0 98
12 72
23 81
3 23
102 145
35 55
87 102
4 104
65 83
16 78
36 56
5 68
49 111
61 85
0 75
132 145
31 62
63 131
82 144
75 105
54 82
0 111
60 125
53 86
74 145
53 122
6 10
37 114
14 130
17 141
10 16
8 92
0 88
40 124
39 79
63 144
104 145
83 122
75 118
116 119
53 99
65 73
68 78
128 129
67 119
6 23
98 106
134 145
0 65
5 143
71 125
23 48
123 135
102 112
33 98
12 75
135 145
33 134
74 135
25 130
32 138
57 82
7 81
27 59
19 55
11 51
28 140
0 78
60 92
31 65
44 84
75 108
115 144
2 123
97 131
90 92
7 94
0 55
60 69
39 46
71 115
58 145
29 118
37 58
22 78
74 125
26 48
67 86
5 25
46 63
35 133
88 145
8 36
0 32
19 45
5 110
70 127
71 92
28 130
29 95
0 68
10 81
33 101
25 97
39 144
37 71
51 118
56 84
3 78
107 135
86 112
99 131
24 137
30 31
36 111
0 45
41 46
20 23
119 145
34 43
52 91
39 121
85 88
64 65
37 48
32 118
51 131
55 101
0 22
82 91
48 98
41 59
52 68
91 145
62 118
22 45
0 143
39 134
32 95
24 91
34 141
107 125
13 118
59 85
65 128
57 124
68 133
0 35
121 145
111 131
50 121
42 117
61 130
8 124
0 120
122 145
15 19
114 141
7 15
53 131
32 108
76 114
96 129
1 120
48 52
0 12
5 90
17 101
61 107
18 145
39 88
44 54
51 62
3 22
102 144
22 35
0 133
85 91
31 120
72 121
84 132
103 145
36 55
3 143
9 74
76 127
29 52
100 112
46 141
82 143
110 125
61 120
0 110
133 145
125 141
32 62
23 93
84 109
33 143
13 85
4 116
35 103
36 68
109 138
0 2
99 124
57 127
15 130
21 61
101 133
30 109
75 117
0 123
12 97
105 145
24 71
35 80
37 126
57 104
58 69
3 133
69 78
7 103
79 128
71 124
7 139
27 117
0 100
20 78
31 87
51 65
3 25
13 75
37 103
2 145
9 41
136 145
5 70
46 108
86 144
57 117
98 118
49 113
61 87
101 123
0 77
12 51
63 133
91 115
21 136
0 113
52 123
13 52
53 88
72 101
2 122
45 120
6 12
38 81
117 145
22 136
50 55
109 141
61 64
62 65
54 61
0 90
32 42
23 73
75 120
45 97
37 93
65 75
57 71
68 80
86 134
6 25
90 104
47 142
0 67
60 81
5 145
12 41
112 128
83 101
81 140
1 31
25 96
24 51
37 70
34 101
89 116
35 145
0 44
18 92
78 143
17 133
23 27
9 129
82 113
28 142
48 120
0 80
41 81
52 90
10 93
2 89
33 113
20 143
53 91
66 110
85 123
14 99
70 116
16 145
82 90
55 136
0 57
11 66
50 143
41 94
52 103
51 107
67 88
32 130
43 139
15 77
55 113
0 34
100 121
5 112
17 123
69 133
60 84
62 130
25 99
26 27
24 103
47 86
88 124
0 11
18 59
59 97
68 145
0 47
20 25
111 143
4 17
21 106
61 142
41 84
74 81
19 145
20 110
53 58
44 89
93 94
3 57
84 131
15 31
66 113
67 78
86 91
59 74
24 116
130 134
96 141
1 132
0 24
40 60
46 140
71 84
111 120
49 145
69 123
80 132
133 144
44 66
22 47
122 134
73 129
74 94
114 130
66 90
12 119
85 103
31 132
43 106
96 118
1 109
0 1
46 117
17 90
9 86
21 60
26 138
6 80
4 7
61 132
62 97
22 24
0 122
34 35
84 121
14 56
66 103
13 97
99 100
64 142
22 145
1 122
47 89
0 14
46 130
50 100
101 145
39 90
3 24
43 60
94 142
0 135
11 144
52 145
4 105
72 123
95 143
3 145
9 76
76 129
29 54
129 141
61 86
121 137
82 145
2 36
0 112
73 96
23 95
24 60
51 77
3 37
75 142
1 76
33 145
13 87
72 136
65 97
36 70
68 102
57 129
98 130
77 107
90 126
69 103
15 132
54 60
0 89
18 137
25 33
63 145
51 54
3 14
94 132
0 125
13 64
64 109
10 138
2 134
36 47
55 60
28 43
96 98
47 56
53 136
55 145
71 126
31 53
62 77
0 102
6 145
83 136
84 101
75 132
33 135
106 119
25 131
44 144
85 145
72 126
64 122
76 96
49 79
26 95
6 37
18 91
59 129
90 116
36 145
28 141
0 79
11 88
39 70
112 140
91 117
115 145
72 103
66 145
5 49
3 125
14 134
0 56
17 145
90 129
82 125
2 16
48 132
21 115
0 92
23 75
43 53
35 49
1 56
74 126
93 139
85 135
57 73
97 109
97 145
70 128
0 69
40 105
60 83
6 112
4 39
104 126
83 103
29 132
39 145
22 92
127 145
14 88
74 139
59 96
32 142
38 73
70 105
89 118
15 89
8 50
0 46
59 132
19 59
5 124
63 102
69 145
75 76
41 83
52 92
24 30
22 69
108 109
34 80
20 145
93 129
12 141
45 89
46 54
51 132
57 63
15 66
55 102
99 145
70 118
30 45
42 56
28 121
48 99
134 139
0 59
92 142
112 120
104 116
50 145
75 89
53 70
39 135
56 75
43 105
66 125
126 139
51 145
24 128
70 95
43 141
35 137
7 75
8 40
48 76
0 36
19 49
58 126
28 134
52 82
44 78
104 129
81 145
66 102
4 127
70 72
35 114
15 56
47 88
0 13
11 22
30 35
57 138
50 135
8 138
0 134
66 79
51 99
15 33
1 98
53 145
59 76
32 122
86 93
89 98
29 53
47 101
0 26
100 113
80 134
81 99
39 102
51 76
83 145
95 119
12 121
51 112
88 116
34 145
0 3
77 106
48 79
80 111
113 145
6 82
58 129
2 48
3 13
0 124
73 108
32 76
43 85
84 123
103 136
114 145
1 88
87 128
88 93
26 32
24 108
37 127
70 75
57 105
36 82
0 16
132 135
98 142
69 115
110 116
62 76
0 101
144 145
84 100
95 109
0 137
87 105
4 107
9 42
87 141
107 119
120 138
86 145
58 83
21 52
113 135
0 114
13 53
51 79
116 145
1 78
7 9
87 118
53 125
76 108
49 91
109 142
67 145
6 49
69 105
27 108
0 91
25 35
30 113
3 16
75 121
14 25
41 128
33 124
16 71
36 49
117 123
46 99
58 73
129 133
98 145
30 90
90 141
23 51
0 104
40 140
11 113
43 65
45 111
46 76
37 107
128 145
26 97
79 109
98 122
0 81
44 123
5 15
10 130
2 126
9 22
28 35
67 112
13 141
18 70
86 125
101 104
8 62
134 138
0 58
100 145
11 67
71 118
91 96
2 18
33 91
52 104
13 33
24 42
10 107
56 74
22 81
127 134
85 137
32 131
56 110
3 104
130 145
9 35
43 140
49 71
109 122
36 137
28 133
0 71
41 72
6 114
12 45
52 81
112 132
131 145
75 101
41 108
81 144
105 129
51 121
3 81
108 134
14 90
7 51
26 64
0 48
11 57
111 144
104 105
21 107
41 85
1 12
112 145
105 106
22 71
34 82
38 52
70 84
35 126
96 142
67 115
0 25
13 144
59 111
142 145
0 61
92 144
4 31
22 48
20 124
53 72
39 137
66 91
84 145
55 81
66 127
107 128
32 134
78 101
43 143
17 91
55 117
0 38
40 74
17 127
58 128
81 111
27 140
30 145
10 87
54 130
20 137
23 142
96 132
7 54
0 15
18 63
92 98
30 37
9 100
29 78
21 74
81 88
6 94
58 141
2 60
14 34
0 136
93 98
11 145
24 84
47 67
107 118
126 131
78 91
16 116
68 126
1 136
0 28
27 130
39 104
31 100
43 74
122 138
74 98
106 130
