# Tier 6 (Large) - Instance 15
# Generated with config: N=96, K=4, topology=random_dag, calendar=staggered

# HEADER: <num_tasks> <num_types> <num_units>
98 4 39

# RESOURCE TYPES
# Format: <type_id> <num_units> <unit_id1> <unit_id2> ...
0 10 0 1 2 3 4 5 6 7 8 9
1 10 10 11 12 13 14 15 16 17 18 19
2 10 20 21 22 23 24 25 26 27 28 29
3 9 30 31 32 33 34 35 36 37 38

# RESOURCE UNITS (Calendars)
# Format: <unit_id> <num_steps> <t1> <v1> <t2> <v2> ...
0 14 0 100 93 0 96 100 186 0 192 100 279 0 282 100 372 0 375 100 465 0 469 100 558 0 562 100 652 0
1 14 0 100 109 0 112 100 202 0 205 100 295 0 301 100 388 0 393 100 481 0 487 100 574 0 579 100 652 0
2 14 0 100 125 0 129 100 218 0 224 100 311 0 314 100 404 0 410 100 497 0 501 100 590 0 596 100 652 0
3 14 0 100 141 0 145 100 234 0 239 100 327 0 330 100 420 0 423 100 513 0 516 100 606 0 609 100 652 0
4 14 0 100 157 0 162 100 250 0 254 100 343 0 349 100 436 0 439 100 529 0 532 100 622 0 625 100 652 0
5 14 0 100 173 0 177 100 266 0 270 100 359 0 365 100 452 0 455 100 545 0 550 100 638 0 641 100 652 0
6 14 0 100 2 0 7 100 189 0 194 100 282 0 287 100 375 0 378 100 468 0 472 100 561 0 566 100 652 0
7 14 0 100 18 0 21 100 205 0 210 100 298 0 303 100 391 0 395 100 484 0 488 100 577 0 582 100 652 0
8 14 0 100 34 0 40 100 221 0 225 100 314 0 318 100 407 0 412 100 500 0 503 100 593 0 598 100 652 0
9 14 0 100 50 0 56 100 237 0 243 100 330 0 334 100 423 0 428 100 516 0 521 100 609 0 615 100 652 0
10 14 0 100 66 0 70 100 253 0 257 100 346 0 350 100 439 0 445 100 532 0 538 100 625 0 631 100 652 0
11 14 0 100 82 0 85 100 269 0 274 100 362 0 368 100 455 0 459 100 548 0 553 100 641 0 645 100 652 0
12 14 0 100 5 0 11 100 98 0 101 100 285 0 290 100 378 0 384 100 471 0 476 100 564 0 568 100 652 0
13 14 0 100 21 0 26 100 114 0 120 100 301 0 305 100 394 0 399 100 487 0 490 100 580 0 585 100 652 0
14 14 0 100 37 0 41 100 130 0 136 100 317 0 322 100 410 0 414 100 503 0 507 100 596 0 600 100 652 0
15 14 0 100 53 0 58 100 146 0 150 100 333 0 339 100 426 0 429 100 519 0 525 100 612 0 618 100 652 0
16 14 0 100 69 0 74 100 162 0 167 100 349 0 354 100 442 0 446 100 535 0 538 100 628 0 632 100 652 0
17 14 0 100 85 0 88 100 178 0 182 100 365 0 370 100 458 0 463 100 551 0 557 100 644 0 649 100 652 0
18 14 0 100 8 0 13 100 101 0 106 100 194 0 197 100 381 0 385 100 474 0 478 100 567 0 573 100 652 0
19 14 0 100 24 0 28 100 117 0 121 100 210 0 213 100 397 0 400 100 490 0 496 100 583 0 586 100 652 0
20 14 0 100 40 0 43 100 133 0 138 100 226 0 229 100 413 0 418 100 506 0 509 100 599 0 605 100 652 0
21 14 0 100 56 0 59 100 149 0 152 100 242 0 247 100 429 0 434 100 522 0 526 100 615 0 620 100 652 0
22 14 0 100 72 0 78 100 165 0 170 100 258 0 262 100 445 0 448 100 538 0 542 100 631 0 634 100 652 0
23 12 0 100 88 0 91 100 181 0 184 100 274 0 279 100 461 0 465 100 554 0 557 100 652 0
24 14 0 100 11 0 15 100 104 0 107 100 197 0 200 100 290 0 293 100 477 0 481 100 570 0 573 100 652 0
25 14 0 100 27 0 31 100 120 0 125 100 213 0 216 100 306 0 309 100 493 0 499 100 586 0 590 100 652 0
26 14 0 100 43 0 46 100 136 0 139 100 229 0 235 100 322 0 326 100 509 0 515 100 602 0 606 100 652 0
27 14 0 100 59 0 65 100 152 0 157 100 245 0 249 100 338 0 343 100 525 0 530 100 618 0 624 100 652 0
28 14 0 100 75 0 78 100 168 0 174 100 261 0 267 100 354 0 359 100 541 0 546 100 634 0 638 100 652 0
29 12 0 100 91 0 95 100 184 0 190 100 277 0 281 100 370 0 373 100 557 0 560 100 652 0
30 14 0 100 14 0 19 100 107 0 112 100 200 0 204 100 293 0 297 100 386 0 391 100 573 0 579 100 652 0
31 14 0 100 30 0 33 100 123 0 129 100 216 0 222 100 309 0 312 100 402 0 406 100 589 0 593 100 652 0
32 14 0 100 46 0 50 100 139 0 143 100 232 0 238 100 325 0 329 100 418 0 421 100 605 0 609 100 652 0
33 14 0 100 62 0 67 100 155 0 160 100 248 0 253 100 341 0 347 100 434 0 438 100 621 0 627 100 652 0
34 14 0 100 78 0 81 100 171 0 174 100 264 0 269 100 357 0 363 100 450 0 455 100 637 0 642 100 652 0
35 14 0 100 1 0 6 100 94 0 99 100 187 0 193 100 280 0 286 100 373 0 376 100 466 0 472 100 652 0
36 14 0 100 17 0 22 100 110 0 116 100 203 0 209 100 296 0 301 100 389 0 395 100 482 0 488 100 652 0
37 14 0 100 33 0 36 100 126 0 129 100 219 0 225 100 312 0 316 100 405 0 408 100 498 0 504 100 652 0
38 14 0 100 49 0 53 100 142 0 146 100 235 0 238 100 328 0 333 100 421 0 426 100 514 0 517 100 652 0

# TASKS
# Format: <task_id> <size> <num_reqs>
# Then for each requirement: <type_id> <qty>
0 0 4
 0 0
 1 0
 2 0
 3 0
1 5 4
 0 0
 1 3
 2 0
 3 1
2 12 4
 0 3
 1 1
 2 2
 3 2
3 15 4
 0 1
 1 1
 2 0
 3 0
4 8 4
 0 2
 1 3
 2 2
 3 1
5 3 4
 0 3
 1 1
 2 3
 3 2
6 14 4
 0 1
 1 3
 2 3
 3 1
7 6 4
 0 0
 1 0
 2 0
 3 3
8 15 4
 0 3
 1 0
 2 1
 3 1
9 10 4
 0 3
 1 3
 2 0
 3 2
10 6 4
 0 0
 1 1
 2 3
 3 1
11 9 4
 0 2
 1 3
 2 3
 3 3
12 6 4
 0 2
 1 2
 2 0
 3 1
13 11 4
 0 2
 1 2
 2 3
 3 3
14 14 4
 0 3
 1 3
 2 3
 3 2
15 8 4
 0 2
 1 1
 2 1
 3 3
16 4 4
 0 2
 1 2
 2 0
 3 3
17 15 4
 0 0
 1 1
 2 0
 3 0
18 8 4
 0 0
 1 3
 2 2
 3 2
19 12 4
 0 3
 1 1
 2 0
 3 3
20 15 4
 0 1
 1 2
 2 2
 3 0
21 5 4
 0 2
 1 2
 2 0
 3 2
22 7 4
 0 1
 1 0
 2 2
 3 2
23 15 4
 0 0
 1 3
 2 0
 3 2
24 11 4
 0 1
 1 2
 2 3
 3 0
25 8 4
 0 2
 1 0
 2 2
 3 1
26 4 4
 0 2
 1 3
 2 3
 3 1
27 6 4
 0 1
 1 3
 2 2
 3 1
28 4 4
 0 0
 1 2
 2 2
 3 0
29 12 4
 0 0
 1 2
 2 2
 3 3
30 4 4
 0 0
 1 0
 2 0
 3 1
31 7 4
 0 0
 1 2
 2 0
 3 0
32 12 4
 0 0
 1 0
 2 3
 3 1
33 8 4
 0 1
 1 2
 2 3
 3 1
34 3 4
 0 1
 1 1
 2 2
 3 0
35 10 4
 0 1
 1 2
 2 3
 3 0
36 9 4
 0 2
 1 2
 2 1
 3 0
37 4 4
 0 3
 1 3
 2 1
 3 1
38 4 4
 0 2
 1 0
 2 2
 3 1
39 5 4
 0 2
 1 3
 2 2
 3 0
40 4 4
 0 1
 1 2
 2 1
 3 1
41 11 4
 0 0
 1 0
 2 3
 3 3
42 8 4
 0 1
 1 1
 2 2
 3 2
43 3 4
 0 3
 1 0
 2 3
 3 3
44 10 4
 0 0
 1 3
 2 1
 3 0
45 14 4
 0 1
 1 2
 2 3
 3 0
46 7 4
 0 2
 1 0
 2 0
 3 2
47 8 4
 0 3
 1 1
 2 0
 3 3
48 7 4
 0 1
 1 0
 2 3
 3 2
49 13 4
 0 3
 1 3
 2 0
 3 2
50 3 4
 0 3
 1 1
 2 2
 3 2
51 7 4
 0 0
 1 1
 2 2
 3 0
52 5 4
 0 2
 1 0
 2 1
 3 0
53 9 4
 0 0
 1 2
 2 3
 3 2
54 3 4
 0 2
 1 3
 2 1
 3 1
55 12 4
 0 1
 1 1
 2 3
 3 3
56 15 4
 0 0
 1 0
 2 2
 3 3
57 14 4
 0 1
 1 2
 2 0
 3 0
58 8 4
 0 1
 1 1
 2 0
 3 0
59 11 4
 0 3
 1 3
 2 0
 3 0
60 11 4
 0 2
 1 2
 2 2
 3 3
61 7 4
 0 1
 1 1
 2 3
 3 3
62 11 4
 0 3
 1 2
 2 3
 3 2
63 11 4
 0 0
 1 2
 2 0
 3 0
64 9 4
 0 1
 1 1
 2 1
 3 0
65 11 4
 0 2
 1 1
 2 2
 3 3
66 12 4
 0 2
 1 0
 2 2
 3 3
67 7 4
 0 2
 1 1
 2 0
 3 2
68 12 4
 0 2
 1 3
 2 3
 3 1
69 7 4
 0 3
 1 2
 2 2
 3 2
70 11 4
 0 0
 1 2
 2 3
 3 1
71 14 4
 0 1
 1 3
 2 0
 3 0
72 4 4
 0 0
 1 1
 2 0
 3 0
73 6 4
 0 1
 1 2
 2 0
 3 2
74 13 4
 0 2
 1 3
 2 1
 3 0
75 8 4
 0 0
 1 1
 2 2
 3 2
76 10 4
 0 2
 1 3
 2 2
 3 0
77 6 4
 0 0
 1 1
 2 2
 3 1
78 7 4
 0 1
 1 1
 2 1
 3 0
79 6 4
 0 2
 1 0
 2 0
 3 0
80 15 4
 0 0
 1 0
 2 1
 3 2
81 5 4
 0 3
 1 3
 2 1
 3 1
82 8 4
 0 0
 1 0
 2 2
 3 2
83 15 4
 0 2
 1 3
 2 0
 3 2
84 7 4
 0 3
 1 0
 2 0
 3 0
85 4 4
 0 2
 1 1
 2 2
 3 1
86 11 4
 0 3
 1 0
 2 3
 3 1
87 3 4
 0 2
 1 3
 2 1
 3 0
88 3 4
 0 2
 1 3
 2 0
 3 2
89 9 4
 0 2
 1 3
 2 2
 3 2
90 12 4
 0 3
 1 0
 2 2
 3 3
91 10 4
 0 2
 1 2
 2 2
 3 1
92 11 4
 0 0
 1 2
 2 1
 3 3
93 15 4
 0 0
 1 0
 2 0
 3 2
94 6 4
 0 3
 1 0
 2 2
 3 2
95 14 4
 0 0
 1 2
 2 0
 3 0
96 15 4
 0 0
 1 0
 2 2
 3 2
97 0 4
 0 0
 1 0
 2 0
 3 0

# PRECEDENCES
880
55 57
35 88
13 97
24 97
35 97
26 39
59 64
59 73
18 44
70 82
55 93
0 5
5 83
0 14
29 50
28 94
0 23
92 97
50 91
6 66
21 64
41 42
10 36
41 51
10 45
62 83
2 41
54 97
3 24
25 61
12 91
74 84
3 42
4 96
51 91
14 51
43 87
43 96
1 90
13 92
36 57
16 97
47 75
9 58
9 67
0 9
9 76
5 87
6 52
40 54
27 93
0 94
10 40
73 78
25 38
39 85
20 81
54 83
12 77
22 23
14 19
23 86
35 60
1 67
35 69
7 16
55 65
5 46
65 97
76 97
46 93
36 70
5 64
6 29
5 73
6 38
50 72
61 72
27 79
50 81
40 58
69 94
2 13
27 97
54 60
0 89
31 67
10 44
31 76
39 89
2 49
32 50
22 27
35 46
84 97
95 97
32 68
24 73
24 82
76 83
16 78
88 94
28 52
46 97
57 97
68 97
5 59
15 91
50 58
61 67
5 77
18 96
42 63
61 85
27 92
0 75
39 57
91 95
20 53
0 84
8 97
19 97
30 97
0 93
10 39
54 73
4 63
43 45
12 85
87 97
4 90
34 91
43 72
1 66
37 96
46 74
68 74
76 87
9 34
29 30
38 97
49 97
9 61
26 95
80 84
8 65
19 65
0 70
20 48
0 79
19 92
83 95
0 88
11 88
12 53
11 97
12 62
72 76
51 53
13 36
24 36
23 80
24 45
84 96
53 90
45 95
76 82
49 65
5 40
65 91
15 72
18 77
18 86
61 75
0 56
8 69
0 65
2 7
31 43
0 74
23 39
0 83
60 97
20 61
0 92
12 57
31 70
12 75
4 71
1 47
24 49
22 79
87 96
16 54
5 17
17 19
9 15
22 97
5 26
37 95
9 24
17 37
57 82
7 72
79 97
90 97
7 90
27 59
42 57
50 61
0 51
42 66
0 60
19 73
30 73
0 69
0 78
11 78
20 56
0 87
31 65
4 48
41 97
52 97
1 33
13 44
45 76
22 83
14 79
86 95
3 88
9 19
15 53
5 30
46 68
3 97
14 97
26 62
59 96
26 71
30 41
79 92
0 37
11 37
19 50
0 46
71 97
82 97
48 95
0 55
29 91
8 68
30 68
63 93
0 64
39 46
0 73
20 51
83 89
60 96
45 53
33 97
44 97
4 61
16 35
53 84
45 89
56 89
86 90
57 63
7 44
26 57
18 62
18 71
8 36
27 49
0 32
11 32
63 70
0 41
11 41
18 89
19 54
30 54
0 50
29 86
63 79
0 59
63 97
41 60
0 68
12 33
60 82
23 42
33 74
44 74
41 87
44 83
34 48
41 96
93 97
37 44
34 57
45 57
64 70
3 51
85 93
16 30
25 97
2 95
46 49
37 80
15 43
67 81
18 48
59 86
55 97
49 63
17 89
0 18
0 27
79 91
0 36
90 91
48 85
0 45
41 46
0 54
12 19
6 97
23 28
33 60
23 37
41 73
52 73
41 82
2 63
34 43
37 39
22 50
2 81
3 46
53 65
74 97
85 97
45 61
45 70
3 64
26 29
37 66
38 40
18 34
70 72
0 4
18 52
47 88
0 13
36 97
47 97
11 13
27 39
0 22
19 35
0 31
8 44
19 44
0 40
40 76
21 72
44 46
6 92
44 55
41 77
25 69
45 47
10 89
51 90
2 85
25 87
66 97
37 61
67 71
86 93
70 76
67 89
7 47
18 47
47 83
0 8
0 17
29 53
17 97
0 26
28 97
0 35
63 73
21 67
40 80
41 45
4 5
21 85
33 50
33 59
44 59
62 95
2 53
22 31
34 42
14 36
37 38
74 87
32 90
15 19
66 92
1 93
15 37
7 33
36 69
26 46
55 82
59 71
67 84
5 72
0 3
29 39
0 12
36 96
77 97
40 48
48 61
0 21
69 93
48 70
9 97
21 62
29 75
33 45
62 81
33 54
62 90
39 97
51 62
3 31
43 67
74 82
13 72
7 10
66 96
96 97
17 51
1 97
55 77
17 60
5 76
0 7
48 56
0 16
48 65
58 97
69 97
80 97
10 20
6 68
21 75
10 38
39 74
39 83
25 45
39 92
51 57
25 54
3 17
32 53
20 97
31 97
23 93
24 58
1 74
36 41
13 85
28 46
13 94
88 97
47 77
49 96
0 2
6 36
48 51
29 47
40 56
27 86
50 97
61 97
30 91
39 69
0 96
62 80
2 38
25 40
84 86
54 94
84 95
13 53
24 53
12 97
23 97
4 93
1 78
16 76
28 41
1 87
55 67
28 50
36 63
47 63
16 94
68 95
9 64
21 29
5 75
58 78
42 70
2 6
61 92
0 82
42 97
0 91
20 78
31 78
54 89
72 88
23 83
31 96
72 97
3 25
4 79
1 55
16 44
43 61
64 93
35 66
4 97
43 79
5 34
1 82
17 36
9 32
36 49
5 43
46 81
76 94
38 77
49 86
15 93
21 24
49 95
6 35
29 37
50 69
69 82
42 65
50 78
19 72
10 14
27 94
0 77
91 97
8 90
19 90
42 92
0 86
12 51
39 68
2 28
0 95
39 77
32 38
84 94
13 52
34 84
53 97
64 97
1 59
37 89
5 29
36 44
65 80
38 72
28 49
46 85
57 85
26 79
58 68
42 51
15 97
26 97
21 28
18 93
69 86
0 63
39 45
31 41
0 72
19 85
2 14
0 81
83 97
94 97
0 90
12 55
31 59
1 27
20 77
4 60
24 29
32 42
4 69
32 51
16 43
1 54
1 63
65 66
34 97
45 97
56 97
3 91
57 71
68 71
38 67
49 67
28 44
15 74
26 74
38 76
38 85
6 25
7 88
50 68
0 49
7 97
18 97
27 75
0 58
20 36
27 84
0 67
31 36
30 80
39 49
0 76
11 76
60 90
83 92
0 85
52 86
75 88
31 63
75 97
4 55
43 46
34 65
53 78
3 77
37 97
46 75
15 69
26 69
7 65
27 43
6 20
19 39
50 54
15 96
0 44
30 57
71 95
82 95
0 53
20 31
0 62
60 76
0 71
23 36
39 53
0 80
1 8
94 96
33 86
1 26
25 91
34 69
53 82
53 91
3 72
34 87
5 14
46 52
56 87
86 97
67 93
18 51
26 64
68 79
26 73
27 38
19 34
0 30
79 94
0 39
8 52
19 52
0 48
11 48
48 97
20 26
40 84
0 57
11 57
12 22
30 70
0 66
12 31
31 44
12 40
60 89
44 72
4 45
93 95
44 90
16 19
1 30
2 84
10 97
37 60
56 73
56 82
15 41
38 43
46 56
67 79
14 85
15 50
78 88
46 65
67 97
78 97
89 97
18 55
7 64
0 25
18 73
0 34
0 43
71 94
20 21
0 52
29 97
40 97
0 61
11 61
10 65
52 80
10 74
25 72
1 25
25 81
10 92
16 23
34 59
2 88
25 90
37 55
22 66
45 68
2 97
3 62
22 75
14 71
15 36
37 73
15 45
67 83
14 89
26 54
0 11
59 97
70 97
48 60
17 91
0 20
7 68
8 33
28 91
0 29
71 80
0 38
11 38
30 51
0 47
29 83
60 61
29 92
21 97
10 60
33 62
52 75
1 2
4 35
25 67
2 74
14 39
2 83
66 86
51 97
32 93
15 22
14 66
7 27
55 76
86 91
26 49
18 45
36 81
26 58
89 96
0 6
18 54
8 19
0 15
0 24
0 33
6 67
82 84
0 42
29 87
4 12
81 97
52 70
1 6
33 75
3 34
10 82
34 49
45 58
56 58
85 94
14 52
32 97
43 97
24 93
18 31
28 72
0 1
7 49
8 14
59 87
0 10
29 46
9 77
47 94
0 19
11 19
9 86
30 32
5 97
0 28
40 73
6 80
10 41
41 56
52 65
62 97
73 97
10 59
31 91
66 67
51 78
2 73
14 38
51 96
