# Tier 6 (Large) - Instance 83
# Generated with config: N=279, K=4, topology=grid, calendar=random

# HEADER: <num_tasks> <num_types> <num_units>
281 4 22

# RESOURCE TYPES
# Format: <type_id> <num_units> <unit_id1> <unit_id2> ...
0 4 0 1 2 3
1 5 4 5 6 7 8
2 5 9 10 11 12 13
3 8 14 15 16 17 18 19 20 21

# RESOURCE UNITS (Calendars)
# Format: <unit_id> <num_steps> <t1> <v1> <t2> <v2> ...
0 20 0 0 17 100 168 0 184 100 362 0 378 100 533 0 548 100 757 0 770 100 840 0 848 100 1072 0 1087 100 1229 0 1250 100 1390 0 1396 100 1567 0 2802 0
1 20 0 0 5 100 182 0 195 100 321 0 336 100 458 0 476 100 640 0 660 100 800 0 804 100 849 0 867 100 1129 0 1141 100 1273 0 1276 100 1502 0 2802 0
2 20 0 0 14 100 237 0 253 100 315 0 319 100 567 0 585 100 767 0 782 100 856 0 865 100 967 0 973 100 1064 0 1079 100 1259 0 1272 100 1418 0 2802 0
3 20 0 0 20 100 90 0 105 100 166 0 184 100 266 0 282 100 420 0 428 100 502 0 512 100 703 0 715 100 763 0 768 100 998 0 1004 100 1121 0 2802 0
4 20 0 100 143 0 146 100 344 0 353 100 465 0 469 100 562 0 572 100 719 0 723 100 855 0 860 100 1089 0 1095 100 1289 0 1307 100 1382 0 1389 100 2802 0
5 20 0 100 67 0 85 100 289 0 298 100 421 0 436 100 686 0 688 100 927 0 941 100 1149 0 1162 100 1423 0 1444 100 1678 0 1682 100 1792 0 1811 100 2802 0
6 20 0 100 82 0 90 100 337 0 340 100 419 0 431 100 666 0 681 100 756 0 768 100 958 0 963 100 1091 0 1093 100 1141 0 1143 100 1260 0 1281 100 2802 0
7 20 0 100 107 0 122 100 220 0 240 100 374 0 377 100 437 0 450 100 652 0 668 100 794 0 798 100 868 0 870 100 919 0 938 100 1159 0 1177 100 2802 0
8 20 0 100 113 0 117 100 262 0 276 100 507 0 525 100 726 0 747 100 816 0 836 100 1036 0 1048 100 1279 0 1287 100 1418 0 1429 100 1682 0 1688 100 2802 0
9 20 0 100 207 0 210 100 274 0 279 100 500 0 508 100 564 0 586 100 650 0 662 100 803 0 825 100 885 0 896 100 1081 0 1085 100 1253 0 1263 100 2802 0
10 20 0 100 86 0 93 100 247 0 256 100 409 0 420 100 648 0 665 100 861 0 863 100 1127 0 1130 100 1291 0 1313 100 1467 0 1480 100 1650 0 1668 100 2802 0
11 20 0 0 8 100 240 0 252 100 310 0 322 100 585 0 596 100 726 0 746 100 907 0 925 100 1161 0 1176 100 1307 0 1327 100 1459 0 1464 100 1628 0 2802 0
12 20 0 100 190 0 200 100 319 0 336 100 594 0 602 100 688 0 695 100 791 0 797 100 935 0 938 100 1191 0 1207 100 1417 0 1433 100 1670 0 1678 100 2802 0
13 20 0 100 54 0 57 100 143 0 158 100 392 0 394 100 487 0 496 100 737 0 751 100 834 0 845 100 1069 0 1075 100 1196 0 1201 100 1411 0 1428 100 2802 0
14 20 0 100 98 0 113 100 367 0 381 100 518 0 536 100 691 0 706 100 801 0 809 100 956 0 974 100 1036 0 1048 100 1205 0 1227 100 1397 0 1417 100 2802 0
15 20 0 100 147 0 162 100 348 0 359 100 413 0 423 100 660 0 670 100 779 0 783 100 1039 0 1057 100 1189 0 1206 100 1303 0 1319 100 1435 0 1446 100 2802 0
16 20 0 100 117 0 120 100 262 0 273 100 514 0 516 100 778 0 786 100 833 0 838 100 1009 0 1029 100 1267 0 1276 100 1337 0 1349 100 1535 0 1553 100 2802 0
17 20 0 100 141 0 145 100 227 0 240 100 496 0 512 100 744 0 750 100 933 0 941 100 1127 0 1134 100 1344 0 1358 100 1543 0 1561 100 1644 0 1665 100 2802 0
18 20 0 0 15 100 271 0 283 100 343 0 346 100 433 0 436 100 677 0 680 100 735 0 751 100 899 0 914 100 1121 0 1135 100 1265 0 1280 100 1368 0 2802 0
19 20 0 0 5 100 165 0 174 100 218 0 232 100 318 0 330 100 477 0 481 100 738 0 744 100 854 0 872 100 994 0 1016 100 1061 0 1082 100 1239 0 2802 0
20 20 0 100 107 0 129 100 366 0 369 100 528 0 536 100 661 0 683 100 834 0 843 100 1010 0 1032 100 1078 0 1087 100 1326 0 1341 100 1404 0 1416 100 2802 0
21 20 0 0 7 100 210 0 221 100 276 0 298 100 405 0 426 100 555 0 577 100 642 0 662 100 842 0 849 100 1034 0 1043 100 1145 0 1159 100 1326 0 2802 0

# TASKS
# Format: <task_id> <size> <num_reqs>
# Then for each requirement: <type_id> <qty>
0 0 4
 0 0
 1 0
 2 0
 3 0
1 11 4
 0 3
 1 3
 2 3
 3 0
2 11 4
 0 2
 1 3
 2 0
 3 0
3 16 4
 0 0
 1 3
 2 2
 3 0
4 10 4
 0 3
 1 2
 2 2
 3 0
5 8 4
 0 2
 1 2
 2 0
 3 0
6 7 4
 0 3
 1 2
 2 3
 3 2
7 10 4
 0 0
 1 0
 2 0
 3 3
8 1 4
 0 1
 1 1
 2 0
 3 1
9 5 4
 0 3
 1 0
 2 3
 3 0
10 6 4
 0 0
 1 1
 2 0
 3 0
11 7 4
 0 0
 1 2
 2 0
 3 1
12 9 4
 0 1
 1 1
 2 0
 3 2
13 1 4
 0 0
 1 3
 2 3
 3 0
14 8 4
 0 0
 1 0
 2 0
 3 1
15 5 4
 0 3
 1 0
 2 0
 3 2
16 11 4
 0 0
 1 2
 2 3
 3 2
17 3 4
 0 0
 1 0
 2 3
 3 2
18 6 4
 0 2
 1 2
 2 1
 3 0
19 18 4
 0 0
 1 0
 2 2
 3 0
20 15 4
 0 3
 1 0
 2 1
 3 1
21 14 4
 0 0
 1 0
 2 3
 3 0
22 11 4
 0 0
 1 0
 2 2
 3 0
23 11 4
 0 0
 1 2
 2 0
 3 0
24 7 4
 0 3
 1 3
 2 1
 3 2
25 12 4
 0 0
 1 2
 2 3
 3 2
26 11 4
 0 3
 1 3
 2 0
 3 0
27 8 4
 0 1
 1 1
 2 3
 3 3
28 18 4
 0 1
 1 0
 2 1
 3 2
29 11 4
 0 0
 1 2
 2 2
 3 0
30 9 4
 0 0
 1 0
 2 2
 3 3
31 12 4
 0 0
 1 2
 2 0
 3 3
32 7 4
 0 1
 1 3
 2 3
 3 0
33 17 4
 0 2
 1 3
 2 0
 3 3
34 12 4
 0 2
 1 0
 2 2
 3 0
35 18 4
 0 0
 1 3
 2 0
 3 3
36 3 4
 0 2
 1 0
 2 3
 3 0
37 18 4
 0 2
 1 1
 2 2
 3 1
38 3 4
 0 0
 1 3
 2 0
 3 2
39 14 4
 0 3
 1 1
 2 2
 3 0
40 7 4
 0 0
 1 1
 2 0
 3 0
41 14 4
 0 1
 1 0
 2 0
 3 0
42 18 4
 0 1
 1 2
 2 2
 3 0
43 20 4
 0 0
 1 1
 2 2
 3 0
44 2 4
 0 1
 1 3
 2 1
 3 3
45 9 4
 0 2
 1 2
 2 0
 3 0
46 7 4
 0 2
 1 3
 2 1
 3 3
47 12 4
 0 0
 1 0
 2 1
 3 1
48 17 4
 0 0
 1 0
 2 0
 3 3
49 14 4
 0 0
 1 3
 2 1
 3 1
50 17 4
 0 1
 1 2
 2 2
 3 2
51 17 4
 0 2
 1 1
 2 2
 3 0
52 1 4
 0 3
 1 0
 2 2
 3 3
53 15 4
 0 1
 1 1
 2 2
 3 2
54 12 4
 0 0
 1 1
 2 1
 3 0
55 10 4
 0 0
 1 1
 2 1
 3 0
56 2 4
 0 0
 1 1
 2 2
 3 2
57 7 4
 0 3
 1 0
 2 3
 3 1
58 12 4
 0 0
 1 0
 2 0
 3 2
59 12 4
 0 1
 1 0
 2 2
 3 2
60 16 4
 0 2
 1 0
 2 0
 3 0
61 17 4
 0 3
 1 0
 2 2
 3 1
62 17 4
 0 1
 1 1
 2 3
 3 0
63 15 4
 0 3
 1 0
 2 3
 3 0
64 5 4
 0 0
 1 2
 2 1
 3 0
65 11 4
 0 0
 1 1
 2 0
 3 0
66 9 4
 0 2
 1 0
 2 0
 3 3
67 19 4
 0 0
 1 0
 2 0
 3 3
68 8 4
 0 0
 1 0
 2 1
 3 0
69 15 4
 0 0
 1 1
 2 1
 3 1
70 8 4
 0 1
 1 2
 2 2
 3 0
71 4 4
 0 3
 1 3
 2 1
 3 1
72 6 4
 0 0
 1 3
 2 1
 3 3
73 20 4
 0 2
 1 3
 2 3
 3 0
74 18 4
 0 2
 1 3
 2 0
 3 1
75 6 4
 0 0
 1 3
 2 1
 3 1
76 18 4
 0 0
 1 0
 2 3
 3 1
77 6 4
 0 3
 1 3
 2 2
 3 1
78 14 4
 0 1
 1 0
 2 3
 3 0
79 7 4
 0 0
 1 3
 2 1
 3 0
80 4 4
 0 1
 1 2
 2 2
 3 1
81 3 4
 0 2
 1 3
 2 1
 3 0
82 2 4
 0 0
 1 1
 2 1
 3 1
83 7 4
 0 0
 1 0
 2 0
 3 1
84 16 4
 0 0
 1 0
 2 3
 3 0
85 3 4
 0 0
 1 2
 2 3
 3 0
86 20 4
 0 0
 1 3
 2 3
 3 0
87 20 4
 0 3
 1 1
 2 0
 3 1
88 18 4
 0 0
 1 1
 2 0
 3 1
89 7 4
 0 1
 1 3
 2 3
 3 2
90 15 4
 0 2
 1 0
 2 3
 3 2
91 14 4
 0 0
 1 0
 2 2
 3 2
92 1 4
 0 1
 1 1
 2 3
 3 1
93 20 4
 0 3
 1 0
 2 2
 3 0
94 8 4
 0 0
 1 2
 2 0
 3 2
95 13 4
 0 3
 1 3
 2 3
 3 0
96 4 4
 0 3
 1 0
 2 2
 3 0
97 9 4
 0 2
 1 2
 2 0
 3 0
98 1 4
 0 2
 1 0
 2 2
 3 3
99 13 4
 0 3
 1 0
 2 0
 3 1
100 9 4
 0 1
 1 0
 2 1
 3 2
101 18 4
 0 1
 1 3
 2 3
 3 2
102 17 4
 0 3
 1 0
 2 0
 3 3
103 18 4
 0 1
 1 3
 2 1
 3 1
104 14 4
 0 3
 1 0
 2 0
 3 1
105 4 4
 0 3
 1 0
 2 0
 3 3
106 20 4
 0 0
 1 0
 2 3
 3 2
107 1 4
 0 0
 1 2
 2 0
 3 0
108 1 4
 0 0
 1 0
 2 0
 3 3
109 15 4
 0 1
 1 3
 2 2
 3 0
110 18 4
 0 3
 1 1
 2 3
 3 3
111 11 4
 0 2
 1 3
 2 0
 3 0
112 11 4
 0 0
 1 2
 2 0
 3 1
113 5 4
 0 3
 1 3
 2 2
 3 0
114 16 4
 0 3
 1 2
 2 0
 3 0
115 20 4
 0 1
 1 2
 2 1
 3 2
116 15 4
 0 2
 1 0
 2 3
 3 0
117 18 4
 0 3
 1 0
 2 2
 3 0
118 3 4
 0 1
 1 0
 2 2
 3 0
119 2 4
 0 0
 1 0
 2 0
 3 1
120 13 4
 0 2
 1 1
 2 2
 3 1
121 6 4
 0 0
 1 2
 2 2
 3 0
122 7 4
 0 1
 1 1
 2 0
 3 2
123 10 4
 0 0
 1 0
 2 2
 3 3
124 2 4
 0 1
 1 3
 2 2
 3 2
125 17 4
 0 1
 1 3
 2 0
 3 3
126 4 4
 0 3
 1 0
 2 3
 3 1
127 18 4
 0 1
 1 0
 2 3
 3 1
128 10 4
 0 2
 1 0
 2 3
 3 0
129 8 4
 0 1
 1 2
 2 0
 3 1
130 6 4
 0 0
 1 0
 2 2
 3 1
131 2 4
 0 0
 1 1
 2 0
 3 1
132 10 4
 0 0
 1 0
 2 0
 3 2
133 14 4
 0 3
 1 1
 2 1
 3 0
134 20 4
 0 0
 1 2
 2 3
 3 2
135 9 4
 0 1
 1 0
 2 0
 3 0
136 16 4
 0 3
 1 0
 2 0
 3 0
137 19 4
 0 2
 1 1
 2 0
 3 1
138 9 4
 0 1
 1 2
 2 3
 3 2
139 4 4
 0 0
 1 1
 2 3
 3 1
140 6 4
 0 0
 1 1
 2 0
 3 0
141 19 4
 0 3
 1 3
 2 2
 3 0
142 14 4
 0 3
 1 0
 2 0
 3 3
143 13 4
 0 1
 1 0
 2 3
 3 1
144 19 4
 0 0
 1 0
 2 3
 3 2
145 16 4
 0 1
 1 2
 2 2
 3 0
146 8 4
 0 3
 1 2
 2 0
 3 3
147 16 4
 0 3
 1 2
 2 1
 3 1
148 3 4
 0 3
 1 0
 2 0
 3 0
149 4 4
 0 1
 1 0
 2 1
 3 1
150 4 4
 0 1
 1 2
 2 1
 3 0
151 11 4
 0 2
 1 2
 2 0
 3 1
152 20 4
 0 0
 1 2
 2 0
 3 3
153 8 4
 0 2
 1 0
 2 2
 3 1
154 5 4
 0 3
 1 2
 2 3
 3 1
155 13 4
 0 0
 1 2
 2 3
 3 2
156 12 4
 0 0
 1 1
 2 2
 3 0
157 19 4
 0 0
 1 1
 2 3
 3 0
158 9 4
 0 0
 1 2
 2 3
 3 0
159 4 4
 0 0
 1 0
 2 1
 3 3
160 18 4
 0 0
 1 3
 2 1
 3 0
161 4 4
 0 2
 1 0
 2 0
 3 0
162 5 4
 0 2
 1 2
 2 3
 3 0
163 19 4
 0 2
 1 1
 2 0
 3 0
164 3 4
 0 3
 1 0
 2 0
 3 0
165 6 4
 0 3
 1 0
 2 3
 3 0
166 17 4
 0 0
 1 0
 2 0
 3 3
167 1 4
 0 0
 1 1
 2 0
 3 3
168 1 4
 0 2
 1 1
 2 0
 3 0
169 3 4
 0 0
 1 1
 2 1
 3 1
170 2 4
 0 1
 1 1
 2 0
 3 3
171 4 4
 0 0
 1 0
 2 2
 3 0
172 6 4
 0 3
 1 1
 2 3
 3 0
173 13 4
 0 3
 1 0
 2 0
 3 0
174 15 4
 0 3
 1 0
 2 0
 3 2
175 19 4
 0 0
 1 2
 2 0
 3 2
176 8 4
 0 2
 1 0
 2 0
 3 2
177 6 4
 0 1
 1 3
 2 2
 3 3
178 9 4
 0 3
 1 3
 2 0
 3 3
179 12 4
 0 0
 1 2
 2 0
 3 0
180 6 4
 0 0
 1 3
 2 3
 3 3
181 9 4
 0 0
 1 1
 2 2
 3 3
182 7 4
 0 0
 1 0
 2 0
 3 2
183 2 4
 0 2
 1 0
 2 1
 3 1
184 7 4
 0 0
 1 3
 2 2
 3 3
185 3 4
 0 3
 1 1
 2 3
 3 3
186 19 4
 0 3
 1 0
 2 2
 3 1
187 4 4
 0 3
 1 1
 2 0
 3 1
188 1 4
 0 0
 1 1
 2 1
 3 0
189 1 4
 0 0
 1 0
 2 0
 3 3
190 17 4
 0 1
 1 3
 2 0
 3 3
191 1 4
 0 1
 1 0
 2 0
 3 1
192 10 4
 0 1
 1 1
 2 3
 3 0
193 8 4
 0 0
 1 0
 2 0
 3 1
194 18 4
 0 3
 1 2
 2 2
 3 0
195 1 4
 0 0
 1 1
 2 2
 3 2
196 16 4
 0 1
 1 1
 2 0
 3 2
197 3 4
 0 0
 1 0
 2 2
 3 0
198 1 4
 0 0
 1 3
 2 0
 3 2
199 19 4
 0 0
 1 0
 2 3
 3 0
200 9 4
 0 2
 1 0
 2 3
 3 0
201 17 4
 0 1
 1 2
 2 2
 3 3
202 8 4
 0 3
 1 1
 2 0
 3 2
203 11 4
 0 0
 1 2
 2 2
 3 1
204 9 4
 0 2
 1 3
 2 0
 3 1
205 6 4
 0 3
 1 1
 2 3
 3 2
206 18 4
 0 2
 1 0
 2 2
 3 0
207 2 4
 0 0
 1 1
 2 0
 3 0
208 15 4
 0 3
 1 1
 2 0
 3 0
209 1 4
 0 3
 1 2
 2 2
 3 3
210 15 4
 0 2
 1 0
 2 0
 3 0
211 13 4
 0 3
 1 1
 2 0
 3 0
212 10 4
 0 0
 1 2
 2 1
 3 1
213 20 4
 0 0
 1 0
 2 1
 3 0
214 18 4
 0 1
 1 2
 2 0
 3 0
215 11 4
 0 3
 1 3
 2 2
 3 0
216 12 4
 0 0
 1 1
 2 3
 3 1
217 13 4
 0 1
 1 2
 2 2
 3 1
218 13 4
 0 3
 1 3
 2 2
 3 3
219 10 4
 0 0
 1 0
 2 0
 3 3
220 8 4
 0 2
 1 0
 2 0
 3 3
221 13 4
 0 3
 1 1
 2 0
 3 0
222 11 4
 0 3
 1 3
 2 3
 3 0
223 9 4
 0 1
 1 0
 2 2
 3 3
224 11 4
 0 0
 1 0
 2 1
 3 0
225 1 4
 0 0
 1 2
 2 3
 3 1
226 16 4
 0 0
 1 0
 2 1
 3 0
227 10 4
 0 3
 1 2
 2 1
 3 2
228 6 4
 0 1
 1 2
 2 0
 3 0
229 19 4
 0 0
 1 2
 2 3
 3 3
230 15 4
 0 1
 1 3
 2 0
 3 0
231 1 4
 0 0
 1 2
 2 0
 3 3
232 5 4
 0 0
 1 1
 2 0
 3 0
233 17 4
 0 3
 1 2
 2 1
 3 1
234 14 4
 0 2
 1 2
 2 0
 3 0
235 13 4
 0 3
 1 3
 2 1
 3 1
236 8 4
 0 2
 1 1
 2 0
 3 0
237 4 4
 0 3
 1 3
 2 3
 3 0
238 8 4
 0 0
 1 1
 2 1
 3 0
239 5 4
 0 0
 1 2
 2 2
 3 3
240 18 4
 0 1
 1 2
 2 1
 3 3
241 17 4
 0 0
 1 2
 2 3
 3 0
242 17 4
 0 0
 1 3
 2 1
 3 3
243 20 4
 0 0
 1 1
 2 1
 3 1
244 7 4
 0 0
 1 3
 2 2
 3 0
245 9 4
 0 3
 1 0
 2 2
 3 3
246 20 4
 0 0
 1 1
 2 2
 3 2
247 18 4
 0 2
 1 0
 2 0
 3 3
248 16 4
 0 0
 1 3
 2 2
 3 0
249 17 4
 0 0
 1 3
 2 1
 3 2
250 19 4
 0 1
 1 3
 2 1
 3 1
251 4 4
 0 1
 1 2
 2 2
 3 1
252 14 4
 0 0
 1 3
 2 2
 3 0
253 3 4
 0 0
 1 3
 2 3
 3 3
254 8 4
 0 2
 1 3
 2 0
 3 3
255 20 4
 0 0
 1 3
 2 0
 3 3
256 19 4
 0 3
 1 2
 2 3
 3 0
257 11 4
 0 1
 1 3
 2 2
 3 2
258 14 4
 0 2
 1 0
 2 0
 3 2
259 6 4
 0 2
 1 2
 2 1
 3 1
260 10 4
 0 3
 1 2
 2 0
 3 0
261 1 4
 0 0
 1 1
 2 3
 3 0
262 4 4
 0 0
 1 0
 2 0
 3 3
263 15 4
 0 2
 1 0
 2 0
 3 0
264 2 4
 0 0
 1 1
 2 2
 3 1
265 18 4
 0 1
 1 0
 2 0
 3 0
266 9 4
 0 1
 1 3
 2 2
 3 0
267 20 4
 0 3
 1 0
 2 1
 3 0
268 6 4
 0 2
 1 3
 2 3
 3 0
269 8 4
 0 3
 1 2
 2 2
 3 0
270 17 4
 0 0
 1 3
 2 2
 3 3
271 13 4
 0 0
 1 0
 2 0
 3 2
272 6 4
 0 0
 1 0
 2 3
 3 1
273 6 4
 0 0
 1 2
 2 1
 3 0
274 14 4
 0 0
 1 2
 2 2
 3 2
275 19 4
 0 0
 1 2
 2 0
 3 0
276 8 4
 0 2
 1 1
 2 0
 3 3
277 8 4
 0 0
 1 3
 2 1
 3 0
278 15 4
 0 1
 1 0
 2 1
 3 0
279 7 4
 0 1
 1 1
 2 3
 3 1
280 0 4
 0 0
 1 0
 2 0
 3 0

# PRECEDENCES
620
0 1
0 24
0 47
0 70
0 93
0 116
0 139
0 162
0 185
0 208
0 231
0 254
0 277
1 2
1 24
1 25
2 3
2 25
3 4
3 26
4 5
4 27
5 6
5 28
5 29
6 7
6 29
7 8
7 30
7 31
8 9
8 31
9 10
9 32
9 33
10 11
10 33
11 12
11 34
12 13
12 35
13 14
13 36
13 37
14 15
14 37
15 16
15 38
15 39
16 17
16 39
17 18
17 40
17 41
18 19
18 41
19 20
19 42
20 21
20 43
21 22
21 44
21 45
22 23
22 45
22 46
23 46
23 280
24 25
24 47
24 48
25 26
25 48
26 27
26 49
27 28
27 50
28 29
28 51
29 30
29 52
30 31
30 53
31 32
31 54
32 33
32 55
32 56
33 34
33 56
33 57
34 35
34 57
35 36
35 58
36 37
36 59
37 38
37 60
38 39
38 61
39 40
39 62
40 41
40 63
41 42
41 64
42 43
42 65
43 44
43 66
44 45
44 67
45 46
45 68
45 69
46 69
46 280
47 48
47 70
48 49
48 71
49 50
49 72
50 51
50 73
50 74
51 52
51 74
51 75
52 53
52 75
53 54
53 76
54 55
54 77
55 56
55 78
55 79
56 57
56 79
57 58
57 80
58 59
58 81
59 60
59 82
59 83
60 61
60 83
61 62
61 84
61 85
62 63
62 85
63 64
63 86
63 87
64 65
64 87
64 88
65 66
65 88
66 67
66 89
67 68
67 90
67 91
68 69
68 91
69 92
69 280
70 71
70 93
71 72
71 94
72 73
72 95
72 96
73 74
73 96
74 75
74 97
74 98
75 76
75 98
76 77
76 99
77 78
77 100
78 79
78 101
79 80
79 102
80 81
80 103
80 104
81 82
81 104
82 83
82 105
83 84
83 106
83 107
84 85
84 107
85 86
85 108
86 87
86 109
87 88
87 110
88 89
88 111
88 112
89 90
89 112
90 91
90 113
90 114
91 92
91 114
92 115
92 280
93 94
93 116
94 95
94 117
94 118
95 96
95 118
95 119
96 97
96 119
96 120
97 98
97 120
97 121
98 99
98 121
98 122
99 100
99 122
100 101
100 123
101 102
101 124
101 125
102 103
102 125
103 104
103 126
103 127
104 105
104 127
105 106
105 128
106 107
106 129
106 130
107 108
107 130
108 109
108 131
109 110
109 132
110 111
110 133
110 134
111 112
111 134
112 113
112 135
112 136
113 114
113 136
114 115
114 137
114 138
115 138
115 280
116 117
116 139
117 118
117 140
118 119
118 141
118 142
119 120
119 142
120 121
120 143
121 122
121 144
122 123
122 145
123 124
123 146
124 125
124 147
125 126
125 148
126 127
126 149
127 128
127 150
128 129
128 151
129 130
129 152
130 131
130 153
130 154
131 132
131 154
131 155
132 133
132 155
133 134
133 156
134 135
134 157
134 158
135 136
135 158
136 137
136 159
136 160
137 138
137 160
138 161
138 280
139 140
139 162
140 141
140 163
141 142
141 164
142 143
142 165
142 166
143 144
143 166
144 145
144 167
145 146
145 168
145 169
146 147
146 169
147 148
147 170
148 149
148 171
149 150
149 172
150 151
150 173
151 152
151 174
151 175
152 153
152 175
153 154
153 176
153 177
154 155
154 177
155 156
155 178
156 157
156 179
157 158
157 180
158 159
158 181
159 160
159 182
160 161
160 183
161 184
161 280
162 163
162 185
163 164
163 186
164 165
164 187
165 166
165 188
165 189
166 167
166 189
167 168
167 190
168 169
168 191
169 170
169 192
169 193
170 171
170 193
170 194
171 172
171 194
171 195
172 173
172 195
172 196
173 174
173 196
173 197
174 175
174 197
175 176
175 198
175 199
176 177
176 199
176 200
177 178
177 200
178 179
178 201
179 180
179 202
180 181
180 203
181 182
181 204
181 205
182 183
182 205
183 184
183 206
183 207
184 207
184 280
185 186
185 208
186 187
186 209
187 188
187 210
188 189
188 211
189 190
189 212
189 213
190 191
190 213
190 214
191 192
191 214
192 193
192 215
192 216
193 194
193 216
193 217
194 195
194 217
195 196
195 218
195 219
196 197
196 219
197 198
197 220
198 199
198 221
199 200
199 222
199 223
200 201
200 223
201 202
201 224
202 203
202 225
203 204
203 226
203 227
204 205
204 227
204 228
205 206
205 228
206 207
206 229
207 230
207 280
208 209
208 231
209 210
209 232
210 211
210 233
211 212
211 234
212 213
212 235
213 214
213 236
214 215
214 237
215 216
215 238
215 239
216 217
216 239
217 218
217 240
218 219
218 241
219 220
219 242
220 221
220 243
220 244
221 222
221 244
222 223
222 245
223 224
223 246
224 225
224 247
225 226
225 248
226 227
226 249
227 228
227 250
228 229
228 251
229 230
229 252
230 253
230 280
231 232
231 254
231 255
232 233
232 255
233 234
233 256
234 235
234 257
235 236
235 258
236 237
236 259
237 238
237 260
238 239
238 261
239 240
239 262
240 241
240 263
241 242
241 264
241 265
242 243
242 265
243 244
243 266
244 245
244 267
245 246
245 268
246 247
246 269
246 270
247 248
247 270
248 249
248 271
249 250
249 272
250 251
250 273
251 252
251 274
252 253
252 275
253 276
253 280
254 255
254 277
255 256
255 278
256 257
256 279
257 258
258 259
259 260
260 261
261 262
262 263
263 264
264 265
265 266
266 267
267 268
268 269
269 270
270 271
271 272
272 273
273 274
274 275
275 276
276 280
277 278
277 280
278 279
278 280
279 280
