# Tier 6 (Large) - Instance 62
# Generated with config: N=299, K=5, topology=random_dag, calendar=random

# HEADER: <num_tasks> <num_types> <num_units>
301 5 20

# RESOURCE TYPES
# Format: <type_id> <num_units> <unit_id1> <unit_id2> ...
0 4 0 1 2 3
1 6 4 5 6 7 8 9
2 4 10 11 12 13
3 3 14 15 16
4 3 17 18 19

# RESOURCE UNITS (Calendars)
# Format: <unit_id> <num_steps> <t1> <v1> <t2> <v2> ...
0 28 0 0 6 100 185 0 196 100 300 0 306 100 454 0 461 100 526 0 533 100 607 0 619 100 704 0 711 100 751 0 759 100 856 0 860 100 949 0 957 100 1028 0 1037 100 1129 0 1131 100 1186 0 1189 100 1359 0 2692 0
1 28 0 100 86 0 95 100 265 0 278 100 395 0 397 100 447 0 455 100 526 0 529 100 559 0 567 100 691 0 697 100 752 0 764 100 838 0 845 100 932 0 935 100 1019 0 1031 100 1071 0 1084 100 1220 0 1228 100 2692 0
2 28 0 100 140 0 146 100 303 0 309 100 409 0 417 100 491 0 501 100 543 0 552 100 589 0 595 100 666 0 672 100 761 0 769 100 939 0 946 100 1025 0 1036 100 1200 0 1211 100 1383 0 1387 100 1562 0 1566 100 2692 0
3 28 0 0 2 100 34 0 39 100 209 0 221 100 330 0 337 100 504 0 510 100 676 0 682 100 728 0 735 100 804 0 816 100 911 0 920 100 986 0 997 100 1131 0 1135 100 1184 0 1190 100 1308 0 1312 100 1435 0 2692 0
4 28 0 0 5 100 109 0 111 100 266 0 279 100 451 0 456 100 564 0 574 100 712 0 721 100 835 0 837 100 1006 0 1011 100 1163 0 1169 100 1244 0 1250 100 1363 0 1365 100 1416 0 1427 100 1475 0 1484 100 1655 0 2692 0
5 28 0 100 72 0 74 100 228 0 239 100 287 0 297 100 388 0 401 100 470 0 472 100 646 0 650 100 748 0 754 100 845 0 855 100 1026 0 1033 100 1140 0 1150 100 1262 0 1271 100 1384 0 1390 100 1507 0 1511 100 2692 0
6 28 0 100 72 0 86 100 232 0 245 100 383 0 387 100 489 0 497 100 658 0 666 100 841 0 845 100 887 0 896 100 1016 0 1018 100 1134 0 1139 100 1171 0 1184 100 1226 0 1240 100 1288 0 1297 100 1408 0 1415 100 2692 0
7 28 0 100 127 0 140 100 304 0 318 100 422 0 433 100 497 0 499 100 601 0 610 100 778 0 791 100 914 0 918 100 964 0 973 100 1022 0 1028 100 1105 0 1109 100 1243 0 1254 100 1369 0 1383 100 1502 0 1514 100 2692 0
8 28 0 100 40 0 48 100 112 0 124 100 168 0 179 100 242 0 247 100 423 0 437 100 576 0 590 100 630 0 637 100 693 0 704 100 806 0 817 100 957 0 969 100 1046 0 1051 100 1192 0 1202 100 1372 0 1385 100 2692 0
9 28 0 100 159 0 169 100 210 0 218 100 287 0 296 100 449 0 462 100 529 0 536 100 590 0 593 100 697 0 706 100 870 0 875 100 958 0 963 100 1030 0 1036 100 1133 0 1141 100 1294 0 1296 100 1363 0 1365 100 2692 0
10 28 0 100 88 0 94 100 270 0 281 100 410 0 414 100 593 0 598 100 678 0 689 100 836 0 849 100 1014 0 1023 100 1072 0 1086 100 1219 0 1228 100 1402 0 1410 100 1485 0 1493 100 1653 0 1660 100 1806 0 1817 100 2692 0
11 28 0 0 5 100 98 0 109 100 267 0 271 100 312 0 324 100 443 0 457 100 592 0 594 100 756 0 763 100 908 0 911 100 942 0 949 100 1035 0 1037 100 1125 0 1132 100 1234 0 1243 100 1275 0 1286 100 1435 0 2692 0
12 28 0 100 33 0 37 100 87 0 92 100 148 0 153 100 300 0 314 100 471 0 482 100 518 0 520 100 625 0 636 100 777 0 779 100 918 0 924 100 960 0 974 100 1032 0 1043 100 1191 0 1204 100 1246 0 1250 100 2692 0
13 28 0 0 3 100 81 0 83 100 159 0 168 100 264 0 270 100 359 0 367 100 422 0 434 100 566 0 568 100 719 0 722 100 758 0 761 100 909 0 919 100 952 0 962 100 1030 0 1042 100 1112 0 1121 100 1272 0 2692 0
14 28 0 100 93 0 104 100 145 0 152 100 221 0 231 100 369 0 377 100 552 0 558 100 723 0 734 100 835 0 841 100 996 0 1005 100 1036 0 1043 100 1108 0 1113 100 1169 0 1172 100 1348 0 1352 100 1392 0 1396 100 2692 0
15 28 0 100 113 0 115 100 168 0 174 100 257 0 260 100 425 0 435 100 477 0 481 100 591 0 600 100 686 0 694 100 827 0 840 100 920 0 932 100 989 0 991 100 1100 0 1109 100 1172 0 1177 100 1306 0 1319 100 2692 0
16 28 0 100 44 0 53 100 164 0 178 100 286 0 291 100 327 0 329 100 479 0 491 100 643 0 646 100 822 0 830 100 904 0 915 100 995 0 1004 100 1039 0 1042 100 1215 0 1222 100 1257 0 1261 100 1411 0 1413 100 2692 0
17 28 0 100 122 0 125 100 294 0 301 100 404 0 406 100 500 0 507 100 595 0 603 100 636 0 649 100 812 0 820 100 942 0 950 100 1094 0 1098 100 1197 0 1205 100 1372 0 1386 100 1547 0 1552 100 1726 0 1729 100 2692 0
18 28 0 100 141 0 146 100 315 0 325 100 415 0 420 100 563 0 577 100 609 0 623 100 780 0 786 100 957 0 960 100 997 0 1009 100 1118 0 1130 100 1307 0 1317 100 1468 0 1474 100 1505 0 1516 100 1556 0 1561 100 2692 0
19 28 0 0 14 100 175 0 187 100 217 0 219 100 267 0 281 100 372 0 380 100 418 0 430 100 556 0 570 100 665 0 667 100 737 0 746 100 789 0 802 100 903 0 909 100 968 0 972 100 1015 0 1029 100 1189 0 2692 0

# TASKS
# Format: <task_id> <size> <num_reqs>
# Then for each requirement: <type_id> <qty>
0 0 5
 0 0
 1 0
 2 0
 3 0
 4 0
1 3 5
 0 0
 1 1
 2 0
 3 3
 4 1
2 19 5
 0 0
 1 0
 2 0
 3 1
 4 3
3 20 5
 0 2
 1 1
 2 0
 3 2
 4 2
4 12 5
 0 3
 1 3
 2 1
 3 3
 4 2
5 11 5
 0 2
 1 1
 2 0
 3 2
 4 3
6 4 5
 0 1
 1 3
 2 1
 3 1
 4 0
7 10 5
 0 0
 1 1
 2 0
 3 0
 4 1
8 19 5
 0 0
 1 0
 2 0
 3 2
 4 2
9 16 5
 0 2
 1 0
 2 0
 3 1
 4 0
10 8 5
 0 3
 1 0
 2 3
 3 0
 4 0
11 11 5
 0 1
 1 2
 2 1
 3 1
 4 1
12 5 5
 0 3
 1 0
 2 0
 3 3
 4 3
13 4 5
 0 1
 1 0
 2 0
 3 0
 4 1
14 13 5
 0 2
 1 3
 2 2
 3 3
 4 0
15 2 5
 0 0
 1 2
 2 1
 3 2
 4 0
16 1 5
 0 0
 1 0
 2 0
 3 1
 4 1
17 19 5
 0 3
 1 0
 2 0
 3 2
 4 0
18 12 5
 0 1
 1 2
 2 2
 3 0
 4 0
19 2 5
 0 3
 1 0
 2 1
 3 0
 4 2
20 20 5
 0 2
 1 0
 2 3
 3 0
 4 0
21 19 5
 0 3
 1 2
 2 1
 3 0
 4 2
22 16 5
 0 3
 1 1
 2 1
 3 3
 4 3
23 12 5
 0 2
 1 0
 2 2
 3 3
 4 0
24 7 5
 0 1
 1 2
 2 3
 3 3
 4 2
25 11 5
 0 3
 1 0
 2 3
 3 1
 4 3
26 17 5
 0 1
 1 3
 2 0
 3 0
 4 0
27 7 5
 0 2
 1 0
 2 1
 3 0
 4 2
28 18 5
 0 3
 1 0
 2 3
 3 2
 4 0
29 20 5
 0 1
 1 3
 2 3
 3 0
 4 0
30 9 5
 0 2
 1 0
 2 2
 3 3
 4 0
31 19 5
 0 2
 1 2
 2 3
 3 0
 4 0
32 9 5
 0 1
 1 2
 2 0
 3 1
 4 2
33 15 5
 0 1
 1 0
 2 3
 3 0
 4 3
34 14 5
 0 1
 1 2
 2 2
 3 1
 4 0
35 9 5
 0 1
 1 3
 2 3
 3 2
 4 0
36 20 5
 0 0
 1 0
 2 3
 3 0
 4 0
37 10 5
 0 3
 1 0
 2 1
 3 2
 4 1
38 13 5
 0 2
 1 0
 2 2
 3 3
 4 2
39 2 5
 0 3
 1 3
 2 0
 3 0
 4 3
40 9 5
 0 0
 1 0
 2 0
 3 1
 4 3
41 17 5
 0 3
 1 2
 2 1
 3 0
 4 0
42 16 5
 0 3
 1 0
 2 1
 3 3
 4 3
43 12 5
 0 2
 1 3
 2 0
 3 0
 4 3
44 3 5
 0 0
 1 2
 2 2
 3 0
 4 2
45 19 5
 0 1
 1 0
 2 2
 3 2
 4 3
46 4 5
 0 2
 1 2
 2 0
 3 0
 4 3
47 20 5
 0 0
 1 0
 2 1
 3 0
 4 3
48 13 5
 0 1
 1 1
 2 3
 3 3
 4 0
49 17 5
 0 0
 1 0
 2 2
 3 3
 4 2
50 9 5
 0 3
 1 1
 2 1
 3 0
 4 3
51 13 5
 0 0
 1 1
 2 1
 3 3
 4 0
52 19 5
 0 3
 1 0
 2 3
 3 2
 4 1
53 3 5
 0 3
 1 2
 2 2
 3 3
 4 0
54 4 5
 0 1
 1 2
 2 0
 3 1
 4 1
55 2 5
 0 3
 1 0
 2 2
 3 2
 4 0
56 16 5
 0 1
 1 0
 2 3
 3 2
 4 0
57 3 5
 0 0
 1 0
 2 3
 3 2
 4 3
58 2 5
 0 1
 1 0
 2 0
 3 0
 4 1
59 6 5
 0 2
 1 0
 2 1
 3 0
 4 0
60 16 5
 0 1
 1 0
 2 3
 3 0
 4 1
61 10 5
 0 2
 1 2
 2 0
 3 3
 4 0
62 3 5
 0 3
 1 3
 2 2
 3 3
 4 3
63 9 5
 0 3
 1 3
 2 2
 3 0
 4 2
64 19 5
 0 0
 1 0
 2 1
 3 0
 4 0
65 5 5
 0 2
 1 0
 2 1
 3 0
 4 0
66 6 5
 0 1
 1 2
 2 0
 3 1
 4 1
67 16 5
 0 2
 1 3
 2 2
 3 0
 4 3
68 10 5
 0 0
 1 3
 2 0
 3 1
 4 2
69 20 5
 0 3
 1 1
 2 1
 3 1
 4 0
70 17 5
 0 3
 1 3
 2 2
 3 3
 4 2
71 13 5
 0 3
 1 1
 2 0
 3 0
 4 0
72 18 5
 0 1
 1 1
 2 0
 3 2
 4 0
73 16 5
 0 2
 1 2
 2 0
 3 2
 4 0
74 19 5
 0 2
 1 0
 2 0
 3 2
 4 0
75 1 5
 0 1
 1 0
 2 0
 3 0
 4 2
76 11 5
 0 0
 1 2
 2 0
 3 3
 4 1
77 20 5
 0 2
 1 3
 2 1
 3 3
 4 0
78 15 5
 0 0
 1 3
 2 0
 3 0
 4 1
79 11 5
 0 2
 1 0
 2 3
 3 3
 4 0
80 10 5
 0 1
 1 0
 2 2
 3 0
 4 3
81 20 5
 0 0
 1 3
 2 3
 3 0
 4 2
82 10 5
 0 2
 1 3
 2 0
 3 2
 4 0
83 18 5
 0 0
 1 2
 2 0
 3 0
 4 0
84 17 5
 0 3
 1 0
 2 3
 3 2
 4 0
85 9 5
 0 0
 1 0
 2 0
 3 0
 4 3
86 18 5
 0 1
 1 2
 2 0
 3 0
 4 1
87 7 5
 0 0
 1 3
 2 0
 3 3
 4 0
88 10 5
 0 1
 1 0
 2 0
 3 2
 4 2
89 9 5
 0 0
 1 1
 2 0
 3 1
 4 0
90 14 5
 0 0
 1 2
 2 1
 3 2
 4 0
91 3 5
 0 1
 1 1
 2 0
 3 3
 4 0
92 8 5
 0 2
 1 0
 2 2
 3 3
 4 0
93 6 5
 0 1
 1 1
 2 1
 3 3
 4 0
94 7 5
 0 0
 1 2
 2 0
 3 3
 4 0
95 1 5
 0 2
 1 2
 2 1
 3 2
 4 2
96 4 5
 0 2
 1 0
 2 0
 3 1
 4 2
97 2 5
 0 2
 1 0
 2 3
 3 3
 4 3
98 19 5
 0 3
 1 3
 2 3
 3 0
 4 1
99 7 5
 0 1
 1 2
 2 0
 3 0
 4 0
100 20 5
 0 0
 1 3
 2 0
 3 0
 4 1
101 10 5
 0 0
 1 1
 2 1
 3 3
 4 0
102 5 5
 0 3
 1 0
 2 3
 3 3
 4 0
103 14 5
 0 3
 1 0
 2 1
 3 1
 4 0
104 5 5
 0 1
 1 3
 2 3
 3 0
 4 1
105 10 5
 0 1
 1 0
 2 1
 3 0
 4 0
106 14 5
 0 2
 1 0
 2 3
 3 2
 4 0
107 9 5
 0 0
 1 1
 2 1
 3 1
 4 3
108 9 5
 0 0
 1 3
 2 3
 3 3
 4 1
109 7 5
 0 3
 1 0
 2 0
 3 3
 4 3
110 12 5
 0 2
 1 0
 2 0
 3 1
 4 2
111 17 5
 0 2
 1 0
 2 0
 3 2
 4 0
112 7 5
 0 3
 1 3
 2 0
 3 2
 4 3
113 10 5
 0 3
 1 1
 2 0
 3 0
 4 2
114 8 5
 0 3
 1 2
 2 2
 3 2
 4 0
115 18 5
 0 2
 1 0
 2 0
 3 2
 4 0
116 10 5
 0 1
 1 0
 2 2
 3 0
 4 1
117 13 5
 0 0
 1 1
 2 3
 3 3
 4 1
118 18 5
 0 2
 1 1
 2 2
 3 2
 4 1
119 14 5
 0 0
 1 1
 2 3
 3 3
 4 1
120 12 5
 0 3
 1 1
 2 1
 3 0
 4 3
121 1 5
 0 0
 1 1
 2 0
 3 0
 4 2
122 13 5
 0 2
 1 3
 2 2
 3 0
 4 3
123 11 5
 0 2
 1 3
 2 3
 3 1
 4 2
124 7 5
 0 3
 1 0
 2 1
 3 2
 4 1
125 14 5
 0 1
 1 2
 2 3
 3 0
 4 0
126 10 5
 0 3
 1 3
 2 3
 3 3
 4 0
127 11 5
 0 2
 1 2
 2 0
 3 2
 4 0
128 6 5
 0 0
 1 2
 2 0
 3 1
 4 3
129 3 5
 0 1
 1 2
 2 2
 3 0
 4 0
130 19 5
 0 0
 1 1
 2 1
 3 0
 4 0
131 11 5
 0 1
 1 0
 2 0
 3 3
 4 2
132 4 5
 0 0
 1 0
 2 3
 3 0
 4 0
133 19 5
 0 1
 1 0
 2 2
 3 1
 4 0
134 1 5
 0 0
 1 3
 2 3
 3 0
 4 1
135 16 5
 0 0
 1 2
 2 3
 3 3
 4 1
136 15 5
 0 0
 1 2
 2 0
 3 0
 4 0
137 3 5
 0 1
 1 3
 2 3
 3 0
 4 0
138 8 5
 0 0
 1 1
 2 3
 3 2
 4 0
139 9 5
 0 1
 1 1
 2 0
 3 1
 4 0
140 5 5
 0 3
 1 1
 2 0
 3 3
 4 0
141 9 5
 0 3
 1 2
 2 2
 3 2
 4 1
142 16 5
 0 2
 1 0
 2 3
 3 0
 4 0
143 5 5
 0 3
 1 2
 2 0
 3 2
 4 0
144 10 5
 0 0
 1 1
 2 1
 3 1
 4 0
145 8 5
 0 2
 1 3
 2 2
 3 3
 4 3
146 10 5
 0 0
 1 2
 2 0
 3 0
 4 0
147 7 5
 0 0
 1 1
 2 0
 3 2
 4 1
148 18 5
 0 2
 1 1
 2 3
 3 0
 4 2
149 11 5
 0 3
 1 1
 2 1
 3 0
 4 3
150 6 5
 0 0
 1 0
 2 0
 3 3
 4 0
151 5 5
 0 0
 1 0
 2 0
 3 0
 4 1
152 20 5
 0 1
 1 3
 2 1
 3 3
 4 3
153 16 5
 0 3
 1 3
 2 0
 3 0
 4 2
154 20 5
 0 0
 1 3
 2 3
 3 0
 4 1
155 8 5
 0 1
 1 3
 2 1
 3 1
 4 1
156 5 5
 0 3
 1 0
 2 2
 3 0
 4 1
157 14 5
 0 0
 1 0
 2 2
 3 3
 4 0
158 19 5
 0 1
 1 2
 2 2
 3 0
 4 2
159 9 5
 0 0
 1 3
 2 3
 3 2
 4 0
160 18 5
 0 0
 1 0
 2 0
 3 1
 4 3
161 17 5
 0 3
 1 2
 2 0
 3 0
 4 0
162 15 5
 0 3
 1 1
 2 1
 3 2
 4 0
163 8 5
 0 0
 1 0
 2 1
 3 0
 4 0
164 12 5
 0 3
 1 0
 2 1
 3 1
 4 0
165 16 5
 0 1
 1 3
 2 1
 3 0
 4 0
166 18 5
 0 3
 1 0
 2 3
 3 3
 4 0
167 12 5
 0 0
 1 0
 2 1
 3 0
 4 1
168 10 5
 0 2
 1 0
 2 3
 3 3
 4 0
169 18 5
 0 0
 1 3
 2 0
 3 0
 4 0
170 1 5
 0 3
 1 3
 2 1
 3 0
 4 0
171 7 5
 0 0
 1 0
 2 0
 3 0
 4 1
172 12 5
 0 0
 1 2
 2 0
 3 0
 4 0
173 10 5
 0 2
 1 3
 2 3
 3 1
 4 2
174 15 5
 0 3
 1 0
 2 2
 3 0
 4 0
175 15 5
 0 0
 1 2
 2 1
 3 2
 4 3
176 15 5
 0 1
 1 0
 2 0
 3 0
 4 1
177 5 5
 0 0
 1 0
 2 0
 3 3
 4 3
178 10 5
 0 3
 1 3
 2 0
 3 1
 4 1
179 1 5
 0 0
 1 0
 2 3
 3 2
 4 0
180 13 5
 0 3
 1 1
 2 3
 3 0
 4 0
181 8 5
 0 0
 1 0
 2 0
 3 2
 4 1
182 3 5
 0 0
 1 2
 2 2
 3 2
 4 2
183 15 5
 0 0
 1 2
 2 2
 3 1
 4 0
184 17 5
 0 1
 1 3
 2 2
 3 1
 4 2
185 15 5
 0 1
 1 1
 2 0
 3 2
 4 2
186 9 5
 0 0
 1 1
 2 0
 3 2
 4 2
187 11 5
 0 0
 1 3
 2 3
 3 1
 4 3
188 10 5
 0 0
 1 2
 2 0
 3 3
 4 0
189 14 5
 0 0
 1 2
 2 0
 3 2
 4 0
190 7 5
 0 3
 1 2
 2 3
 3 2
 4 0
191 11 5
 0 3
 1 0
 2 1
 3 0
 4 3
192 14 5
 0 3
 1 1
 2 3
 3 0
 4 1
193 16 5
 0 1
 1 3
 2 2
 3 0
 4 2
194 10 5
 0 3
 1 0
 2 3
 3 1
 4 3
195 2 5
 0 0
 1 1
 2 0
 3 3
 4 0
196 8 5
 0 2
 1 2
 2 0
 3 0
 4 1
197 15 5
 0 3
 1 3
 2 0
 3 0
 4 2
198 17 5
 0 1
 1 1
 2 2
 3 0
 4 1
199 20 5
 0 0
 1 3
 2 2
 3 0
 4 2
200 10 5
 0 1
 1 2
 2 0
 3 3
 4 0
201 11 5
 0 1
 1 0
 2 0
 3 1
 4 0
202 13 5
 0 0
 1 2
 2 2
 3 0
 4 0
203 8 5
 0 0
 1 2
 2 1
 3 3
 4 1
204 14 5
 0 1
 1 0
 2 2
 3 0
 4 2
205 17 5
 0 2
 1 0
 2 1
 3 3
 4 0
206 7 5
 0 3
 1 2
 2 0
 3 1
 4 0
207 4 5
 0 2
 1 0
 2 1
 3 0
 4 3
208 16 5
 0 3
 1 2
 2 1
 3 3
 4 0
209 18 5
 0 2
 1 3
 2 0
 3 3
 4 0
210 1 5
 0 0
 1 2
 2 1
 3 3
 4 3
211 12 5
 0 1
 1 2
 2 1
 3 3
 4 1
212 8 5
 0 0
 1 3
 2 0
 3 0
 4 1
213 6 5
 0 3
 1 3
 2 1
 3 2
 4 0
214 7 5
 0 0
 1 2
 2 0
 3 0
 4 0
215 4 5
 0 0
 1 3
 2 0
 3 0
 4 3
216 13 5
 0 1
 1 3
 2 1
 3 2
 4 3
217 7 5
 0 0
 1 3
 2 3
 3 2
 4 2
218 18 5
 0 0
 1 0
 2 0
 3 0
 4 2
219 8 5
 0 1
 1 2
 2 3
 3 1
 4 2
220 16 5
 0 1
 1 1
 2 0
 3 0
 4 2
221 3 5
 0 1
 1 0
 2 0
 3 0
 4 0
222 20 5
 0 1
 1 2
 2 0
 3 2
 4 3
223 12 5
 0 1
 1 1
 2 0
 3 3
 4 0
224 17 5
 0 2
 1 1
 2 1
 3 0
 4 3
225 2 5
 0 3
 1 0
 2 2
 3 0
 4 0
226 2 5
 0 0
 1 3
 2 0
 3 3
 4 0
227 17 5
 0 2
 1 1
 2 3
 3 3
 4 0
228 7 5
 0 0
 1 0
 2 2
 3 1
 4 0
229 6 5
 0 0
 1 1
 2 2
 3 0
 4 0
230 5 5
 0 3
 1 2
 2 0
 3 0
 4 1
231 10 5
 0 0
 1 1
 2 3
 3 0
 4 0
232 8 5
 0 1
 1 0
 2 1
 3 3
 4 1
233 2 5
 0 0
 1 2
 2 3
 3 0
 4 2
234 5 5
 0 0
 1 1
 2 1
 3 3
 4 1
235 7 5
 0 0
 1 1
 2 3
 3 0
 4 3
236 16 5
 0 2
 1 0
 2 2
 3 0
 4 0
237 17 5
 0 1
 1 0
 2 2
 3 0
 4 0
238 2 5
 0 0
 1 3
 2 2
 3 0
 4 2
239 14 5
 0 2
 1 0
 2 2
 3 2
 4 1
240 8 5
 0 2
 1 1
 2 0
 3 3
 4 1
241 7 5
 0 0
 1 0
 2 3
 3 2
 4 2
242 3 5
 0 0
 1 3
 2 0
 3 1
 4 0
243 4 5
 0 0
 1 3
 2 0
 3 2
 4 2
244 18 5
 0 2
 1 3
 2 1
 3 0
 4 0
245 11 5
 0 1
 1 0
 2 3
 3 3
 4 2
246 1 5
 0 1
 1 0
 2 1
 3 0
 4 3
247 6 5
 0 0
 1 1
 2 3
 3 0
 4 1
248 1 5
 0 2
 1 0
 2 0
 3 1
 4 1
249 14 5
 0 0
 1 1
 2 0
 3 2
 4 3
250 14 5
 0 0
 1 3
 2 2
 3 2
 4 0
251 18 5
 0 3
 1 1
 2 2
 3 1
 4 3
252 19 5
 0 1
 1 0
 2 0
 3 1
 4 0
253 12 5
 0 2
 1 0
 2 0
 3 2
 4 0
254 20 5
 0 0
 1 1
 2 0
 3 1
 4 3
255 1 5
 0 0
 1 1
 2 3
 3 2
 4 0
256 4 5
 0 1
 1 1
 2 3
 3 0
 4 3
257 5 5
 0 3
 1 0
 2 0
 3 3
 4 0
258 6 5
 0 1
 1 1
 2 0
 3 0
 4 0
259 13 5
 0 0
 1 0
 2 2
 3 2
 4 2
260 16 5
 0 2
 1 1
 2 2
 3 0
 4 1
261 18 5
 0 2
 1 0
 2 0
 3 3
 4 3
262 3 5
 0 2
 1 0
 2 2
 3 3
 4 3
263 8 5
 0 1
 1 2
 2 2
 3 3
 4 0
264 7 5
 0 1
 1 0
 2 3
 3 2
 4 2
265 14 5
 0 3
 1 2
 2 3
 3 1
 4 2
266 20 5
 0 3
 1 2
 2 1
 3 0
 4 3
267 12 5
 0 3
 1 0
 2 0
 3 3
 4 0
268 6 5
 0 1
 1 3
 2 2
 3 1
 4 0
269 9 5
 0 2
 1 3
 2 3
 3 0
 4 1
270 10 5
 0 0
 1 0
 2 1
 3 3
 4 2
271 2 5
 0 0
 1 3
 2 2
 3 0
 4 3
272 19 5
 0 0
 1 0
 2 1
 3 0
 4 2
273 14 5
 0 0
 1 0
 2 0
 3 2
 4 3
274 9 5
 0 0
 1 2
 2 1
 3 0
 4 0
275 18 5
 0 0
 1 0
 2 2
 3 2
 4 0
276 13 5
 0 0
 1 2
 2 2
 3 1
 4 2
277 9 5
 0 2
 1 3
 2 0
 3 3
 4 1
278 7 5
 0 2
 1 3
 2 3
 3 3
 4 0
279 2 5
 0 2
 1 2
 2 2
 3 0
 4 1
280 14 5
 0 0
 1 1
 2 0
 3 0
 4 3
281 16 5
 0 0
 1 3
 2 0
 3 3
 4 0
282 20 5
 0 3
 1 3
 2 3
 3 3
 4 0
283 16 5
 0 1
 1 1
 2 0
 3 1
 4 2
284 11 5
 0 0
 1 3
 2 0
 3 3
 4 1
285 10 5
 0 1
 1 0
 2 0
 3 2
 4 0
286 8 5
 0 3
 1 3
 2 2
 3 3
 4 0
287 15 5
 0 1
 1 0
 2 2
 3 0
 4 3
288 4 5
 0 2
 1 3
 2 2
 3 3
 4 0
289 3 5
 0 0
 1 0
 2 0
 3 3
 4 0
290 9 5
 0 2
 1 3
 2 0
 3 3
 4 3
291 15 5
 0 1
 1 1
 2 1
 3 1
 4 2
292 17 5
 0 0
 1 2
 2 0
 3 0
 4 0
293 12 5
 0 2
 1 0
 2 1
 3 3
 4 0
294 3 5
 0 2
 1 3
 2 2
 3 1
 4 2
295 12 5
 0 0
 1 0
 2 2
 3 1
 4 3
296 11 5
 0 1
 1 0
 2 0
 3 0
 4 0
297 19 5
 0 0
 1 2
 2 0
 3 0
 4 2
298 10 5
 0 0
 1 1
 2 3
 3 1
 4 0
299 12 5
 0 0
 1 0
 2 0
 3 0
 4 1
300 0 5
 0 0
 1 0
 2 0
 3 0
 4 0

# PRECEDENCES
1516
0 5
0 8
0 9
0 10
0 17
0 20
0 22
0 25
0 27
0 29
0 31
0 32
0 34
0 39
0 43
0 48
0 49
0 50
0 52
0 58
0 65
0 67
0 70
0 76
0 78
0 82
0 85
0 86
0 87
0 88
0 89
0 92
0 98
0 100
0 101
0 102
0 116
0 117
0 120
0 122
0 123
0 126
0 132
0 142
0 144
0 148
0 150
0 151
0 156
0 161
0 166
0 167
0 169
0 171
0 174
0 175
0 177
0 178
0 181
0 182
0 183
0 190
0 191
0 192
0 200
0 201
0 210
0 213
0 216
0 222
0 226
0 229
0 231
0 232
0 234
0 236
0 237
0 240
0 244
0 245
0 248
0 249
0 254
0 256
0 262
0 266
0 267
0 268
0 272
0 275
0 276
0 278
0 281
0 284
0 291
0 298
0 299
1 106
1 160
1 184
2 106
2 129
2 153
2 269
3 1
3 259
3 271
3 293
3 295
4 46
4 91
4 203
4 251
4 294
5 21
5 111
5 276
6 94
6 137
6 207
6 270
6 289
6 294
7 47
7 188
7 199
7 204
8 18
8 165
8 253
8 287
9 75
9 180
9 195
9 255
10 164
10 202
10 220
10 238
10 294
11 16
11 46
11 273
12 56
12 127
12 195
12 199
12 212
12 279
12 295
13 4
13 11
13 42
13 62
13 141
13 286
14 71
14 111
14 118
14 131
14 158
14 223
14 265
15 93
15 170
15 224
15 285
16 300
17 13
17 118
17 210
17 264
17 274
18 300
19 36
19 79
19 129
19 153
19 198
20 56
20 94
20 146
21 55
21 103
21 137
21 157
21 242
22 14
22 24
22 71
22 113
22 128
22 138
22 212
23 41
23 133
23 147
23 155
23 197
23 258
23 292
24 104
24 128
24 135
25 6
25 20
25 171
25 179
25 208
25 228
25 255
26 30
26 35
26 42
26 180
26 186
26 274
27 4
27 41
27 77
27 107
27 218
27 257
28 16
28 46
28 51
28 110
28 233
28 286
28 289
29 45
29 135
29 196
30 115
30 172
30 211
30 295
31 42
31 63
31 133
31 142
31 170
31 181
32 127
32 207
32 242
33 84
33 185
33 193
33 195
34 6
34 64
34 151
34 221
35 133
35 155
35 188
36 7
36 15
36 108
36 219
36 242
36 247
36 271
37 16
37 18
37 172
37 188
38 75
38 247
38 261
38 286
39 54
39 73
39 119
39 143
39 252
39 297
40 37
40 94
40 287
40 292
41 93
41 94
41 125
41 127
41 199
41 211
42 16
42 69
42 259
43 7
43 63
43 162
43 165
43 206
43 228
43 288
44 90
44 114
44 133
45 94
45 224
45 247
46 16
46 18
46 110
46 115
47 94
47 128
47 287
48 21
48 83
48 93
48 157
48 225
48 263
48 294
49 42
49 66
49 191
49 199
49 235
49 279
50 125
50 209
50 217
51 16
51 118
51 211
51 251
52 9
52 62
52 90
52 91
52 146
53 60
53 99
53 130
53 209
53 228
53 246
53 280
54 23
54 26
54 59
54 69
54 145
55 30
55 115
55 118
55 203
55 233
56 16
56 46
56 135
56 196
57 115
57 203
57 251
58 51
58 61
58 183
58 234
58 278
59 147
59 155
59 207
59 208
60 16
60 37
60 47
60 225
60 255
60 277
60 289
61 44
61 118
61 180
61 184
61 241
61 261
62 55
62 149
62 176
63 11
63 46
63 108
64 30
64 129
64 141
65 77
65 81
65 109
65 179
65 209
65 285
66 55
66 141
66 146
66 233
66 264
66 287
66 292
67 141
67 168
67 205
67 209
67 212
67 219
67 274
68 180
68 184
68 199
68 285
68 293
69 110
69 118
69 172
69 188
69 211
69 295
70 110
70 121
70 170
70 176
70 197
71 7
71 46
71 225
71 271
71 293
72 69
72 137
72 251
73 61
73 71
73 80
73 205
73 220
73 258
73 288
74 83
74 135
74 198
74 250
74 263
74 283
75 30
75 172
75 211
75 264
75 294
76 91
76 95
76 141
76 162
76 263
77 129
77 135
77 292
78 1
78 6
78 57
79 68
79 205
79 259
79 271
79 288
80 3
80 23
80 103
80 118
80 293
81 94
81 172
81 253
81 280
82 75
82 105
82 176
83 38
83 124
83 159
83 170
83 257
84 45
84 94
84 195
84 199
84 239
84 269
85 24
85 62
85 125
85 141
85 167
85 285
86 170
86 198
86 229
86 290
87 51
87 103
87 221
88 12
88 128
88 247
88 274
89 9
89 120
89 211
89 214
89 273
89 295
90 16
90 42
90 203
90 251
90 274
91 46
91 110
91 292
92 2
92 60
92 121
92 133
92 206
93 6
93 133
93 196
93 221
93 286
93 294
93 295
94 110
94 115
94 118
94 251
95 57
95 280
95 292
95 294
96 103
96 196
96 261
96 294
97 77
97 110
97 168
97 188
97 290
97 295
97 297
98 11
98 149
98 215
99 16
99 107
99 110
99 197
99 209
99 239
99 292
100 20
100 84
100 117
100 134
100 208
101 18
101 45
101 94
101 160
101 247
101 253
102 4
102 48
102 104
103 91
103 110
103 141
103 270
103 287
103 294
104 106
104 287
104 295
105 35
105 74
105 77
106 141
106 207
106 255
107 118
107 131
107 168
107 250
107 283
107 293
108 37
108 47
108 129
108 233
108 264
108 270
108 295
109 15
109 44
109 111
109 125
109 131
110 300
111 6
111 57
111 69
111 83
111 159
111 199
111 294
112 146
112 159
112 199
112 250
112 283
112 294
113 152
113 207
113 257
114 77
114 106
114 115
114 172
114 176
114 184
115 300
116 31
116 33
116 46
116 193
116 288
116 296
117 41
117 105
117 112
117 143
117 247
118 300
119 15
119 60
119 215
120 23
120 149
120 277
121 62
121 259
121 288
122 29
122 63
122 170
122 220
122 231
123 46
123 57
123 95
123 98
123 102
123 190
124 55
124 64
124 198
124 259
124 271
125 157
125 228
125 251
125 259
126 26
126 55
126 59
126 83
126 131
126 246
126 283
127 103
127 158
127 195
127 261
128 37
128 51
128 129
128 211
128 264
129 110
129 172
129 188
129 251
129 286
130 68
130 131
130 160
130 247
130 271
131 16
131 106
131 108
131 115
131 159
131 168
131 243
132 16
132 55
132 183
132 248
132 251
133 38
133 46
133 91
133 143
134 45
134 112
134 129
134 180
134 295
135 16
135 46
135 51
135 203
135 287
135 289
135 292
136 111
136 143
136 159
136 168
136 286
137 51
137 69
137 115
137 129
137 172
137 211
138 13
138 33
138 131
138 147
138 180
138 246
139 15
139 206
139 260
140 2
140 68
140 133
140 134
140 247
141 16
141 18
141 115
141 118
141 251
141 264
141 287
142 131
142 206
142 220
142 225
142 251
142 269
142 297
143 16
143 37
143 51
144 7
144 15
144 139
144 160
144 282
144 290
145 37
145 63
145 72
145 95
145 129
145 243
146 30
146 110
146 172
146 188
146 203
146 211
146 264
147 11
147 109
147 239
147 257
148 59
148 75
148 99
148 115
148 200
148 217
149 55
149 91
149 94
149 110
149 211
149 247
149 289
150 45
150 209
150 227
151 118
151 219
151 262
151 277
152 11
152 47
152 55
152 96
153 4
153 199
153 259
154 35
154 83
154 149
154 269
154 277
155 159
155 176
155 250
155 274
155 280
155 285
156 9
156 110
156 220
156 283
157 143
157 221
157 243
158 81
158 118
158 176
158 197
158 209
158 292
158 297
159 16
159 110
159 135
159 184
159 285
159 286
160 38
160 141
160 233
161 30
161 33
161 91
161 162
161 195
161 263
161 282
162 1
162 51
162 72
162 143
163 18
163 103
163 135
163 225
164 154
164 170
164 186
164 219
165 159
165 253
165 274
166 8
166 36
166 75
166 154
166 283
167 44
167 84
167 202
167 218
167 243
167 282
168 4
168 16
168 75
168 135
168 143
168 233
168 253
169 14
169 86
169 114
170 46
170 69
170 159
170 204
170 287
170 295
171 4
171 259
171 294
172 300
173 11
173 57
173 104
173 105
173 131
173 208
173 288
174 38
174 60
174 180
174 288
175 187
175 193
175 217
175 246
176 118
176 143
176 159
176 172
176 207
176 255
176 287
177 48
177 68
177 69
177 98
177 170
177 211
177 219
178 11
178 187
178 215
178 285
178 289
179 68
179 133
179 225
179 251
179 257
180 6
180 40
180 124
180 143
180 218
180 220
180 290
181 38
181 110
181 228
182 40
182 194
182 227
183 71
183 126
183 153
183 190
183 203
183 276
184 94
184 115
184 129
184 203
184 251
184 294
185 51
185 63
185 66
185 270
185 286
185 297
186 41
186 110
186 112
186 136
186 225
186 243
187 16
187 40
187 68
187 147
187 179
187 196
187 292
188 300
189 2
189 72
189 81
189 180
189 207
189 238
190 6
190 25
190 64
190 114
190 142
190 259
190 294
191 47
191 94
191 211
191 221
191 264
191 271
191 295
192 40
192 69
192 108
192 119
192 221
192 271
193 1
193 176
193 196
193 224
193 228
194 18
194 140
194 218
195 30
195 203
195 247
195 285
196 40
196 91
196 146
197 28
197 94
197 135
198 37
198 94
198 135
198 233
198 294
199 46
199 141
199 264
200 16
200 124
200 129
200 158
200 211
200 217
200 259
201 1
201 27
201 41
201 83
201 156
201 261
202 72
202 176
202 251
203 172
203 188
203 211
203 251
204 37
204 118
204 129
204 203
205 63
205 136
205 163
205 283
206 2
206 104
206 172
207 37
207 46
207 172
207 211
207 261
207 287
207 295
208 18
208 21
208 37
208 155
208 242
209 57
209 75
209 149
209 207
209 251
209 257
209 289
210 56
210 124
210 168
210 188
210 195
210 220
210 270
211 300
212 15
212 255
212 264
212 280
213 1
213 168
213 187
214 66
214 106
214 209
214 282
215 72
215 149
215 221
215 233
215 253
216 69
216 97
216 147
216 155
216 217
216 269
217 7
217 81
217 128
217 179
218 75
218 91
218 135
218 199
218 204
218 273
219 18
219 91
219 153
219 209
219 271
219 283
220 38
220 62
220 129
220 196
220 224
220 297
221 37
221 103
221 159
221 253
221 274
221 292
222 121
222 187
222 286
222 292
223 4
223 21
223 91
223 108
223 130
223 282
224 66
224 128
224 133
224 292
225 199
225 233
225 292
226 46
226 74
226 109
226 131
226 133
226 259
226 273
227 4
227 158
227 170
227 180
227 195
227 197
228 4
228 16
228 42
228 47
228 233
229 64
229 94
229 215
230 26
230 235
230 292
231 41
231 212
231 287
231 294
232 94
232 153
232 224
232 260
232 273
233 300
234 87
234 130
234 197
234 225
234 297
235 103
235 107
235 157
236 9
236 122
236 137
236 285
236 295
237 59
237 72
237 110
237 199
238 209
238 220
238 264
238 277
238 280
238 295
239 75
239 225
239 247
240 36
240 73
240 121
240 224
241 18
241 96
241 97
241 286
242 6
242 57
242 270
242 273
243 46
243 64
243 66
243 233
243 285
244 28
244 196
244 247
245 66
245 116
245 128
245 176
245 191
245 224
246 110
246 141
246 146
246 180
246 184
247 30
247 203
247 286
248 28
248 101
248 155
248 208
248 244
249 1
249 23
249 93
249 195
249 211
249 247
249 296
250 118
250 159
250 172
250 199
250 211
250 255
250 264
251 300
252 42
252 59
252 207
253 118
253 128
253 251
254 6
254 37
254 38
254 129
254 184
254 264
255 69
255 129
255 135
255 143
256 28
256 48
256 209
256 215
256 251
257 66
257 77
257 135
257 172
257 196
257 204
258 63
258 135
258 179
258 197
258 198
258 228
258 282
259 30
259 115
259 135
259 137
259 141
259 146
259 172
260 137
260 153
260 198
260 238
260 270
261 110
261 115
261 295
262 99
262 162
262 185
262 242
263 16
263 165
263 207
263 211
264 16
264 18
264 110
264 118
264 188
264 211
265 30
265 129
265 149
265 189
265 286
266 61
266 83
266 158
266 193
266 207
266 223
266 237
267 2
267 114
267 129
267 135
267 145
267 184
268 12
268 54
268 217
269 28
269 64
269 274
270 30
270 233
270 251
270 264
271 16
271 137
271 188
271 247
271 270
272 64
272 88
272 189
272 280
273 30
273 172
273 188
274 40
274 203
274 264
275 38
275 106
275 197
275 288
276 45
276 55
276 106
276 165
276 191
276 233
276 247
277 6
277 176
277 197
277 233
277 243
277 274
277 280
278 18
278 44
278 242
279 45
279 93
279 94
280 38
280 64
280 118
280 196
280 255
281 2
281 41
281 151
281 153
281 173
282 1
282 83
282 141
282 155
282 197
282 292
283 69
283 91
283 110
283 141
283 261
284 7
284 127
284 134
284 137
284 197
284 233
284 282
285 16
285 51
285 172
285 203
285 233
285 251
285 287
286 300
287 16
287 172
287 188
287 233
287 251
288 64
288 96
288 110
288 195
288 221
289 18
289 118
289 172
289 188
289 211
289 233
289 251
290 72
290 196
290 203
290 285
291 113
291 123
291 143
291 214
291 255
292 16
292 110
292 115
292 188
292 211
292 286
292 295
293 42
293 129
293 153
293 188
293 198
293 233
293 261
294 110
294 118
294 188
294 211
294 233
294 251
294 286
295 300
296 136
296 214
296 238
297 18
297 28
297 72
297 103
297 135
297 250
297 285
298 19
298 53
298 173
298 230
298 239
299 6
299 243
299 259
