# Tier 6 (Large) - Instance 47
# Generated with config: N=141, K=5, topology=grid, calendar=random

# HEADER: <num_tasks> <num_types> <num_units>
143 5 40

# RESOURCE TYPES
# Format: <type_id> <num_units> <unit_id1> <unit_id2> ...
0 8 0 1 2 3 4 5 6 7
1 8 8 9 10 11 12 13 14 15
2 7 16 17 18 19 20 21 22
3 8 23 24 25 26 27 28 29 30
4 9 31 32 33 34 35 36 37 38 39

# RESOURCE UNITS (Calendars)
# Format: <unit_id> <num_steps> <t1> <v1> <t2> <v2> ...
0 28 0 100 92 0 102 100 188 0 197 100 243 0 252 100 255 0 269 100 379 0 392 100 456 0 470 100 497 0 506 100 528 0 541 100 587 0 601 100 639 0 650 100 658 0 672 100 696 0 709 100 740 0 753 100 957 0
1 26 0 100 52 0 62 100 177 0 189 100 193 0 194 100 281 0 290 100 352 0 363 100 368 0 371 100 401 0 413 100 422 0 434 100 448 0 459 100 785 0 799 100 839 0 852 100 935 0 946 100 957 0
2 32 0 100 26 0 36 100 93 0 105 100 113 0 136 100 161 0 171 100 209 0 223 100 316 0 328 100 378 0 390 100 462 0 475 100 523 0 534 100 603 0 615 100 690 0 704 100 788 0 802 100 806 0 817 100 874 0 887 100 917 0 927 100 957 0
3 38 0 100 31 0 42 100 67 0 76 100 85 0 95 100 97 0 108 100 157 0 166 100 223 0 237 100 273 0 284 100 310 0 322 100 354 0 363 100 384 0 393 100 496 0 506 100 611 0 620 100 717 0 731 100 740 0 751 100 760 0 774 100 804 0 817 100 842 0 853 100 929 0 941 100 957 0
4 32 0 100 42 0 51 100 129 0 139 100 223 0 234 100 237 0 250 100 308 0 321 100 336 0 350 100 394 0 408 100 449 0 462 100 551 0 560 100 614 0 623 100 700 0 710 100 810 0 823 100 832 0 843 100 857 0 868 100 947 0 956 100 957 0
5 34 0 100 50 0 60 100 113 0 126 100 145 0 155 100 169 0 180 100 279 0 292 100 311 0 322 100 389 0 402 100 455 0 468 100 509 0 522 100 563 0 572 100 631 0 642 100 661 0 672 100 696 0 707 100 741 0 755 100 779 0 790 100 871 0 884 100 957 0
6 32 0 100 20 0 32 100 139 0 148 100 291 0 303 100 306 0 308 100 360 0 371 100 378 0 388 100 455 0 469 100 490 0 502 100 608 0 620 100 636 0 650 100 655 0 665 100 667 0 676 100 710 0 720 100 731 0 744 100 898 0 910 100 957 0
7 28 0 100 57 0 69 100 137 0 147 100 158 0 170 100 181 0 205 100 303 0 314 100 374 0 383 100 550 0 559 100 606 0 615 100 729 0 757 100 866 0 880 100 886 0 898 100 900 0 911 100 928 0 941 100 957 0
8 30 0 100 59 0 71 100 93 0 104 100 182 0 192 100 251 0 262 100 281 0 292 100 298 0 307 100 319 0 332 100 535 0 546 100 565 0 577 100 585 0 596 100 678 0 687 100 720 0 731 100 799 0 811 100 860 0 869 100 957 0
9 30 0 100 90 0 100 100 121 0 134 100 254 0 266 100 304 0 318 100 321 0 334 100 433 0 445 100 531 0 542 100 635 0 645 100 673 0 682 100 683 0 694 100 724 0 734 100 794 0 808 100 826 0 838 100 921 0 941 100 957 0
10 32 0 100 12 0 25 100 90 0 100 100 252 0 266 100 286 0 300 100 305 0 319 100 372 0 382 100 385 0 394 100 434 0 448 100 515 0 527 100 537 0 548 100 575 0 588 100 740 0 749 100 787 0 801 100 815 0 827 100 897 0 911 100 957 0
11 32 0 100 68 0 77 100 78 0 89 100 164 0 173 100 205 0 217 100 310 0 322 100 334 0 344 100 351 0 363 100 372 0 383 100 480 0 493 100 564 0 573 100 596 0 610 100 677 0 687 100 710 0 721 100 827 0 836 100 852 0 864 100 957 0
12 30 0 100 13 0 26 100 122 0 132 100 205 0 216 100 347 0 360 100 362 0 375 100 432 0 445 100 470 0 484 100 495 0 508 100 553 0 563 100 603 0 616 100 623 0 637 100 641 0 653 100 720 0 733 100 762 0 771 100 957 0
13 32 0 100 34 0 43 100 50 0 59 100 133 0 144 100 165 0 175 100 176 0 190 100 369 0 382 100 417 0 427 100 553 0 566 100 580 0 594 100 601 0 611 100 654 0 666 100 706 0 716 100 755 0 768 100 882 0 896 100 914 0 928 100 957 0
14 30 0 100 46 0 59 100 63 0 77 100 79 0 91 100 346 0 358 100 383 0 393 100 407 0 421 100 531 0 554 100 576 0 590 100 631 0 644 100 690 0 699 100 711 0 721 100 796 0 810 100 833 0 845 100 856 0 870 100 957 0
15 32 0 100 109 0 122 100 129 0 141 100 385 0 395 100 401 0 415 100 453 0 464 100 476 0 490 100 532 0 543 100 566 0 578 100 653 0 664 100 683 0 693 100 739 0 764 100 771 0 780 100 825 0 837 100 909 0 922 100 944 0 954 100 957 0
16 24 0 100 9 0 23 100 310 0 321 100 359 0 371 100 377 0 378 100 428 0 440 100 466 0 479 100 585 0 595 100 738 0 749 100 782 0 793 100 813 0 825 100 886 0 897 100 957 0
17 30 0 100 48 0 60 100 74 0 87 100 161 0 175 100 190 0 199 100 250 0 259 100 306 0 315 100 328 0 338 100 369 0 382 100 435 0 444 100 470 0 484 100 515 0 525 100 600 0 610 100 692 0 704 100 859 0 872 100 957 0
18 32 0 100 3 0 13 100 53 0 79 100 100 0 113 100 148 0 158 100 175 0 186 100 255 0 269 100 310 0 321 100 358 0 367 100 517 0 531 100 593 0 606 100 622 0 635 100 647 0 659 100 690 0 702 100 866 0 876 100 877 0 890 100 957 0
19 32 0 100 30 0 44 100 95 0 106 100 140 0 152 100 162 0 164 100 219 0 231 100 238 0 247 100 454 0 466 100 509 0 520 100 577 0 587 100 698 0 711 100 713 0 725 100 737 0 747 100 781 0 793 100 810 0 821 100 889 0 903 100 957 0
20 24 0 100 6 0 18 100 74 0 86 100 104 0 115 100 168 0 182 100 412 0 421 100 510 0 524 100 540 0 551 100 566 0 577 100 715 0 725 100 726 0 740 100 887 0 896 100 957 0
21 22 0 100 74 0 87 100 174 0 187 100 236 0 246 100 279 0 291 100 439 0 448 100 488 0 497 100 640 0 653 100 736 0 745 100 759 0 770 100 939 0 951 100 957 0
22 30 0 100 143 0 152 100 161 0 174 100 205 0 215 100 260 0 272 100 298 0 308 100 338 0 352 100 400 0 411 100 439 0 450 100 519 0 533 100 609 0 623 100 776 0 785 100 812 0 826 100 874 0 887 100 913 0 925 100 957 0
23 30 0 100 1 0 11 100 55 0 68 100 150 0 161 100 246 0 259 100 306 0 317 100 330 0 344 100 346 0 360 100 373 0 382 100 445 0 457 100 563 0 574 100 600 0 612 100 723 0 735 100 805 0 814 100 903 0 914 100 957 0
24 32 0 100 76 0 89 100 196 0 205 100 238 0 251 100 276 0 288 100 364 0 374 100 379 0 381 100 464 0 477 100 503 0 513 100 550 0 563 100 601 0 614 100 623 0 636 100 652 0 663 100 673 0 685 100 895 0 905 100 945 0 956 100 957 0
25 28 0 100 175 0 198 100 380 0 390 100 459 0 470 100 494 0 506 100 510 0 520 100 540 0 552 100 571 0 583 100 596 0 610 100 617 0 643 100 669 0 682 100 691 0 703 100 774 0 788 100 931 0 944 100 957 0
26 32 0 100 40 0 54 100 220 0 230 100 286 0 296 100 300 0 303 100 315 0 328 100 359 0 370 100 597 0 611 100 626 0 639 100 648 0 660 100 693 0 702 100 719 0 728 100 776 0 786 100 890 0 901 100 916 0 927 100 932 0 946 100 957 0
27 32 0 100 50 0 63 100 98 0 111 100 155 0 168 100 176 0 187 100 203 0 217 100 282 0 292 100 360 0 374 100 394 0 405 100 468 0 481 100 493 0 504 100 535 0 547 100 593 0 606 100 736 0 750 100 840 0 852 100 939 0 948 100 957 0
28 34 0 100 9 0 21 100 88 0 99 100 178 0 190 100 235 0 248 100 284 0 298 100 329 0 339 100 422 0 436 100 449 0 458 100 494 0 505 100 508 0 520 100 540 0 552 100 594 0 606 100 639 0 650 100 805 0 814 100 853 0 864 100 927 0 941 100 957 0
29 32 0 100 35 0 46 100 109 0 119 100 140 0 153 100 195 0 209 100 317 0 330 100 396 0 408 100 448 0 461 100 500 0 509 100 547 0 560 100 609 0 618 100 726 0 737 100 743 0 755 100 822 0 831 100 865 0 878 100 942 0 954 100 957 0
30 32 0 100 4 0 18 100 47 0 58 100 103 0 116 100 155 0 166 100 175 0 187 100 506 0 518 100 534 0 544 100 576 0 590 100 599 0 613 100 634 0 647 100 687 0 699 100 702 0 713 100 789 0 798 100 802 0 813 100 843 0 855 100 957 0
31 28 0 100 8 0 18 100 26 0 35 100 50 0 62 100 73 0 82 100 89 0 102 100 112 0 122 100 127 0 129 100 256 0 267 100 472 0 482 100 615 0 629 100 678 0 687 100 726 0 738 100 924 0 934 100 957 0
32 26 0 100 1 0 15 100 78 0 89 100 206 0 216 100 229 0 238 100 347 0 359 100 437 0 448 100 670 0 679 100 713 0 722 100 735 0 745 100 844 0 858 100 881 0 893 100 911 0 920 100 957 0
33 28 0 100 22 0 32 100 34 0 43 100 79 0 92 100 274 0 288 100 602 0 613 100 628 0 640 100 660 0 672 100 688 0 698 100 710 0 723 100 788 0 798 100 862 0 875 100 876 0 890 100 891 0 900 100 957 0
34 30 0 100 175 0 189 100 287 0 301 100 305 0 318 100 393 0 407 100 447 0 458 100 509 0 518 100 562 0 574 100 635 0 647 100 661 0 672 100 705 0 716 100 728 0 741 100 775 0 788 100 806 0 816 100 905 0 914 100 957 0
35 32 0 100 8 0 20 100 21 0 35 100 40 0 44 100 52 0 66 100 106 0 118 100 135 0 146 100 418 0 431 100 467 0 480 100 526 0 538 100 621 0 635 100 740 0 750 100 765 0 779 100 841 0 854 100 874 0 883 100 897 0 907 100 957 0
36 32 0 100 12 0 23 100 27 0 36 100 65 0 74 100 81 0 106 100 148 0 160 100 170 0 183 100 191 0 204 100 211 0 220 100 267 0 281 100 492 0 506 100 668 0 679 100 685 0 699 100 700 0 710 100 868 0 879 100 899 0 913 100 957 0
37 28 0 100 48 0 60 100 84 0 94 100 209 0 220 100 305 0 318 100 414 0 425 100 499 0 513 100 523 0 536 100 574 0 588 100 595 0 609 100 709 0 719 100 743 0 757 100 781 0 794 100 813 0 825 100 957 0
38 34 0 100 41 0 54 100 90 0 99 100 146 0 159 100 177 0 191 100 198 0 209 100 231 0 241 100 394 0 407 100 476 0 485 100 496 0 510 100 556 0 567 100 715 0 724 100 730 0 739 100 741 0 754 100 779 0 792 100 796 0 808 100 914 0 924 100 957 0
39 32 0 100 80 0 92 100 97 0 106 100 192 0 202 100 227 0 236 100 284 0 296 100 345 0 355 100 399 0 412 100 453 0 466 100 495 0 509 100 590 0 600 100 694 0 703 100 713 0 727 100 834 0 848 100 859 0 869 100 893 0 907 100 957 0

# TASKS
# Format: <task_id> <size> <num_reqs>
# Then for each requirement: <type_id> <qty>
0 0 5
 0 0
 1 0
 2 0
 3 0
 4 0
1 10 5
 0 2
 1 0
 2 0
 3 0
 4 2
2 12 5
 0 1
 1 1
 2 3
 3 3
 4 2
3 11 5
 0 2
 1 3
 2 1
 3 1
 4 2
4 8 5
 0 0
 1 1
 2 3
 3 2
 4 3
5 10 5
 0 1
 1 0
 2 3
 3 0
 4 2
6 15 5
 0 0
 1 0
 2 3
 3 0
 4 1
7 3 5
 0 3
 1 3
 2 1
 3 0
 4 1
8 13 5
 0 3
 1 3
 2 2
 3 0
 4 0
9 6 5
 0 3
 1 0
 2 2
 3 0
 4 2
10 3 5
 0 3
 1 1
 2 2
 3 1
 4 0
11 10 5
 0 0
 1 3
 2 0
 3 2
 4 2
12 10 5
 0 3
 1 1
 2 0
 3 2
 4 2
13 7 5
 0 0
 1 2
 2 1
 3 1
 4 0
14 6 5
 0 0
 1 2
 2 3
 3 0
 4 3
15 10 5
 0 1
 1 0
 2 3
 3 3
 4 1
16 6 5
 0 0
 1 2
 2 2
 3 1
 4 1
17 7 5
 0 0
 1 0
 2 1
 3 2
 4 0
18 5 5
 0 0
 1 1
 2 1
 3 2
 4 0
19 4 5
 0 1
 1 3
 2 2
 3 0
 4 2
20 5 5
 0 0
 1 1
 2 1
 3 2
 4 0
21 9 5
 0 2
 1 0
 2 2
 3 0
 4 0
22 7 5
 0 2
 1 1
 2 0
 3 2
 4 3
23 8 5
 0 1
 1 3
 2 3
 3 2
 4 1
24 14 5
 0 1
 1 0
 2 1
 3 2
 4 0
25 4 5
 0 3
 1 0
 2 0
 3 3
 4 1
26 8 5
 0 0
 1 2
 2 1
 3 0
 4 0
27 15 5
 0 2
 1 0
 2 3
 3 3
 4 0
28 11 5
 0 2
 1 2
 2 0
 3 3
 4 1
29 8 5
 0 0
 1 0
 2 2
 3 1
 4 1
30 10 5
 0 1
 1 2
 2 1
 3 1
 4 1
31 5 5
 0 3
 1 2
 2 2
 3 0
 4 3
32 14 5
 0 3
 1 0
 2 0
 3 0
 4 3
33 11 5
 0 0
 1 2
 2 2
 3 0
 4 0
34 3 5
 0 0
 1 2
 2 0
 3 2
 4 2
35 8 5
 0 0
 1 0
 2 3
 3 0
 4 0
36 14 5
 0 3
 1 3
 2 2
 3 3
 4 0
37 12 5
 0 0
 1 1
 2 2
 3 1
 4 3
38 11 5
 0 2
 1 0
 2 2
 3 2
 4 1
39 11 5
 0 1
 1 0
 2 1
 3 0
 4 3
40 15 5
 0 1
 1 0
 2 3
 3 3
 4 2
41 8 5
 0 2
 1 3
 2 1
 3 2
 4 0
42 15 5
 0 2
 1 1
 2 0
 3 0
 4 0
43 5 5
 0 0
 1 3
 2 1
 3 1
 4 0
44 9 5
 0 0
 1 3
 2 2
 3 0
 4 3
45 4 5
 0 2
 1 0
 2 0
 3 3
 4 1
46 8 5
 0 1
 1 1
 2 0
 3 0
 4 0
47 4 5
 0 3
 1 1
 2 3
 3 0
 4 0
48 13 5
 0 3
 1 1
 2 3
 3 2
 4 0
49 5 5
 0 2
 1 1
 2 3
 3 0
 4 2
50 9 5
 0 0
 1 0
 2 3
 3 0
 4 0
51 12 5
 0 0
 1 0
 2 0
 3 1
 4 0
52 15 5
 0 0
 1 1
 2 2
 3 3
 4 1
53 13 5
 0 3
 1 2
 2 1
 3 3
 4 0
54 9 5
 0 2
 1 0
 2 0
 3 2
 4 2
55 13 5
 0 3
 1 0
 2 2
 3 3
 4 1
56 6 5
 0 3
 1 1
 2 1
 3 0
 4 3
57 14 5
 0 0
 1 2
 2 0
 3 0
 4 2
58 7 5
 0 1
 1 2
 2 1
 3 3
 4 0
59 7 5
 0 3
 1 3
 2 0
 3 3
 4 3
60 11 5
 0 1
 1 1
 2 2
 3 1
 4 0
61 11 5
 0 0
 1 3
 2 0
 3 2
 4 2
62 9 5
 0 1
 1 2
 2 2
 3 0
 4 0
63 9 5
 0 2
 1 0
 2 0
 3 0
 4 3
64 8 5
 0 1
 1 0
 2 1
 3 0
 4 1
65 11 5
 0 2
 1 0
 2 1
 3 0
 4 3
66 15 5
 0 3
 1 0
 2 0
 3 3
 4 2
67 4 5
 0 2
 1 1
 2 1
 3 0
 4 1
68 9 5
 0 0
 1 3
 2 0
 3 0
 4 2
69 7 5
 0 3
 1 3
 2 2
 3 1
 4 2
70 7 5
 0 0
 1 0
 2 3
 3 3
 4 1
71 13 5
 0 0
 1 1
 2 1
 3 2
 4 1
72 3 5
 0 0
 1 1
 2 0
 3 3
 4 2
73 3 5
 0 1
 1 0
 2 0
 3 0
 4 3
74 8 5
 0 0
 1 3
 2 2
 3 2
 4 3
75 5 5
 0 0
 1 2
 2 3
 3 1
 4 0
76 13 5
 0 1
 1 1
 2 1
 3 3
 4 1
77 12 5
 0 0
 1 2
 2 1
 3 1
 4 2
78 14 5
 0 0
 1 0
 2 0
 3 3
 4 3
79 14 5
 0 0
 1 2
 2 1
 3 3
 4 2
80 3 5
 0 3
 1 3
 2 1
 3 0
 4 2
81 10 5
 0 1
 1 1
 2 0
 3 0
 4 3
82 10 5
 0 2
 1 1
 2 2
 3 3
 4 0
83 5 5
 0 0
 1 3
 2 2
 3 3
 4 3
84 4 5
 0 3
 1 1
 2 2
 3 2
 4 0
85 12 5
 0 0
 1 0
 2 0
 3 0
 4 1
86 6 5
 0 2
 1 1
 2 2
 3 2
 4 2
87 9 5
 0 2
 1 0
 2 2
 3 1
 4 2
88 4 5
 0 0
 1 2
 2 3
 3 3
 4 2
89 4 5
 0 1
 1 0
 2 1
 3 2
 4 1
90 11 5
 0 0
 1 1
 2 2
 3 0
 4 0
91 14 5
 0 2
 1 3
 2 0
 3 3
 4 1
92 9 5
 0 1
 1 3
 2 1
 3 3
 4 2
93 14 5
 0 3
 1 2
 2 2
 3 3
 4 1
94 12 5
 0 0
 1 0
 2 0
 3 2
 4 1
95 5 5
 0 0
 1 0
 2 3
 3 2
 4 0
96 14 5
 0 0
 1 0
 2 2
 3 1
 4 1
97 5 5
 0 2
 1 2
 2 3
 3 1
 4 3
98 8 5
 0 3
 1 2
 2 2
 3 2
 4 2
99 9 5
 0 1
 1 0
 2 2
 3 2
 4 0
100 11 5
 0 2
 1 2
 2 3
 3 0
 4 0
101 8 5
 0 1
 1 0
 2 3
 3 3
 4 3
102 13 5
 0 1
 1 3
 2 0
 3 3
 4 1
103 3 5
 0 0
 1 2
 2 1
 3 0
 4 0
104 9 5
 0 2
 1 2
 2 2
 3 0
 4 0
105 12 5
 0 3
 1 1
 2 3
 3 3
 4 0
106 7 5
 0 1
 1 2
 2 3
 3 0
 4 0
107 15 5
 0 1
 1 0
 2 1
 3 0
 4 0
108 11 5
 0 2
 1 3
 2 1
 3 3
 4 0
109 3 5
 0 1
 1 3
 2 2
 3 0
 4 3
110 3 5
 0 0
 1 3
 2 0
 3 2
 4 0
111 6 5
 0 3
 1 0
 2 2
 3 3
 4 2
112 10 5
 0 0
 1 1
 2 1
 3 0
 4 2
113 9 5
 0 0
 1 2
 2 0
 3 2
 4 1
114 12 5
 0 3
 1 1
 2 3
 3 0
 4 0
115 8 5
 0 1
 1 3
 2 2
 3 1
 4 0
116 10 5
 0 3
 1 0
 2 0
 3 3
 4 0
117 7 5
 0 0
 1 0
 2 0
 3 3
 4 0
118 10 5
 0 0
 1 0
 2 2
 3 1
 4 3
119 10 5
 0 3
 1 2
 2 2
 3 1
 4 2
120 9 5
 0 1
 1 2
 2 0
 3 0
 4 2
121 8 5
 0 3
 1 1
 2 3
 3 3
 4 0
122 13 5
 0 0
 1 1
 2 2
 3 1
 4 2
123 7 5
 0 3
 1 2
 2 2
 3 3
 4 3
124 10 5
 0 3
 1 3
 2 2
 3 3
 4 1
125 7 5
 0 2
 1 3
 2 0
 3 2
 4 3
126 10 5
 0 2
 1 0
 2 2
 3 2
 4 0
127 15 5
 0 0
 1 3
 2 3
 3 2
 4 0
128 12 5
 0 0
 1 3
 2 3
 3 2
 4 3
129 7 5
 0 0
 1 2
 2 2
 3 2
 4 1
130 3 5
 0 2
 1 0
 2 1
 3 2
 4 3
131 15 5
 0 0
 1 3
 2 1
 3 2
 4 1
132 12 5
 0 0
 1 0
 2 2
 3 0
 4 0
133 14 5
 0 2
 1 2
 2 0
 3 2
 4 3
134 11 5
 0 0
 1 3
 2 1
 3 2
 4 3
135 7 5
 0 0
 1 0
 2 2
 3 0
 4 0
136 12 5
 0 3
 1 3
 2 0
 3 1
 4 1
137 11 5
 0 1
 1 2
 2 0
 3 0
 4 1
138 15 5
 0 0
 1 3
 2 2
 3 1
 4 1
139 10 5
 0 1
 1 0
 2 2
 3 0
 4 1
140 7 5
 0 3
 1 2
 2 1
 3 2
 4 3
141 14 5
 0 1
 1 1
 2 0
 3 0
 4 2
142 0 5
 0 0
 1 0
 2 0
 3 0
 4 0

# PRECEDENCES
279
6 18
67 68
33 45
44 45
88 100
98 110
99 100
70 82
8 9
125 137
0 5
29 41
40 41
39 51
100 101
11 23
66 78
121 133
137 138
41 42
7 19
18 19
62 74
72 84
73 74
136 142
133 134
44 56
99 111
3 15
14 15
134 142
9 10
0 7
74 75
129 130
40 52
95 107
106 107
138 142
100 112
111 112
15 16
36 48
47 48
42 43
96 108
107 108
18 30
73 85
128 140
134 135
38 39
103 104
0 9
14 26
69 81
80 81
9 21
75 76
85 86
129 141
140 141
106 118
10 22
16 17
71 72
81 82
136 137
47 59
102 114
42 54
139 142
107 119
118 119
22 23
77 78
0 2
43 55
38 50
49 50
104 105
103 115
114 115
80 92
109 110
75 87
13 14
34 46
45 46
55 56
110 111
76 88
50 51
105 106
16 28
71 83
82 83
81 93
51 52
108 120
46 47
23 24
12 24
67 79
77 89
78 79
83 84
138 139
49 61
104 116
115 116
114 126
8 20
19 20
79 80
45 57
56 57
55 67
110 122
105 117
116 117
82 94
20 21
41 53
52 53
51 63
46 58
57 58
112 113
23 35
78 90
89 90
135 142
115 127
53 54
19 31
30 31
74 86
25 26
79 91
90 91
56 68
111 123
137 142
15 27
26 27
21 22
20 32
31 32
86 87
52 64
141 142
113 114
112 124
17 18
123 124
89 101
27 28
0 11
48 60
54 55
53 65
64 65
119 120
30 42
85 97
5 6
26 38
21 33
87 88
86 98
97 98
92 104
1 2
0 4
118 130
22 34
113 125
17 29
28 29
27 39
93 94
88 89
54 66
109 121
119 131
13 25
29 30
50 62
61 62
60 72
126 127
133 142
121 122
87 99
0 6
2 3
1 13
122 123
62 63
117 118
28 40
83 95
94 95
93 105
120 132
3 4
58 59
24 36
35 36
84 96
95 96
61 73
116 128
127 128
126 138
0 8
91 92
2 14
57 69
68 69
122 134
63 64
117 129
128 129
94 106
32 33
4 5
59 60
25 37
58 70
69 70
35 47
90 102
101 102
124 125
0 1
127 139
10 11
65 66
0 10
31 43
37 38
92 93
140 142
91 103
102 103
68 80
6 7
123 135
63 75
139 140
33 34
32 44
43 44
98 99
64 76
4 16
59 71
70 71
124 136
125 126
135 136
101 113
39 40
130 131
0 3
5 17
34 35
0 12
11 12
66 67
65 77
76 77
131 132
97 109
37 49
7 8
