# Tier 6 (Large) - Instance 78
# Generated with config: N=295, K=4, topology=grid, calendar=random

# HEADER: <num_tasks> <num_types> <num_units>
297 4 21

# RESOURCE TYPES
# Format: <type_id> <num_units> <unit_id1> <unit_id2> ...
0 6 0 1 2 3 4 5
1 4 6 7 8 9
2 7 10 11 12 13 14 15 16
3 4 17 18 19 20

# RESOURCE UNITS (Calendars)
# Format: <unit_id> <num_steps> <t1> <v1> <t2> <v2> ...
0 24 0 0 12 100 112 0 129 100 246 0 259 100 367 0 378 100 545 0 551 100 661 0 677 100 851 0 868 100 1066 0 1077 100 1216 0 1221 100 1347 0 1365 100 1507 0 1516 100 1554 0 2766 0
1 24 0 0 8 100 189 0 207 100 306 0 322 100 453 0 463 100 499 0 509 100 557 0 560 100 729 0 732 100 916 0 921 100 1007 0 1014 100 1183 0 1196 100 1269 0 1286 100 1341 0 2766 0
2 24 0 100 120 0 130 100 315 0 320 100 495 0 504 100 548 0 562 100 639 0 657 100 802 0 804 100 958 0 970 100 1182 0 1187 100 1296 0 1307 100 1471 0 1485 100 1620 0 1632 100 2766 0
3 24 0 0 3 100 113 0 127 100 308 0 317 100 507 0 514 100 574 0 585 100 624 0 628 100 729 0 741 100 817 0 826 100 943 0 956 100 1044 0 1053 100 1263 0 1276 100 1360 0 2766 0
4 24 0 100 181 0 187 100 312 0 326 100 383 0 386 100 490 0 502 100 690 0 695 100 783 0 786 100 831 0 843 100 939 0 954 100 1042 0 1051 100 1117 0 1125 100 1210 0 1218 100 2766 0
5 24 0 100 192 0 199 100 349 0 360 100 436 0 439 100 544 0 556 100 653 0 668 100 871 0 885 100 942 0 948 100 1132 0 1149 100 1195 0 1205 100 1373 0 1384 100 1443 0 1448 100 2766 0
6 24 0 0 15 100 191 0 197 100 367 0 369 100 408 0 417 100 571 0 586 100 736 0 753 100 952 0 957 100 1155 0 1172 100 1221 0 1238 100 1355 0 1368 100 1446 0 1451 100 1521 0 2766 0
7 24 0 100 169 0 178 100 304 0 306 100 441 0 455 100 646 0 654 100 710 0 722 100 794 0 806 100 919 0 930 100 1138 0 1146 100 1284 0 1298 100 1503 0 1511 100 1649 0 1663 100 2766 0
8 24 0 100 120 0 128 100 176 0 192 100 365 0 373 100 554 0 563 100 748 0 750 100 836 0 846 100 966 0 969 100 1027 0 1045 100 1099 0 1103 100 1182 0 1191 100 1342 0 1347 100 2766 0
9 24 0 0 11 100 65 0 68 100 178 0 182 100 320 0 322 100 377 0 382 100 469 0 480 100 579 0 585 100 702 0 707 100 848 0 857 100 1019 0 1021 100 1120 0 1122 100 1313 0 2766 0
10 24 0 0 15 100 171 0 178 100 393 0 405 100 592 0 607 100 715 0 726 100 936 0 943 100 1037 0 1050 100 1206 0 1217 100 1258 0 1266 100 1306 0 1312 100 1496 0 1512 100 1593 0 2766 0
11 24 0 100 41 0 57 100 248 0 257 100 414 0 432 100 501 0 516 100 691 0 699 100 878 0 885 100 1030 0 1044 100 1155 0 1171 100 1228 0 1237 100 1360 0 1371 100 1503 0 1513 100 2766 0
12 24 0 100 39 0 54 100 198 0 201 100 334 0 339 100 494 0 511 100 626 0 638 100 787 0 797 100 1009 0 1022 100 1192 0 1206 100 1309 0 1315 100 1481 0 1497 100 1630 0 1641 100 2766 0
13 24 0 100 58 0 74 100 248 0 255 100 417 0 421 100 471 0 478 100 528 0 536 100 729 0 737 100 924 0 938 100 1146 0 1161 100 1333 0 1339 100 1436 0 1448 100 1580 0 1598 100 2766 0
14 24 0 100 121 0 137 100 296 0 311 100 390 0 401 100 563 0 580 100 712 0 720 100 874 0 882 100 1014 0 1025 100 1147 0 1163 100 1281 0 1289 100 1384 0 1395 100 1583 0 1596 100 2766 0
15 24 0 100 127 0 145 100 217 0 221 100 343 0 349 100 396 0 403 100 586 0 593 100 786 0 790 100 858 0 872 100 1078 0 1086 100 1246 0 1261 100 1351 0 1368 100 1452 0 1454 100 2766 0
16 24 0 100 78 0 84 100 219 0 225 100 274 0 276 100 424 0 432 100 536 0 548 100 712 0 714 100 925 0 936 100 987 0 1000 100 1205 0 1213 100 1367 0 1370 100 1522 0 1524 100 2766 0
17 24 0 100 111 0 113 100 167 0 177 100 237 0 243 100 383 0 389 100 604 0 611 100 762 0 773 100 815 0 825 100 1019 0 1023 100 1154 0 1172 100 1240 0 1258 100 1473 0 1488 100 2766 0
18 24 0 0 2 100 113 0 127 100 256 0 258 100 388 0 402 100 564 0 570 100 727 0 731 100 913 0 917 100 1096 0 1107 100 1232 0 1246 100 1324 0 1336 100 1507 0 1523 100 1690 0 2766 0
19 24 0 100 142 0 150 100 292 0 299 100 503 0 510 100 648 0 650 100 830 0 836 100 1010 0 1026 100 1213 0 1228 100 1424 0 1429 100 1587 0 1589 100 1722 0 1731 100 1926 0 1937 100 2766 0
20 24 0 100 96 0 109 100 316 0 333 100 452 0 458 100 671 0 674 100 864 0 880 100 1057 0 1060 100 1248 0 1251 100 1331 0 1342 100 1534 0 1549 100 1715 0 1717 100 1775 0 1791 100 2766 0

# TASKS
# Format: <task_id> <size> <num_reqs>
# Then for each requirement: <type_id> <qty>
0 0 4
 0 0
 1 0
 2 0
 3 0
1 20 4
 0 0
 1 2
 2 0
 3 2
2 1 4
 0 3
 1 1
 2 3
 3 1
3 8 4
 0 0
 1 0
 2 0
 3 3
4 19 4
 0 0
 1 0
 2 1
 3 0
5 6 4
 0 2
 1 3
 2 3
 3 1
6 13 4
 0 0
 1 0
 2 1
 3 3
7 7 4
 0 0
 1 2
 2 3
 3 0
8 2 4
 0 0
 1 3
 2 2
 3 1
9 6 4
 0 3
 1 0
 2 1
 3 0
10 2 4
 0 3
 1 3
 2 2
 3 2
11 12 4
 0 1
 1 2
 2 0
 3 2
12 6 4
 0 1
 1 3
 2 0
 3 2
13 12 4
 0 2
 1 3
 2 0
 3 0
14 3 4
 0 1
 1 2
 2 2
 3 0
15 15 4
 0 0
 1 2
 2 2
 3 0
16 17 4
 0 3
 1 0
 2 0
 3 0
17 8 4
 0 3
 1 3
 2 1
 3 0
18 1 4
 0 0
 1 3
 2 0
 3 2
19 11 4
 0 0
 1 1
 2 1
 3 0
20 9 4
 0 1
 1 3
 2 1
 3 2
21 2 4
 0 3
 1 3
 2 0
 3 3
22 16 4
 0 1
 1 3
 2 1
 3 0
23 10 4
 0 3
 1 0
 2 1
 3 2
24 10 4
 0 1
 1 2
 2 0
 3 1
25 15 4
 0 1
 1 0
 2 2
 3 3
26 10 4
 0 0
 1 3
 2 3
 3 0
27 12 4
 0 0
 1 3
 2 3
 3 2
28 16 4
 0 0
 1 0
 2 1
 3 0
29 10 4
 0 2
 1 1
 2 0
 3 3
30 1 4
 0 0
 1 3
 2 2
 3 3
31 1 4
 0 0
 1 3
 2 1
 3 0
32 1 4
 0 1
 1 1
 2 0
 3 3
33 4 4
 0 2
 1 3
 2 0
 3 3
34 16 4
 0 2
 1 0
 2 3
 3 0
35 20 4
 0 0
 1 1
 2 1
 3 1
36 10 4
 0 1
 1 0
 2 1
 3 2
37 9 4
 0 2
 1 3
 2 1
 3 0
38 20 4
 0 3
 1 2
 2 2
 3 1
39 11 4
 0 1
 1 2
 2 3
 3 0
40 1 4
 0 2
 1 0
 2 1
 3 0
41 14 4
 0 0
 1 0
 2 3
 3 0
42 13 4
 0 0
 1 1
 2 2
 3 0
43 8 4
 0 1
 1 0
 2 1
 3 2
44 14 4
 0 1
 1 2
 2 3
 3 2
45 3 4
 0 0
 1 3
 2 2
 3 1
46 15 4
 0 0
 1 0
 2 0
 3 2
47 7 4
 0 3
 1 1
 2 1
 3 2
48 1 4
 0 2
 1 3
 2 0
 3 2
49 9 4
 0 0
 1 0
 2 0
 3 2
50 19 4
 0 2
 1 1
 2 0
 3 0
51 2 4
 0 0
 1 2
 2 0
 3 1
52 1 4
 0 2
 1 1
 2 2
 3 2
53 5 4
 0 2
 1 0
 2 1
 3 1
54 10 4
 0 0
 1 2
 2 0
 3 1
55 17 4
 0 1
 1 3
 2 2
 3 3
56 5 4
 0 0
 1 1
 2 0
 3 0
57 2 4
 0 3
 1 2
 2 2
 3 3
58 4 4
 0 1
 1 0
 2 0
 3 3
59 9 4
 0 2
 1 0
 2 3
 3 0
60 19 4
 0 1
 1 0
 2 1
 3 0
61 15 4
 0 2
 1 0
 2 2
 3 3
62 3 4
 0 3
 1 2
 2 0
 3 1
63 12 4
 0 2
 1 1
 2 2
 3 0
64 19 4
 0 0
 1 0
 2 0
 3 3
65 18 4
 0 0
 1 0
 2 0
 3 2
66 18 4
 0 3
 1 0
 2 0
 3 3
67 8 4
 0 1
 1 2
 2 3
 3 2
68 11 4
 0 2
 1 1
 2 1
 3 3
69 20 4
 0 3
 1 1
 2 0
 3 3
70 9 4
 0 2
 1 0
 2 3
 3 0
71 10 4
 0 3
 1 3
 2 1
 3 0
72 18 4
 0 0
 1 0
 2 2
 3 0
73 9 4
 0 2
 1 0
 2 1
 3 1
74 18 4
 0 0
 1 3
 2 3
 3 2
75 19 4
 0 3
 1 0
 2 0
 3 0
76 1 4
 0 2
 1 2
 2 0
 3 0
77 8 4
 0 0
 1 0
 2 1
 3 0
78 10 4
 0 3
 1 3
 2 2
 3 3
79 16 4
 0 1
 1 3
 2 3
 3 0
80 13 4
 0 0
 1 0
 2 3
 3 0
81 15 4
 0 2
 1 0
 2 0
 3 0
82 8 4
 0 1
 1 2
 2 0
 3 2
83 11 4
 0 1
 1 3
 2 3
 3 1
84 17 4
 0 3
 1 0
 2 0
 3 1
85 16 4
 0 0
 1 0
 2 0
 3 1
86 11 4
 0 0
 1 0
 2 3
 3 2
87 10 4
 0 1
 1 0
 2 0
 3 3
88 7 4
 0 1
 1 3
 2 1
 3 0
89 2 4
 0 3
 1 0
 2 2
 3 3
90 3 4
 0 0
 1 3
 2 3
 3 0
91 8 4
 0 1
 1 3
 2 3
 3 1
92 12 4
 0 3
 1 1
 2 3
 3 0
93 9 4
 0 0
 1 0
 2 1
 3 3
94 3 4
 0 3
 1 3
 2 1
 3 2
95 13 4
 0 1
 1 2
 2 2
 3 2
96 12 4
 0 3
 1 0
 2 0
 3 3
97 17 4
 0 0
 1 2
 2 0
 3 3
98 2 4
 0 2
 1 3
 2 0
 3 3
99 6 4
 0 1
 1 0
 2 3
 3 2
100 18 4
 0 1
 1 3
 2 1
 3 2
101 17 4
 0 3
 1 2
 2 0
 3 0
102 1 4
 0 3
 1 2
 2 0
 3 0
103 15 4
 0 0
 1 0
 2 0
 3 1
104 14 4
 0 1
 1 0
 2 0
 3 1
105 12 4
 0 0
 1 2
 2 0
 3 0
106 6 4
 0 0
 1 3
 2 0
 3 3
107 7 4
 0 2
 1 0
 2 3
 3 2
108 19 4
 0 0
 1 2
 2 1
 3 0
109 12 4
 0 2
 1 3
 2 3
 3 3
110 13 4
 0 3
 1 0
 2 3
 3 0
111 13 4
 0 3
 1 0
 2 3
 3 0
112 9 4
 0 3
 1 0
 2 3
 3 0
113 7 4
 0 1
 1 2
 2 3
 3 1
114 13 4
 0 3
 1 2
 2 0
 3 2
115 9 4
 0 1
 1 2
 2 0
 3 0
116 2 4
 0 0
 1 2
 2 0
 3 2
117 15 4
 0 1
 1 3
 2 0
 3 0
118 9 4
 0 0
 1 2
 2 2
 3 2
119 4 4
 0 0
 1 2
 2 2
 3 3
120 14 4
 0 3
 1 2
 2 1
 3 0
121 19 4
 0 2
 1 0
 2 0
 3 3
122 16 4
 0 2
 1 0
 2 0
 3 1
123 5 4
 0 0
 1 1
 2 3
 3 1
124 18 4
 0 2
 1 0
 2 0
 3 1
125 14 4
 0 3
 1 0
 2 3
 3 1
126 11 4
 0 3
 1 3
 2 1
 3 0
127 10 4
 0 1
 1 0
 2 0
 3 0
128 10 4
 0 3
 1 1
 2 2
 3 2
129 1 4
 0 0
 1 0
 2 1
 3 2
130 14 4
 0 3
 1 1
 2 0
 3 2
131 4 4
 0 2
 1 1
 2 2
 3 0
132 16 4
 0 0
 1 0
 2 1
 3 0
133 10 4
 0 0
 1 0
 2 0
 3 2
134 18 4
 0 3
 1 2
 2 1
 3 2
135 8 4
 0 0
 1 3
 2 0
 3 3
136 14 4
 0 0
 1 0
 2 1
 3 3
137 3 4
 0 1
 1 0
 2 2
 3 3
138 19 4
 0 0
 1 3
 2 0
 3 2
139 15 4
 0 0
 1 2
 2 3
 3 1
140 8 4
 0 1
 1 1
 2 0
 3 0
141 18 4
 0 1
 1 2
 2 1
 3 1
142 18 4
 0 0
 1 3
 2 2
 3 0
143 17 4
 0 2
 1 0
 2 1
 3 0
144 1 4
 0 2
 1 3
 2 0
 3 1
145 13 4
 0 2
 1 0
 2 1
 3 2
146 13 4
 0 1
 1 0
 2 0
 3 1
147 20 4
 0 3
 1 0
 2 0
 3 2
148 15 4
 0 2
 1 1
 2 2
 3 3
149 10 4
 0 1
 1 0
 2 0
 3 0
150 13 4
 0 2
 1 2
 2 1
 3 2
151 6 4
 0 0
 1 1
 2 0
 3 2
152 16 4
 0 2
 1 3
 2 0
 3 1
153 13 4
 0 1
 1 2
 2 0
 3 3
154 9 4
 0 2
 1 2
 2 1
 3 0
155 11 4
 0 2
 1 1
 2 1
 3 3
156 1 4
 0 3
 1 0
 2 0
 3 0
157 9 4
 0 0
 1 0
 2 3
 3 1
158 16 4
 0 2
 1 3
 2 0
 3 0
159 7 4
 0 0
 1 2
 2 0
 3 2
160 9 4
 0 3
 1 0
 2 0
 3 1
161 20 4
 0 2
 1 1
 2 3
 3 1
162 6 4
 0 2
 1 2
 2 3
 3 0
163 7 4
 0 2
 1 0
 2 3
 3 0
164 12 4
 0 1
 1 0
 2 1
 3 0
165 10 4
 0 1
 1 0
 2 1
 3 0
166 3 4
 0 2
 1 0
 2 3
 3 1
167 8 4
 0 1
 1 3
 2 2
 3 3
168 12 4
 0 0
 1 1
 2 0
 3 3
169 6 4
 0 0
 1 1
 2 1
 3 3
170 10 4
 0 2
 1 0
 2 0
 3 0
171 6 4
 0 3
 1 2
 2 2
 3 0
172 14 4
 0 2
 1 2
 2 0
 3 0
173 5 4
 0 3
 1 2
 2 2
 3 0
174 10 4
 0 0
 1 0
 2 1
 3 2
175 11 4
 0 0
 1 1
 2 3
 3 3
176 19 4
 0 0
 1 2
 2 0
 3 1
177 7 4
 0 3
 1 0
 2 0
 3 3
178 8 4
 0 0
 1 0
 2 0
 3 3
179 12 4
 0 1
 1 1
 2 1
 3 0
180 13 4
 0 0
 1 1
 2 1
 3 3
181 18 4
 0 0
 1 0
 2 3
 3 0
182 9 4
 0 2
 1 2
 2 0
 3 2
183 14 4
 0 2
 1 1
 2 2
 3 0
184 7 4
 0 2
 1 3
 2 1
 3 0
185 17 4
 0 2
 1 0
 2 0
 3 1
186 18 4
 0 3
 1 0
 2 2
 3 2
187 12 4
 0 3
 1 3
 2 0
 3 0
188 6 4
 0 0
 1 1
 2 0
 3 0
189 8 4
 0 0
 1 1
 2 1
 3 0
190 19 4
 0 0
 1 1
 2 3
 3 0
191 7 4
 0 0
 1 3
 2 1
 3 2
192 16 4
 0 3
 1 1
 2 0
 3 0
193 1 4
 0 3
 1 1
 2 3
 3 0
194 9 4
 0 0
 1 0
 2 2
 3 0
195 2 4
 0 2
 1 1
 2 0
 3 3
196 4 4
 0 0
 1 0
 2 1
 3 0
197 3 4
 0 3
 1 3
 2 2
 3 3
198 19 4
 0 3
 1 0
 2 1
 3 3
199 18 4
 0 0
 1 2
 2 2
 3 0
200 7 4
 0 2
 1 1
 2 0
 3 0
201 2 4
 0 2
 1 0
 2 1
 3 2
202 2 4
 0 1
 1 2
 2 3
 3 0
203 8 4
 0 2
 1 2
 2 0
 3 0
204 8 4
 0 0
 1 0
 2 3
 3 0
205 16 4
 0 0
 1 1
 2 1
 3 3
206 13 4
 0 0
 1 3
 2 3
 3 3
207 17 4
 0 2
 1 0
 2 3
 3 0
208 3 4
 0 3
 1 3
 2 0
 3 1
209 12 4
 0 0
 1 2
 2 0
 3 0
210 4 4
 0 0
 1 1
 2 3
 3 0
211 17 4
 0 0
 1 3
 2 0
 3 0
212 2 4
 0 1
 1 2
 2 2
 3 1
213 9 4
 0 2
 1 3
 2 0
 3 0
214 10 4
 0 3
 1 3
 2 3
 3 2
215 8 4
 0 0
 1 0
 2 2
 3 0
216 8 4
 0 0
 1 0
 2 3
 3 1
217 17 4
 0 0
 1 1
 2 0
 3 0
218 18 4
 0 0
 1 2
 2 1
 3 3
219 20 4
 0 0
 1 1
 2 0
 3 0
220 10 4
 0 2
 1 0
 2 0
 3 0
221 11 4
 0 0
 1 3
 2 0
 3 0
222 12 4
 0 3
 1 0
 2 0
 3 0
223 13 4
 0 3
 1 3
 2 2
 3 3
224 19 4
 0 0
 1 1
 2 0
 3 0
225 12 4
 0 1
 1 1
 2 0
 3 0
226 19 4
 0 0
 1 0
 2 3
 3 3
227 12 4
 0 3
 1 2
 2 3
 3 0
228 16 4
 0 3
 1 2
 2 1
 3 3
229 12 4
 0 0
 1 0
 2 1
 3 0
230 10 4
 0 1
 1 0
 2 1
 3 2
231 17 4
 0 0
 1 2
 2 2
 3 0
232 6 4
 0 3
 1 2
 2 2
 3 0
233 4 4
 0 3
 1 3
 2 2
 3 0
234 11 4
 0 0
 1 3
 2 2
 3 3
235 12 4
 0 3
 1 3
 2 1
 3 0
236 5 4
 0 0
 1 3
 2 0
 3 0
237 2 4
 0 3
 1 0
 2 2
 3 0
238 6 4
 0 1
 1 0
 2 2
 3 2
239 17 4
 0 3
 1 2
 2 0
 3 0
240 16 4
 0 1
 1 3
 2 2
 3 3
241 10 4
 0 0
 1 1
 2 0
 3 0
242 10 4
 0 1
 1 1
 2 1
 3 0
243 18 4
 0 2
 1 1
 2 3
 3 3
244 18 4
 0 0
 1 0
 2 2
 3 3
245 14 4
 0 2
 1 0
 2 3
 3 3
246 15 4
 0 3
 1 1
 2 0
 3 1
247 7 4
 0 1
 1 0
 2 2
 3 1
248 4 4
 0 2
 1 1
 2 1
 3 0
249 13 4
 0 0
 1 3
 2 0
 3 1
250 16 4
 0 0
 1 0
 2 2
 3 1
251 2 4
 0 0
 1 0
 2 2
 3 1
252 8 4
 0 2
 1 1
 2 0
 3 3
253 16 4
 0 2
 1 0
 2 0
 3 3
254 8 4
 0 0
 1 3
 2 2
 3 2
255 4 4
 0 1
 1 1
 2 2
 3 0
256 2 4
 0 2
 1 1
 2 1
 3 0
257 9 4
 0 3
 1 2
 2 1
 3 0
258 19 4
 0 0
 1 1
 2 0
 3 0
259 6 4
 0 0
 1 2
 2 3
 3 2
260 18 4
 0 2
 1 0
 2 0
 3 3
261 11 4
 0 1
 1 2
 2 3
 3 0
262 3 4
 0 2
 1 0
 2 3
 3 1
263 12 4
 0 1
 1 3
 2 2
 3 3
264 11 4
 0 0
 1 0
 2 1
 3 0
265 12 4
 0 1
 1 0
 2 0
 3 3
266 6 4
 0 0
 1 0
 2 0
 3 2
267 2 4
 0 0
 1 0
 2 3
 3 2
268 14 4
 0 2
 1 2
 2 0
 3 2
269 18 4
 0 0
 1 3
 2 0
 3 1
270 4 4
 0 2
 1 0
 2 0
 3 0
271 11 4
 0 2
 1 0
 2 3
 3 3
272 3 4
 0 1
 1 0
 2 0
 3 2
273 15 4
 0 3
 1 0
 2 3
 3 2
274 18 4
 0 2
 1 0
 2 0
 3 0
275 4 4
 0 0
 1 0
 2 1
 3 2
276 17 4
 0 0
 1 3
 2 0
 3 0
277 6 4
 0 1
 1 3
 2 0
 3 1
278 4 4
 0 0
 1 0
 2 1
 3 0
279 11 4
 0 3
 1 0
 2 3
 3 0
280 19 4
 0 2
 1 2
 2 2
 3 2
281 10 4
 0 3
 1 3
 2 3
 3 1
282 2 4
 0 0
 1 3
 2 2
 3 3
283 3 4
 0 0
 1 0
 2 0
 3 1
284 1 4
 0 1
 1 0
 2 3
 3 0
285 17 4
 0 0
 1 1
 2 0
 3 0
286 16 4
 0 0
 1 0
 2 1
 3 0
287 12 4
 0 2
 1 2
 2 0
 3 1
288 12 4
 0 0
 1 2
 2 0
 3 3
289 10 4
 0 3
 1 0
 2 0
 3 0
290 13 4
 0 3
 1 0
 2 0
 3 2
291 16 4
 0 1
 1 3
 2 2
 3 1
292 10 4
 0 3
 1 3
 2 2
 3 0
293 1 4
 0 1
 1 0
 2 0
 3 0
294 10 4
 0 0
 1 1
 2 1
 3 2
295 10 4
 0 0
 1 1
 2 2
 3 3
296 0 4
 0 0
 1 0
 2 0
 3 0

# PRECEDENCES
668
0 1
0 25
0 49
0 73
0 97
0 121
0 145
0 169
0 193
0 217
0 241
0 265
0 289
1 2
1 25
1 26
2 3
2 26
3 4
3 27
4 5
4 28
5 6
5 29
6 7
6 30
6 31
7 8
7 31
8 9
8 32
9 10
9 33
9 34
10 11
10 34
11 12
11 35
12 13
12 36
13 14
13 37
14 15
14 38
15 16
15 39
16 17
16 40
17 18
17 41
17 42
18 19
18 42
19 20
19 43
20 21
20 44
21 22
21 45
21 46
22 23
22 46
23 24
23 47
23 48
24 48
24 296
25 26
25 49
26 27
26 50
27 28
27 51
28 29
28 52
29 30
29 53
30 31
30 54
31 32
31 55
32 33
32 56
33 34
33 57
34 35
34 58
35 36
35 59
35 60
36 37
36 60
37 38
37 61
38 39
38 62
38 63
39 40
39 63
39 64
40 41
40 64
41 42
41 65
42 43
42 66
43 44
43 67
43 68
44 45
44 68
45 46
45 69
46 47
46 70
47 48
47 71
47 72
48 72
48 296
49 50
49 73
49 74
50 51
50 74
51 52
51 75
51 76
52 53
52 76
52 77
53 54
53 77
53 78
54 55
54 78
55 56
55 79
56 57
56 80
57 58
57 81
58 59
58 82
58 83
59 60
59 83
60 61
60 84
61 62
61 85
62 63
62 86
62 87
63 64
63 87
64 65
64 88
64 89
65 66
65 89
66 67
66 90
66 91
67 68
67 91
68 69
68 92
69 70
69 93
69 94
70 71
70 94
71 72
71 95
71 96
72 96
72 296
73 74
73 97
73 98
74 75
74 98
74 99
75 76
75 99
75 100
76 77
76 100
76 101
77 78
77 101
77 102
78 79
78 102
79 80
79 103
79 104
80 81
80 104
81 82
81 105
81 106
82 83
82 106
83 84
83 107
84 85
84 108
85 86
85 109
85 110
86 87
86 110
87 88
87 111
87 112
88 89
88 112
88 113
89 90
89 113
89 114
90 91
90 114
91 92
91 115
92 93
92 116
93 94
93 117
94 95
94 118
95 96
95 119
96 120
96 296
97 98
97 121
98 99
98 122
98 123
99 100
99 123
100 101
100 124
101 102
101 125
102 103
102 126
103 104
103 127
104 105
104 128
105 106
105 129
106 107
106 130
107 108
107 131
108 109
108 132
108 133
109 110
109 133
110 111
110 134
111 112
111 135
112 113
112 136
112 137
113 114
113 137
114 115
114 138
115 116
115 139
115 140
116 117
116 140
117 118
117 141
118 119
118 142
118 143
119 120
119 143
119 144
120 144
120 296
121 122
121 145
122 123
122 146
123 124
123 147
124 125
124 148
125 126
125 149
126 127
126 150
126 151
127 128
127 151
128 129
128 152
129 130
129 153
129 154
130 131
130 154
130 155
131 132
131 155
131 156
132 133
132 156
133 134
133 157
134 135
134 158
135 136
135 159
136 137
136 160
137 138
137 161
138 139
138 162
139 140
139 163
139 164
140 141
140 164
141 142
141 165
141 166
142 143
142 166
142 167
143 144
143 167
144 168
144 296
145 146
145 169
145 170
146 147
146 170
147 148
147 171
147 172
148 149
148 172
149 150
149 173
150 151
150 174
150 175
151 152
151 175
151 176
152 153
152 176
152 177
153 154
153 177
154 155
154 178
154 179
155 156
155 179
156 157
156 180
157 158
157 181
158 159
158 182
159 160
159 183
159 184
160 161
160 184
161 162
161 185
161 186
162 163
162 186
162 187
163 164
163 187
164 165
164 188
165 166
165 189
165 190
166 167
166 190
167 168
167 191
168 192
168 296
169 170
169 193
170 171
170 194
170 195
171 172
171 195
171 196
172 173
172 196
173 174
173 197
173 198
174 175
174 198
175 176
175 199
176 177
176 200
177 178
177 201
178 179
178 202
179 180
179 203
179 204
180 181
180 204
181 182
181 205
182 183
182 206
183 184
183 207
184 185
184 208
185 186
185 209
186 187
186 210
186 211
187 188
187 211
187 212
188 189
188 212
189 190
189 213
190 191
190 214
191 192
191 215
192 216
192 296
193 194
193 217
194 195
194 218
195 196
195 219
195 220
196 197
196 220
197 198
197 221
197 222
198 199
198 222
199 200
199 223
199 224
200 201
200 224
200 225
201 202
201 225
201 226
202 203
202 226
203 204
203 227
204 205
204 228
205 206
205 229
206 207
206 230
206 231
207 208
207 231
208 209
208 232
209 210
209 233
210 211
210 234
210 235
211 212
211 235
212 213
212 236
213 214
213 237
214 215
214 238
215 216
215 239
215 240
216 240
216 296
217 218
217 241
217 242
218 219
218 242
218 243
219 220
219 243
220 221
220 244
221 222
221 245
222 223
222 246
223 224
223 247
223 248
224 225
224 248
224 249
225 226
225 249
226 227
226 250
226 251
227 228
227 251
228 229
228 252
229 230
229 253
230 231
230 254
231 232
231 255
232 233
232 256
233 234
233 257
233 258
234 235
234 258
235 236
235 259
236 237
236 260
237 238
237 261
238 239
238 262
239 240
239 263
239 264
240 264
240 296
241 242
241 265
242 243
242 266
243 244
243 267
244 245
244 268
245 246
245 269
246 247
246 270
247 248
247 271
247 272
248 249
248 272
249 250
249 273
250 251
250 274
251 252
251 275
252 253
252 276
252 277
253 254
253 277
254 255
254 278
255 256
255 279
256 257
256 280
256 281
257 258
257 281
257 282
258 259
258 282
259 260
259 283
260 261
260 284
261 262
261 285
262 263
262 286
263 264
263 287
263 288
264 288
264 296
265 266
265 289
266 267
266 290
266 291
267 268
267 291
267 292
268 269
268 292
269 270
269 293
270 271
270 294
271 272
271 295
272 273
273 274
274 275
275 276
276 277
277 278
278 279
279 280
280 281
281 282
282 283
283 284
284 285
285 286
286 287
287 288
288 296
289 290
289 296
290 291
290 296
291 292
291 296
292 293
292 296
293 294
293 296
294 295
294 296
295 296
