# Tier 6 (Large) - Instance 31
# Generated with config: N=125, K=4, topology=grid, calendar=staggered

# HEADER: <num_tasks> <num_types> <num_units>
127 4 32

# RESOURCE TYPES
# Format: <type_id> <num_units> <unit_id1> <unit_id2> ...
0 10 0 1 2 3 4 5 6 7 8 9
1 6 10 11 12 13 14 15
2 7 16 17 18 19 20 21 22
3 9 23 24 25 26 27 28 29 30 31

# RESOURCE UNITS (Calendars)
# Format: <unit_id> <num_steps> <t1> <v1> <t2> <v2> ...
0 14 0 100 87 0 102 100 174 0 188 100 261 0 270 100 348 0 364 100 435 0 450 100 522 0 540 100 611 0
1 14 0 100 105 0 117 100 192 0 208 100 279 0 289 100 366 0 374 100 453 0 466 100 540 0 552 100 611 0
2 14 0 100 123 0 134 100 210 0 219 100 297 0 308 100 384 0 403 100 471 0 486 100 558 0 576 100 611 0
3 14 0 100 141 0 152 100 228 0 242 100 315 0 334 100 402 0 410 100 489 0 499 100 576 0 590 100 611 0
4 14 0 100 159 0 168 100 246 0 262 100 333 0 342 100 420 0 428 100 507 0 515 100 594 0 604 100 611 0
5 14 0 100 1 0 16 100 177 0 190 100 264 0 277 100 351 0 365 100 438 0 450 100 525 0 535 100 611 0
6 14 0 100 19 0 32 100 195 0 205 100 282 0 299 100 369 0 380 100 456 0 465 100 543 0 557 100 611 0
7 14 0 100 37 0 55 100 213 0 223 100 300 0 309 100 387 0 404 100 474 0 491 100 561 0 580 100 611 0
8 14 0 100 55 0 69 100 231 0 248 100 318 0 336 100 405 0 424 100 492 0 501 100 579 0 594 100 611 0
9 14 0 100 73 0 89 100 249 0 258 100 336 0 349 100 423 0 436 100 510 0 528 100 597 0 609 100 611 0
10 14 0 100 4 0 13 100 91 0 103 100 267 0 283 100 354 0 363 100 441 0 453 100 528 0 544 100 611 0
11 14 0 100 22 0 38 100 109 0 126 100 285 0 303 100 372 0 382 100 459 0 470 100 546 0 563 100 611 0
12 14 0 100 40 0 53 100 127 0 145 100 303 0 312 100 390 0 406 100 477 0 487 100 564 0 579 100 611 0
13 14 0 100 58 0 74 100 145 0 156 100 321 0 340 100 408 0 417 100 495 0 503 100 582 0 598 100 611 0
14 14 0 100 76 0 87 100 163 0 182 100 339 0 356 100 426 0 442 100 513 0 528 100 600 0 609 100 611 0
15 14 0 100 7 0 17 100 94 0 103 100 181 0 194 100 357 0 375 100 444 0 453 100 531 0 539 100 611 0
16 14 0 100 25 0 33 100 112 0 131 100 199 0 210 100 375 0 384 100 462 0 479 100 549 0 567 100 611 0
17 14 0 100 43 0 61 100 130 0 144 100 217 0 231 100 393 0 411 100 480 0 491 100 567 0 580 100 611 0
18 14 0 100 61 0 80 100 148 0 157 100 235 0 250 100 411 0 429 100 498 0 514 100 585 0 598 100 611 0
19 12 0 100 79 0 95 100 166 0 176 100 253 0 268 100 429 0 440 100 516 0 529 100 611 0
20 14 0 100 10 0 25 100 97 0 108 100 184 0 203 100 271 0 290 100 447 0 460 100 534 0 542 100 611 0
21 14 0 100 28 0 45 100 115 0 124 100 202 0 210 100 289 0 300 100 465 0 476 100 552 0 561 100 611 0
22 14 0 100 46 0 55 100 133 0 141 100 220 0 232 100 307 0 315 100 483 0 492 100 570 0 584 100 611 0
23 14 0 100 64 0 75 100 151 0 159 100 238 0 248 100 325 0 342 100 501 0 515 100 588 0 604 100 611 0
24 12 0 100 82 0 99 100 169 0 179 100 256 0 272 100 343 0 356 100 519 0 530 100 611 0
25 14 0 100 13 0 25 100 100 0 110 100 187 0 206 100 274 0 290 100 361 0 371 100 537 0 550 100 611 0
26 14 0 100 31 0 39 100 118 0 126 100 205 0 213 100 292 0 301 100 379 0 392 100 555 0 565 100 611 0
27 14 0 100 49 0 63 100 136 0 148 100 223 0 239 100 310 0 327 100 397 0 416 100 573 0 584 100 611 0
28 14 0 100 67 0 78 100 154 0 167 100 241 0 255 100 328 0 339 100 415 0 428 100 591 0 599 100 611 0
29 12 0 100 85 0 102 100 172 0 183 100 259 0 274 100 346 0 354 100 433 0 444 100 611 0
30 14 0 100 16 0 34 100 103 0 111 100 190 0 204 100 277 0 290 100 364 0 378 100 451 0 467 100 611 0
31 14 0 100 34 0 52 100 121 0 137 100 208 0 217 100 295 0 309 100 382 0 398 100 469 0 486 100 611 0

# TASKS
# Format: <task_id> <size> <num_reqs>
# Then for each requirement: <type_id> <qty>
0 0 4
 0 0
 1 0
 2 0
 3 0
1 8 4
 0 3
 1 0
 2 1
 3 1
2 12 4
 0 1
 1 3
 2 2
 3 3
3 7 4
 0 3
 1 0
 2 0
 3 3
4 6 4
 0 1
 1 3
 2 1
 3 1
5 7 4
 0 0
 1 2
 2 3
 3 1
6 14 4
 0 1
 1 1
 2 0
 3 0
7 15 4
 0 3
 1 1
 2 1
 3 3
8 9 4
 0 1
 1 1
 2 0
 3 1
9 7 4
 0 0
 1 0
 2 0
 3 1
10 9 4
 0 3
 1 2
 2 3
 3 0
11 5 4
 0 1
 1 1
 2 2
 3 2
12 15 4
 0 0
 1 3
 2 1
 3 0
13 12 4
 0 0
 1 3
 2 1
 3 3
14 10 4
 0 1
 1 0
 2 3
 3 2
15 15 4
 0 0
 1 2
 2 1
 3 0
16 4 4
 0 0
 1 3
 2 0
 3 0
17 8 4
 0 2
 1 1
 2 2
 3 0
18 7 4
 0 1
 1 3
 2 0
 3 3
19 10 4
 0 0
 1 3
 2 0
 3 2
20 3 4
 0 1
 1 1
 2 0
 3 3
21 4 4
 0 1
 1 0
 2 0
 3 1
22 7 4
 0 1
 1 2
 2 1
 3 0
23 6 4
 0 0
 1 2
 2 0
 3 0
24 7 4
 0 3
 1 0
 2 3
 3 1
25 5 4
 0 2
 1 2
 2 2
 3 1
26 5 4
 0 0
 1 1
 2 1
 3 0
27 10 4
 0 0
 1 3
 2 1
 3 3
28 12 4
 0 0
 1 2
 2 1
 3 2
29 13 4
 0 3
 1 2
 2 2
 3 2
30 10 4
 0 0
 1 0
 2 2
 3 3
31 10 4
 0 1
 1 3
 2 0
 3 2
32 6 4
 0 2
 1 2
 2 0
 3 3
33 14 4
 0 0
 1 1
 2 0
 3 1
34 3 4
 0 3
 1 1
 2 1
 3 3
35 15 4
 0 0
 1 0
 2 0
 3 3
36 14 4
 0 3
 1 3
 2 3
 3 0
37 6 4
 0 1
 1 1
 2 1
 3 0
38 3 4
 0 3
 1 0
 2 3
 3 1
39 8 4
 0 2
 1 3
 2 2
 3 0
40 7 4
 0 2
 1 0
 2 0
 3 3
41 7 4
 0 1
 1 2
 2 0
 3 1
42 5 4
 0 1
 1 3
 2 0
 3 2
43 14 4
 0 1
 1 1
 2 0
 3 0
44 5 4
 0 0
 1 0
 2 1
 3 0
45 5 4
 0 0
 1 1
 2 2
 3 2
46 9 4
 0 0
 1 2
 2 3
 3 3
47 8 4
 0 2
 1 1
 2 3
 3 0
48 8 4
 0 2
 1 0
 2 2
 3 2
49 10 4
 0 1
 1 3
 2 0
 3 3
50 7 4
 0 3
 1 0
 2 1
 3 3
51 5 4
 0 1
 1 0
 2 3
 3 2
52 4 4
 0 3
 1 1
 2 0
 3 0
53 6 4
 0 2
 1 2
 2 0
 3 1
54 7 4
 0 3
 1 1
 2 2
 3 0
55 3 4
 0 3
 1 1
 2 0
 3 2
56 9 4
 0 1
 1 3
 2 0
 3 1
57 14 4
 0 1
 1 3
 2 0
 3 3
58 9 4
 0 0
 1 1
 2 2
 3 3
59 8 4
 0 3
 1 3
 2 1
 3 0
60 9 4
 0 2
 1 1
 2 1
 3 2
61 15 4
 0 0
 1 2
 2 2
 3 0
62 13 4
 0 2
 1 1
 2 2
 3 3
63 13 4
 0 3
 1 1
 2 0
 3 2
64 6 4
 0 2
 1 1
 2 1
 3 2
65 9 4
 0 3
 1 2
 2 3
 3 0
66 15 4
 0 0
 1 0
 2 2
 3 3
67 11 4
 0 2
 1 0
 2 0
 3 0
68 3 4
 0 0
 1 3
 2 1
 3 3
69 13 4
 0 0
 1 1
 2 1
 3 3
70 11 4
 0 1
 1 2
 2 3
 3 1
71 4 4
 0 3
 1 1
 2 2
 3 0
72 4 4
 0 3
 1 3
 2 3
 3 2
73 5 4
 0 2
 1 2
 2 0
 3 0
74 11 4
 0 0
 1 0
 2 2
 3 0
75 3 4
 0 3
 1 0
 2 0
 3 0
76 6 4
 0 1
 1 2
 2 2
 3 0
77 9 4
 0 1
 1 3
 2 3
 3 2
78 10 4
 0 2
 1 0
 2 1
 3 1
79 7 4
 0 0
 1 3
 2 3
 3 0
80 3 4
 0 0
 1 3
 2 0
 3 1
81 14 4
 0 0
 1 1
 2 3
 3 0
82 9 4
 0 0
 1 2
 2 1
 3 0
83 9 4
 0 2
 1 0
 2 3
 3 2
84 4 4
 0 1
 1 0
 2 3
 3 1
85 3 4
 0 2
 1 0
 2 3
 3 0
86 15 4
 0 3
 1 0
 2 0
 3 0
87 15 4
 0 3
 1 0
 2 1
 3 0
88 8 4
 0 0
 1 1
 2 0
 3 2
89 11 4
 0 2
 1 0
 2 0
 3 0
90 7 4
 0 3
 1 0
 2 0
 3 1
91 3 4
 0 1
 1 0
 2 2
 3 3
92 6 4
 0 2
 1 0
 2 1
 3 1
93 12 4
 0 0
 1 0
 2 0
 3 1
94 6 4
 0 2
 1 2
 2 3
 3 0
95 13 4
 0 0
 1 0
 2 0
 3 2
96 3 4
 0 2
 1 2
 2 1
 3 3
97 13 4
 0 1
 1 3
 2 2
 3 0
98 8 4
 0 0
 1 2
 2 2
 3 2
99 6 4
 0 0
 1 1
 2 2
 3 1
100 7 4
 0 3
 1 3
 2 1
 3 1
101 14 4
 0 2
 1 1
 2 0
 3 2
102 10 4
 0 1
 1 3
 2 2
 3 2
103 4 4
 0 0
 1 1
 2 3
 3 1
104 11 4
 0 1
 1 2
 2 1
 3 1
105 7 4
 0 0
 1 0
 2 1
 3 1
106 9 4
 0 3
 1 0
 2 0
 3 3
107 14 4
 0 0
 1 0
 2 0
 3 2
108 5 4
 0 1
 1 1
 2 2
 3 3
109 5 4
 0 3
 1 1
 2 0
 3 1
110 7 4
 0 2
 1 2
 2 1
 3 1
111 3 4
 0 2
 1 2
 2 3
 3 0
112 6 4
 0 2
 1 3
 2 0
 3 0
113 5 4
 0 0
 1 1
 2 3
 3 0
114 12 4
 0 1
 1 0
 2 1
 3 0
115 12 4
 0 2
 1 2
 2 1
 3 3
116 13 4
 0 3
 1 1
 2 2
 3 2
117 3 4
 0 2
 1 3
 2 0
 3 3
118 9 4
 0 3
 1 3
 2 0
 3 2
119 14 4
 0 2
 1 0
 2 0
 3 2
120 7 4
 0 2
 1 3
 2 3
 3 3
121 3 4
 0 0
 1 0
 2 2
 3 0
122 9 4
 0 3
 1 2
 2 3
 3 3
123 15 4
 0 0
 1 3
 2 3
 3 1
124 15 4
 0 0
 1 3
 2 1
 3 3
125 10 4
 0 1
 1 3
 2 3
 3 3
126 0 4
 0 0
 1 0
 2 0
 3 0

# PRECEDENCES
239
6 18
67 68
33 45
44 45
88 100
98 110
99 100
70 82
8 9
0 5
29 41
40 41
39 51
100 101
11 23
66 78
41 42
7 19
18 19
62 74
72 84
73 74
44 56
99 111
3 15
14 15
9 10
0 7
74 75
40 52
95 107
106 107
100 112
111 112
15 16
36 48
47 48
42 43
96 108
107 108
18 30
73 85
38 39
103 104
0 9
14 26
69 81
80 81
9 21
75 76
85 86
106 118
10 22
16 17
71 72
81 82
47 59
102 114
42 54
107 119
118 119
22 23
77 78
0 2
43 55
38 50
49 50
104 105
103 115
114 115
80 92
109 110
75 87
13 14
34 46
45 46
55 56
110 111
76 88
50 51
105 106
16 28
71 83
82 83
81 93
51 52
108 120
46 47
23 24
12 24
67 79
77 89
78 79
83 84
49 61
104 116
115 116
8 20
19 20
79 80
45 57
56 57
55 67
110 122
105 117
116 117
82 94
20 21
41 53
52 53
51 63
46 58
57 58
112 113
23 35
78 90
89 90
53 54
19 31
30 31
74 86
25 26
79 91
90 91
56 68
111 123
15 27
26 27
21 22
20 32
31 32
86 87
52 64
113 114
112 124
17 18
123 124
89 101
27 28
0 11
48 60
54 55
53 65
64 65
119 120
30 42
85 97
5 6
26 38
21 33
87 88
86 98
97 98
92 104
1 2
0 4
22 34
113 125
17 29
28 29
27 39
93 94
88 89
54 66
109 121
13 25
29 30
50 62
61 62
60 72
121 122
87 99
0 6
2 3
1 13
122 123
62 63
117 118
28 40
83 95
94 95
93 105
3 4
58 59
24 36
35 36
84 96
95 96
61 73
0 8
91 92
2 14
57 69
68 69
63 64
94 106
32 33
4 5
59 60
25 37
58 70
69 70
35 47
90 102
101 102
124 125
0 1
10 11
65 66
0 10
31 43
37 38
92 93
91 103
102 103
68 80
6 7
63 75
33 34
32 44
43 44
98 99
64 76
4 16
59 71
70 71
101 113
39 40
0 3
5 17
34 35
0 12
11 12
66 67
65 77
76 77
97 109
37 49
7 8
