# Tier 6 (Large) - Instance 66
# Generated with config: N=221, K=3, topology=random_dag, calendar=staggered

# HEADER: <num_tasks> <num_types> <num_units>
223 3 21

# RESOURCE TYPES
# Format: <type_id> <num_units> <unit_id1> <unit_id2> ...
0 8 0 1 2 3 4 5 6 7
1 8 8 9 10 11 12 13 14 15
2 5 16 17 18 19 20

# RESOURCE UNITS (Calendars)
# Format: <unit_id> <num_steps> <t1> <v1> <t2> <v2> ...
0 30 0 100 1 0 13 100 128 0 139 100 257 0 269 100 383 0 395 100 513 0 526 100 646 0 657 100 774 0 785 100 905 0 917 100 1032 0 1043 100 1162 0 1175 100 1291 0 1304 100 1419 0 1430 100 1549 0 1561 100 1679 0 1693 100 1952 0
1 30 0 100 5 0 17 100 136 0 147 100 262 0 275 100 394 0 406 100 524 0 536 100 654 0 666 100 785 0 799 100 917 0 930 100 1048 0 1061 100 1177 0 1191 100 1309 0 1321 100 1438 0 1450 100 1569 0 1580 100 1696 0 1709 100 1952 0
2 30 0 100 14 0 30 100 142 0 156 100 272 0 287 100 400 0 417 100 529 0 543 100 657 0 674 100 784 0 801 100 914 0 929 100 1042 0 1058 100 1170 0 1186 100 1301 0 1317 100 1429 0 1446 100 1558 0 1575 100 1690 0 1704 100 1952 0
3 30 0 100 17 0 29 100 148 0 159 100 279 0 288 100 407 0 416 100 537 0 546 100 667 0 679 100 800 0 811 100 927 0 938 100 1056 0 1066 100 1182 0 1192 100 1312 0 1324 100 1441 0 1449 100 1567 0 1576 100 1693 0 1702 100 1952 0
4 30 0 100 26 0 40 100 155 0 169 100 284 0 300 100 412 0 425 100 539 0 554 100 666 0 682 100 798 0 813 100 925 0 941 100 1055 0 1070 100 1183 0 1197 100 1312 0 1327 100 1441 0 1455 100 1570 0 1587 100 1699 0 1714 100 1952 0
5 30 0 100 29 0 52 100 159 0 181 100 286 0 305 100 411 0 432 100 538 0 559 100 666 0 689 100 799 0 819 100 926 0 948 100 1057 0 1078 100 1189 0 1212 100 1318 0 1339 100 1448 0 1471 100 1576 0 1598 100 1709 0 1731 100 1952 0
6 30 0 100 35 0 46 100 163 0 174 100 295 0 303 100 424 0 435 100 554 0 565 100 684 0 693 100 812 0 823 100 943 0 955 100 1072 0 1082 100 1200 0 1211 100 1330 0 1340 100 1460 0 1471 100 1587 0 1596 100 1714 0 1725 100 1952 0
7 30 0 100 45 0 56 100 177 0 189 100 309 0 320 100 440 0 451 100 570 0 580 100 698 0 709 100 829 0 839 100 956 0 965 100 1086 0 1097 100 1218 0 1229 100 1348 0 1360 100 1481 0 1491 100 1611 0 1621 100 1743 0 1751 100 1952 0
8 30 0 100 48 0 62 100 177 0 189 100 306 0 320 100 438 0 449 100 564 0 578 100 697 0 708 100 827 0 841 100 957 0 968 100 1087 0 1098 100 1213 0 1226 100 1345 0 1356 100 1476 0 1490 100 1610 0 1620 100 1737 0 1747 100 1952 0
9 30 0 100 55 0 72 100 182 0 201 100 310 0 328 100 435 0 454 100 565 0 585 100 693 0 711 100 822 0 839 100 947 0 966 100 1077 0 1097 100 1208 0 1226 100 1337 0 1357 100 1466 0 1485 100 1595 0 1613 100 1726 0 1744 100 1952 0
10 30 0 100 62 0 78 100 189 0 205 100 316 0 330 100 442 0 458 100 569 0 583 100 693 0 707 100 817 0 834 100 945 0 959 100 1074 0 1090 100 1204 0 1218 100 1331 0 1349 100 1460 0 1475 100 1588 0 1604 100 1715 0 1730 100 1952 0
11 30 0 100 69 0 80 100 198 0 211 100 327 0 341 100 457 0 469 100 585 0 599 100 715 0 728 100 845 0 858 100 974 0 989 100 1105 0 1118 100 1237 0 1248 100 1362 0 1377 100 1492 0 1504 100 1623 0 1636 100 1752 0 1766 100 1952 0
12 30 0 100 75 0 87 100 202 0 216 100 334 0 346 100 458 0 473 100 591 0 606 100 724 0 737 100 854 0 869 100 982 0 995 100 1110 0 1126 100 1243 0 1255 100 1370 0 1384 100 1496 0 1510 100 1626 0 1641 100 1755 0 1767 100 1952 0
13 30 0 100 81 0 102 100 209 0 228 100 341 0 359 100 468 0 485 100 595 0 612 100 722 0 740 100 848 0 867 100 975 0 993 100 1104 0 1123 100 1235 0 1255 100 1366 0 1385 100 1498 0 1516 100 1626 0 1646 100 1756 0 1774 100 1952 0
14 30 0 100 85 0 103 100 216 0 234 100 343 0 362 100 474 0 494 100 602 0 619 100 728 0 747 100 859 0 878 100 987 0 1007 100 1118 0 1138 100 1250 0 1267 100 1380 0 1400 100 1508 0 1528 100 1642 0 1661 100 1771 0 1790 100 1952 0
15 30 0 100 92 0 112 100 219 0 241 100 351 0 372 100 480 0 502 100 612 0 634 100 742 0 761 100 872 0 891 100 1000 0 1020 100 1129 0 1151 100 1258 0 1277 100 1389 0 1409 100 1516 0 1537 100 1647 0 1669 100 1780 0 1800 100 1952 0
16 30 0 100 99 0 111 100 228 0 239 100 355 0 367 100 485 0 498 100 617 0 627 100 746 0 756 100 875 0 888 100 1007 0 1018 100 1135 0 1145 100 1265 0 1278 100 1394 0 1405 100 1523 0 1536 100 1652 0 1662 100 1778 0 1790 100 1952 0
17 30 0 100 105 0 120 100 230 0 246 100 359 0 374 100 487 0 502 100 617 0 634 100 746 0 761 100 872 0 890 100 1000 0 1016 100 1128 0 1144 100 1259 0 1276 100 1386 0 1404 100 1519 0 1537 100 1652 0 1667 100 1779 0 1795 100 1952 0
18 30 0 100 112 0 132 100 242 0 263 100 371 0 391 100 498 0 518 100 628 0 645 100 758 0 776 100 884 0 904 100 1016 0 1034 100 1146 0 1167 100 1274 0 1292 100 1404 0 1423 100 1534 0 1553 100 1664 0 1683 100 1796 0 1817 100 1952 0
19 30 0 100 118 0 129 100 247 0 257 100 376 0 389 100 507 0 519 100 636 0 647 100 763 0 772 100 890 0 903 100 1019 0 1029 100 1145 0 1158 100 1275 0 1284 100 1403 0 1416 100 1536 0 1548 100 1665 0 1678 100 1794 0 1805 100 1952 0
20 30 0 100 124 0 141 100 250 0 268 100 379 0 395 100 508 0 524 100 636 0 654 100 768 0 787 100 899 0 915 100 1024 0 1041 100 1156 0 1173 100 1287 0 1304 100 1417 0 1434 100 1549 0 1566 100 1680 0 1698 100 1810 0 1828 100 1952 0

# TASKS
# Format: <task_id> <size> <num_reqs>
# Then for each requirement: <type_id> <qty>
0 0 3
 0 0
 1 0
 2 0
1 17 3
 0 0
 1 2
 2 3
2 6 3
 0 3
 1 1
 2 0
3 13 3
 0 1
 1 3
 2 2
4 8 3
 0 0
 1 0
 2 2
5 2 3
 0 0
 1 3
 2 1
6 13 3
 0 3
 1 0
 2 3
7 14 3
 0 2
 1 3
 2 0
8 1 3
 0 1
 1 1
 2 3
9 4 3
 0 0
 1 0
 2 1
10 19 3
 0 3
 1 2
 2 2
11 10 3
 0 3
 1 2
 2 3
12 10 3
 0 0
 1 2
 2 3
13 12 3
 0 1
 1 2
 2 3
14 4 3
 0 1
 1 2
 2 0
15 13 3
 0 0
 1 0
 2 1
16 11 3
 0 1
 1 2
 2 1
17 1 3
 0 0
 1 0
 2 3
18 4 3
 0 3
 1 3
 2 1
19 2 3
 0 0
 1 0
 2 3
20 2 3
 0 3
 1 1
 2 2
21 14 3
 0 0
 1 0
 2 3
22 11 3
 0 2
 1 3
 2 2
23 18 3
 0 3
 1 1
 2 3
24 12 3
 0 3
 1 3
 2 1
25 2 3
 0 1
 1 2
 2 3
26 2 3
 0 0
 1 2
 2 1
27 2 3
 0 0
 1 0
 2 1
28 2 3
 0 0
 1 2
 2 0
29 13 3
 0 3
 1 1
 2 1
30 14 3
 0 2
 1 3
 2 1
31 18 3
 0 1
 1 3
 2 1
32 2 3
 0 1
 1 0
 2 0
33 16 3
 0 0
 1 0
 2 1
34 2 3
 0 0
 1 0
 2 1
35 14 3
 0 2
 1 0
 2 1
36 12 3
 0 3
 1 2
 2 0
37 14 3
 0 2
 1 1
 2 1
38 7 3
 0 2
 1 1
 2 0
39 15 3
 0 2
 1 2
 2 0
40 5 3
 0 3
 1 1
 2 3
41 9 3
 0 2
 1 1
 2 2
42 14 3
 0 3
 1 1
 2 0
43 7 3
 0 2
 1 0
 2 3
44 20 3
 0 0
 1 2
 2 0
45 7 3
 0 2
 1 2
 2 0
46 7 3
 0 1
 1 1
 2 1
47 15 3
 0 0
 1 0
 2 1
48 10 3
 0 2
 1 0
 2 0
49 15 3
 0 0
 1 0
 2 3
50 19 3
 0 0
 1 1
 2 0
51 15 3
 0 2
 1 0
 2 0
52 18 3
 0 1
 1 0
 2 3
53 4 3
 0 0
 1 0
 2 3
54 15 3
 0 0
 1 3
 2 0
55 14 3
 0 0
 1 1
 2 1
56 1 3
 0 0
 1 0
 2 2
57 7 3
 0 0
 1 2
 2 3
58 19 3
 0 0
 1 0
 2 3
59 10 3
 0 3
 1 1
 2 1
60 10 3
 0 2
 1 1
 2 3
61 13 3
 0 0
 1 0
 2 1
62 9 3
 0 1
 1 3
 2 3
63 3 3
 0 2
 1 2
 2 0
64 18 3
 0 1
 1 3
 2 2
65 11 3
 0 3
 1 0
 2 0
66 9 3
 0 2
 1 3
 2 2
67 4 3
 0 0
 1 2
 2 1
68 2 3
 0 0
 1 0
 2 1
69 2 3
 0 2
 1 1
 2 3
70 7 3
 0 3
 1 1
 2 2
71 5 3
 0 0
 1 0
 2 1
72 6 3
 0 2
 1 2
 2 1
73 6 3
 0 3
 1 0
 2 0
74 7 3
 0 3
 1 1
 2 0
75 18 3
 0 3
 1 0
 2 0
76 11 3
 0 1
 1 2
 2 2
77 19 3
 0 0
 1 0
 2 2
78 14 3
 0 3
 1 0
 2 1
79 11 3
 0 2
 1 0
 2 1
80 3 3
 0 3
 1 2
 2 0
81 5 3
 0 2
 1 2
 2 0
82 12 3
 0 0
 1 1
 2 0
83 18 3
 0 0
 1 3
 2 1
84 13 3
 0 0
 1 3
 2 0
85 20 3
 0 2
 1 2
 2 2
86 9 3
 0 3
 1 0
 2 3
87 4 3
 0 0
 1 2
 2 0
88 4 3
 0 2
 1 3
 2 0
89 5 3
 0 0
 1 1
 2 0
90 10 3
 0 2
 1 2
 2 1
91 6 3
 0 0
 1 2
 2 0
92 19 3
 0 0
 1 2
 2 3
93 1 3
 0 2
 1 3
 2 0
94 7 3
 0 2
 1 3
 2 3
95 9 3
 0 1
 1 2
 2 1
96 11 3
 0 3
 1 0
 2 0
97 18 3
 0 0
 1 1
 2 1
98 12 3
 0 2
 1 2
 2 3
99 2 3
 0 2
 1 0
 2 1
100 8 3
 0 0
 1 0
 2 1
101 7 3
 0 0
 1 2
 2 1
102 10 3
 0 3
 1 0
 2 0
103 2 3
 0 3
 1 2
 2 3
104 13 3
 0 0
 1 0
 2 1
105 6 3
 0 0
 1 1
 2 2
106 10 3
 0 0
 1 0
 2 1
107 8 3
 0 0
 1 2
 2 2
108 4 3
 0 2
 1 1
 2 3
109 18 3
 0 1
 1 1
 2 2
110 4 3
 0 1
 1 0
 2 3
111 2 3
 0 0
 1 0
 2 2
112 12 3
 0 2
 1 3
 2 1
113 9 3
 0 2
 1 2
 2 1
114 14 3
 0 1
 1 3
 2 1
115 12 3
 0 3
 1 0
 2 0
116 2 3
 0 0
 1 0
 2 2
117 5 3
 0 3
 1 2
 2 0
118 17 3
 0 3
 1 1
 2 3
119 15 3
 0 1
 1 1
 2 1
120 16 3
 0 0
 1 0
 2 2
121 13 3
 0 1
 1 0
 2 3
122 3 3
 0 3
 1 0
 2 0
123 7 3
 0 1
 1 3
 2 2
124 3 3
 0 0
 1 0
 2 1
125 16 3
 0 2
 1 0
 2 0
126 18 3
 0 0
 1 0
 2 3
127 14 3
 0 0
 1 2
 2 3
128 2 3
 0 3
 1 0
 2 0
129 4 3
 0 0
 1 2
 2 3
130 2 3
 0 1
 1 1
 2 0
131 18 3
 0 2
 1 1
 2 1
132 18 3
 0 2
 1 0
 2 2
133 4 3
 0 0
 1 0
 2 1
134 4 3
 0 0
 1 3
 2 0
135 12 3
 0 2
 1 0
 2 0
136 18 3
 0 0
 1 2
 2 3
137 1 3
 0 0
 1 1
 2 0
138 2 3
 0 3
 1 2
 2 1
139 3 3
 0 0
 1 3
 2 3
140 7 3
 0 2
 1 0
 2 2
141 4 3
 0 0
 1 2
 2 2
142 13 3
 0 2
 1 0
 2 0
143 14 3
 0 2
 1 3
 2 3
144 20 3
 0 1
 1 2
 2 2
145 5 3
 0 0
 1 2
 2 2
146 7 3
 0 1
 1 1
 2 3
147 2 3
 0 1
 1 3
 2 3
148 7 3
 0 0
 1 3
 2 0
149 3 3
 0 0
 1 1
 2 1
150 7 3
 0 0
 1 3
 2 0
151 14 3
 0 1
 1 2
 2 0
152 7 3
 0 0
 1 0
 2 1
153 2 3
 0 3
 1 2
 2 2
154 8 3
 0 3
 1 2
 2 0
155 13 3
 0 0
 1 2
 2 1
156 17 3
 0 1
 1 1
 2 0
157 14 3
 0 0
 1 1
 2 1
158 17 3
 0 2
 1 1
 2 1
159 5 3
 0 2
 1 0
 2 0
160 4 3
 0 3
 1 2
 2 0
161 1 3
 0 1
 1 3
 2 2
162 16 3
 0 1
 1 0
 2 2
163 3 3
 0 1
 1 0
 2 0
164 5 3
 0 1
 1 0
 2 0
165 17 3
 0 3
 1 0
 2 0
166 6 3
 0 0
 1 2
 2 0
167 9 3
 0 2
 1 2
 2 3
168 13 3
 0 0
 1 2
 2 2
169 9 3
 0 3
 1 2
 2 1
170 12 3
 0 3
 1 0
 2 0
171 20 3
 0 2
 1 3
 2 0
172 10 3
 0 0
 1 1
 2 0
173 2 3
 0 0
 1 1
 2 2
174 20 3
 0 2
 1 0
 2 3
175 20 3
 0 0
 1 3
 2 2
176 20 3
 0 1
 1 2
 2 0
177 3 3
 0 0
 1 0
 2 1
178 12 3
 0 0
 1 0
 2 2
179 8 3
 0 1
 1 1
 2 0
180 3 3
 0 1
 1 0
 2 1
181 8 3
 0 0
 1 0
 2 1
182 5 3
 0 2
 1 0
 2 3
183 10 3
 0 0
 1 0
 2 2
184 9 3
 0 1
 1 0
 2 1
185 16 3
 0 0
 1 2
 2 2
186 7 3
 0 0
 1 3
 2 3
187 3 3
 0 1
 1 3
 2 3
188 15 3
 0 0
 1 1
 2 1
189 17 3
 0 0
 1 3
 2 0
190 13 3
 0 0
 1 2
 2 1
191 2 3
 0 2
 1 3
 2 2
192 18 3
 0 3
 1 3
 2 0
193 16 3
 0 3
 1 0
 2 0
194 18 3
 0 1
 1 2
 2 0
195 11 3
 0 2
 1 2
 2 0
196 2 3
 0 1
 1 2
 2 0
197 3 3
 0 2
 1 0
 2 0
198 11 3
 0 0
 1 0
 2 1
199 19 3
 0 2
 1 1
 2 3
200 19 3
 0 0
 1 1
 2 3
201 1 3
 0 2
 1 2
 2 3
202 12 3
 0 0
 1 1
 2 0
203 12 3
 0 0
 1 3
 2 1
204 5 3
 0 2
 1 2
 2 1
205 18 3
 0 1
 1 0
 2 2
206 10 3
 0 2
 1 0
 2 0
207 12 3
 0 3
 1 0
 2 2
208 2 3
 0 2
 1 0
 2 3
209 7 3
 0 0
 1 3
 2 1
210 13 3
 0 0
 1 1
 2 1
211 6 3
 0 1
 1 0
 2 0
212 15 3
 0 2
 1 1
 2 0
213 18 3
 0 2
 1 0
 2 1
214 2 3
 0 1
 1 0
 2 0
215 17 3
 0 0
 1 1
 2 0
216 10 3
 0 0
 1 1
 2 0
217 6 3
 0 2
 1 1
 2 0
218 18 3
 0 1
 1 2
 2 3
219 19 3
 0 0
 1 3
 2 0
220 20 3
 0 0
 1 2
 2 3
221 13 3
 0 0
 1 1
 2 2
222 0 3
 0 0
 1 0
 2 0

# PRECEDENCES
902
0 3
0 8
0 10
0 11
0 13
0 23
0 28
0 29
0 35
0 36
0 38
0 39
0 40
0 41
0 43
0 46
0 56
0 60
0 61
0 62
0 63
0 67
0 68
0 72
0 76
0 77
0 78
0 80
0 81
0 83
0 84
0 86
0 88
0 95
0 98
0 99
0 101
0 103
0 104
0 107
0 109
0 116
0 123
0 124
0 127
0 128
0 129
0 139
0 143
0 144
0 154
0 157
0 162
0 163
0 165
0 167
0 169
0 175
0 179
0 181
0 182
0 186
0 192
0 194
0 201
0 202
0 208
0 210
0 215
0 216
0 218
0 219
0 221
1 26
1 121
2 26
2 44
2 70
3 44
3 111
3 112
3 131
3 171
4 75
4 133
4 140
4 195
4 206
5 9
5 106
6 27
6 30
6 145
6 152
7 222
8 31
8 53
8 161
8 191
8 206
9 24
9 105
9 158
9 173
9 206
10 6
10 153
10 164
11 16
11 24
11 34
11 54
11 85
12 69
12 200
13 42
13 102
13 132
13 207
14 70
14 93
15 66
15 74
15 79
15 120
15 211
15 213
16 44
16 158
16 173
16 183
16 206
16 213
17 222
18 21
18 47
18 105
18 115
18 145
18 166
19 125
19 126
20 6
20 74
20 153
20 183
20 212
21 33
21 44
21 71
21 121
21 205
21 217
22 33
22 188
23 1
23 44
23 52
23 64
23 138
23 177
24 26
24 33
24 59
24 71
24 125
24 211
25 21
25 156
25 187
25 205
25 217
26 222
27 73
27 142
27 173
27 183
27 204
28 24
28 25
28 48
28 97
28 191
29 87
29 136
29 139
29 147
29 161
29 205
30 70
30 141
30 211
30 213
31 1
31 117
31 138
31 146
31 217
32 24
32 49
32 146
32 195
32 213
33 222
34 222
35 12
35 22
35 104
35 158
35 181
35 206
36 1
36 132
36 138
36 184
37 16
37 136
38 17
38 86
38 133
38 211
38 215
38 220
39 17
39 191
40 18
40 130
40 150
40 212
41 44
41 115
41 125
41 188
42 16
42 25
42 89
42 146
42 206
43 14
43 34
43 53
43 74
43 151
43 205
44 222
45 48
45 71
46 141
46 212
47 222
48 66
48 90
48 188
48 217
49 92
49 126
50 16
50 54
50 126
50 145
51 16
51 87
51 146
51 156
51 217
52 6
52 34
53 96
53 160
53 177
54 71
54 105
54 125
55 54
55 132
55 149
56 24
56 145
56 203
57 6
57 51
57 59
57 174
57 205
57 220
58 108
58 125
58 130
59 222
60 50
60 66
60 193
61 5
61 32
61 140
61 189
62 65
62 110
62 153
62 164
62 171
63 25
63 91
63 158
63 161
63 206
64 21
64 34
64 71
64 102
64 180
65 25
65 121
66 30
66 136
66 149
66 188
67 95
67 183
67 188
68 59
68 141
68 148
68 158
69 136
69 166
69 200
69 204
69 211
70 222
71 222
72 21
72 149
72 172
72 183
72 185
73 89
73 90
73 92
73 136
73 150
74 26
74 30
74 102
74 188
74 200
74 205
75 26
75 94
75 115
75 147
75 158
76 15
76 17
76 24
76 63
76 89
77 160
77 197
77 217
78 71
78 135
78 190
79 138
79 159
79 189
80 19
80 41
80 81
80 106
80 136
81 22
81 25
81 66
81 148
81 187
81 199
82 22
82 108
82 115
82 138
83 7
83 74
83 79
83 110
83 132
83 138
84 45
84 108
84 158
84 191
85 19
85 21
85 195
86 32
86 213
87 14
87 70
87 71
87 97
87 141
87 217
88 48
88 148
88 155
89 222
90 44
90 89
90 200
90 205
91 21
91 33
91 118
92 222
93 222
94 155
94 166
94 195
95 74
95 82
95 92
95 139
95 199
95 216
96 69
96 161
97 222
98 2
98 20
98 21
98 52
98 57
98 110
99 48
99 112
100 1
100 75
100 82
100 85
100 183
101 18
101 25
101 87
101 105
101 152
101 188
102 70
102 121
102 178
102 200
103 20
103 22
103 219
104 33
104 45
104 64
104 141
104 142
104 183
105 7
105 17
105 34
105 44
105 125
105 188
106 24
106 25
106 195
107 51
107 122
107 125
107 141
107 166
107 178
108 21
108 125
109 14
109 106
109 110
109 203
110 26
110 66
110 166
110 204
111 33
111 108
111 132
112 15
112 25
113 2
113 55
113 121
113 140
113 161
114 19
114 50
114 119
114 156
114 168
115 47
115 158
115 205
116 2
116 27
116 169
116 185
117 113
117 212
118 34
118 47
118 97
118 213
119 1
119 18
119 21
119 132
119 153
119 204
120 44
120 158
121 17
121 26
121 71
121 92
121 93
122 32
122 90
122 114
122 159
122 183
122 196
123 191
123 204
124 4
124 195
124 213
124 214
125 222
126 33
126 70
126 71
126 89
126 213
127 15
127 42
127 57
127 96
127 145
127 149
128 65
128 100
128 170
128 185
128 196
129 85
129 90
129 152
129 160
129 167
130 70
130 161
131 12
131 74
131 114
131 125
131 137
131 187
132 33
132 47
132 70
132 166
133 121
133 132
133 138
133 148
133 153
134 166
134 173
134 187
135 21
135 91
135 142
136 222
137 21
137 59
137 79
137 193
138 126
138 148
138 173
138 211
139 97
139 138
139 177
139 207
140 97
140 187
141 222
142 2
142 136
142 150
142 155
143 71
143 198
144 19
144 27
144 45
144 48
144 97
144 205
145 222
146 21
146 59
146 155
146 158
146 188
146 195
147 73
147 155
148 26
148 92
148 115
148 140
148 149
148 173
149 17
149 26
149 89
149 93
149 200
149 205
150 26
150 33
150 59
150 93
150 145
150 158
151 32
151 136
151 155
151 170
151 172
151 190
152 90
152 97
152 132
152 183
152 188
153 34
153 105
153 132
153 145
153 183
153 200
154 20
154 28
154 150
155 44
155 166
155 200
156 17
156 44
156 89
156 92
157 64
157 97
157 122
157 197
158 222
159 24
159 147
159 152
159 158
159 213
160 7
160 30
160 90
161 14
161 55
161 70
161 125
161 156
161 180
162 12
162 14
162 66
162 130
163 22
163 187
163 204
164 6
164 16
164 110
164 171
165 55
165 65
165 174
166 17
166 44
166 47
166 71
166 97
167 180
167 199
168 19
168 27
168 125
168 142
168 161
168 193
169 34
169 147
169 189
170 125
170 136
171 25
171 42
171 176
172 17
172 30
172 34
172 158
172 178
173 17
173 70
173 71
173 141
173 158
174 1
174 66
174 71
174 126
174 152
175 18
175 123
175 193
176 17
176 73
177 30
177 172
178 71
178 145
179 107
179 134
180 26
180 44
180 125
180 166
181 9
181 134
181 188
181 213
181 220
182 47
182 52
182 72
182 169
182 204
183 97
183 200
184 17
184 44
184 91
184 93
184 152
184 166
185 51
185 85
185 164
185 195
185 212
186 9
186 58
186 85
186 105
186 134
186 209
187 92
187 93
187 97
187 141
188 222
189 47
189 64
189 74
190 115
190 118
190 146
190 158
190 213
191 7
191 71
192 24
192 30
192 44
192 125
192 126
193 30
193 73
193 102
193 126
193 199
193 217
194 31
194 33
194 133
194 148
194 158
194 164
195 149
195 187
195 217
196 45
196 71
196 211
197 37
197 45
197 50
198 126
198 178
198 214
199 21
199 33
200 222
201 20
201 167
201 189
201 190
201 192
201 193
202 47
202 58
202 86
202 107
202 121
202 214
203 9
203 126
203 142
203 184
203 193
204 19
204 92
204 160
204 180
205 222
206 33
206 44
206 213
207 64
207 140
207 173
208 74
208 97
208 137
209 89
209 90
209 105
209 126
209 133
209 174
210 46
210 140
210 193
211 222
212 7
212 70
212 92
212 97
212 160
212 180
213 222
214 2
214 19
214 26
214 147
214 200
215 168
215 180
215 203
216 146
216 203
217 33
217 71
217 141
217 158
217 205
217 211
218 17
218 54
218 90
218 146
219 47
219 147
220 24
220 156
220 172
220 180
221 68
221 87
221 114
221 144
