# Tier 6 (Large) - Instance 23
# Generated with config: N=100, K=6, topology=grid, calendar=random

# HEADER: <num_tasks> <num_types> <num_units>
102 6 49

# RESOURCE TYPES
# Format: <type_id> <num_units> <unit_id1> <unit_id2> ...
0 8 0 1 2 3 4 5 6 7
1 9 8 9 10 11 12 13 14 15 16
2 9 17 18 19 20 21 22 23 24 25
3 7 26 27 28 29 30 31 32
4 10 33 34 35 36 37 38 39 40 41 42
5 6 43 44 45 46 47 48

# RESOURCE UNITS (Calendars)
# Format: <unit_id> <num_steps> <t1> <v1> <t2> <v2> ...
0 16 0 100 128 0 142 100 326 0 339 100 357 0 368 100 382 0 391 100 468 0 480 100 554 0 567 100 715 0 723 100 776 0
1 18 0 100 31 0 41 100 82 0 91 100 179 0 191 100 306 0 321 100 341 0 357 100 535 0 544 100 620 0 628 100 754 0 764 100 776 0
2 20 0 100 243 0 252 100 304 0 315 100 324 0 336 100 379 0 392 100 396 0 413 100 488 0 499 100 577 0 591 100 681 0 693 100 707 0 720 100 776 0
3 20 0 100 55 0 71 100 93 0 107 100 286 0 296 100 395 0 409 100 544 0 552 100 564 0 580 100 653 0 669 100 693 0 708 100 737 0 752 100 776 0
4 20 0 100 96 0 106 100 151 0 161 100 176 0 185 100 394 0 408 100 426 0 434 100 446 0 458 100 558 0 572 100 696 0 711 100 726 0 737 100 776 0
5 18 0 100 12 0 28 100 30 0 46 100 184 0 200 100 339 0 347 100 352 0 366 100 436 0 444 100 552 0 561 100 604 0 613 100 776 0
6 16 0 100 158 0 170 100 286 0 299 100 363 0 373 100 406 0 422 100 524 0 537 100 564 0 573 100 621 0 635 100 776 0
7 16 0 100 20 0 36 100 61 0 73 100 274 0 290 100 343 0 356 100 486 0 500 100 512 0 527 100 728 0 743 100 776 0
8 18 0 100 32 0 45 100 209 0 222 100 254 0 263 100 418 0 430 100 516 0 530 100 549 0 562 100 569 0 584 100 663 0 679 100 776 0
9 18 0 100 79 0 90 100 136 0 147 100 214 0 231 100 234 0 247 100 295 0 311 100 384 0 399 100 442 0 453 100 528 0 536 100 776 0
10 20 0 100 14 0 31 100 42 0 58 100 75 0 89 100 102 0 115 100 150 0 161 100 345 0 357 100 503 0 515 100 544 0 556 100 669 0 682 100 776 0
11 16 0 100 6 0 19 100 90 0 106 100 166 0 181 100 196 0 205 100 259 0 268 100 330 0 339 100 620 0 637 100 776 0
12 18 0 100 43 0 51 100 66 0 80 100 92 0 104 100 316 0 329 100 373 0 389 100 401 0 424 100 444 0 456 100 488 0 503 100 776 0
13 18 0 100 75 0 86 100 187 0 204 100 237 0 245 100 311 0 325 100 335 0 350 100 616 0 626 100 672 0 684 100 720 0 737 100 776 0
14 20 0 100 66 0 83 100 146 0 160 100 183 0 194 100 205 0 214 100 227 0 241 100 250 0 264 100 271 0 282 100 327 0 341 100 493 0 505 100 776 0
15 20 0 100 196 0 204 100 252 0 265 100 289 0 305 100 326 0 334 100 374 0 389 100 450 0 462 100 480 0 497 100 536 0 551 100 757 0 771 100 776 0
16 18 0 100 58 0 66 100 171 0 182 100 273 0 285 100 339 0 354 100 508 0 523 100 564 0 579 100 600 0 608 100 628 0 645 100 776 0
17 18 0 100 21 0 37 100 211 0 221 100 248 0 257 100 347 0 358 100 403 0 411 100 437 0 453 100 502 0 518 100 708 0 723 100 776 0
18 20 0 100 44 0 59 100 109 0 117 100 255 0 272 100 452 0 462 100 511 0 521 100 564 0 580 100 620 0 631 100 739 0 754 100 758 0 774 100 776 0
19 18 0 100 12 0 29 100 45 0 60 100 124 0 138 100 168 0 184 100 274 0 285 100 293 0 298 100 349 0 366 100 404 0 418 100 776 0
20 16 0 100 68 0 82 100 156 0 168 100 426 0 442 100 456 0 468 100 604 0 619 100 634 0 643 100 725 0 733 100 776 0
21 20 0 100 2 0 13 100 227 0 241 100 249 0 258 100 266 0 276 100 291 0 305 100 483 0 492 100 496 0 511 100 515 0 529 100 536 0 551 100 776 0
22 20 0 100 79 0 94 100 104 0 119 100 178 0 189 100 219 0 233 100 373 0 381 100 431 0 439 100 642 0 652 100 655 0 666 100 704 0 719 100 776 0
23 20 0 100 43 0 53 100 63 0 71 100 150 0 163 100 200 0 208 100 268 0 280 100 318 0 327 100 358 0 372 100 377 0 387 100 407 0 419 100 776 0
24 14 0 100 94 0 110 100 142 0 153 100 289 0 300 100 503 0 516 100 660 0 673 100 716 0 738 100 776 0
25 20 0 100 35 0 46 100 56 0 71 100 203 0 219 100 276 0 289 100 338 0 353 100 449 0 457 100 510 0 519 100 666 0 681 100 729 0 746 100 776 0
26 16 0 100 183 0 191 100 254 0 275 100 407 0 424 100 636 0 650 100 671 0 680 100 682 0 694 100 706 0 716 100 776 0
27 18 0 100 47 0 60 100 190 0 199 100 430 0 441 100 514 0 531 100 548 0 565 100 612 0 625 100 626 0 636 100 666 0 676 100 776 0
28 18 0 100 32 0 41 100 162 0 175 100 228 0 241 100 242 0 255 100 346 0 357 100 374 0 390 100 527 0 541 100 581 0 590 100 776 0
29 14 0 100 9 0 26 100 175 0 189 100 255 0 271 100 304 0 317 100 354 0 364 100 421 0 433 100 776 0
30 18 0 100 23 0 38 100 80 0 96 100 114 0 124 100 277 0 285 100 355 0 369 100 427 0 444 100 683 0 695 100 731 0 740 100 776 0
31 18 0 100 14 0 30 100 308 0 324 100 356 0 366 100 475 0 485 100 566 0 577 100 628 0 641 100 682 0 699 100 706 0 716 100 776 0
32 14 0 100 33 0 44 100 91 0 104 100 151 0 165 100 323 0 335 100 412 0 420 100 693 0 705 100 776 0
33 18 0 100 19 0 32 100 218 0 233 100 312 0 324 100 540 0 548 100 603 0 613 100 643 0 655 100 666 0 677 100 727 0 743 100 776 0
34 16 0 100 156 0 168 100 206 0 215 100 418 0 427 100 456 0 469 100 616 0 633 100 634 0 647 100 663 0 679 100 776 0
35 18 0 100 56 0 68 100 189 0 200 100 219 0 232 100 287 0 300 100 308 0 322 100 438 0 447 100 499 0 511 100 561 0 575 100 776 0
36 20 0 100 120 0 133 100 167 0 175 100 217 0 233 100 304 0 317 100 408 0 424 100 436 0 446 100 576 0 590 100 604 0 619 100 754 0 769 100 776 0
37 20 0 100 96 0 108 100 146 0 154 100 207 0 220 100 337 0 345 100 368 0 377 100 458 0 473 100 514 0 524 100 694 0 708 100 754 0 765 100 776 0
38 16 0 100 37 0 54 100 58 0 70 100 98 0 111 100 187 0 196 100 501 0 511 100 680 0 692 100 739 0 749 100 776 0
39 18 0 100 24 0 32 100 74 0 100 100 164 0 181 100 300 0 308 100 366 0 378 100 452 0 469 100 592 0 602 100 653 0 663 100 776 0
40 18 0 100 34 0 42 100 96 0 111 100 275 0 289 100 416 0 424 100 506 0 519 100 641 0 650 100 698 0 713 100 739 0 750 100 776 0
41 20 0 100 177 0 185 100 198 0 209 100 267 0 280 100 481 0 496 100 508 0 520 100 535 0 544 100 546 0 558 100 563 0 575 100 645 0 660 100 776 0
42 14 0 100 67 0 84 100 259 0 272 100 350 0 364 100 375 0 384 100 493 0 505 100 562 0 579 100 776 0
43 16 0 100 104 0 112 100 121 0 136 100 201 0 211 100 213 0 214 100 244 0 260 100 519 0 528 100 638 0 647 100 776 0
44 18 0 100 146 0 161 100 170 0 179 100 205 0 221 100 288 0 299 100 355 0 366 100 443 0 460 100 725 0 736 100 737 0 753 100 776 0
45 16 0 100 85 0 94 100 159 0 169 100 311 0 321 100 386 0 401 100 456 0 471 100 489 0 505 100 754 0 771 100 776 0
46 16 0 100 92 0 101 100 147 0 162 100 320 0 328 100 415 0 425 100 536 0 551 100 565 0 575 100 671 0 680 100 776 0
47 18 0 100 5 0 16 100 161 0 177 100 306 0 318 100 462 0 475 100 491 0 503 100 528 0 544 100 578 0 593 100 614 0 622 100 776 0
48 14 0 100 11 0 23 100 287 0 296 100 420 0 428 100 534 0 542 100 709 0 718 100 745 0 758 100 776 0

# TASKS
# Format: <task_id> <size> <num_reqs>
# Then for each requirement: <type_id> <qty>
0 0 6
 0 0
 1 0
 2 0
 3 0
 4 0
 5 0
1 13 6
 0 0
 1 2
 2 0
 3 0
 4 0
 5 3
2 13 6
 0 3
 1 2
 2 1
 3 0
 4 1
 5 2
3 12 6
 0 2
 1 0
 2 0
 3 2
 4 1
 5 1
4 10 6
 0 0
 1 2
 2 0
 3 3
 4 1
 5 0
5 9 6
 0 2
 1 2
 2 0
 3 0
 4 2
 5 2
6 14 6
 0 1
 1 0
 2 0
 3 0
 4 3
 5 3
7 12 6
 0 0
 1 0
 2 2
 3 1
 4 2
 5 3
8 10 6
 0 3
 1 0
 2 0
 3 3
 4 2
 5 3
9 13 6
 0 0
 1 1
 2 1
 3 0
 4 1
 5 1
10 4 6
 0 1
 1 0
 2 3
 3 1
 4 2
 5 3
11 6 6
 0 3
 1 1
 2 1
 3 2
 4 2
 5 1
12 7 6
 0 3
 1 3
 2 0
 3 3
 4 2
 5 3
13 6 6
 0 1
 1 0
 2 2
 3 0
 4 3
 5 3
14 13 6
 0 0
 1 2
 2 1
 3 1
 4 1
 5 1
15 14 6
 0 0
 1 3
 2 0
 3 3
 4 1
 5 3
16 4 6
 0 0
 1 1
 2 0
 3 0
 4 1
 5 0
17 6 6
 0 2
 1 3
 2 0
 3 2
 4 2
 5 0
18 5 6
 0 3
 1 1
 2 1
 3 0
 4 3
 5 1
19 6 6
 0 0
 1 3
 2 1
 3 2
 4 1
 5 0
20 9 6
 0 2
 1 0
 2 1
 3 0
 4 1
 5 0
21 4 6
 0 1
 1 3
 2 3
 3 1
 4 3
 5 2
22 7 6
 0 1
 1 1
 2 2
 3 2
 4 1
 5 0
23 13 6
 0 3
 1 1
 2 0
 3 0
 4 0
 5 0
24 13 6
 0 2
 1 3
 2 0
 3 3
 4 3
 5 3
25 11 6
 0 3
 1 1
 2 0
 3 3
 4 1
 5 0
26 11 6
 0 0
 1 0
 2 2
 3 1
 4 1
 5 3
27 3 6
 0 1
 1 3
 2 3
 3 1
 4 0
 5 1
28 9 6
 0 0
 1 1
 2 0
 3 2
 4 3
 5 1
29 5 6
 0 3
 1 0
 2 2
 3 2
 4 2
 5 3
30 12 6
 0 3
 1 2
 2 1
 3 0
 4 2
 5 0
31 15 6
 0 3
 1 1
 2 0
 3 0
 4 0
 5 1
32 10 6
 0 3
 1 1
 2 2
 3 3
 4 0
 5 1
33 8 6
 0 2
 1 2
 2 0
 3 2
 4 0
 5 2
34 14 6
 0 3
 1 0
 2 1
 3 2
 4 2
 5 2
35 6 6
 0 1
 1 2
 2 2
 3 1
 4 0
 5 0
36 15 6
 0 3
 1 0
 2 3
 3 1
 4 3
 5 0
37 13 6
 0 1
 1 2
 2 0
 3 3
 4 2
 5 1
38 14 6
 0 3
 1 0
 2 3
 3 2
 4 3
 5 0
39 10 6
 0 1
 1 2
 2 2
 3 0
 4 1
 5 3
40 15 6
 0 0
 1 0
 2 1
 3 0
 4 0
 5 2
41 5 6
 0 3
 1 1
 2 2
 3 2
 4 0
 5 2
42 11 6
 0 1
 1 3
 2 0
 3 1
 4 0
 5 3
43 6 6
 0 1
 1 0
 2 1
 3 1
 4 0
 5 0
44 5 6
 0 1
 1 2
 2 2
 3 0
 4 2
 5 1
45 10 6
 0 1
 1 0
 2 1
 3 0
 4 3
 5 0
46 8 6
 0 3
 1 3
 2 3
 3 0
 4 2
 5 1
47 5 6
 0 0
 1 1
 2 3
 3 0
 4 3
 5 2
48 6 6
 0 2
 1 0
 2 0
 3 1
 4 2
 5 0
49 11 6
 0 2
 1 2
 2 0
 3 0
 4 2
 5 2
50 6 6
 0 3
 1 2
 2 2
 3 0
 4 0
 5 2
51 14 6
 0 3
 1 1
 2 0
 3 3
 4 0
 5 0
52 3 6
 0 1
 1 3
 2 3
 3 3
 4 0
 5 3
53 15 6
 0 3
 1 0
 2 1
 3 1
 4 0
 5 3
54 10 6
 0 3
 1 3
 2 1
 3 3
 4 1
 5 0
55 5 6
 0 1
 1 0
 2 3
 3 0
 4 1
 5 0
56 8 6
 0 3
 1 0
 2 1
 3 2
 4 0
 5 1
57 14 6
 0 3
 1 2
 2 2
 3 2
 4 0
 5 2
58 12 6
 0 3
 1 3
 2 3
 3 3
 4 2
 5 2
59 12 6
 0 1
 1 3
 2 0
 3 0
 4 2
 5 0
60 6 6
 0 1
 1 3
 2 0
 3 0
 4 0
 5 3
61 14 6
 0 3
 1 1
 2 1
 3 3
 4 1
 5 2
62 11 6
 0 3
 1 3
 2 3
 3 3
 4 3
 5 3
63 10 6
 0 1
 1 1
 2 3
 3 3
 4 0
 5 1
64 4 6
 0 2
 1 2
 2 2
 3 0
 4 0
 5 1
65 10 6
 0 3
 1 1
 2 0
 3 2
 4 3
 5 0
66 13 6
 0 0
 1 1
 2 1
 3 0
 4 0
 5 0
67 9 6
 0 0
 1 2
 2 3
 3 1
 4 2
 5 0
68 7 6
 0 1
 1 2
 2 0
 3 3
 4 3
 5 0
69 5 6
 0 1
 1 0
 2 1
 3 0
 4 0
 5 2
70 3 6
 0 2
 1 2
 2 2
 3 2
 4 1
 5 1
71 15 6
 0 3
 1 0
 2 0
 3 1
 4 0
 5 1
72 7 6
 0 0
 1 0
 2 0
 3 1
 4 3
 5 3
73 10 6
 0 1
 1 3
 2 1
 3 2
 4 3
 5 2
74 3 6
 0 2
 1 3
 2 2
 3 0
 4 2
 5 3
75 15 6
 0 2
 1 3
 2 3
 3 3
 4 1
 5 2
76 3 6
 0 2
 1 3
 2 2
 3 0
 4 1
 5 0
77 6 6
 0 0
 1 2
 2 2
 3 2
 4 1
 5 2
78 7 6
 0 0
 1 0
 2 0
 3 1
 4 3
 5 1
79 6 6
 0 0
 1 2
 2 0
 3 1
 4 0
 5 3
80 11 6
 0 0
 1 1
 2 0
 3 0
 4 0
 5 3
81 11 6
 0 3
 1 1
 2 2
 3 0
 4 2
 5 0
82 14 6
 0 0
 1 3
 2 0
 3 0
 4 0
 5 3
83 10 6
 0 0
 1 3
 2 1
 3 0
 4 3
 5 3
84 5 6
 0 3
 1 1
 2 0
 3 2
 4 3
 5 1
85 14 6
 0 1
 1 0
 2 1
 3 0
 4 2
 5 1
86 8 6
 0 1
 1 1
 2 3
 3 0
 4 2
 5 2
87 8 6
 0 2
 1 3
 2 3
 3 2
 4 0
 5 2
88 15 6
 0 2
 1 2
 2 3
 3 2
 4 3
 5 0
89 11 6
 0 0
 1 0
 2 2
 3 0
 4 0
 5 1
90 12 6
 0 3
 1 3
 2 2
 3 0
 4 3
 5 3
91 3 6
 0 2
 1 2
 2 3
 3 2
 4 3
 5 1
92 6 6
 0 0
 1 2
 2 2
 3 0
 4 3
 5 2
93 14 6
 0 1
 1 0
 2 3
 3 3
 4 2
 5 2
94 5 6
 0 0
 1 2
 2 0
 3 0
 4 0
 5 2
95 14 6
 0 1
 1 2
 2 0
 3 2
 4 2
 5 3
96 4 6
 0 0
 1 1
 2 0
 3 3
 4 1
 5 2
97 14 6
 0 3
 1 2
 2 0
 3 2
 4 3
 5 1
98 9 6
 0 1
 1 2
 2 1
 3 2
 4 3
 5 3
99 11 6
 0 2
 1 2
 2 0
 3 3
 4 2
 5 3
100 5 6
 0 3
 1 3
 2 0
 3 3
 4 1
 5 1
101 0 6
 0 0
 1 0
 2 0
 3 0
 4 0
 5 0

# PRECEDENCES
200
72 73
7 17
62 72
67 68
72 82
98 101
44 45
99 100
67 77
44 54
3 13
8 9
0 5
8 18
40 50
100 101
36 46
41 42
96 97
18 19
73 74
41 51
18 28
73 83
14 15
9 10
0 7
14 24
74 75
9 19
74 84
10 20
15 16
47 48
15 25
42 43
47 57
42 52
38 39
48 49
38 48
0 9
48 58
75 76
80 90
85 86
75 85
92 101
16 17
71 72
81 82
96 101
16 26
71 81
81 91
12 13
22 23
77 78
12 22
0 2
22 32
77 87
49 50
49 59
13 14
45 46
13 23
55 56
45 55
55 65
82 83
82 92
51 52
46 47
51 61
23 24
78 79
46 56
23 33
78 88
83 84
97 101
19 20
19 29
24 25
79 80
56 57
79 89
56 66
99 101
52 53
20 30
52 62
57 58
89 90
89 99
53 54
53 63
25 26
30 40
85 95
25 35
26 27
21 22
26 36
31 32
86 87
21 31
86 96
17 18
27 28
17 27
27 37
54 55
64 65
93 101
54 64
5 6
50 60
60 70
87 88
95 101
97 98
87 97
1 2
0 4
1 11
28 29
93 94
28 38
83 93
88 89
88 98
24 34
29 30
84 85
61 62
84 94
61 71
0 6
2 3
2 12
57 67
62 63
94 95
3 4
58 59
35 36
58 68
35 45
90 100
95 96
0 8
31 41
36 37
91 92
68 69
91 101
63 64
68 78
63 73
32 33
32 42
4 5
59 60
64 74
69 70
4 14
59 69
69 79
0 1
5 15
65 66
0 10
65 75
37 38
92 93
37 47
6 7
6 16
33 34
43 44
98 99
33 43
43 53
70 80
39 40
0 3
29 39
34 35
39 49
11 12
66 67
34 44
76 77
11 21
66 76
76 86
94 101
7 8
