# Tier 6 (Large) - Instance 60
# Generated with config: N=281, K=5, topology=grid, calendar=staggered

# HEADER: <num_tasks> <num_types> <num_units>
283 5 20

# RESOURCE TYPES
# Format: <type_id> <num_units> <unit_id1> <unit_id2> ...
0 3 0 1 2
1 3 3 4 5
2 7 6 7 8 9 10 11 12
3 3 13 14 15
4 4 16 17 18 19

# RESOURCE UNITS (Calendars)
# Format: <unit_id> <num_steps> <t1> <v1> <t2> <v2> ...
0 25 0 100 1 0 27 100 200 0 226 100 401 0 424 100 600 0 624 100 799 0 822 100 995 0 1019 100 1191 0 1217 100 1393 0 1416 100 1592 0 1616 100 1791 0 1814 100 1991 0 2015 100 2190 0 2397 0
1 25 0 100 11 0 35 100 212 0 236 100 410 0 435 100 611 0 636 100 810 0 835 100 1012 0 1034 100 1212 0 1234 100 1409 0 1434 100 1611 0 1633 100 1811 0 1833 100 2007 0 2030 100 2206 0 2397 0
2 25 0 100 20 0 47 100 218 0 243 100 415 0 442 100 617 0 642 100 814 0 839 100 1014 0 1040 100 1213 0 1239 100 1411 0 1438 100 1609 0 1635 100 1806 0 1833 100 2006 0 2032 100 2205 0 2397 0
3 25 0 100 28 0 54 100 227 0 253 100 425 0 451 100 621 0 646 100 816 0 841 100 1011 0 1038 100 1209 0 1235 100 1410 0 1436 100 1606 0 1632 100 1802 0 1830 100 2005 0 2032 100 2204 0 2397 0
4 25 0 100 38 0 55 100 234 0 251 100 430 0 450 100 631 0 650 100 832 0 852 100 1032 0 1051 100 1230 0 1249 100 1430 0 1449 100 1628 0 1645 100 1823 0 1844 100 2021 0 2041 100 2218 0 2397 0
5 25 0 100 51 0 75 100 248 0 271 100 443 0 467 100 639 0 664 100 835 0 859 100 1035 0 1061 100 1237 0 1263 100 1434 0 1460 100 1636 0 1659 100 1833 0 1860 100 2036 0 2061 100 2238 0 2397 0
6 25 0 100 59 0 87 100 257 0 287 100 455 0 483 100 655 0 685 100 856 0 883 100 1054 0 1081 100 1253 0 1281 100 1449 0 1476 100 1648 0 1676 100 1848 0 1876 100 2046 0 2074 100 2242 0 2397 0
7 25 0 100 70 0 99 100 269 0 301 100 467 0 499 100 667 0 698 100 866 0 897 100 1062 0 1092 100 1258 0 1287 100 1457 0 1489 100 1655 0 1685 100 1854 0 1885 100 2054 0 2085 100 2255 0 2397 0
8 25 0 100 81 0 103 100 280 0 304 100 482 0 504 100 678 0 700 100 877 0 901 100 1075 0 1098 100 1276 0 1300 100 1475 0 1498 100 1672 0 1697 100 1873 0 1896 100 2073 0 2096 100 2269 0 2397 0
9 25 0 100 90 0 108 100 285 0 306 100 485 0 505 100 685 0 704 100 884 0 904 100 1083 0 1101 100 1280 0 1301 100 1477 0 1496 100 1674 0 1694 100 1876 0 1896 100 2077 0 2097 100 2279 0 2397 0
10 25 0 100 100 0 126 100 301 0 326 100 500 0 525 100 699 0 722 100 898 0 924 100 1097 0 1120 100 1295 0 1321 100 1494 0 1520 100 1694 0 1718 100 1891 0 1917 100 2093 0 2118 100 2291 0 2397 0
11 25 0 100 109 0 136 100 312 0 336 100 511 0 535 100 706 0 730 100 905 0 930 100 1104 0 1130 100 1302 0 1328 100 1502 0 1526 100 1698 0 1723 100 1898 0 1923 100 2099 0 2124 100 2294 0 2397 0
12 25 0 100 120 0 148 100 322 0 352 100 521 0 549 100 723 0 751 100 923 0 952 100 1125 0 1154 100 1323 0 1353 100 1524 0 1550 100 1720 0 1748 100 1919 0 1948 100 2117 0 2146 100 2317 0 2397 0
13 25 0 100 131 0 150 100 330 0 349 100 527 0 547 100 727 0 744 100 922 0 942 100 1124 0 1143 100 1322 0 1339 100 1521 0 1539 100 1722 0 1739 100 1920 0 1937 100 2117 0 2137 100 2317 0 2397 0
14 25 0 100 139 0 160 100 338 0 359 100 538 0 560 100 736 0 760 100 934 0 958 100 1133 0 1156 100 1334 0 1357 100 1532 0 1556 100 1732 0 1756 100 1935 0 1959 100 2135 0 2158 100 2336 0 2397 0
15 25 0 100 148 0 171 100 347 0 368 100 545 0 567 100 742 0 766 100 945 0 969 100 1145 0 1166 100 1340 0 1363 100 1539 0 1562 100 1739 0 1763 100 1938 0 1960 100 2135 0 2157 100 2332 0 2397 0
16 25 0 100 157 0 177 100 356 0 375 100 554 0 574 100 756 0 777 100 957 0 977 100 1154 0 1174 100 1352 0 1372 100 1551 0 1568 100 1747 0 1765 100 1943 0 1962 100 2140 0 2157 100 2337 0 2397 0
17 25 0 100 170 0 196 100 368 0 394 100 565 0 592 100 764 0 790 100 963 0 991 100 1163 0 1191 100 1363 0 1391 100 1563 0 1592 100 1766 0 1794 100 1967 0 1995 100 2167 0 2195 100 2368 0 2397 0
18 25 0 100 179 0 197 100 379 0 393 100 578 0 594 100 779 0 796 100 978 0 993 100 1178 0 1195 100 1380 0 1397 100 1578 0 1595 100 1775 0 1792 100 1975 0 1993 100 2178 0 2195 100 2377 0 2397 0
19 25 0 100 187 0 212 100 386 0 413 100 587 0 614 100 789 0 814 100 986 0 1013 100 1183 0 1209 100 1385 0 1409 100 1584 0 1608 100 1782 0 1809 100 1982 0 2008 100 2183 0 2207 100 2382 0 2397 0

# TASKS
# Format: <task_id> <size> <num_reqs>
# Then for each requirement: <type_id> <qty>
0 0 5
 0 0
 1 0
 2 0
 3 0
 4 0
1 20 5
 0 0
 1 2
 2 2
 3 3
 4 1
2 6 5
 0 3
 1 0
 2 0
 3 2
 4 1
3 3 5
 0 0
 1 1
 2 0
 3 0
 4 0
4 6 5
 0 3
 1 2
 2 0
 3 0
 4 1
5 20 5
 0 2
 1 1
 2 3
 3 0
 4 0
6 5 5
 0 1
 1 3
 2 2
 3 3
 4 3
7 9 5
 0 2
 1 0
 2 0
 3 0
 4 0
8 5 5
 0 1
 1 3
 2 2
 3 0
 4 2
9 18 5
 0 3
 1 3
 2 3
 3 3
 4 0
10 3 5
 0 1
 1 0
 2 3
 3 3
 4 3
11 7 5
 0 2
 1 2
 2 1
 3 3
 4 3
12 11 5
 0 3
 1 0
 2 0
 3 0
 4 3
13 3 5
 0 3
 1 3
 2 1
 3 1
 4 0
14 20 5
 0 0
 1 3
 2 1
 3 1
 4 2
15 2 5
 0 2
 1 3
 2 2
 3 2
 4 3
16 16 5
 0 0
 1 1
 2 3
 3 2
 4 1
17 10 5
 0 2
 1 3
 2 2
 3 2
 4 1
18 18 5
 0 3
 1 0
 2 1
 3 0
 4 3
19 20 5
 0 1
 1 1
 2 0
 3 2
 4 0
20 18 5
 0 2
 1 1
 2 2
 3 0
 4 1
21 18 5
 0 1
 1 1
 2 1
 3 1
 4 0
22 19 5
 0 0
 1 2
 2 3
 3 0
 4 3
23 19 5
 0 1
 1 1
 2 0
 3 0
 4 0
24 14 5
 0 0
 1 0
 2 0
 3 0
 4 3
25 10 5
 0 0
 1 1
 2 2
 3 0
 4 2
26 2 5
 0 0
 1 2
 2 0
 3 2
 4 1
27 4 5
 0 0
 1 3
 2 3
 3 2
 4 0
28 1 5
 0 2
 1 3
 2 3
 3 0
 4 2
29 13 5
 0 0
 1 2
 2 0
 3 3
 4 0
30 14 5
 0 2
 1 3
 2 2
 3 0
 4 0
31 9 5
 0 0
 1 2
 2 0
 3 1
 4 0
32 11 5
 0 2
 1 0
 2 2
 3 3
 4 2
33 9 5
 0 1
 1 2
 2 2
 3 0
 4 1
34 12 5
 0 1
 1 2
 2 2
 3 1
 4 3
35 18 5
 0 0
 1 1
 2 2
 3 1
 4 3
36 9 5
 0 0
 1 0
 2 3
 3 2
 4 1
37 1 5
 0 3
 1 0
 2 1
 3 1
 4 2
38 2 5
 0 0
 1 0
 2 0
 3 0
 4 3
39 15 5
 0 0
 1 1
 2 3
 3 0
 4 2
40 14 5
 0 2
 1 0
 2 2
 3 3
 4 0
41 5 5
 0 2
 1 1
 2 2
 3 2
 4 0
42 19 5
 0 0
 1 3
 2 2
 3 0
 4 0
43 7 5
 0 3
 1 0
 2 0
 3 0
 4 3
44 16 5
 0 0
 1 3
 2 3
 3 0
 4 2
45 3 5
 0 3
 1 0
 2 0
 3 0
 4 2
46 14 5
 0 3
 1 3
 2 2
 3 3
 4 3
47 17 5
 0 0
 1 3
 2 0
 3 3
 4 1
48 10 5
 0 0
 1 3
 2 1
 3 0
 4 1
49 11 5
 0 0
 1 0
 2 2
 3 2
 4 0
50 8 5
 0 0
 1 0
 2 2
 3 0
 4 1
51 15 5
 0 1
 1 1
 2 0
 3 1
 4 0
52 14 5
 0 1
 1 1
 2 2
 3 0
 4 0
53 7 5
 0 1
 1 2
 2 1
 3 0
 4 3
54 11 5
 0 0
 1 0
 2 3
 3 0
 4 1
55 9 5
 0 3
 1 0
 2 1
 3 0
 4 0
56 3 5
 0 3
 1 3
 2 1
 3 3
 4 2
57 8 5
 0 1
 1 0
 2 0
 3 0
 4 3
58 20 5
 0 0
 1 1
 2 3
 3 3
 4 1
59 19 5
 0 2
 1 2
 2 0
 3 0
 4 0
60 6 5
 0 1
 1 0
 2 0
 3 0
 4 0
61 2 5
 0 2
 1 2
 2 2
 3 0
 4 1
62 9 5
 0 0
 1 3
 2 0
 3 1
 4 2
63 10 5
 0 2
 1 1
 2 2
 3 1
 4 2
64 4 5
 0 0
 1 3
 2 0
 3 1
 4 3
65 17 5
 0 0
 1 0
 2 3
 3 3
 4 0
66 5 5
 0 0
 1 2
 2 3
 3 0
 4 0
67 7 5
 0 0
 1 3
 2 3
 3 0
 4 3
68 3 5
 0 0
 1 0
 2 1
 3 3
 4 0
69 11 5
 0 1
 1 0
 2 2
 3 1
 4 0
70 2 5
 0 1
 1 2
 2 0
 3 3
 4 0
71 18 5
 0 0
 1 2
 2 3
 3 1
 4 1
72 11 5
 0 0
 1 3
 2 1
 3 2
 4 2
73 6 5
 0 0
 1 3
 2 0
 3 2
 4 0
74 18 5
 0 1
 1 0
 2 0
 3 3
 4 0
75 2 5
 0 1
 1 0
 2 0
 3 0
 4 1
76 8 5
 0 1
 1 3
 2 2
 3 3
 4 1
77 6 5
 0 2
 1 1
 2 2
 3 2
 4 0
78 6 5
 0 0
 1 0
 2 2
 3 2
 4 0
79 17 5
 0 2
 1 3
 2 1
 3 3
 4 0
80 19 5
 0 1
 1 1
 2 2
 3 3
 4 0
81 18 5
 0 0
 1 1
 2 2
 3 1
 4 0
82 3 5
 0 0
 1 0
 2 0
 3 0
 4 1
83 6 5
 0 3
 1 3
 2 3
 3 2
 4 0
84 4 5
 0 2
 1 2
 2 1
 3 3
 4 0
85 16 5
 0 2
 1 3
 2 0
 3 2
 4 3
86 17 5
 0 2
 1 2
 2 3
 3 0
 4 2
87 12 5
 0 0
 1 1
 2 1
 3 2
 4 3
88 7 5
 0 3
 1 2
 2 3
 3 0
 4 3
89 2 5
 0 1
 1 3
 2 3
 3 3
 4 0
90 11 5
 0 0
 1 1
 2 0
 3 0
 4 0
91 5 5
 0 1
 1 1
 2 0
 3 3
 4 0
92 1 5
 0 1
 1 2
 2 2
 3 1
 4 2
93 11 5
 0 0
 1 0
 2 3
 3 3
 4 3
94 20 5
 0 1
 1 2
 2 0
 3 0
 4 1
95 13 5
 0 3
 1 0
 2 3
 3 3
 4 2
96 2 5
 0 2
 1 3
 2 1
 3 0
 4 3
97 3 5
 0 2
 1 2
 2 1
 3 0
 4 1
98 13 5
 0 2
 1 0
 2 2
 3 0
 4 0
99 5 5
 0 3
 1 0
 2 1
 3 2
 4 3
100 6 5
 0 1
 1 0
 2 2
 3 0
 4 2
101 10 5
 0 3
 1 0
 2 0
 3 0
 4 0
102 12 5
 0 3
 1 2
 2 3
 3 1
 4 1
103 2 5
 0 3
 1 0
 2 3
 3 0
 4 0
104 12 5
 0 0
 1 0
 2 3
 3 0
 4 2
105 15 5
 0 2
 1 0
 2 0
 3 0
 4 0
106 13 5
 0 3
 1 2
 2 0
 3 0
 4 3
107 3 5
 0 2
 1 1
 2 0
 3 3
 4 1
108 4 5
 0 2
 1 3
 2 3
 3 0
 4 3
109 16 5
 0 3
 1 1
 2 2
 3 2
 4 0
110 4 5
 0 1
 1 0
 2 3
 3 3
 4 0
111 2 5
 0 1
 1 2
 2 0
 3 3
 4 1
112 19 5
 0 2
 1 2
 2 3
 3 2
 4 3
113 1 5
 0 0
 1 0
 2 1
 3 1
 4 1
114 12 5
 0 0
 1 0
 2 2
 3 0
 4 0
115 14 5
 0 0
 1 2
 2 2
 3 1
 4 0
116 20 5
 0 0
 1 0
 2 3
 3 3
 4 3
117 9 5
 0 0
 1 2
 2 2
 3 3
 4 0
118 15 5
 0 3
 1 1
 2 0
 3 0
 4 0
119 3 5
 0 2
 1 3
 2 2
 3 0
 4 2
120 16 5
 0 2
 1 1
 2 0
 3 0
 4 2
121 4 5
 0 2
 1 0
 2 1
 3 0
 4 0
122 16 5
 0 0
 1 3
 2 1
 3 2
 4 3
123 9 5
 0 0
 1 2
 2 3
 3 3
 4 2
124 12 5
 0 2
 1 3
 2 2
 3 0
 4 3
125 16 5
 0 0
 1 0
 2 0
 3 1
 4 1
126 9 5
 0 1
 1 2
 2 3
 3 0
 4 3
127 12 5
 0 0
 1 1
 2 0
 3 1
 4 3
128 16 5
 0 1
 1 1
 2 0
 3 0
 4 3
129 17 5
 0 0
 1 3
 2 0
 3 3
 4 3
130 5 5
 0 3
 1 0
 2 2
 3 0
 4 0
131 5 5
 0 3
 1 0
 2 3
 3 0
 4 3
132 8 5
 0 3
 1 0
 2 0
 3 0
 4 0
133 11 5
 0 0
 1 0
 2 0
 3 1
 4 1
134 10 5
 0 0
 1 2
 2 0
 3 0
 4 0
135 11 5
 0 2
 1 0
 2 2
 3 2
 4 0
136 5 5
 0 0
 1 1
 2 1
 3 0
 4 1
137 14 5
 0 0
 1 0
 2 3
 3 0
 4 3
138 10 5
 0 3
 1 2
 2 1
 3 2
 4 2
139 8 5
 0 1
 1 0
 2 2
 3 3
 4 2
140 14 5
 0 0
 1 2
 2 2
 3 0
 4 0
141 12 5
 0 0
 1 0
 2 0
 3 1
 4 2
142 19 5
 0 1
 1 2
 2 0
 3 0
 4 0
143 15 5
 0 0
 1 1
 2 2
 3 1
 4 1
144 7 5
 0 0
 1 1
 2 2
 3 2
 4 1
145 5 5
 0 1
 1 0
 2 0
 3 0
 4 0
146 15 5
 0 0
 1 2
 2 2
 3 1
 4 3
147 9 5
 0 3
 1 3
 2 3
 3 2
 4 2
148 13 5
 0 1
 1 0
 2 1
 3 2
 4 0
149 10 5
 0 0
 1 0
 2 0
 3 1
 4 0
150 19 5
 0 3
 1 2
 2 0
 3 1
 4 2
151 17 5
 0 2
 1 0
 2 3
 3 1
 4 1
152 15 5
 0 0
 1 2
 2 0
 3 1
 4 0
153 17 5
 0 1
 1 3
 2 2
 3 2
 4 0
154 9 5
 0 0
 1 1
 2 3
 3 0
 4 0
155 1 5
 0 2
 1 1
 2 1
 3 2
 4 1
156 6 5
 0 0
 1 0
 2 0
 3 0
 4 1
157 18 5
 0 2
 1 0
 2 3
 3 1
 4 3
158 14 5
 0 2
 1 2
 2 3
 3 2
 4 3
159 17 5
 0 3
 1 2
 2 0
 3 1
 4 0
160 12 5
 0 2
 1 0
 2 1
 3 3
 4 0
161 14 5
 0 0
 1 0
 2 3
 3 0
 4 0
162 8 5
 0 0
 1 0
 2 0
 3 0
 4 1
163 5 5
 0 1
 1 0
 2 3
 3 1
 4 1
164 19 5
 0 3
 1 2
 2 3
 3 1
 4 1
165 12 5
 0 3
 1 3
 2 3
 3 1
 4 1
166 5 5
 0 0
 1 0
 2 3
 3 2
 4 0
167 17 5
 0 0
 1 1
 2 1
 3 2
 4 0
168 2 5
 0 1
 1 1
 2 1
 3 0
 4 1
169 1 5
 0 3
 1 3
 2 3
 3 2
 4 0
170 1 5
 0 0
 1 1
 2 2
 3 1
 4 0
171 2 5
 0 3
 1 0
 2 0
 3 0
 4 3
172 18 5
 0 3
 1 1
 2 0
 3 0
 4 2
173 14 5
 0 2
 1 0
 2 0
 3 1
 4 1
174 4 5
 0 0
 1 2
 2 0
 3 0
 4 0
175 18 5
 0 2
 1 0
 2 0
 3 0
 4 0
176 7 5
 0 0
 1 2
 2 0
 3 0
 4 3
177 7 5
 0 0
 1 0
 2 3
 3 1
 4 2
178 6 5
 0 0
 1 0
 2 0
 3 0
 4 3
179 20 5
 0 0
 1 0
 2 3
 3 0
 4 0
180 8 5
 0 0
 1 0
 2 0
 3 3
 4 3
181 9 5
 0 0
 1 2
 2 3
 3 3
 4 0
182 2 5
 0 0
 1 0
 2 2
 3 2
 4 0
183 7 5
 0 0
 1 0
 2 0
 3 2
 4 0
184 10 5
 0 3
 1 0
 2 0
 3 2
 4 3
185 11 5
 0 1
 1 3
 2 3
 3 0
 4 0
186 18 5
 0 3
 1 3
 2 0
 3 2
 4 2
187 20 5
 0 0
 1 1
 2 1
 3 0
 4 0
188 7 5
 0 0
 1 0
 2 2
 3 0
 4 2
189 13 5
 0 1
 1 0
 2 2
 3 1
 4 1
190 16 5
 0 0
 1 1
 2 2
 3 0
 4 2
191 2 5
 0 0
 1 0
 2 1
 3 0
 4 3
192 18 5
 0 3
 1 3
 2 0
 3 0
 4 3
193 9 5
 0 2
 1 3
 2 3
 3 3
 4 2
194 16 5
 0 3
 1 0
 2 0
 3 2
 4 2
195 2 5
 0 0
 1 0
 2 1
 3 1
 4 0
196 14 5
 0 3
 1 0
 2 3
 3 3
 4 1
197 14 5
 0 0
 1 0
 2 1
 3 2
 4 1
198 2 5
 0 0
 1 3
 2 2
 3 3
 4 0
199 11 5
 0 1
 1 2
 2 0
 3 2
 4 0
200 14 5
 0 1
 1 0
 2 1
 3 2
 4 2
201 19 5
 0 0
 1 3
 2 3
 3 0
 4 3
202 5 5
 0 2
 1 2
 2 1
 3 0
 4 1
203 2 5
 0 0
 1 2
 2 2
 3 0
 4 2
204 14 5
 0 0
 1 2
 2 0
 3 0
 4 0
205 15 5
 0 1
 1 1
 2 0
 3 1
 4 3
206 6 5
 0 1
 1 0
 2 0
 3 2
 4 1
207 17 5
 0 1
 1 1
 2 3
 3 0
 4 0
208 3 5
 0 2
 1 0
 2 1
 3 0
 4 1
209 14 5
 0 0
 1 1
 2 0
 3 3
 4 1
210 15 5
 0 0
 1 1
 2 1
 3 0
 4 2
211 18 5
 0 3
 1 0
 2 0
 3 0
 4 0
212 15 5
 0 1
 1 2
 2 0
 3 2
 4 3
213 9 5
 0 3
 1 2
 2 0
 3 3
 4 3
214 14 5
 0 3
 1 0
 2 1
 3 0
 4 1
215 8 5
 0 3
 1 0
 2 1
 3 0
 4 0
216 13 5
 0 0
 1 3
 2 2
 3 0
 4 1
217 4 5
 0 0
 1 1
 2 2
 3 3
 4 0
218 15 5
 0 0
 1 1
 2 0
 3 0
 4 0
219 8 5
 0 0
 1 3
 2 0
 3 0
 4 0
220 8 5
 0 3
 1 0
 2 0
 3 0
 4 0
221 6 5
 0 0
 1 0
 2 3
 3 1
 4 0
222 10 5
 0 0
 1 0
 2 0
 3 0
 4 2
223 19 5
 0 2
 1 1
 2 1
 3 3
 4 0
224 9 5
 0 2
 1 3
 2 2
 3 0
 4 2
225 19 5
 0 2
 1 0
 2 3
 3 3
 4 2
226 16 5
 0 1
 1 0
 2 0
 3 0
 4 0
227 20 5
 0 0
 1 1
 2 3
 3 0
 4 1
228 15 5
 0 1
 1 3
 2 0
 3 2
 4 3
229 18 5
 0 1
 1 3
 2 0
 3 0
 4 0
230 11 5
 0 0
 1 1
 2 1
 3 3
 4 0
231 9 5
 0 1
 1 0
 2 2
 3 0
 4 2
232 13 5
 0 1
 1 0
 2 3
 3 3
 4 2
233 13 5
 0 3
 1 3
 2 0
 3 0
 4 2
234 17 5
 0 0
 1 0
 2 0
 3 1
 4 1
235 16 5
 0 0
 1 0
 2 2
 3 0
 4 1
236 17 5
 0 3
 1 1
 2 2
 3 0
 4 0
237 14 5
 0 0
 1 1
 2 0
 3 0
 4 3
238 13 5
 0 1
 1 3
 2 1
 3 0
 4 0
239 17 5
 0 2
 1 2
 2 2
 3 0
 4 3
240 3 5
 0 2
 1 0
 2 0
 3 0
 4 0
241 10 5
 0 3
 1 0
 2 0
 3 2
 4 3
242 6 5
 0 3
 1 2
 2 1
 3 2
 4 0
243 4 5
 0 3
 1 0
 2 0
 3 1
 4 2
244 19 5
 0 2
 1 0
 2 1
 3 0
 4 2
245 10 5
 0 2
 1 3
 2 1
 3 1
 4 2
246 7 5
 0 2
 1 3
 2 0
 3 2
 4 0
247 7 5
 0 0
 1 1
 2 2
 3 1
 4 0
248 16 5
 0 1
 1 0
 2 1
 3 3
 4 3
249 15 5
 0 1
 1 2
 2 0
 3 1
 4 0
250 10 5
 0 1
 1 0
 2 2
 3 0
 4 3
251 4 5
 0 2
 1 0
 2 3
 3 1
 4 0
252 19 5
 0 0
 1 3
 2 0
 3 0
 4 0
253 7 5
 0 0
 1 3
 2 2
 3 0
 4 0
254 14 5
 0 3
 1 2
 2 0
 3 2
 4 3
255 16 5
 0 0
 1 0
 2 2
 3 3
 4 0
256 9 5
 0 1
 1 0
 2 2
 3 0
 4 1
257 8 5
 0 0
 1 0
 2 2
 3 3
 4 0
258 8 5
 0 0
 1 0
 2 0
 3 1
 4 0
259 5 5
 0 0
 1 1
 2 1
 3 3
 4 0
260 13 5
 0 0
 1 0
 2 2
 3 2
 4 1
261 8 5
 0 3
 1 0
 2 3
 3 0
 4 2
262 11 5
 0 1
 1 0
 2 1
 3 0
 4 0
263 12 5
 0 0
 1 2
 2 1
 3 2
 4 3
264 3 5
 0 0
 1 0
 2 1
 3 3
 4 3
265 10 5
 0 0
 1 2
 2 3
 3 0
 4 3
266 5 5
 0 0
 1 0
 2 3
 3 3
 4 0
267 10 5
 0 2
 1 1
 2 0
 3 3
 4 2
268 7 5
 0 0
 1 2
 2 3
 3 3
 4 2
269 2 5
 0 0
 1 3
 2 2
 3 0
 4 2
270 19 5
 0 3
 1 1
 2 0
 3 2
 4 3
271 4 5
 0 3
 1 3
 2 1
 3 2
 4 1
272 18 5
 0 0
 1 3
 2 1
 3 1
 4 3
273 12 5
 0 1
 1 3
 2 3
 3 3
 4 2
274 16 5
 0 2
 1 0
 2 0
 3 1
 4 3
275 19 5
 0 3
 1 3
 2 1
 3 0
 4 1
276 5 5
 0 3
 1 0
 2 3
 3 0
 4 1
277 11 5
 0 1
 1 0
 2 1
 3 0
 4 2
278 6 5
 0 1
 1 2
 2 1
 3 0
 4 3
279 5 5
 0 2
 1 1
 2 0
 3 0
 4 1
280 15 5
 0 0
 1 0
 2 0
 3 2
 4 3
281 14 5
 0 3
 1 0
 2 0
 3 2
 4 1
282 0 5
 0 0
 1 0
 2 0
 3 0
 4 0

# PRECEDENCES
632
0 1
0 24
0 47
0 70
0 93
0 116
0 139
0 162
0 185
0 208
0 231
0 254
0 277
1 2
1 24
2 3
2 25
3 4
3 26
3 27
4 5
4 27
4 28
5 6
5 28
6 7
6 29
7 8
7 30
7 31
8 9
8 31
9 10
9 32
9 33
10 11
10 33
11 12
11 34
12 13
12 35
13 14
13 36
13 37
14 15
14 37
15 16
15 38
16 17
16 39
17 18
17 40
18 19
18 41
19 20
19 42
20 21
20 43
21 22
21 44
22 23
22 45
23 46
23 282
24 25
24 47
25 26
25 48
26 27
26 49
27 28
27 50
28 29
28 51
29 30
29 52
30 31
30 53
31 32
31 54
32 33
32 55
33 34
33 56
34 35
34 57
34 58
35 36
35 58
36 37
36 59
37 38
37 60
38 39
38 61
39 40
39 62
40 41
40 63
41 42
41 64
42 43
42 65
43 44
43 66
44 45
44 67
44 68
45 46
45 68
46 69
46 282
47 48
47 70
48 49
48 71
48 72
49 50
49 72
50 51
50 73
50 74
51 52
51 74
52 53
52 75
53 54
53 76
54 55
54 77
55 56
55 78
55 79
56 57
56 79
57 58
57 80
58 59
58 81
59 60
59 82
60 61
60 83
60 84
61 62
61 84
62 63
62 85
63 64
63 86
64 65
64 87
65 66
65 88
66 67
66 89
66 90
67 68
67 90
68 69
68 91
69 92
69 282
70 71
70 93
71 72
71 94
72 73
72 95
72 96
73 74
73 96
74 75
74 97
75 76
75 98
76 77
76 99
77 78
77 100
78 79
78 101
79 80
79 102
80 81
80 103
81 82
81 104
82 83
82 105
82 106
83 84
83 106
84 85
84 107
84 108
85 86
85 108
86 87
86 109
87 88
87 110
87 111
88 89
88 111
88 112
89 90
89 112
90 91
90 113
91 92
91 114
92 115
92 282
93 94
93 116
94 95
94 117
95 96
95 118
95 119
96 97
96 119
97 98
97 120
97 121
98 99
98 121
99 100
99 122
100 101
100 123
100 124
101 102
101 124
102 103
102 125
102 126
103 104
103 126
104 105
104 127
104 128
105 106
105 128
105 129
106 107
106 129
107 108
107 130
108 109
108 131
108 132
109 110
109 132
110 111
110 133
110 134
111 112
111 134
112 113
112 135
112 136
113 114
113 136
114 115
114 137
115 138
115 282
116 117
116 139
116 140
117 118
117 140
117 141
118 119
118 141
118 142
119 120
119 142
120 121
120 143
121 122
121 144
121 145
122 123
122 145
122 146
123 124
123 146
124 125
124 147
125 126
125 148
126 127
126 149
126 150
127 128
127 150
128 129
128 151
129 130
129 152
129 153
130 131
130 153
131 132
131 154
132 133
132 155
132 156
133 134
133 156
133 157
134 135
134 157
135 136
135 158
135 159
136 137
136 159
136 160
137 138
137 160
137 161
138 161
138 282
139 140
139 162
140 141
140 163
141 142
141 164
141 165
142 143
142 165
143 144
143 166
144 145
144 167
144 168
145 146
145 168
145 169
146 147
146 169
147 148
147 170
148 149
148 171
148 172
149 150
149 172
150 151
150 173
150 174
151 152
151 174
152 153
152 175
153 154
153 176
154 155
154 177
154 178
155 156
155 178
155 179
156 157
156 179
157 158
157 180
157 181
158 159
158 181
158 182
159 160
159 182
160 161
160 183
160 184
161 184
161 282
162 163
162 185
163 164
163 186
164 165
164 187
165 166
165 188
166 167
166 189
167 168
167 190
168 169
168 191
169 170
169 192
169 193
170 171
170 193
171 172
171 194
172 173
172 195
173 174
173 196
174 175
174 197
174 198
175 176
175 198
175 199
176 177
176 199
177 178
177 200
178 179
178 201
179 180
179 202
180 181
180 203
181 182
181 204
182 183
182 205
182 206
183 184
183 206
184 207
184 282
185 186
185 208
186 187
186 209
186 210
187 188
187 210
188 189
188 211
189 190
189 212
189 213
190 191
190 213
191 192
191 214
192 193
192 215
192 216
193 194
193 216
193 217
194 195
194 217
195 196
195 218
196 197
196 219
197 198
197 220
197 221
198 199
198 221
199 200
199 222
199 223
200 201
200 223
200 224
201 202
201 224
201 225
202 203
202 225
203 204
203 226
203 227
204 205
204 227
205 206
205 228
206 207
206 229
207 230
207 282
208 209
208 231
208 232
209 210
209 232
209 233
210 211
210 233
211 212
211 234
212 213
212 235
212 236
213 214
213 236
214 215
214 237
214 238
215 216
215 238
216 217
216 239
216 240
217 218
217 240
218 219
218 241
219 220
219 242
220 221
220 243
221 222
221 244
221 245
222 223
222 245
222 246
223 224
223 246
224 225
224 247
224 248
225 226
225 248
226 227
226 249
227 228
227 250
228 229
228 251
229 230
229 252
230 253
230 282
231 232
231 254
232 233
232 255
232 256
233 234
233 256
234 235
234 257
235 236
235 258
235 259
236 237
236 259
237 238
237 260
238 239
238 261
239 240
239 262
239 263
240 241
240 263
241 242
241 264
242 243
242 265
243 244
243 266
243 267
244 245
244 267
245 246
245 268
246 247
246 269
247 248
247 270
248 249
248 271
248 272
249 250
249 272
250 251
250 273
251 252
251 274
252 253
252 275
253 276
253 282
254 255
254 277
255 256
255 278
255 279
256 257
256 279
257 258
257 280
257 281
258 259
258 281
259 260
260 261
261 262
262 263
263 264
264 265
265 266
266 267
267 268
268 269
269 270
270 271
271 272
272 273
273 274
274 275
275 276
276 282
277 278
277 282
278 279
278 282
279 280
279 282
280 281
280 282
281 282
