# Tier 6 (Large) - Instance 6
# Generated with config: N=110, K=4, topology=random_dag, calendar=heavy_start

# HEADER: <num_tasks> <num_types> <num_units>
112 4 34

# RESOURCE TYPES
# Format: <type_id> <num_units> <unit_id1> <unit_id2> ...
0 7 0 1 2 3 4 5 6
1 10 7 8 9 10 11 12 13 14 15 16
2 10 17 18 19 20 21 22 23 24 25 26
3 7 27 28 29 30 31 32 33

# RESOURCE UNITS (Calendars)
# Format: <unit_id> <num_steps> <t1> <v1> <t2> <v2> ...
0 14 0 100 4 0 7 100 9 0 12 100 106 0 109 100 161 0 172 100 272 0 275 100 291 0 296 100 580 0
1 12 0 100 20 0 23 100 316 0 322 100 332 0 336 100 449 0 454 100 564 0 570 100 580 0
2 14 0 100 78 0 81 100 184 0 192 100 317 0 324 100 417 0 423 100 474 0 482 100 507 0 513 100 580 0
3 14 0 100 1 0 6 100 16 0 20 100 79 0 86 100 239 0 245 100 261 0 265 100 454 0 462 100 580 0
4 14 0 100 4 0 12 100 114 0 120 100 167 0 172 100 265 0 273 100 297 0 302 100 472 0 476 100 580 0
5 14 0 100 5 0 9 100 45 0 48 100 192 0 197 100 221 0 229 100 391 0 395 100 423 0 430 100 580 0
6 14 0 100 4 0 11 100 76 0 82 100 122 0 130 100 179 0 187 100 377 0 385 100 439 0 446 100 580 0
7 12 0 100 1 0 6 100 29 0 37 100 50 0 54 100 172 0 184 100 561 0 565 100 580 0
8 14 0 100 72 0 80 100 83 0 90 100 107 0 111 100 428 0 434 100 443 0 446 100 507 0 515 100 580 0
9 14 0 100 4 0 7 100 135 0 139 100 160 0 168 100 183 0 188 100 219 0 222 100 370 0 374 100 580 0
10 16 0 100 26 0 30 100 66 0 70 100 126 0 131 100 133 0 141 100 352 0 357 100 436 0 443 100 445 0 449 100 580 0
11 14 0 100 3 0 10 100 17 0 20 100 92 0 96 100 143 0 149 100 160 0 165 100 515 0 523 100 580 0
12 16 0 100 16 0 23 100 62 0 70 100 74 0 81 100 90 0 96 100 271 0 279 100 309 0 314 100 517 0 522 100 580 0
13 12 0 100 1 0 8 100 128 0 136 100 341 0 344 100 383 0 391 100 405 0 413 100 580 0
14 16 0 100 6 0 13 100 114 0 121 100 136 0 141 100 243 0 249 100 258 0 263 100 367 0 373 100 477 0 480 100 580 0
15 14 0 100 22 0 28 100 155 0 161 100 237 0 242 100 258 0 264 100 427 0 433 100 533 0 537 100 580 0
16 16 0 100 23 0 31 100 34 0 40 100 138 0 145 100 174 0 178 100 254 0 261 100 283 0 290 100 379 0 384 100 580 0
17 10 0 100 2 0 8 100 23 0 29 100 151 0 156 100 210 0 214 100 580 0
18 12 0 100 1 0 4 100 16 0 22 100 146 0 151 100 173 0 176 100 463 0 467 100 580 0
19 16 0 100 34 0 40 100 47 0 51 100 148 0 153 100 281 0 285 100 342 0 346 100 378 0 384 100 449 0 453 100 580 0
20 16 0 100 5 0 9 100 10 0 15 100 42 0 45 100 57 0 62 100 104 0 112 100 155 0 161 100 176 0 182 100 580 0
21 16 0 100 7 0 15 100 73 0 78 100 116 0 120 100 141 0 147 100 197 0 202 100 315 0 322 100 497 0 504 100 580 0
22 16 0 100 32 0 36 100 51 0 54 100 59 0 65 100 118 0 121 100 195 0 202 100 395 0 399 100 534 0 540 100 580 0
23 16 0 100 1 0 7 100 13 0 21 100 46 0 52 100 68 0 71 100 170 0 177 100 211 0 216 100 453 0 459 100 580 0
24 14 0 100 1 0 7 100 71 0 79 100 158 0 164 100 257 0 260 100 502 0 505 100 562 0 566 100 580 0
25 16 0 100 32 0 37 100 91 0 96 100 188 0 192 100 211 0 216 100 291 0 298 100 347 0 352 100 407 0 413 100 580 0
26 14 0 100 84 0 89 100 124 0 128 100 146 0 149 100 207 0 212 100 263 0 271 100 375 0 382 100 580 0
27 14 0 100 27 0 31 100 70 0 77 100 83 0 89 100 119 0 122 100 326 0 330 100 487 0 494 100 580 0
28 16 0 100 51 0 57 100 62 0 67 100 99 0 107 100 112 0 117 100 236 0 239 100 383 0 388 100 390 0 393 100 580 0
29 14 0 100 3 0 9 100 55 0 60 100 98 0 104 100 341 0 349 100 413 0 419 100 498 0 503 100 580 0
30 14 0 100 1 0 6 100 40 0 46 100 92 0 96 100 164 0 168 100 216 0 222 100 299 0 302 100 580 0
31 16 0 100 55 0 59 100 93 0 99 100 107 0 114 100 187 0 190 100 234 0 238 100 405 0 408 100 442 0 446 100 580 0
32 16 0 100 30 0 38 100 41 0 47 100 112 0 117 100 246 0 253 100 343 0 351 100 407 0 413 100 520 0 525 100 580 0
33 12 0 100 1 0 4 100 52 0 55 100 103 0 109 100 135 0 142 100 303 0 308 100 580 0

# TASKS
# Format: <task_id> <size> <num_reqs>
# Then for each requirement: <type_id> <qty>
0 0 4
 0 0
 1 0
 2 0
 3 0
1 6 4
 0 3
 1 0
 2 0
 3 1
2 5 4
 0 1
 1 1
 2 0
 3 1
3 8 4
 0 1
 1 0
 2 0
 3 1
4 14 4
 0 2
 1 3
 2 0
 3 0
5 14 4
 0 0
 1 2
 2 1
 3 2
6 9 4
 0 2
 1 3
 2 2
 3 0
7 6 4
 0 1
 1 0
 2 2
 3 1
8 5 4
 0 2
 1 0
 2 2
 3 1
9 3 4
 0 1
 1 3
 2 3
 3 2
10 14 4
 0 3
 1 3
 2 3
 3 1
11 7 4
 0 1
 1 1
 2 2
 3 0
12 15 4
 0 0
 1 0
 2 2
 3 0
13 3 4
 0 2
 1 0
 2 0
 3 0
14 12 4
 0 1
 1 0
 2 0
 3 1
15 6 4
 0 2
 1 0
 2 0
 3 3
16 5 4
 0 3
 1 1
 2 3
 3 1
17 9 4
 0 0
 1 1
 2 3
 3 0
18 11 4
 0 3
 1 2
 2 0
 3 1
19 13 4
 0 1
 1 0
 2 1
 3 1
20 5 4
 0 3
 1 0
 2 2
 3 0
21 11 4
 0 3
 1 2
 2 3
 3 0
22 3 4
 0 1
 1 0
 2 3
 3 2
23 15 4
 0 3
 1 0
 2 3
 3 0
24 14 4
 0 3
 1 1
 2 0
 3 1
25 11 4
 0 2
 1 1
 2 0
 3 0
26 12 4
 0 0
 1 2
 2 0
 3 2
27 11 4
 0 3
 1 2
 2 2
 3 0
28 14 4
 0 0
 1 0
 2 0
 3 2
29 3 4
 0 2
 1 1
 2 0
 3 0
30 4 4
 0 3
 1 3
 2 1
 3 1
31 13 4
 0 1
 1 0
 2 0
 3 3
32 10 4
 0 0
 1 2
 2 1
 3 3
33 13 4
 0 2
 1 2
 2 0
 3 0
34 12 4
 0 2
 1 1
 2 3
 3 2
35 6 4
 0 0
 1 0
 2 0
 3 2
36 9 4
 0 2
 1 1
 2 0
 3 1
37 14 4
 0 0
 1 2
 2 2
 3 0
38 10 4
 0 3
 1 0
 2 0
 3 3
39 3 4
 0 0
 1 1
 2 0
 3 0
40 9 4
 0 1
 1 2
 2 2
 3 2
41 8 4
 0 2
 1 3
 2 1
 3 3
42 11 4
 0 3
 1 1
 2 2
 3 3
43 4 4
 0 3
 1 3
 2 3
 3 0
44 7 4
 0 3
 1 0
 2 0
 3 2
45 6 4
 0 0
 1 2
 2 3
 3 3
46 8 4
 0 1
 1 1
 2 1
 3 0
47 8 4
 0 1
 1 0
 2 2
 3 1
48 11 4
 0 1
 1 2
 2 2
 3 2
49 11 4
 0 0
 1 3
 2 0
 3 3
50 3 4
 0 1
 1 1
 2 1
 3 3
51 15 4
 0 3
 1 0
 2 1
 3 3
52 15 4
 0 3
 1 2
 2 1
 3 2
53 15 4
 0 2
 1 3
 2 3
 3 2
54 8 4
 0 1
 1 0
 2 2
 3 0
55 5 4
 0 1
 1 2
 2 2
 3 3
56 3 4
 0 3
 1 0
 2 1
 3 2
57 11 4
 0 1
 1 0
 2 0
 3 0
58 9 4
 0 2
 1 0
 2 0
 3 0
59 10 4
 0 2
 1 0
 2 2
 3 0
60 6 4
 0 2
 1 2
 2 1
 3 2
61 6 4
 0 1
 1 3
 2 2
 3 2
62 11 4
 0 1
 1 1
 2 3
 3 0
63 14 4
 0 3
 1 2
 2 1
 3 2
64 6 4
 0 1
 1 1
 2 2
 3 1
65 6 4
 0 2
 1 0
 2 1
 3 3
66 15 4
 0 3
 1 2
 2 2
 3 1
67 8 4
 0 3
 1 1
 2 1
 3 3
68 10 4
 0 0
 1 1
 2 1
 3 1
69 7 4
 0 0
 1 0
 2 0
 3 1
70 6 4
 0 0
 1 2
 2 0
 3 2
71 7 4
 0 1
 1 0
 2 3
 3 3
72 10 4
 0 0
 1 0
 2 3
 3 2
73 4 4
 0 0
 1 0
 2 0
 3 1
74 4 4
 0 3
 1 1
 2 2
 3 1
75 9 4
 0 3
 1 3
 2 3
 3 3
76 4 4
 0 2
 1 0
 2 3
 3 0
77 12 4
 0 3
 1 3
 2 3
 3 0
78 15 4
 0 1
 1 3
 2 1
 3 3
79 5 4
 0 0
 1 0
 2 2
 3 1
80 7 4
 0 2
 1 0
 2 3
 3 1
81 6 4
 0 3
 1 2
 2 1
 3 2
82 9 4
 0 3
 1 0
 2 3
 3 1
83 8 4
 0 2
 1 3
 2 0
 3 0
84 4 4
 0 1
 1 0
 2 2
 3 3
85 5 4
 0 3
 1 3
 2 3
 3 0
86 3 4
 0 3
 1 0
 2 0
 3 0
87 15 4
 0 1
 1 0
 2 0
 3 2
88 6 4
 0 2
 1 2
 2 0
 3 3
89 11 4
 0 0
 1 1
 2 1
 3 2
90 15 4
 0 2
 1 2
 2 0
 3 3
91 6 4
 0 0
 1 2
 2 1
 3 0
92 10 4
 0 1
 1 3
 2 0
 3 1
93 15 4
 0 3
 1 1
 2 0
 3 3
94 12 4
 0 0
 1 2
 2 0
 3 1
95 5 4
 0 0
 1 0
 2 3
 3 1
96 5 4
 0 1
 1 1
 2 2
 3 3
97 10 4
 0 2
 1 2
 2 0
 3 0
98 4 4
 0 2
 1 0
 2 0
 3 2
99 10 4
 0 3
 1 3
 2 3
 3 2
100 9 4
 0 1
 1 2
 2 0
 3 3
101 15 4
 0 2
 1 1
 2 2
 3 0
102 10 4
 0 0
 1 0
 2 3
 3 2
103 15 4
 0 3
 1 0
 2 2
 3 0
104 11 4
 0 3
 1 0
 2 0
 3 0
105 11 4
 0 2
 1 0
 2 2
 3 2
106 5 4
 0 0
 1 0
 2 3
 3 0
107 11 4
 0 2
 1 2
 2 3
 3 0
108 11 4
 0 1
 1 0
 2 2
 3 2
109 11 4
 0 1
 1 3
 2 1
 3 2
110 11 4
 0 1
 1 0
 2 0
 3 0
111 0 4
 0 0
 1 0
 2 0
 3 0

# PRECEDENCES
929
15 21
55 57
13 88
32 101
55 66
66 103
13 97
32 110
26 39
67 77
59 73
76 107
36 80
16 111
0 5
0 14
0 23
6 75
21 73
10 36
33 38
19 103
2 41
0 108
10 54
25 52
103 111
74 75
32 69
106 107
3 42
4 96
32 78
1 72
13 74
43 87
51 100
43 96
88 95
16 88
16 97
5 60
65 111
76 111
17 71
36 84
77 85
0 9
6 43
29 54
61 86
29 63
40 63
80 99
27 93
50 95
6 70
80 108
27 102
27 111
0 94
81 91
0 103
31 81
10 58
22 23
20 90
3 19
31 90
51 68
13 51
54 92
3 28
51 77
84 111
95 111
106 111
3 37
24 69
66 84
34 110
13 87
96 103
65 97
88 99
28 66
46 111
57 111
68 111
48 53
40 49
69 85
21 45
7 110
69 94
21 54
8 84
2 22
0 89
39 71
8 102
19 102
0 98
10 44
8 111
19 111
30 111
0 107
54 78
62 82
14 23
13 55
20 103
14 32
87 111
53 109
56 105
96 98
37 110
6 15
99 103
68 106
29 35
69 71
15 100
26 100
38 102
38 111
49 111
58 89
50 85
50 94
0 75
0 84
19 97
20 62
25 28
0 93
83 100
32 36
0 102
39 84
11 111
103 105
13 50
84 101
24 59
64 95
72 108
106 110
34 100
56 100
37 96
22 107
9 34
38 70
5 45
57 83
65 96
5 54
6 19
65 105
9 52
68 101
26 95
38 97
98 111
26 104
49 106
90 107
0 70
19 83
2 12
0 79
94 95
0 88
39 70
91 108
4 49
0 97
23 62
60 111
3 4
0 106
4 58
23 80
35 54
84 105
64 99
16 59
22 93
76 82
22 111
57 78
76 91
15 90
7 86
98 106
90 102
79 111
0 56
90 111
101 111
20 34
27 73
0 65
30 69
8 78
2 7
42 71
0 74
83 90
0 83
0 92
20 70
64 67
72 80
41 111
52 111
13 40
72 89
53 85
72 98
16 45
87 96
22 88
5 17
37 95
22 106
109 111
45 108
65 86
86 109
3 111
14 111
38 78
79 88
98 101
19 46
61 70
0 51
48 100
0 60
71 111
82 111
0 69
30 82
0 78
12 43
41 79
20 56
52 79
0 87
12 52
75 90
83 103
91 98
41 97
41 106
24 35
56 67
2 96
33 111
44 111
37 72
53 98
9 19
97 104
3 106
26 71
42 43
0 37
7 85
30 50
48 86
79 101
0 46
90 101
98 105
0 55
60 69
0 64
31 42
63 111
0 73
21 105
23 47
33 88
16 17
44 88
24 30
53 66
4 61
44 97
41 110
93 111
53 75
22 69
56 71
25 111
45 89
56 89
14 83
68 72
7 53
14 101
18 62
19 27
55 111
27 40
47 98
30 36
0 32
0 41
11 41
42 56
0 50
12 15
21 82
0 59
12 24
21 91
0 68
33 65
6 111
41 78
52 87
53 61
33 92
16 21
22 55
93 106
105 108
22 64
85 102
74 111
85 111
22 73
63 104
15 43
35 110
18 39
3 87
15 52
26 52
46 58
49 54
59 86
38 63
78 90
89 90
70 95
78 108
27 35
0 18
48 67
79 82
0 27
36 111
47 111
0 36
11 36
8 49
40 72
71 87
0 45
48 94
20 23
71 96
0 54
41 55
21 86
31 32
12 28
104 111
23 37
41 73
81 109
54 110
64 65
10 94
37 66
13 96
66 111
37 75
55 74
24 105
35 105
67 76
86 98
16 110
67 94
0 4
0 13
7 61
8 26
17 93
0 22
71 73
0 31
8 44
17 111
28 111
0 40
29 85
12 14
40 103
62 100
41 77
25 60
73 109
1 13
25 69
44 82
45 47
54 105
22 54
34 56
74 92
24 100
55 78
67 80
70 76
28 79
0 8
18 56
9 75
0 17
5 95
0 26
6 60
77 111
92 100
0 35
80 107
9 111
52 63
21 94
33 59
39 93
104 110
2 53
73 104
31 98
14 27
39 111
23 103
85 87
51 94
4 108
37 56
43 90
26 28
59 62
96 111
107 111
16 100
1 111
0 3
8 16
9 70
28 83
0 12
36 96
0 21
40 57
17 101
21 62
61 98
69 111
80 111
58 111
21 71
6 82
19 110
25 41
73 99
39 106
62 108
20 102
66 69
20 111
31 111
23 107
14 49
43 85
1 79
96 106
18 28
36 64
13 108
88 111
99 111
17 69
29 34
57 105
8 11
0 7
9 74
48 56
5 85
0 16
11 16
5 94
6 59
69 97
50 111
61 111
62 76
30 105
0 101
62 85
0 110
10 56
62 94
2 52
54 90
51 66
3 26
54 108
95 109
24 67
4 98
12 111
23 111
7 14
55 63
35 94
107 110
1 101
16 99
0 2
9 69
21 34
17 82
9 78
5 89
69 92
80 92
50 88
92 103
27 95
110 111
19 91
39 69
102 107
8 100
19 100
0 96
42 111
19 109
0 105
54 85
43 48
4 75
103 108
31 101
3 30
14 30
23 97
72 111
4 93
87 109
35 80
4 111
16 76
28 41
96 105
28 59
6 22
68 95
9 64
77 82
69 78
50 74
42 70
27 81
42 79
2 15
0 82
10 28
0 91
91 111
102 111
10 37
11 91
0 100
0 109
35 39
20 87
3 16
35 48
43 61
1 55
4 88
43 70
1 64
53 111
64 111
1 73
9 23
17 36
36 40
49 77
68 90
65 103
28 63
57 99
5 70
42 65
15 111
26 111
80 91
61 87
31 46
0 77
0 86
8 99
31 64
42 101
0 95
54 66
83 111
94 111
0 104
20 73
23 69
39 86
4 65
24 43
35 43
64 88
45 84
17 22
1 68
37 98
34 111
45 111
56 111
57 76
5 47
58 59
9 54
61 73
30 67
42 69
0 63
7 111
18 111
39 45
0 72
83 88
0 81
0 90
102 110
30 103
0 99
12 64
31 77
75 111
12 73
24 38
12 82
25 101
64 92
17 26
38 58
22 104
76 84
6 7
37 111
38 85
50 59
8 53
42 55
0 49
18 97
71 100
27 75
0 58
7 106
42 73
71 109
0 67
0 76
31 54
0 85
20 63
75 97
53 60
83 110
94 110
13 33
64 69
16 29
25 96
34 74
45 74
5 10
3 86
34 101
17 30
46 66
56 101
38 62
56 110
86 111
97 111
68 75
15 69
78 107
15 87
15 96
0 44
18 92
19 57
79 108
0 53
82 104
0 62
12 27
48 111
0 71
11 71
63 109
20 49
0 80
31 58
33 77
83 96
41 90
13 19
52 90
60 103
23 63
41 99
45 60
105 111
25 91
44 104
10 111
16 42
22 76
14 72
68 79
59 98
67 111
78 111
89 111
55 109
0 30
0 39
98 107
9 106
82 90
0 48
8 61
60 62
0 57
12 22
0 66
11 66
40 102
41 67
60 80
29 111
40 111
41 76
52 76
33 72
60 89
52 85
34 46
4 54
16 19
10 97
56 64
108 111
22 71
34 73
34 82
45 82
2 111
14 76
15 41
38 43
37 87
78 88
22 98
46 65
70 84
97 101
47 100
59 102
0 25
59 111
70 111
0 34
7 82
8 47
11 34
90 98
0 43
30 56
0 52
6 86
12 17
21 84
4 13
0 61
23 26
29 97
41 53
48 110
4 31
21 111
13 18
93 99
45 68
85 104
2 97
3 62
15 27
51 111
45 77
13 103
7 32
15 45
55 81
15 54
38 56
78 92
7 50
70 88
55 99
89 92
0 11
59 97
19 24
17 91
0 20
7 68
100 107
0 29
0 38
6 72
11 38
29 74
0 47
29 83
6 90
41 57
81 111
1 2
25 58
73 107
2 74
37 41
22 52
37 50
45 63
2 92
2 101
32 111
43 111
26 40
70 74
78 87
59 83
28 77
0 6
7 54
0 15
36 99
8 28
70 101
0 24
100 111
19 37
17 104
0 33
9 100
5 111
0 42
44 48
81 97
10 64
22 29
62 111
73 111
44 75
2 69
74 94
85 94
2 87
74 103
7 13
55 62
51 110
24 93
43 106
67 73
13 102
15 44
13 111
24 111
35 111
0 1
70 87
0 10
47 94
0 19
40 55
0 28
9 95
48 77
92 111
63 75
80 109
10 50
81 110
20 91
39 104
44 70
54 111
2 73
20 109
51 96
13 79
