# Tier 6 (Large) - Instance 87
# Generated with config: N=271, K=5, topology=grid, calendar=staggered

# HEADER: <num_tasks> <num_types> <num_units>
273 5 23

# RESOURCE TYPES
# Format: <type_id> <num_units> <unit_id1> <unit_id2> ...
0 5 0 1 2 3 4
1 5 5 6 7 8 9
2 6 10 11 12 13 14 15
3 4 16 17 18 19
4 3 20 21 22

# RESOURCE UNITS (Calendars)
# Format: <unit_id> <num_steps> <t1> <v1> <t2> <v2> ...
0 30 0 100 1 0 19 100 159 0 177 100 312 0 329 100 467 0 485 100 622 0 642 100 778 0 795 100 931 0 948 100 1084 0 1102 100 1237 0 1257 100 1397 0 1414 100 1552 0 1571 100 1707 0 1727 100 1867 0 1887 100 2027 0 2047 100 2361 0
1 30 0 100 5 0 26 100 165 0 182 100 317 0 336 100 474 0 492 100 630 0 651 100 791 0 810 100 946 0 965 100 1101 0 1121 100 1255 0 1274 100 1410 0 1427 100 1566 0 1586 100 1723 0 1742 100 1881 0 1899 100 2038 0 2059 100 2361 0
2 30 0 100 12 0 34 100 169 0 190 100 327 0 348 100 482 0 503 100 638 0 659 100 793 0 814 100 946 0 968 100 1105 0 1126 100 1259 0 1280 100 1412 0 1435 100 1572 0 1593 100 1727 0 1748 100 1886 0 1907 100 2043 0 2064 100 2361 0
3 30 0 100 21 0 38 100 177 0 196 100 335 0 353 100 493 0 512 100 647 0 665 100 800 0 817 100 956 0 976 100 1116 0 1135 100 1275 0 1294 100 1429 0 1447 100 1584 0 1602 100 1739 0 1756 100 1897 0 1917 100 2056 0 2073 100 2361 0
4 30 0 100 27 0 47 100 184 0 206 100 340 0 359 100 495 0 516 100 650 0 671 100 807 0 828 100 965 0 986 100 1124 0 1143 100 1279 0 1301 100 1437 0 1456 100 1594 0 1613 100 1750 0 1769 100 1908 0 1929 100 2065 0 2085 100 2361 0
5 30 0 100 35 0 58 100 191 0 211 100 348 0 371 100 508 0 529 100 666 0 690 100 827 0 847 100 983 0 1005 100 1139 0 1163 100 1300 0 1320 100 1456 0 1476 100 1613 0 1633 100 1765 0 1785 100 1922 0 1944 100 2081 0 2102 100 2361 0
6 30 0 100 40 0 63 100 198 0 220 100 353 0 376 100 508 0 533 100 667 0 690 100 821 0 845 100 980 0 1003 100 1133 0 1158 100 1293 0 1316 100 1450 0 1472 100 1607 0 1631 100 1761 0 1784 100 1918 0 1942 100 2075 0 2098 100 2361 0
7 30 0 100 48 0 66 100 208 0 224 100 365 0 381 100 523 0 537 100 675 0 691 100 834 0 849 100 992 0 1010 100 1153 0 1170 100 1312 0 1327 100 1467 0 1484 100 1627 0 1644 100 1785 0 1802 100 1944 0 1958 100 2101 0 2117 100 2361 0
8 30 0 100 55 0 77 100 212 0 234 100 369 0 392 100 525 0 548 100 680 0 702 100 839 0 862 100 998 0 1020 100 1153 0 1173 100 1307 0 1328 100 1462 0 1483 100 1620 0 1643 100 1779 0 1802 100 1937 0 1960 100 2097 0 2120 100 2361 0
9 30 0 100 62 0 89 100 218 0 245 100 374 0 402 100 528 0 554 100 685 0 712 100 843 0 869 100 1000 0 1029 100 1161 0 1189 100 1315 0 1343 100 1474 0 1502 100 1628 0 1657 100 1785 0 1813 100 1942 0 1970 100 2097 0 2127 100 2361 0
10 30 0 100 67 0 79 100 220 0 232 100 372 0 387 100 528 0 539 100 683 0 698 100 844 0 858 100 999 0 1010 100 1153 0 1166 100 1309 0 1321 100 1464 0 1478 100 1622 0 1636 100 1779 0 1791 100 1937 0 1952 100 2098 0 2111 100 2361 0
11 30 0 100 76 0 93 100 232 0 251 100 392 0 410 100 548 0 565 100 703 0 721 100 861 0 879 100 1018 0 1035 100 1173 0 1191 100 1328 0 1347 100 1485 0 1501 100 1639 0 1655 100 1793 0 1810 100 1952 0 1969 100 2111 0 2126 100 2361 0
12 30 0 100 83 0 108 100 239 0 268 100 400 0 427 100 559 0 585 100 716 0 744 100 873 0 899 100 1030 0 1055 100 1183 0 1211 100 1341 0 1368 100 1500 0 1527 100 1656 0 1684 100 1811 0 1839 100 1967 0 1993 100 2125 0 2152 100 2361 0
13 30 0 100 87 0 103 100 242 0 259 100 397 0 416 100 553 0 569 100 707 0 724 100 866 0 882 100 1024 0 1041 100 1179 0 1194 100 1335 0 1350 100 1488 0 1504 100 1642 0 1658 100 1798 0 1815 100 1957 0 1973 100 2115 0 2130 100 2361 0
14 30 0 100 96 0 118 100 251 0 272 100 408 0 429 100 565 0 587 100 723 0 743 100 876 0 898 100 1032 0 1053 100 1188 0 1211 100 1346 0 1365 100 1500 0 1523 100 1660 0 1679 100 1812 0 1833 100 1971 0 1994 100 2127 0 2149 100 2361 0
15 30 0 100 103 0 117 100 257 0 271 100 412 0 427 100 567 0 581 100 724 0 737 100 881 0 897 100 1041 0 1058 100 1198 0 1212 100 1351 0 1366 100 1505 0 1521 100 1661 0 1676 100 1818 0 1834 100 1979 0 1992 100 2135 0 2149 100 2361 0
16 30 0 100 108 0 127 100 266 0 284 100 422 0 439 100 579 0 599 100 738 0 755 100 892 0 909 100 1049 0 1068 100 1205 0 1223 100 1359 0 1377 100 1515 0 1534 100 1671 0 1689 100 1828 0 1845 100 1982 0 2001 100 2141 0 2158 100 2361 0
17 30 0 100 116 0 136 100 270 0 291 100 425 0 445 100 577 0 598 100 735 0 756 100 890 0 914 100 1047 0 1070 100 1202 0 1224 100 1356 0 1377 100 1513 0 1536 100 1670 0 1692 100 1829 0 1849 100 1983 0 2006 100 2138 0 2159 100 2361 0
18 30 0 100 123 0 146 100 276 0 300 100 431 0 453 100 589 0 614 100 750 0 774 100 906 0 928 100 1060 0 1084 100 1220 0 1244 100 1376 0 1399 100 1530 0 1552 100 1682 0 1704 100 1835 0 1860 100 1991 0 2014 100 2148 0 2173 100 2361 0
19 30 0 100 128 0 154 100 284 0 309 100 441 0 465 100 596 0 620 100 749 0 774 100 907 0 930 100 1062 0 1087 100 1219 0 1242 100 1373 0 1398 100 1532 0 1556 100 1691 0 1717 100 1847 0 1870 100 2003 0 2029 100 2162 0 2185 100 2361 0
20 30 0 100 138 0 154 100 292 0 309 100 448 0 465 100 604 0 621 100 760 0 776 100 913 0 928 100 1071 0 1088 100 1231 0 1248 100 1385 0 1401 100 1540 0 1558 100 1699 0 1714 100 1851 0 1870 100 2007 0 2023 100 2163 0 2178 100 2361 0
21 30 0 100 144 0 171 100 304 0 329 100 463 0 486 100 616 0 641 100 772 0 797 100 926 0 952 100 1086 0 1109 100 1243 0 1268 100 1399 0 1425 100 1555 0 1581 100 1712 0 1738 100 1868 0 1894 100 2029 0 2054 100 2183 0 2207 100 2361 0
22 30 0 100 152 0 168 100 309 0 324 100 463 0 478 100 616 0 631 100 771 0 788 100 928 0 944 100 1084 0 1097 100 1239 0 1256 100 1399 0 1416 100 1559 0 1575 100 1714 0 1730 100 1869 0 1884 100 2024 0 2041 100 2185 0 2201 100 2361 0

# TASKS
# Format: <task_id> <size> <num_reqs>
# Then for each requirement: <type_id> <qty>
0 0 5
 0 0
 1 0
 2 0
 3 0
 4 0
1 16 5
 0 1
 1 0
 2 0
 3 2
 4 0
2 2 5
 0 0
 1 1
 2 3
 3 0
 4 1
3 16 5
 0 1
 1 3
 2 1
 3 0
 4 0
4 9 5
 0 2
 1 3
 2 0
 3 3
 4 1
5 12 5
 0 1
 1 3
 2 0
 3 0
 4 0
6 6 5
 0 2
 1 0
 2 1
 3 1
 4 0
7 10 5
 0 2
 1 2
 2 3
 3 0
 4 0
8 5 5
 0 0
 1 3
 2 3
 3 1
 4 3
9 15 5
 0 2
 1 0
 2 2
 3 0
 4 0
10 19 5
 0 0
 1 2
 2 0
 3 1
 4 0
11 13 5
 0 3
 1 1
 2 0
 3 0
 4 3
12 12 5
 0 1
 1 1
 2 3
 3 2
 4 3
13 17 5
 0 2
 1 1
 2 1
 3 3
 4 1
14 8 5
 0 0
 1 0
 2 2
 3 2
 4 2
15 19 5
 0 3
 1 0
 2 2
 3 0
 4 2
16 3 5
 0 1
 1 0
 2 2
 3 0
 4 0
17 20 5
 0 2
 1 1
 2 2
 3 1
 4 0
18 4 5
 0 1
 1 0
 2 2
 3 3
 4 3
19 1 5
 0 3
 1 0
 2 1
 3 0
 4 1
20 11 5
 0 0
 1 0
 2 0
 3 1
 4 1
21 18 5
 0 0
 1 0
 2 3
 3 2
 4 2
22 8 5
 0 2
 1 2
 2 0
 3 0
 4 0
23 19 5
 0 0
 1 0
 2 0
 3 0
 4 1
24 7 5
 0 2
 1 1
 2 0
 3 1
 4 2
25 15 5
 0 1
 1 0
 2 0
 3 1
 4 1
26 19 5
 0 2
 1 0
 2 0
 3 1
 4 3
27 8 5
 0 3
 1 0
 2 2
 3 2
 4 3
28 19 5
 0 1
 1 0
 2 2
 3 1
 4 0
29 13 5
 0 0
 1 0
 2 1
 3 3
 4 0
30 3 5
 0 2
 1 0
 2 1
 3 0
 4 1
31 10 5
 0 1
 1 3
 2 2
 3 0
 4 2
32 19 5
 0 0
 1 2
 2 0
 3 1
 4 3
33 19 5
 0 2
 1 0
 2 2
 3 0
 4 2
34 19 5
 0 0
 1 2
 2 2
 3 0
 4 0
35 10 5
 0 0
 1 1
 2 2
 3 1
 4 0
36 12 5
 0 1
 1 3
 2 0
 3 2
 4 2
37 16 5
 0 3
 1 3
 2 2
 3 1
 4 3
38 19 5
 0 0
 1 0
 2 0
 3 0
 4 3
39 11 5
 0 0
 1 0
 2 0
 3 1
 4 1
40 20 5
 0 0
 1 2
 2 1
 3 1
 4 0
41 19 5
 0 3
 1 2
 2 0
 3 3
 4 3
42 12 5
 0 1
 1 2
 2 1
 3 3
 4 0
43 5 5
 0 0
 1 0
 2 2
 3 0
 4 0
44 4 5
 0 0
 1 3
 2 0
 3 2
 4 1
45 17 5
 0 1
 1 3
 2 2
 3 3
 4 1
46 9 5
 0 1
 1 3
 2 1
 3 2
 4 0
47 8 5
 0 2
 1 1
 2 2
 3 3
 4 0
48 8 5
 0 2
 1 2
 2 0
 3 2
 4 2
49 17 5
 0 3
 1 0
 2 0
 3 2
 4 1
50 14 5
 0 1
 1 1
 2 0
 3 3
 4 0
51 4 5
 0 3
 1 0
 2 0
 3 1
 4 0
52 15 5
 0 3
 1 2
 2 3
 3 0
 4 2
53 7 5
 0 2
 1 0
 2 3
 3 1
 4 1
54 14 5
 0 3
 1 3
 2 1
 3 0
 4 1
55 5 5
 0 0
 1 0
 2 2
 3 0
 4 0
56 2 5
 0 0
 1 0
 2 1
 3 0
 4 2
57 18 5
 0 0
 1 0
 2 3
 3 0
 4 0
58 20 5
 0 3
 1 1
 2 2
 3 3
 4 0
59 5 5
 0 2
 1 2
 2 0
 3 0
 4 3
60 17 5
 0 0
 1 3
 2 3
 3 0
 4 0
61 5 5
 0 2
 1 1
 2 1
 3 2
 4 1
62 19 5
 0 3
 1 2
 2 0
 3 0
 4 0
63 20 5
 0 0
 1 0
 2 1
 3 0
 4 1
64 18 5
 0 3
 1 0
 2 0
 3 1
 4 1
65 12 5
 0 2
 1 0
 2 3
 3 3
 4 1
66 14 5
 0 0
 1 0
 2 1
 3 2
 4 1
67 11 5
 0 2
 1 0
 2 0
 3 0
 4 0
68 16 5
 0 0
 1 2
 2 3
 3 0
 4 3
69 19 5
 0 0
 1 3
 2 2
 3 1
 4 0
70 9 5
 0 0
 1 0
 2 0
 3 0
 4 2
71 8 5
 0 2
 1 2
 2 1
 3 2
 4 0
72 4 5
 0 0
 1 2
 2 3
 3 0
 4 2
73 7 5
 0 3
 1 2
 2 3
 3 3
 4 0
74 4 5
 0 3
 1 1
 2 1
 3 0
 4 3
75 20 5
 0 3
 1 1
 2 0
 3 0
 4 0
76 12 5
 0 1
 1 0
 2 3
 3 2
 4 3
77 17 5
 0 1
 1 3
 2 3
 3 2
 4 1
78 15 5
 0 0
 1 1
 2 0
 3 0
 4 2
79 15 5
 0 0
 1 1
 2 3
 3 3
 4 1
80 2 5
 0 1
 1 2
 2 1
 3 0
 4 0
81 11 5
 0 1
 1 0
 2 3
 3 2
 4 0
82 3 5
 0 0
 1 0
 2 0
 3 0
 4 1
83 4 5
 0 3
 1 0
 2 0
 3 3
 4 3
84 17 5
 0 3
 1 2
 2 3
 3 1
 4 0
85 18 5
 0 3
 1 3
 2 0
 3 3
 4 1
86 18 5
 0 1
 1 3
 2 2
 3 1
 4 2
87 2 5
 0 3
 1 1
 2 2
 3 3
 4 1
88 13 5
 0 2
 1 0
 2 1
 3 3
 4 0
89 10 5
 0 1
 1 3
 2 0
 3 2
 4 2
90 15 5
 0 3
 1 1
 2 0
 3 0
 4 1
91 7 5
 0 2
 1 1
 2 0
 3 0
 4 2
92 1 5
 0 3
 1 2
 2 0
 3 0
 4 3
93 11 5
 0 3
 1 0
 2 3
 3 1
 4 3
94 20 5
 0 3
 1 1
 2 2
 3 1
 4 0
95 17 5
 0 0
 1 2
 2 0
 3 0
 4 1
96 18 5
 0 3
 1 0
 2 0
 3 0
 4 3
97 1 5
 0 3
 1 2
 2 0
 3 1
 4 0
98 9 5
 0 0
 1 2
 2 3
 3 0
 4 3
99 2 5
 0 1
 1 3
 2 0
 3 0
 4 0
100 5 5
 0 3
 1 1
 2 1
 3 2
 4 1
101 8 5
 0 2
 1 0
 2 2
 3 1
 4 3
102 8 5
 0 0
 1 2
 2 0
 3 2
 4 1
103 2 5
 0 0
 1 3
 2 1
 3 2
 4 0
104 11 5
 0 0
 1 0
 2 3
 3 0
 4 3
105 17 5
 0 0
 1 1
 2 1
 3 0
 4 2
106 6 5
 0 0
 1 0
 2 2
 3 0
 4 0
107 8 5
 0 2
 1 0
 2 0
 3 0
 4 1
108 18 5
 0 3
 1 0
 2 0
 3 0
 4 1
109 7 5
 0 2
 1 0
 2 1
 3 0
 4 2
110 7 5
 0 2
 1 0
 2 2
 3 0
 4 1
111 16 5
 0 0
 1 1
 2 1
 3 0
 4 0
112 6 5
 0 0
 1 2
 2 1
 3 0
 4 1
113 19 5
 0 0
 1 3
 2 2
 3 0
 4 2
114 12 5
 0 2
 1 0
 2 3
 3 0
 4 0
115 8 5
 0 0
 1 3
 2 0
 3 0
 4 0
116 20 5
 0 0
 1 3
 2 0
 3 2
 4 2
117 20 5
 0 1
 1 3
 2 3
 3 0
 4 3
118 7 5
 0 1
 1 3
 2 0
 3 0
 4 2
119 10 5
 0 0
 1 2
 2 3
 3 3
 4 3
120 15 5
 0 1
 1 0
 2 0
 3 1
 4 1
121 11 5
 0 0
 1 1
 2 1
 3 0
 4 0
122 3 5
 0 2
 1 3
 2 0
 3 0
 4 0
123 4 5
 0 3
 1 0
 2 0
 3 0
 4 0
124 20 5
 0 0
 1 2
 2 3
 3 2
 4 0
125 4 5
 0 0
 1 0
 2 0
 3 0
 4 2
126 10 5
 0 0
 1 2
 2 1
 3 2
 4 1
127 11 5
 0 0
 1 0
 2 0
 3 3
 4 0
128 7 5
 0 1
 1 1
 2 2
 3 2
 4 3
129 15 5
 0 0
 1 3
 2 3
 3 0
 4 2
130 18 5
 0 2
 1 0
 2 0
 3 0
 4 1
131 9 5
 0 0
 1 3
 2 2
 3 2
 4 1
132 13 5
 0 3
 1 3
 2 0
 3 1
 4 0
133 20 5
 0 0
 1 1
 2 0
 3 3
 4 0
134 16 5
 0 1
 1 3
 2 2
 3 1
 4 0
135 14 5
 0 1
 1 2
 2 3
 3 0
 4 3
136 17 5
 0 2
 1 2
 2 3
 3 2
 4 3
137 19 5
 0 1
 1 1
 2 1
 3 0
 4 2
138 8 5
 0 0
 1 0
 2 3
 3 2
 4 0
139 19 5
 0 0
 1 0
 2 2
 3 0
 4 0
140 20 5
 0 0
 1 2
 2 0
 3 0
 4 0
141 16 5
 0 2
 1 0
 2 3
 3 3
 4 1
142 16 5
 0 2
 1 2
 2 0
 3 3
 4 0
143 17 5
 0 1
 1 0
 2 3
 3 3
 4 1
144 20 5
 0 2
 1 0
 2 1
 3 0
 4 0
145 6 5
 0 0
 1 3
 2 0
 3 2
 4 0
146 13 5
 0 0
 1 2
 2 3
 3 1
 4 0
147 16 5
 0 0
 1 2
 2 0
 3 0
 4 1
148 5 5
 0 0
 1 0
 2 1
 3 0
 4 1
149 13 5
 0 0
 1 1
 2 1
 3 1
 4 0
150 1 5
 0 3
 1 1
 2 3
 3 0
 4 0
151 15 5
 0 3
 1 1
 2 0
 3 3
 4 0
152 12 5
 0 0
 1 0
 2 2
 3 0
 4 3
153 6 5
 0 1
 1 3
 2 2
 3 0
 4 0
154 3 5
 0 1
 1 2
 2 0
 3 3
 4 0
155 4 5
 0 3
 1 1
 2 1
 3 0
 4 3
156 2 5
 0 0
 1 2
 2 3
 3 1
 4 3
157 14 5
 0 1
 1 3
 2 2
 3 0
 4 0
158 7 5
 0 0
 1 0
 2 0
 3 1
 4 0
159 19 5
 0 0
 1 1
 2 3
 3 0
 4 0
160 4 5
 0 2
 1 1
 2 3
 3 1
 4 1
161 8 5
 0 0
 1 2
 2 3
 3 3
 4 1
162 18 5
 0 3
 1 1
 2 0
 3 3
 4 2
163 20 5
 0 0
 1 2
 2 3
 3 2
 4 1
164 17 5
 0 2
 1 0
 2 2
 3 2
 4 1
165 5 5
 0 3
 1 0
 2 2
 3 1
 4 3
166 14 5
 0 2
 1 1
 2 0
 3 3
 4 2
167 15 5
 0 2
 1 1
 2 0
 3 1
 4 2
168 12 5
 0 1
 1 2
 2 0
 3 2
 4 0
169 20 5
 0 2
 1 3
 2 0
 3 2
 4 1
170 13 5
 0 1
 1 1
 2 0
 3 1
 4 0
171 4 5
 0 0
 1 2
 2 0
 3 3
 4 2
172 10 5
 0 0
 1 3
 2 1
 3 0
 4 1
173 7 5
 0 0
 1 1
 2 1
 3 3
 4 3
174 4 5
 0 0
 1 0
 2 2
 3 0
 4 2
175 13 5
 0 0
 1 1
 2 0
 3 0
 4 3
176 2 5
 0 0
 1 0
 2 0
 3 3
 4 0
177 9 5
 0 0
 1 0
 2 2
 3 0
 4 0
178 3 5
 0 0
 1 0
 2 3
 3 0
 4 0
179 8 5
 0 3
 1 0
 2 0
 3 0
 4 0
180 20 5
 0 3
 1 2
 2 1
 3 2
 4 0
181 3 5
 0 3
 1 0
 2 3
 3 0
 4 0
182 17 5
 0 0
 1 0
 2 1
 3 2
 4 1
183 2 5
 0 0
 1 0
 2 0
 3 3
 4 0
184 17 5
 0 1
 1 1
 2 3
 3 1
 4 0
185 14 5
 0 3
 1 3
 2 0
 3 3
 4 3
186 15 5
 0 3
 1 0
 2 3
 3 3
 4 0
187 17 5
 0 0
 1 0
 2 0
 3 0
 4 2
188 9 5
 0 3
 1 2
 2 0
 3 0
 4 0
189 15 5
 0 0
 1 2
 2 1
 3 2
 4 1
190 8 5
 0 1
 1 1
 2 0
 3 1
 4 0
191 8 5
 0 3
 1 0
 2 0
 3 0
 4 0
192 10 5
 0 0
 1 0
 2 3
 3 0
 4 0
193 1 5
 0 2
 1 2
 2 3
 3 3
 4 3
194 3 5
 0 2
 1 2
 2 1
 3 1
 4 2
195 14 5
 0 0
 1 1
 2 2
 3 0
 4 0
196 19 5
 0 3
 1 1
 2 0
 3 1
 4 0
197 20 5
 0 1
 1 0
 2 1
 3 0
 4 1
198 15 5
 0 0
 1 3
 2 1
 3 1
 4 3
199 2 5
 0 0
 1 0
 2 3
 3 0
 4 2
200 17 5
 0 3
 1 3
 2 0
 3 2
 4 2
201 14 5
 0 1
 1 3
 2 1
 3 0
 4 1
202 5 5
 0 1
 1 0
 2 0
 3 1
 4 0
203 9 5
 0 0
 1 1
 2 0
 3 0
 4 3
204 14 5
 0 3
 1 0
 2 0
 3 3
 4 0
205 13 5
 0 3
 1 3
 2 2
 3 3
 4 1
206 1 5
 0 0
 1 0
 2 0
 3 2
 4 0
207 5 5
 0 0
 1 3
 2 1
 3 0
 4 0
208 2 5
 0 0
 1 0
 2 0
 3 1
 4 3
209 1 5
 0 3
 1 3
 2 1
 3 0
 4 2
210 12 5
 0 0
 1 3
 2 2
 3 0
 4 0
211 6 5
 0 1
 1 3
 2 2
 3 0
 4 0
212 11 5
 0 0
 1 0
 2 2
 3 3
 4 2
213 10 5
 0 2
 1 0
 2 3
 3 0
 4 3
214 2 5
 0 2
 1 3
 2 1
 3 3
 4 2
215 13 5
 0 0
 1 0
 2 3
 3 1
 4 0
216 3 5
 0 1
 1 2
 2 3
 3 1
 4 3
217 1 5
 0 1
 1 3
 2 0
 3 0
 4 1
218 1 5
 0 1
 1 2
 2 1
 3 0
 4 3
219 9 5
 0 3
 1 2
 2 3
 3 1
 4 2
220 16 5
 0 3
 1 1
 2 3
 3 3
 4 0
221 13 5
 0 0
 1 0
 2 0
 3 0
 4 1
222 20 5
 0 0
 1 0
 2 3
 3 3
 4 0
223 14 5
 0 0
 1 0
 2 0
 3 1
 4 2
224 16 5
 0 0
 1 1
 2 0
 3 0
 4 1
225 12 5
 0 0
 1 2
 2 1
 3 1
 4 3
226 11 5
 0 2
 1 1
 2 0
 3 0
 4 0
227 11 5
 0 0
 1 2
 2 3
 3 3
 4 2
228 5 5
 0 2
 1 1
 2 0
 3 1
 4 1
229 13 5
 0 3
 1 0
 2 2
 3 0
 4 1
230 1 5
 0 0
 1 1
 2 0
 3 0
 4 2
231 9 5
 0 0
 1 0
 2 3
 3 3
 4 2
232 20 5
 0 0
 1 1
 2 3
 3 1
 4 0
233 3 5
 0 0
 1 2
 2 3
 3 1
 4 1
234 11 5
 0 2
 1 1
 2 0
 3 3
 4 2
235 7 5
 0 1
 1 0
 2 2
 3 3
 4 0
236 17 5
 0 3
 1 0
 2 1
 3 0
 4 3
237 12 5
 0 1
 1 0
 2 0
 3 2
 4 3
238 18 5
 0 3
 1 1
 2 3
 3 1
 4 0
239 12 5
 0 2
 1 2
 2 0
 3 0
 4 3
240 8 5
 0 1
 1 1
 2 1
 3 2
 4 0
241 1 5
 0 3
 1 0
 2 0
 3 1
 4 2
242 3 5
 0 2
 1 1
 2 1
 3 3
 4 3
243 20 5
 0 0
 1 3
 2 2
 3 1
 4 1
244 16 5
 0 2
 1 0
 2 2
 3 0
 4 0
245 17 5
 0 3
 1 1
 2 0
 3 1
 4 0
246 1 5
 0 0
 1 0
 2 3
 3 2
 4 1
247 1 5
 0 3
 1 0
 2 0
 3 1
 4 3
248 13 5
 0 2
 1 3
 2 1
 3 0
 4 1
249 20 5
 0 3
 1 0
 2 0
 3 0
 4 3
250 7 5
 0 2
 1 1
 2 3
 3 2
 4 1
251 10 5
 0 2
 1 0
 2 0
 3 3
 4 2
252 2 5
 0 1
 1 0
 2 0
 3 0
 4 3
253 8 5
 0 3
 1 1
 2 0
 3 3
 4 3
254 12 5
 0 1
 1 0
 2 1
 3 2
 4 0
255 19 5
 0 0
 1 2
 2 0
 3 2
 4 0
256 13 5
 0 0
 1 1
 2 2
 3 3
 4 0
257 9 5
 0 2
 1 2
 2 1
 3 1
 4 0
258 20 5
 0 3
 1 0
 2 3
 3 0
 4 0
259 3 5
 0 3
 1 1
 2 2
 3 0
 4 0
260 16 5
 0 1
 1 3
 2 1
 3 3
 4 0
261 9 5
 0 3
 1 2
 2 2
 3 1
 4 0
262 1 5
 0 0
 1 1
 2 2
 3 0
 4 0
263 18 5
 0 0
 1 0
 2 2
 3 1
 4 2
264 17 5
 0 1
 1 2
 2 0
 3 0
 4 0
265 4 5
 0 2
 1 3
 2 0
 3 3
 4 0
266 11 5
 0 1
 1 0
 2 3
 3 1
 4 3
267 3 5
 0 0
 1 1
 2 0
 3 0
 4 1
268 19 5
 0 2
 1 0
 2 0
 3 3
 4 3
269 8 5
 0 0
 1 0
 2 2
 3 3
 4 1
270 19 5
 0 0
 1 2
 2 0
 3 1
 4 3
271 3 5
 0 0
 1 1
 2 2
 3 0
 4 1
272 0 5
 0 0
 1 0
 2 0
 3 0
 4 0

# PRECEDENCES
627
0 1
0 24
0 47
0 70
0 93
0 116
0 139
0 162
0 185
0 208
0 231
0 254
1 2
1 24
2 3
2 25
2 26
3 4
3 26
4 5
4 27
4 28
5 6
5 28
5 29
6 7
6 29
7 8
7 30
8 9
8 31
9 10
9 32
10 11
10 33
11 12
11 34
12 13
12 35
12 36
13 14
13 36
13 37
14 15
14 37
15 16
15 38
15 39
16 17
16 39
17 18
17 40
17 41
18 19
18 41
18 42
19 20
19 42
20 21
20 43
21 22
21 44
22 23
22 45
22 46
23 46
23 272
24 25
24 47
25 26
25 48
26 27
26 49
27 28
27 50
28 29
28 51
29 30
29 52
29 53
30 31
30 53
31 32
31 54
31 55
32 33
32 55
32 56
33 34
33 56
34 35
34 57
35 36
35 58
36 37
36 59
36 60
37 38
37 60
38 39
38 61
39 40
39 62
39 63
40 41
40 63
41 42
41 64
42 43
42 65
42 66
43 44
43 66
44 45
44 67
45 46
45 68
46 69
46 272
47 48
47 70
48 49
48 71
48 72
49 50
49 72
50 51
50 73
51 52
51 74
52 53
52 75
53 54
53 76
54 55
54 77
55 56
55 78
55 79
56 57
56 79
57 58
57 80
58 59
58 81
58 82
59 60
59 82
60 61
60 83
61 62
61 84
61 85
62 63
62 85
63 64
63 86
64 65
64 87
64 88
65 66
65 88
66 67
66 89
66 90
67 68
67 90
68 69
68 91
69 92
69 272
70 71
70 93
70 94
71 72
71 94
71 95
72 73
72 95
72 96
73 74
73 96
74 75
74 97
74 98
75 76
75 98
76 77
76 99
77 78
77 100
78 79
78 101
78 102
79 80
79 102
80 81
80 103
81 82
81 104
81 105
82 83
82 105
82 106
83 84
83 106
83 107
84 85
84 107
85 86
85 108
86 87
86 109
86 110
87 88
87 110
87 111
88 89
88 111
89 90
89 112
89 113
90 91
90 113
91 92
91 114
91 115
92 115
92 272
93 94
93 116
93 117
94 95
94 117
95 96
95 118
95 119
96 97
96 119
97 98
97 120
98 99
98 121
99 100
99 122
100 101
100 123
100 124
101 102
101 124
102 103
102 125
103 104
103 126
103 127
104 105
104 127
105 106
105 128
106 107
106 129
106 130
107 108
107 130
107 131
108 109
108 131
109 110
109 132
110 111
110 133
110 134
111 112
111 134
112 113
112 135
113 114
113 136
114 115
114 137
115 138
115 272
116 117
116 139
117 118
117 140
118 119
118 141
118 142
119 120
119 142
120 121
120 143
121 122
121 144
122 123
122 145
123 124
123 146
124 125
124 147
125 126
125 148
126 127
126 149
126 150
127 128
127 150
128 129
128 151
129 130
129 152
130 131
130 153
130 154
131 132
131 154
131 155
132 133
132 155
132 156
133 134
133 156
133 157
134 135
134 157
135 136
135 158
136 137
136 159
137 138
137 160
138 161
138 272
139 140
139 162
140 141
140 163
141 142
141 164
142 143
142 165
142 166
143 144
143 166
144 145
144 167
145 146
145 168
146 147
146 169
146 170
147 148
147 170
148 149
148 171
149 150
149 172
149 173
150 151
150 173
151 152
151 174
151 175
152 153
152 175
153 154
153 176
154 155
154 177
155 156
155 178
156 157
156 179
157 158
157 180
158 159
158 181
159 160
159 182
159 183
160 161
160 183
160 184
161 184
161 272
162 163
162 185
163 164
163 186
164 165
164 187
164 188
165 166
165 188
165 189
166 167
166 189
166 190
167 168
167 190
167 191
168 169
168 191
169 170
169 192
170 171
170 193
170 194
171 172
171 194
171 195
172 173
172 195
173 174
173 196
174 175
174 197
175 176
175 198
176 177
176 199
177 178
177 200
178 179
178 201
179 180
179 202
180 181
180 203
181 182
181 204
182 183
182 205
182 206
183 184
183 206
184 207
184 272
185 186
185 208
185 209
186 187
186 209
187 188
187 210
188 189
188 211
188 212
189 190
189 212
190 191
190 213
191 192
191 214
192 193
192 215
192 216
193 194
193 216
194 195
194 217
195 196
195 218
196 197
196 219
197 198
197 220
198 199
198 221
199 200
199 222
200 201
200 223
201 202
201 224
201 225
202 203
202 225
203 204
203 226
203 227
204 205
204 227
205 206
205 228
206 207
206 229
206 230
207 230
207 272
208 209
208 231
208 232
209 210
209 232
210 211
210 233
211 212
211 234
212 213
212 235
213 214
213 236
214 215
214 237
214 238
215 216
215 238
216 217
216 239
217 218
217 240
218 219
218 241
219 220
219 242
220 221
220 243
220 244
221 222
221 244
222 223
222 245
223 224
223 246
224 225
224 247
224 248
225 226
225 248
226 227
226 249
227 228
227 250
227 251
228 229
228 251
229 230
229 252
230 253
230 272
231 232
231 254
232 233
232 255
233 234
233 256
233 257
234 235
234 257
235 236
235 258
235 259
236 237
236 259
236 260
237 238
237 260
237 261
238 239
238 261
239 240
239 262
239 263
240 241
240 263
241 242
241 264
241 265
242 243
242 265
242 266
243 244
243 266
244 245
244 267
244 268
245 246
245 268
246 247
246 269
246 270
247 248
247 270
248 249
248 271
249 250
250 251
251 252
252 253
253 272
254 255
254 272
255 256
255 272
256 257
256 272
257 258
257 272
258 259
258 272
259 260
259 272
260 261
260 272
261 262
261 272
262 263
262 272
263 264
263 272
264 265
264 272
265 266
265 272
266 267
266 272
267 268
267 272
268 269
268 272
269 270
269 272
270 271
270 272
271 272
