# Tier 6 (Large) - Instance 96
# Generated with config: N=277, K=5, topology=grid, calendar=staggered

# HEADER: <num_tasks> <num_types> <num_units>
279 5 17

# RESOURCE TYPES
# Format: <type_id> <num_units> <unit_id1> <unit_id2> ...
0 4 0 1 2 3
1 3 4 5 6
2 4 7 8 9 10
3 3 11 12 13
4 3 14 15 16

# RESOURCE UNITS (Calendars)
# Format: <unit_id> <num_steps> <t1> <v1> <t2> <v2> ...
0 25 0 100 1 0 43 100 239 0 282 100 479 0 521 100 719 0 760 100 955 0 997 100 1195 0 1235 100 1431 0 1473 100 1672 0 1713 100 1912 0 1956 100 2153 0 2194 100 2390 0 2434 100 2629 0 2887 0
1 25 0 100 15 0 45 100 256 0 283 100 495 0 523 100 734 0 762 100 972 0 1001 100 1214 0 1241 100 1453 0 1483 100 1694 0 1721 100 1932 0 1963 100 2171 0 2200 100 2411 0 2439 100 2650 0 2887 0
2 25 0 100 26 0 49 100 265 0 288 100 502 0 527 100 743 0 768 100 983 0 1008 100 1221 0 1243 100 1456 0 1481 100 1694 0 1719 100 1933 0 1955 100 2172 0 2195 100 2413 0 2437 100 2654 0 2887 0
3 25 0 100 42 0 67 100 285 0 309 100 526 0 550 100 766 0 791 100 1005 0 1028 100 1240 0 1265 100 1481 0 1507 100 1720 0 1746 100 1962 0 1986 100 2199 0 2224 100 2437 0 2463 100 2676 0 2887 0
4 25 0 100 58 0 98 100 296 0 335 100 533 0 572 100 775 0 813 100 1012 0 1049 100 1252 0 1293 100 1496 0 1537 100 1735 0 1774 100 1974 0 2012 100 2215 0 2254 100 2455 0 2495 100 2694 0 2887 0
5 25 0 100 72 0 113 100 310 0 352 100 553 0 593 100 790 0 831 100 1031 0 1072 100 1271 0 1312 100 1510 0 1553 100 1753 0 1794 100 1994 0 2033 100 2230 0 2273 100 2469 0 2510 100 2709 0 2887 0
6 25 0 100 84 0 108 100 322 0 344 100 560 0 583 100 798 0 823 100 1037 0 1059 100 1275 0 1298 100 1516 0 1537 100 1754 0 1777 100 1995 0 2017 100 2236 0 2260 100 2479 0 2500 100 2718 0 2887 0
7 25 0 100 100 0 131 100 342 0 372 100 582 0 610 100 817 0 846 100 1054 0 1082 100 1295 0 1323 100 1535 0 1563 100 1771 0 1801 100 2009 0 2040 100 2253 0 2283 100 2490 0 2521 100 2729 0 2887 0
8 25 0 100 113 0 153 100 355 0 394 100 595 0 633 100 835 0 873 100 1072 0 1111 100 1309 0 1349 100 1551 0 1590 100 1792 0 1832 100 2030 0 2070 100 2272 0 2313 100 2512 0 2554 100 2752 0 2887 0
9 25 0 100 127 0 147 100 365 0 387 100 606 0 628 100 847 0 869 100 1088 0 1109 100 1327 0 1347 100 1567 0 1590 100 1811 0 1833 100 2051 0 2071 100 2291 0 2311 100 2531 0 2551 100 2771 0 2887 0
10 25 0 100 141 0 176 100 379 0 413 100 619 0 656 100 860 0 897 100 1101 0 1137 100 1338 0 1374 100 1575 0 1612 100 1817 0 1852 100 2055 0 2090 100 2295 0 2332 100 2537 0 2574 100 2776 0 2887 0
11 25 0 100 154 0 181 100 396 0 421 100 637 0 663 100 874 0 902 100 1112 0 1140 100 1352 0 1380 100 1590 0 1618 100 1832 0 1859 100 2074 0 2102 100 2316 0 2342 100 2553 0 2579 100 2795 0 2887 0
12 25 0 100 169 0 203 100 406 0 441 100 646 0 681 100 888 0 922 100 1124 0 1159 100 1361 0 1398 100 1599 0 1636 100 1841 0 1878 100 2080 0 2118 100 2319 0 2356 100 2558 0 2593 100 2800 0 2887 0
13 25 0 100 182 0 218 100 422 0 460 100 666 0 702 100 906 0 942 100 1143 0 1179 100 1380 0 1415 100 1622 0 1660 100 1863 0 1899 100 2103 0 2138 100 2340 0 2378 100 2580 0 2614 100 2817 0 2887 0
14 25 0 100 196 0 227 100 436 0 466 100 676 0 704 100 916 0 944 100 1156 0 1187 100 1395 0 1426 100 1636 0 1666 100 1878 0 1909 100 2120 0 2150 100 2359 0 2388 100 2600 0 2630 100 2839 0 2887 0
15 25 0 100 212 0 245 100 453 0 489 100 695 0 730 100 938 0 973 100 1178 0 1212 100 1416 0 1451 100 1655 0 1689 100 1893 0 1928 100 2131 0 2165 100 2373 0 2407 100 2610 0 2646 100 2849 0 2887 0
16 25 0 100 224 0 264 100 462 0 504 100 703 0 743 100 943 0 984 100 1181 0 1220 100 1421 0 1463 100 1660 0 1701 100 1897 0 1937 100 2134 0 2176 100 2374 0 2416 100 2613 0 2656 100 2853 0 2887 0

# TASKS
# Format: <task_id> <size> <num_reqs>
# Then for each requirement: <type_id> <qty>
0 0 5
 0 0
 1 0
 2 0
 3 0
 4 0
1 18 5
 0 1
 1 1
 2 0
 3 3
 4 2
2 20 5
 0 0
 1 0
 2 2
 3 3
 4 0
3 14 5
 0 0
 1 0
 2 2
 3 0
 4 1
4 3 5
 0 0
 1 3
 2 0
 3 2
 4 3
5 4 5
 0 0
 1 0
 2 1
 3 2
 4 2
6 7 5
 0 3
 1 1
 2 2
 3 0
 4 1
7 10 5
 0 3
 1 1
 2 2
 3 1
 4 3
8 15 5
 0 2
 1 2
 2 0
 3 1
 4 0
9 16 5
 0 1
 1 0
 2 1
 3 1
 4 3
10 6 5
 0 1
 1 1
 2 0
 3 1
 4 1
11 7 5
 0 1
 1 0
 2 0
 3 0
 4 3
12 13 5
 0 3
 1 0
 2 3
 3 3
 4 1
13 19 5
 0 1
 1 3
 2 3
 3 0
 4 2
14 16 5
 0 0
 1 2
 2 3
 3 0
 4 0
15 20 5
 0 2
 1 0
 2 2
 3 2
 4 3
16 13 5
 0 0
 1 3
 2 1
 3 1
 4 3
17 8 5
 0 0
 1 0
 2 1
 3 0
 4 0
18 12 5
 0 1
 1 3
 2 2
 3 1
 4 2
19 13 5
 0 2
 1 1
 2 0
 3 2
 4 0
20 2 5
 0 3
 1 2
 2 2
 3 0
 4 1
21 13 5
 0 1
 1 0
 2 3
 3 3
 4 0
22 3 5
 0 0
 1 1
 2 0
 3 3
 4 3
23 8 5
 0 3
 1 0
 2 1
 3 2
 4 3
24 11 5
 0 2
 1 0
 2 2
 3 3
 4 1
25 8 5
 0 0
 1 2
 2 0
 3 0
 4 0
26 20 5
 0 1
 1 2
 2 0
 3 1
 4 1
27 15 5
 0 2
 1 3
 2 2
 3 0
 4 0
28 15 5
 0 1
 1 1
 2 1
 3 2
 4 1
29 12 5
 0 1
 1 0
 2 3
 3 2
 4 0
30 19 5
 0 0
 1 2
 2 1
 3 2
 4 0
31 9 5
 0 3
 1 3
 2 2
 3 2
 4 2
32 1 5
 0 2
 1 0
 2 3
 3 1
 4 3
33 2 5
 0 0
 1 0
 2 0
 3 0
 4 2
34 14 5
 0 3
 1 3
 2 0
 3 0
 4 1
35 2 5
 0 3
 1 2
 2 3
 3 0
 4 3
36 17 5
 0 1
 1 1
 2 3
 3 2
 4 3
37 8 5
 0 1
 1 0
 2 2
 3 0
 4 2
38 20 5
 0 1
 1 2
 2 0
 3 0
 4 0
39 10 5
 0 0
 1 0
 2 1
 3 2
 4 3
40 18 5
 0 2
 1 1
 2 2
 3 3
 4 1
41 3 5
 0 1
 1 0
 2 2
 3 0
 4 1
42 7 5
 0 1
 1 3
 2 3
 3 0
 4 0
43 19 5
 0 1
 1 1
 2 0
 3 3
 4 3
44 15 5
 0 0
 1 0
 2 2
 3 0
 4 1
45 8 5
 0 3
 1 2
 2 2
 3 3
 4 2
46 3 5
 0 3
 1 1
 2 2
 3 2
 4 0
47 7 5
 0 0
 1 1
 2 2
 3 3
 4 2
48 17 5
 0 3
 1 3
 2 3
 3 1
 4 1
49 15 5
 0 2
 1 1
 2 0
 3 0
 4 0
50 12 5
 0 0
 1 2
 2 3
 3 1
 4 3
51 19 5
 0 3
 1 0
 2 3
 3 0
 4 0
52 4 5
 0 0
 1 0
 2 2
 3 3
 4 2
53 12 5
 0 0
 1 0
 2 0
 3 3
 4 0
54 16 5
 0 3
 1 2
 2 0
 3 0
 4 0
55 20 5
 0 3
 1 2
 2 1
 3 1
 4 2
56 15 5
 0 3
 1 0
 2 2
 3 2
 4 2
57 2 5
 0 2
 1 1
 2 3
 3 2
 4 0
58 6 5
 0 2
 1 1
 2 3
 3 2
 4 1
59 4 5
 0 1
 1 2
 2 0
 3 1
 4 0
60 9 5
 0 2
 1 0
 2 0
 3 0
 4 0
61 9 5
 0 2
 1 2
 2 3
 3 0
 4 3
62 11 5
 0 0
 1 2
 2 0
 3 1
 4 0
63 2 5
 0 3
 1 0
 2 1
 3 0
 4 1
64 6 5
 0 1
 1 3
 2 0
 3 0
 4 0
65 12 5
 0 3
 1 0
 2 0
 3 1
 4 3
66 19 5
 0 0
 1 0
 2 0
 3 1
 4 2
67 20 5
 0 2
 1 0
 2 3
 3 1
 4 2
68 1 5
 0 3
 1 3
 2 3
 3 0
 4 2
69 12 5
 0 3
 1 3
 2 0
 3 2
 4 0
70 16 5
 0 2
 1 0
 2 1
 3 0
 4 2
71 15 5
 0 2
 1 1
 2 0
 3 3
 4 2
72 15 5
 0 3
 1 1
 2 1
 3 1
 4 2
73 9 5
 0 0
 1 0
 2 1
 3 2
 4 0
74 17 5
 0 0
 1 3
 2 1
 3 0
 4 3
75 4 5
 0 2
 1 1
 2 3
 3 3
 4 3
76 20 5
 0 3
 1 0
 2 0
 3 1
 4 3
77 9 5
 0 1
 1 1
 2 1
 3 1
 4 0
78 9 5
 0 2
 1 0
 2 0
 3 0
 4 3
79 4 5
 0 2
 1 0
 2 0
 3 2
 4 0
80 10 5
 0 0
 1 0
 2 1
 3 3
 4 2
81 20 5
 0 0
 1 0
 2 0
 3 0
 4 2
82 9 5
 0 0
 1 3
 2 1
 3 3
 4 3
83 10 5
 0 0
 1 0
 2 3
 3 0
 4 1
84 14 5
 0 0
 1 2
 2 0
 3 3
 4 1
85 2 5
 0 3
 1 0
 2 0
 3 2
 4 2
86 8 5
 0 3
 1 1
 2 1
 3 0
 4 0
87 6 5
 0 0
 1 0
 2 2
 3 3
 4 0
88 7 5
 0 0
 1 3
 2 0
 3 0
 4 1
89 1 5
 0 0
 1 1
 2 0
 3 1
 4 0
90 10 5
 0 1
 1 2
 2 2
 3 2
 4 1
91 16 5
 0 0
 1 3
 2 2
 3 3
 4 0
92 11 5
 0 0
 1 1
 2 0
 3 0
 4 2
93 7 5
 0 3
 1 3
 2 0
 3 1
 4 0
94 13 5
 0 3
 1 1
 2 2
 3 0
 4 2
95 5 5
 0 3
 1 0
 2 0
 3 2
 4 0
96 7 5
 0 1
 1 2
 2 0
 3 1
 4 2
97 18 5
 0 3
 1 0
 2 3
 3 2
 4 1
98 13 5
 0 3
 1 0
 2 2
 3 0
 4 3
99 11 5
 0 0
 1 0
 2 3
 3 0
 4 2
100 13 5
 0 1
 1 0
 2 2
 3 0
 4 2
101 9 5
 0 0
 1 0
 2 2
 3 2
 4 0
102 18 5
 0 0
 1 1
 2 1
 3 0
 4 0
103 10 5
 0 1
 1 0
 2 1
 3 3
 4 2
104 14 5
 0 0
 1 1
 2 0
 3 0
 4 0
105 17 5
 0 0
 1 2
 2 0
 3 2
 4 0
106 8 5
 0 3
 1 2
 2 0
 3 1
 4 2
107 10 5
 0 1
 1 3
 2 1
 3 0
 4 1
108 16 5
 0 2
 1 3
 2 0
 3 0
 4 1
109 5 5
 0 1
 1 1
 2 2
 3 3
 4 0
110 6 5
 0 3
 1 3
 2 0
 3 2
 4 0
111 6 5
 0 3
 1 2
 2 0
 3 3
 4 0
112 12 5
 0 0
 1 0
 2 1
 3 0
 4 2
113 10 5
 0 3
 1 1
 2 0
 3 0
 4 1
114 1 5
 0 1
 1 3
 2 2
 3 0
 4 1
115 20 5
 0 2
 1 0
 2 3
 3 1
 4 1
116 9 5
 0 1
 1 0
 2 0
 3 0
 4 0
117 3 5
 0 0
 1 2
 2 3
 3 3
 4 0
118 11 5
 0 2
 1 0
 2 0
 3 0
 4 1
119 9 5
 0 3
 1 0
 2 2
 3 1
 4 0
120 20 5
 0 2
 1 0
 2 0
 3 0
 4 2
121 3 5
 0 1
 1 0
 2 3
 3 1
 4 2
122 17 5
 0 0
 1 0
 2 0
 3 3
 4 0
123 1 5
 0 1
 1 0
 2 3
 3 0
 4 0
124 18 5
 0 0
 1 0
 2 1
 3 0
 4 2
125 8 5
 0 0
 1 0
 2 2
 3 2
 4 1
126 4 5
 0 3
 1 0
 2 1
 3 0
 4 0
127 12 5
 0 2
 1 1
 2 0
 3 2
 4 0
128 1 5
 0 2
 1 1
 2 2
 3 0
 4 1
129 5 5
 0 3
 1 0
 2 2
 3 0
 4 0
130 14 5
 0 2
 1 3
 2 0
 3 0
 4 0
131 20 5
 0 0
 1 1
 2 0
 3 2
 4 0
132 2 5
 0 0
 1 0
 2 0
 3 1
 4 0
133 6 5
 0 3
 1 2
 2 3
 3 0
 4 3
134 15 5
 0 0
 1 2
 2 1
 3 0
 4 3
135 14 5
 0 2
 1 0
 2 0
 3 1
 4 1
136 7 5
 0 0
 1 2
 2 0
 3 0
 4 0
137 8 5
 0 2
 1 0
 2 0
 3 2
 4 0
138 6 5
 0 3
 1 2
 2 0
 3 3
 4 3
139 16 5
 0 1
 1 3
 2 3
 3 1
 4 0
140 13 5
 0 1
 1 3
 2 0
 3 2
 4 1
141 1 5
 0 1
 1 1
 2 0
 3 3
 4 0
142 7 5
 0 0
 1 3
 2 0
 3 2
 4 3
143 15 5
 0 1
 1 3
 2 0
 3 0
 4 3
144 19 5
 0 3
 1 1
 2 1
 3 1
 4 3
145 15 5
 0 1
 1 0
 2 0
 3 2
 4 2
146 20 5
 0 1
 1 2
 2 3
 3 1
 4 0
147 15 5
 0 3
 1 0
 2 0
 3 3
 4 2
148 14 5
 0 2
 1 0
 2 2
 3 3
 4 3
149 2 5
 0 2
 1 1
 2 0
 3 2
 4 3
150 5 5
 0 3
 1 0
 2 3
 3 3
 4 0
151 19 5
 0 0
 1 0
 2 2
 3 0
 4 2
152 9 5
 0 2
 1 2
 2 2
 3 0
 4 0
153 11 5
 0 0
 1 0
 2 3
 3 1
 4 3
154 4 5
 0 1
 1 0
 2 0
 3 0
 4 0
155 15 5
 0 1
 1 2
 2 0
 3 0
 4 2
156 5 5
 0 0
 1 0
 2 3
 3 1
 4 0
157 19 5
 0 3
 1 3
 2 3
 3 3
 4 0
158 20 5
 0 3
 1 3
 2 2
 3 2
 4 1
159 9 5
 0 0
 1 1
 2 3
 3 2
 4 2
160 4 5
 0 0
 1 2
 2 2
 3 0
 4 3
161 17 5
 0 0
 1 1
 2 2
 3 0
 4 2
162 2 5
 0 0
 1 0
 2 2
 3 2
 4 0
163 3 5
 0 3
 1 1
 2 1
 3 0
 4 1
164 18 5
 0 3
 1 2
 2 1
 3 3
 4 2
165 2 5
 0 2
 1 0
 2 2
 3 1
 4 1
166 9 5
 0 2
 1 0
 2 0
 3 0
 4 0
167 12 5
 0 1
 1 0
 2 2
 3 0
 4 0
168 16 5
 0 3
 1 0
 2 1
 3 0
 4 3
169 2 5
 0 0
 1 1
 2 0
 3 0
 4 0
170 19 5
 0 1
 1 1
 2 3
 3 0
 4 0
171 16 5
 0 1
 1 0
 2 0
 3 2
 4 1
172 17 5
 0 1
 1 2
 2 0
 3 0
 4 0
173 4 5
 0 2
 1 0
 2 1
 3 3
 4 1
174 12 5
 0 3
 1 2
 2 1
 3 3
 4 3
175 4 5
 0 0
 1 0
 2 3
 3 1
 4 0
176 5 5
 0 1
 1 1
 2 0
 3 2
 4 1
177 7 5
 0 3
 1 0
 2 0
 3 3
 4 2
178 7 5
 0 2
 1 2
 2 0
 3 2
 4 1
179 9 5
 0 0
 1 0
 2 3
 3 0
 4 0
180 2 5
 0 0
 1 0
 2 3
 3 0
 4 0
181 6 5
 0 1
 1 0
 2 3
 3 0
 4 2
182 6 5
 0 3
 1 0
 2 0
 3 0
 4 0
183 5 5
 0 0
 1 0
 2 3
 3 2
 4 0
184 16 5
 0 0
 1 1
 2 0
 3 0
 4 2
185 6 5
 0 3
 1 2
 2 0
 3 0
 4 0
186 17 5
 0 0
 1 3
 2 3
 3 2
 4 2
187 9 5
 0 0
 1 3
 2 1
 3 0
 4 0
188 12 5
 0 1
 1 0
 2 0
 3 0
 4 0
189 5 5
 0 1
 1 0
 2 2
 3 3
 4 1
190 6 5
 0 1
 1 1
 2 3
 3 2
 4 0
191 1 5
 0 3
 1 0
 2 2
 3 1
 4 1
192 6 5
 0 0
 1 1
 2 1
 3 0
 4 1
193 5 5
 0 3
 1 1
 2 1
 3 1
 4 0
194 18 5
 0 0
 1 0
 2 0
 3 0
 4 2
195 18 5
 0 2
 1 3
 2 1
 3 0
 4 1
196 15 5
 0 1
 1 0
 2 0
 3 3
 4 0
197 4 5
 0 3
 1 0
 2 3
 3 3
 4 0
198 16 5
 0 0
 1 1
 2 2
 3 2
 4 2
199 2 5
 0 0
 1 0
 2 0
 3 2
 4 0
200 11 5
 0 1
 1 2
 2 2
 3 1
 4 2
201 3 5
 0 2
 1 2
 2 0
 3 0
 4 2
202 10 5
 0 1
 1 1
 2 3
 3 0
 4 3
203 15 5
 0 1
 1 3
 2 0
 3 3
 4 1
204 3 5
 0 0
 1 3
 2 3
 3 1
 4 0
205 18 5
 0 2
 1 0
 2 0
 3 3
 4 0
206 14 5
 0 2
 1 1
 2 0
 3 3
 4 0
207 12 5
 0 0
 1 2
 2 0
 3 0
 4 0
208 10 5
 0 0
 1 2
 2 3
 3 3
 4 1
209 19 5
 0 0
 1 1
 2 0
 3 0
 4 0
210 20 5
 0 1
 1 0
 2 0
 3 3
 4 2
211 11 5
 0 0
 1 2
 2 3
 3 2
 4 2
212 4 5
 0 2
 1 0
 2 0
 3 1
 4 3
213 17 5
 0 3
 1 2
 2 3
 3 2
 4 0
214 6 5
 0 3
 1 3
 2 2
 3 1
 4 1
215 20 5
 0 2
 1 0
 2 0
 3 0
 4 3
216 11 5
 0 0
 1 2
 2 1
 3 2
 4 2
217 5 5
 0 0
 1 3
 2 0
 3 2
 4 1
218 19 5
 0 0
 1 1
 2 0
 3 0
 4 0
219 9 5
 0 3
 1 0
 2 0
 3 0
 4 0
220 15 5
 0 1
 1 0
 2 0
 3 1
 4 2
221 6 5
 0 0
 1 0
 2 0
 3 1
 4 1
222 14 5
 0 0
 1 0
 2 1
 3 0
 4 0
223 7 5
 0 2
 1 0
 2 0
 3 0
 4 3
224 12 5
 0 1
 1 1
 2 2
 3 0
 4 3
225 1 5
 0 3
 1 0
 2 1
 3 1
 4 0
226 18 5
 0 1
 1 0
 2 2
 3 2
 4 0
227 16 5
 0 2
 1 0
 2 2
 3 2
 4 3
228 18 5
 0 0
 1 0
 2 0
 3 3
 4 2
229 11 5
 0 0
 1 1
 2 0
 3 0
 4 0
230 16 5
 0 0
 1 2
 2 2
 3 0
 4 2
231 8 5
 0 0
 1 0
 2 1
 3 3
 4 0
232 15 5
 0 0
 1 2
 2 0
 3 0
 4 0
233 19 5
 0 0
 1 0
 2 0
 3 1
 4 0
234 9 5
 0 0
 1 2
 2 2
 3 1
 4 3
235 20 5
 0 3
 1 1
 2 3
 3 2
 4 3
236 19 5
 0 2
 1 1
 2 2
 3 0
 4 1
237 5 5
 0 2
 1 3
 2 1
 3 1
 4 3
238 11 5
 0 2
 1 1
 2 3
 3 0
 4 0
239 3 5
 0 0
 1 1
 2 0
 3 0
 4 3
240 20 5
 0 0
 1 0
 2 3
 3 0
 4 3
241 10 5
 0 3
 1 2
 2 0
 3 0
 4 3
242 13 5
 0 2
 1 3
 2 2
 3 1
 4 1
243 1 5
 0 1
 1 3
 2 3
 3 0
 4 0
244 15 5
 0 0
 1 3
 2 0
 3 2
 4 0
245 5 5
 0 1
 1 2
 2 2
 3 2
 4 0
246 16 5
 0 2
 1 1
 2 0
 3 0
 4 2
247 12 5
 0 0
 1 3
 2 1
 3 3
 4 0
248 13 5
 0 3
 1 0
 2 0
 3 0
 4 0
249 3 5
 0 1
 1 0
 2 0
 3 1
 4 0
250 12 5
 0 0
 1 2
 2 0
 3 0
 4 0
251 18 5
 0 2
 1 2
 2 3
 3 2
 4 1
252 10 5
 0 0
 1 0
 2 2
 3 1
 4 3
253 15 5
 0 1
 1 0
 2 0
 3 3
 4 3
254 1 5
 0 1
 1 0
 2 1
 3 1
 4 1
255 13 5
 0 1
 1 0
 2 2
 3 1
 4 0
256 13 5
 0 3
 1 0
 2 0
 3 1
 4 2
257 3 5
 0 3
 1 0
 2 0
 3 2
 4 0
258 20 5
 0 3
 1 2
 2 3
 3 2
 4 2
259 1 5
 0 3
 1 1
 2 1
 3 3
 4 3
260 1 5
 0 3
 1 0
 2 0
 3 3
 4 0
261 15 5
 0 0
 1 0
 2 0
 3 2
 4 3
262 16 5
 0 1
 1 3
 2 1
 3 0
 4 3
263 18 5
 0 0
 1 1
 2 3
 3 1
 4 3
264 5 5
 0 3
 1 0
 2 0
 3 0
 4 0
265 11 5
 0 0
 1 3
 2 0
 3 3
 4 0
266 15 5
 0 1
 1 2
 2 2
 3 1
 4 0
267 14 5
 0 2
 1 3
 2 3
 3 1
 4 3
268 11 5
 0 0
 1 0
 2 0
 3 0
 4 2
269 8 5
 0 0
 1 2
 2 3
 3 0
 4 0
270 15 5
 0 0
 1 3
 2 0
 3 1
 4 1
271 5 5
 0 3
 1 0
 2 0
 3 0
 4 3
272 10 5
 0 1
 1 2
 2 3
 3 2
 4 1
273 20 5
 0 0
 1 1
 2 0
 3 1
 4 0
274 15 5
 0 2
 1 0
 2 3
 3 0
 4 0
275 11 5
 0 3
 1 2
 2 2
 3 1
 4 1
276 15 5
 0 1
 1 0
 2 0
 3 0
 4 3
277 2 5
 0 0
 1 0
 2 0
 3 2
 4 1
278 0 5
 0 0
 1 0
 2 0
 3 0
 4 0

# PRECEDENCES
614
0 1
0 24
0 47
0 70
0 93
0 116
0 139
0 162
0 185
0 208
0 231
0 254
0 277
1 2
1 24
2 3
2 25
2 26
3 4
3 26
4 5
4 27
4 28
5 6
5 28
6 7
6 29
6 30
7 8
7 30
8 9
8 31
9 10
9 32
10 11
10 33
11 12
11 34
12 13
12 35
13 14
13 36
14 15
14 37
15 16
15 38
16 17
16 39
16 40
17 18
17 40
18 19
18 41
18 42
19 20
19 42
20 21
20 43
21 22
21 44
22 23
22 45
23 46
23 278
24 25
24 47
25 26
25 48
26 27
26 49
26 50
27 28
27 50
28 29
28 51
29 30
29 52
29 53
30 31
30 53
30 54
31 32
31 54
31 55
32 33
32 55
32 56
33 34
33 56
34 35
34 57
35 36
35 58
35 59
36 37
36 59
37 38
37 60
38 39
38 61
39 40
39 62
40 41
40 63
41 42
41 64
42 43
42 65
42 66
43 44
43 66
44 45
44 67
45 46
45 68
46 69
46 278
47 48
47 70
48 49
48 71
49 50
49 72
50 51
50 73
51 52
51 74
52 53
52 75
53 54
53 76
54 55
54 77
55 56
55 78
56 57
56 79
57 58
57 80
58 59
58 81
59 60
59 82
59 83
60 61
60 83
60 84
61 62
61 84
61 85
62 63
62 85
63 64
63 86
64 65
64 87
65 66
65 88
66 67
66 89
67 68
67 90
68 69
68 91
68 92
69 92
69 278
70 71
70 93
71 72
71 94
72 73
72 95
73 74
73 96
74 75
74 97
75 76
75 98
76 77
76 99
77 78
77 100
78 79
78 101
79 80
79 102
79 103
80 81
80 103
81 82
81 104
82 83
82 105
83 84
83 106
83 107
84 85
84 107
85 86
85 108
86 87
86 109
87 88
87 110
88 89
88 111
88 112
89 90
89 112
90 91
90 113
91 92
91 114
92 115
92 278
93 94
93 116
94 95
94 117
95 96
95 118
95 119
96 97
96 119
97 98
97 120
98 99
98 121
98 122
99 100
99 122
99 123
100 101
100 123
100 124
101 102
101 124
102 103
102 125
103 104
103 126
103 127
104 105
104 127
104 128
105 106
105 128
106 107
106 129
107 108
107 130
108 109
108 131
109 110
109 132
110 111
110 133
110 134
111 112
111 134
112 113
112 135
113 114
113 136
114 115
114 137
115 138
115 278
116 117
116 139
117 118
117 140
117 141
118 119
118 141
119 120
119 142
120 121
120 143
120 144
121 122
121 144
122 123
122 145
123 124
123 146
124 125
124 147
124 148
125 126
125 148
126 127
126 149
126 150
127 128
127 150
128 129
128 151
129 130
129 152
130 131
130 153
131 132
131 154
132 133
132 155
133 134
133 156
134 135
134 157
135 136
135 158
135 159
136 137
136 159
137 138
137 160
138 161
138 278
139 140
139 162
140 141
140 163
141 142
141 164
142 143
142 165
142 166
143 144
143 166
144 145
144 167
144 168
145 146
145 168
145 169
146 147
146 169
147 148
147 170
148 149
148 171
149 150
149 172
149 173
150 151
150 173
151 152
151 174
151 175
152 153
152 175
153 154
153 176
153 177
154 155
154 177
155 156
155 178
156 157
156 179
157 158
157 180
158 159
158 181
158 182
159 160
159 182
159 183
160 161
160 183
160 184
161 184
161 278
162 163
162 185
163 164
163 186
164 165
164 187
164 188
165 166
165 188
165 189
166 167
166 189
166 190
167 168
167 190
168 169
168 191
168 192
169 170
169 192
169 193
170 171
170 193
171 172
171 194
171 195
172 173
172 195
173 174
173 196
173 197
174 175
174 197
175 176
175 198
176 177
176 199
176 200
177 178
177 200
178 179
178 201
178 202
179 180
179 202
180 181
180 203
181 182
181 204
181 205
182 183
182 205
183 184
183 206
184 207
184 278
185 186
185 208
185 209
186 187
186 209
187 188
187 210
188 189
188 211
189 190
189 212
190 191
190 213
191 192
191 214
192 193
192 215
193 194
193 216
193 217
194 195
194 217
194 218
195 196
195 218
195 219
196 197
196 219
197 198
197 220
198 199
198 221
199 200
199 222
199 223
200 201
200 223
201 202
201 224
202 203
202 225
202 226
203 204
203 226
204 205
204 227
205 206
205 228
206 207
206 229
206 230
207 230
207 278
208 209
208 231
208 232
209 210
209 232
210 211
210 233
210 234
211 212
211 234
212 213
212 235
213 214
213 236
214 215
214 237
215 216
215 238
216 217
216 239
217 218
217 240
218 219
218 241
219 220
219 242
220 221
220 243
221 222
221 244
222 223
222 245
223 224
223 246
224 225
224 247
224 248
225 226
225 248
226 227
226 249
227 228
227 250
228 229
228 251
228 252
229 230
229 252
230 253
230 278
231 232
231 254
231 255
232 233
232 255
232 256
233 234
233 256
234 235
234 257
234 258
235 236
235 258
236 237
236 259
237 238
237 260
238 239
238 261
239 240
239 262
239 263
240 241
240 263
240 264
241 242
241 264
242 243
242 265
242 266
243 244
243 266
243 267
244 245
244 267
245 246
245 268
246 247
246 269
247 248
247 270
248 249
248 271
248 272
249 250
249 272
250 251
250 273
251 252
251 274
252 253
252 275
252 276
253 276
253 278
254 255
254 277
255 256
256 257
257 258
258 259
259 260
260 261
261 262
262 263
263 264
264 265
265 266
266 267
267 268
268 269
269 270
270 271
271 272
272 273
273 274
274 275
275 276
276 278
277 278
