# Tier 6 (Large) - Instance 88
# Generated with config: N=283, K=4, topology=random_dag, calendar=staggered

# HEADER: <num_tasks> <num_types> <num_units>
285 4 21

# RESOURCE TYPES
# Format: <type_id> <num_units> <unit_id1> <unit_id2> ...
0 5 0 1 2 3 4
1 5 5 6 7 8 9
2 7 10 11 12 13 14 15 16
3 4 17 18 19 20

# RESOURCE UNITS (Calendars)
# Format: <unit_id> <num_steps> <t1> <v1> <t2> <v2> ...
0 24 0 100 1 0 23 100 238 0 260 100 475 0 497 100 713 0 734 100 949 0 968 100 1183 0 1206 100 1421 0 1442 100 1658 0 1679 100 1896 0 1915 100 2134 0 2155 100 2370 0 2391 100 2856 0
1 24 0 100 9 0 30 100 245 0 269 100 481 0 504 100 721 0 742 100 959 0 980 100 1197 0 1221 100 1433 0 1456 100 1673 0 1697 100 1911 0 1933 100 2149 0 2172 100 2387 0 2408 100 2856 0
2 24 0 100 20 0 47 100 258 0 282 100 495 0 522 100 733 0 757 100 971 0 995 100 1205 0 1229 100 1443 0 1468 100 1679 0 1705 100 1914 0 1941 100 2152 0 2179 100 2391 0 2417 100 2856 0
3 24 0 100 33 0 61 100 269 0 299 100 510 0 540 100 747 0 777 100 985 0 1014 100 1224 0 1254 100 1462 0 1490 100 1697 0 1726 100 1933 0 1963 100 2174 0 2204 100 2411 0 2438 100 2856 0
4 24 0 100 47 0 81 100 285 0 322 100 521 0 556 100 755 0 789 100 993 0 1029 100 1228 0 1262 100 1463 0 1497 100 1698 0 1735 100 1936 0 1970 100 2169 0 2205 100 2407 0 2444 100 2856 0
5 24 0 100 58 0 95 100 294 0 331 100 533 0 572 100 773 0 809 100 1011 0 1050 100 1252 0 1291 100 1491 0 1530 100 1732 0 1771 100 1973 0 2010 100 2209 0 2246 100 2443 0 2479 100 2856 0
6 24 0 100 68 0 111 100 304 0 346 100 542 0 583 100 779 0 819 100 1015 0 1056 100 1254 0 1296 100 1491 0 1534 100 1727 0 1768 100 1966 0 2006 100 2203 0 2246 100 2439 0 2481 100 2856 0
7 24 0 100 78 0 113 100 317 0 352 100 557 0 591 100 791 0 825 100 1028 0 1065 100 1267 0 1301 100 1502 0 1537 100 1738 0 1775 100 1975 0 2010 100 2213 0 2248 100 2453 0 2487 100 2856 0
8 24 0 100 90 0 111 100 325 0 348 100 563 0 587 100 801 0 824 100 1039 0 1062 100 1277 0 1301 100 1513 0 1536 100 1750 0 1775 100 1991 0 2013 100 2230 0 2255 100 2466 0 2490 100 2856 0
9 24 0 100 100 0 120 100 338 0 357 100 576 0 596 100 812 0 833 100 1048 0 1067 100 1281 0 1301 100 1516 0 1537 100 1754 0 1774 100 1990 0 2010 100 2226 0 2246 100 2460 0 2483 100 2856 0
10 24 0 100 113 0 144 100 346 0 380 100 582 0 613 100 816 0 850 100 1053 0 1085 100 1292 0 1324 100 1530 0 1563 100 1765 0 1797 100 1999 0 2030 100 2235 0 2267 100 2473 0 2507 100 2856 0
11 24 0 100 123 0 150 100 363 0 391 100 598 0 624 100 833 0 861 100 1074 0 1101 100 1312 0 1338 100 1547 0 1575 100 1788 0 1816 100 2024 0 2051 100 2261 0 2287 100 2500 0 2525 100 2856 0
12 24 0 100 137 0 177 100 374 0 414 100 612 0 652 100 851 0 891 100 1090 0 1131 100 1329 0 1368 100 1567 0 1606 100 1802 0 1841 100 2037 0 2077 100 2274 0 2315 100 2514 0 2552 100 2856 0
13 24 0 100 147 0 184 100 389 0 424 100 628 0 663 100 866 0 902 100 1103 0 1137 100 1340 0 1376 100 1578 0 1611 100 1812 0 1847 100 2049 0 2085 100 2284 0 2318 100 2519 0 2553 100 2856 0
14 24 0 100 158 0 200 100 393 0 436 100 629 0 669 100 863 0 903 100 1099 0 1142 100 1337 0 1381 100 1576 0 1616 100 1810 0 1850 100 2047 0 2089 100 2283 0 2325 100 2518 0 2559 100 2856 0
15 24 0 100 171 0 209 100 411 0 446 100 645 0 683 100 883 0 919 100 1122 0 1159 100 1361 0 1398 100 1601 0 1638 100 1840 0 1878 100 2078 0 2113 100 2312 0 2347 100 2549 0 2584 100 2856 0
16 24 0 100 181 0 200 100 420 0 439 100 659 0 677 100 892 0 912 100 1128 0 1147 100 1364 0 1383 100 1604 0 1623 100 1838 0 1857 100 2073 0 2092 100 2312 0 2331 100 2549 0 2569 100 2856 0
17 24 0 100 194 0 218 100 429 0 456 100 671 0 695 100 907 0 932 100 1142 0 1169 100 1384 0 1410 100 1623 0 1646 100 1857 0 1880 100 2092 0 2116 100 2330 0 2355 100 2568 0 2592 100 2856 0
18 24 0 100 203 0 221 100 441 0 460 100 678 0 696 100 916 0 937 100 1154 0 1175 100 1391 0 1410 100 1629 0 1649 100 1869 0 1886 100 2102 0 2121 100 2340 0 2358 100 2574 0 2594 100 2856 0
19 24 0 100 215 0 239 100 452 0 479 100 689 0 715 100 928 0 953 100 1166 0 1192 100 1404 0 1431 100 1644 0 1669 100 1879 0 1903 100 2116 0 2142 100 2353 0 2380 100 2590 0 2615 100 2856 0
20 24 0 100 227 0 260 100 466 0 499 100 703 0 736 100 937 0 972 100 1174 0 1210 100 1413 0 1449 100 1652 0 1685 100 1887 0 1923 100 2124 0 2156 100 2357 0 2392 100 2592 0 2628 100 2856 0

# TASKS
# Format: <task_id> <size> <num_reqs>
# Then for each requirement: <type_id> <qty>
0 0 4
 0 0
 1 0
 2 0
 3 0
1 17 4
 0 0
 1 0
 2 1
 3 0
2 19 4
 0 2
 1 2
 2 2
 3 2
3 20 4
 0 3
 1 1
 2 3
 3 1
4 4 4
 0 2
 1 0
 2 3
 3 1
5 7 4
 0 1
 1 0
 2 2
 3 0
6 5 4
 0 2
 1 2
 2 0
 3 0
7 5 4
 0 1
 1 1
 2 0
 3 0
8 16 4
 0 1
 1 0
 2 2
 3 0
9 8 4
 0 0
 1 2
 2 2
 3 2
10 6 4
 0 0
 1 0
 2 2
 3 0
11 7 4
 0 2
 1 3
 2 1
 3 1
12 18 4
 0 0
 1 0
 2 0
 3 1
13 5 4
 0 0
 1 1
 2 3
 3 0
14 3 4
 0 2
 1 2
 2 0
 3 3
15 8 4
 0 2
 1 2
 2 2
 3 3
16 6 4
 0 2
 1 1
 2 1
 3 0
17 14 4
 0 1
 1 1
 2 0
 3 3
18 10 4
 0 0
 1 2
 2 0
 3 1
19 11 4
 0 2
 1 0
 2 1
 3 3
20 19 4
 0 1
 1 1
 2 1
 3 1
21 14 4
 0 0
 1 1
 2 0
 3 1
22 7 4
 0 3
 1 0
 2 0
 3 3
23 2 4
 0 1
 1 3
 2 0
 3 0
24 3 4
 0 0
 1 0
 2 0
 3 3
25 2 4
 0 0
 1 1
 2 2
 3 1
26 2 4
 0 1
 1 2
 2 0
 3 0
27 1 4
 0 1
 1 1
 2 1
 3 0
28 9 4
 0 3
 1 2
 2 0
 3 0
29 13 4
 0 1
 1 1
 2 2
 3 0
30 10 4
 0 2
 1 1
 2 1
 3 3
31 3 4
 0 2
 1 1
 2 2
 3 0
32 12 4
 0 2
 1 0
 2 1
 3 0
33 6 4
 0 3
 1 3
 2 0
 3 3
34 11 4
 0 3
 1 1
 2 1
 3 0
35 17 4
 0 0
 1 1
 2 2
 3 2
36 9 4
 0 2
 1 3
 2 2
 3 0
37 12 4
 0 1
 1 0
 2 0
 3 2
38 15 4
 0 0
 1 0
 2 1
 3 1
39 17 4
 0 0
 1 1
 2 0
 3 2
40 15 4
 0 2
 1 1
 2 0
 3 0
41 15 4
 0 0
 1 0
 2 0
 3 1
42 17 4
 0 2
 1 1
 2 0
 3 0
43 12 4
 0 0
 1 2
 2 2
 3 2
44 18 4
 0 0
 1 2
 2 0
 3 3
45 14 4
 0 3
 1 0
 2 0
 3 2
46 7 4
 0 3
 1 1
 2 3
 3 3
47 11 4
 0 1
 1 2
 2 0
 3 2
48 7 4
 0 2
 1 1
 2 1
 3 1
49 13 4
 0 3
 1 3
 2 1
 3 0
50 11 4
 0 0
 1 0
 2 0
 3 2
51 17 4
 0 0
 1 3
 2 0
 3 0
52 9 4
 0 3
 1 0
 2 2
 3 0
53 11 4
 0 0
 1 1
 2 1
 3 2
54 3 4
 0 1
 1 0
 2 2
 3 2
55 2 4
 0 0
 1 2
 2 3
 3 1
56 6 4
 0 2
 1 3
 2 2
 3 0
57 4 4
 0 0
 1 0
 2 2
 3 1
58 8 4
 0 3
 1 3
 2 0
 3 0
59 4 4
 0 2
 1 0
 2 0
 3 3
60 9 4
 0 3
 1 0
 2 2
 3 0
61 18 4
 0 0
 1 1
 2 0
 3 0
62 20 4
 0 1
 1 0
 2 0
 3 1
63 6 4
 0 0
 1 1
 2 0
 3 0
64 11 4
 0 3
 1 3
 2 0
 3 2
65 7 4
 0 1
 1 0
 2 0
 3 0
66 8 4
 0 0
 1 2
 2 1
 3 1
67 8 4
 0 3
 1 3
 2 0
 3 2
68 14 4
 0 3
 1 0
 2 0
 3 2
69 12 4
 0 0
 1 1
 2 2
 3 3
70 13 4
 0 0
 1 2
 2 3
 3 3
71 3 4
 0 0
 1 3
 2 0
 3 1
72 3 4
 0 1
 1 1
 2 0
 3 0
73 8 4
 0 0
 1 0
 2 2
 3 2
74 1 4
 0 2
 1 2
 2 0
 3 3
75 5 4
 0 2
 1 0
 2 3
 3 2
76 20 4
 0 3
 1 0
 2 3
 3 2
77 9 4
 0 0
 1 0
 2 1
 3 0
78 10 4
 0 0
 1 2
 2 2
 3 0
79 10 4
 0 0
 1 1
 2 0
 3 0
80 7 4
 0 3
 1 0
 2 0
 3 0
81 9 4
 0 3
 1 1
 2 1
 3 0
82 19 4
 0 3
 1 3
 2 2
 3 2
83 1 4
 0 3
 1 0
 2 2
 3 0
84 13 4
 0 2
 1 2
 2 1
 3 2
85 1 4
 0 1
 1 0
 2 3
 3 3
86 10 4
 0 2
 1 0
 2 2
 3 0
87 2 4
 0 2
 1 2
 2 2
 3 3
88 1 4
 0 1
 1 3
 2 0
 3 1
89 20 4
 0 0
 1 0
 2 3
 3 0
90 15 4
 0 0
 1 3
 2 0
 3 2
91 8 4
 0 0
 1 1
 2 3
 3 1
92 16 4
 0 1
 1 0
 2 0
 3 0
93 18 4
 0 3
 1 0
 2 1
 3 1
94 9 4
 0 0
 1 1
 2 3
 3 3
95 9 4
 0 0
 1 3
 2 0
 3 2
96 17 4
 0 2
 1 1
 2 2
 3 1
97 7 4
 0 3
 1 1
 2 0
 3 2
98 18 4
 0 0
 1 0
 2 3
 3 3
99 10 4
 0 3
 1 1
 2 0
 3 3
100 6 4
 0 0
 1 1
 2 2
 3 0
101 14 4
 0 2
 1 3
 2 0
 3 0
102 13 4
 0 0
 1 1
 2 0
 3 3
103 13 4
 0 0
 1 1
 2 3
 3 0
104 19 4
 0 1
 1 0
 2 2
 3 2
105 2 4
 0 0
 1 1
 2 0
 3 0
106 17 4
 0 0
 1 0
 2 3
 3 3
107 13 4
 0 1
 1 2
 2 3
 3 0
108 4 4
 0 0
 1 2
 2 3
 3 0
109 20 4
 0 1
 1 0
 2 2
 3 2
110 2 4
 0 2
 1 0
 2 0
 3 2
111 7 4
 0 3
 1 0
 2 1
 3 0
112 10 4
 0 0
 1 3
 2 3
 3 2
113 18 4
 0 3
 1 2
 2 1
 3 0
114 14 4
 0 0
 1 0
 2 3
 3 0
115 10 4
 0 0
 1 2
 2 1
 3 1
116 6 4
 0 1
 1 0
 2 0
 3 3
117 3 4
 0 2
 1 1
 2 0
 3 0
118 2 4
 0 1
 1 0
 2 0
 3 2
119 2 4
 0 2
 1 1
 2 1
 3 2
120 9 4
 0 1
 1 0
 2 2
 3 2
121 14 4
 0 2
 1 2
 2 0
 3 1
122 1 4
 0 0
 1 0
 2 3
 3 0
123 7 4
 0 1
 1 0
 2 0
 3 0
124 3 4
 0 3
 1 1
 2 3
 3 1
125 8 4
 0 0
 1 0
 2 1
 3 1
126 9 4
 0 0
 1 2
 2 2
 3 0
127 13 4
 0 1
 1 0
 2 1
 3 3
128 14 4
 0 0
 1 1
 2 1
 3 1
129 20 4
 0 3
 1 0
 2 0
 3 0
130 16 4
 0 1
 1 0
 2 0
 3 2
131 7 4
 0 0
 1 3
 2 1
 3 3
132 6 4
 0 3
 1 0
 2 3
 3 2
133 2 4
 0 2
 1 0
 2 3
 3 0
134 6 4
 0 0
 1 1
 2 0
 3 0
135 11 4
 0 3
 1 1
 2 1
 3 1
136 6 4
 0 0
 1 0
 2 0
 3 2
137 13 4
 0 0
 1 0
 2 2
 3 3
138 7 4
 0 1
 1 2
 2 2
 3 1
139 10 4
 0 2
 1 0
 2 3
 3 0
140 2 4
 0 1
 1 0
 2 1
 3 2
141 7 4
 0 1
 1 1
 2 0
 3 2
142 7 4
 0 2
 1 0
 2 0
 3 0
143 15 4
 0 3
 1 3
 2 1
 3 2
144 15 4
 0 0
 1 3
 2 0
 3 0
145 15 4
 0 0
 1 3
 2 0
 3 0
146 4 4
 0 1
 1 1
 2 0
 3 0
147 20 4
 0 1
 1 2
 2 1
 3 0
148 4 4
 0 3
 1 1
 2 0
 3 0
149 17 4
 0 0
 1 1
 2 0
 3 2
150 3 4
 0 0
 1 0
 2 0
 3 3
151 2 4
 0 1
 1 0
 2 0
 3 0
152 2 4
 0 3
 1 2
 2 0
 3 3
153 2 4
 0 1
 1 3
 2 3
 3 3
154 12 4
 0 3
 1 3
 2 0
 3 3
155 4 4
 0 0
 1 0
 2 0
 3 1
156 14 4
 0 2
 1 3
 2 0
 3 2
157 1 4
 0 0
 1 0
 2 3
 3 0
158 9 4
 0 0
 1 0
 2 0
 3 3
159 8 4
 0 0
 1 2
 2 2
 3 1
160 14 4
 0 0
 1 2
 2 2
 3 3
161 19 4
 0 0
 1 3
 2 3
 3 2
162 19 4
 0 3
 1 1
 2 0
 3 2
163 20 4
 0 0
 1 3
 2 1
 3 0
164 5 4
 0 1
 1 2
 2 3
 3 1
165 3 4
 0 2
 1 1
 2 3
 3 3
166 15 4
 0 0
 1 0
 2 1
 3 0
167 12 4
 0 1
 1 3
 2 0
 3 0
168 4 4
 0 0
 1 1
 2 0
 3 0
169 10 4
 0 0
 1 0
 2 1
 3 1
170 1 4
 0 0
 1 3
 2 3
 3 2
171 2 4
 0 2
 1 0
 2 1
 3 1
172 9 4
 0 3
 1 0
 2 0
 3 3
173 2 4
 0 0
 1 0
 2 1
 3 3
174 16 4
 0 2
 1 0
 2 3
 3 0
175 18 4
 0 3
 1 0
 2 0
 3 0
176 19 4
 0 3
 1 0
 2 2
 3 1
177 8 4
 0 1
 1 3
 2 2
 3 0
178 14 4
 0 0
 1 0
 2 0
 3 1
179 8 4
 0 2
 1 1
 2 0
 3 1
180 10 4
 0 0
 1 2
 2 2
 3 0
181 11 4
 0 2
 1 1
 2 3
 3 2
182 13 4
 0 0
 1 1
 2 2
 3 2
183 1 4
 0 1
 1 0
 2 0
 3 1
184 19 4
 0 1
 1 1
 2 2
 3 1
185 14 4
 0 3
 1 0
 2 1
 3 0
186 18 4
 0 3
 1 2
 2 0
 3 3
187 6 4
 0 1
 1 0
 2 0
 3 0
188 20 4
 0 0
 1 3
 2 1
 3 0
189 4 4
 0 3
 1 1
 2 3
 3 0
190 13 4
 0 0
 1 0
 2 1
 3 1
191 9 4
 0 0
 1 1
 2 1
 3 2
192 15 4
 0 0
 1 3
 2 3
 3 0
193 12 4
 0 0
 1 0
 2 1
 3 0
194 9 4
 0 0
 1 0
 2 3
 3 0
195 18 4
 0 2
 1 0
 2 3
 3 0
196 4 4
 0 0
 1 0
 2 2
 3 1
197 17 4
 0 3
 1 1
 2 2
 3 0
198 16 4
 0 2
 1 3
 2 1
 3 0
199 16 4
 0 0
 1 0
 2 0
 3 1
200 11 4
 0 0
 1 2
 2 1
 3 2
201 12 4
 0 1
 1 1
 2 0
 3 2
202 3 4
 0 0
 1 1
 2 0
 3 2
203 2 4
 0 0
 1 1
 2 3
 3 0
204 16 4
 0 1
 1 1
 2 0
 3 2
205 13 4
 0 1
 1 0
 2 2
 3 1
206 15 4
 0 3
 1 3
 2 3
 3 0
207 14 4
 0 2
 1 1
 2 1
 3 3
208 4 4
 0 3
 1 1
 2 1
 3 2
209 19 4
 0 0
 1 1
 2 2
 3 3
210 11 4
 0 2
 1 2
 2 0
 3 0
211 14 4
 0 1
 1 1
 2 0
 3 3
212 5 4
 0 1
 1 2
 2 3
 3 2
213 19 4
 0 0
 1 1
 2 0
 3 3
214 17 4
 0 1
 1 0
 2 2
 3 2
215 20 4
 0 3
 1 1
 2 3
 3 0
216 18 4
 0 2
 1 0
 2 0
 3 2
217 14 4
 0 3
 1 3
 2 1
 3 0
218 7 4
 0 0
 1 0
 2 3
 3 1
219 4 4
 0 0
 1 3
 2 1
 3 0
220 8 4
 0 2
 1 2
 2 0
 3 0
221 18 4
 0 1
 1 0
 2 2
 3 0
222 5 4
 0 0
 1 1
 2 2
 3 2
223 4 4
 0 0
 1 3
 2 0
 3 0
224 3 4
 0 3
 1 3
 2 1
 3 1
225 6 4
 0 1
 1 1
 2 0
 3 3
226 3 4
 0 2
 1 3
 2 0
 3 2
227 15 4
 0 2
 1 2
 2 0
 3 3
228 16 4
 0 3
 1 0
 2 1
 3 0
229 16 4
 0 1
 1 3
 2 3
 3 0
230 9 4
 0 3
 1 0
 2 1
 3 3
231 17 4
 0 3
 1 3
 2 2
 3 1
232 13 4
 0 2
 1 1
 2 3
 3 0
233 1 4
 0 0
 1 1
 2 1
 3 0
234 18 4
 0 0
 1 2
 2 3
 3 2
235 3 4
 0 3
 1 2
 2 0
 3 0
236 15 4
 0 0
 1 0
 2 2
 3 2
237 5 4
 0 0
 1 0
 2 2
 3 0
238 18 4
 0 0
 1 0
 2 0
 3 1
239 9 4
 0 3
 1 0
 2 3
 3 1
240 8 4
 0 1
 1 0
 2 2
 3 0
241 1 4
 0 0
 1 1
 2 1
 3 3
242 15 4
 0 3
 1 0
 2 1
 3 0
243 1 4
 0 2
 1 2
 2 0
 3 0
244 13 4
 0 1
 1 1
 2 2
 3 2
245 20 4
 0 0
 1 0
 2 3
 3 0
246 2 4
 0 2
 1 0
 2 3
 3 1
247 15 4
 0 1
 1 1
 2 1
 3 2
248 8 4
 0 0
 1 0
 2 2
 3 1
249 10 4
 0 0
 1 2
 2 1
 3 3
250 17 4
 0 2
 1 3
 2 3
 3 0
251 14 4
 0 3
 1 0
 2 0
 3 3
252 13 4
 0 1
 1 0
 2 0
 3 2
253 20 4
 0 0
 1 3
 2 3
 3 3
254 9 4
 0 1
 1 2
 2 0
 3 0
255 10 4
 0 3
 1 3
 2 2
 3 0
256 20 4
 0 2
 1 1
 2 0
 3 0
257 13 4
 0 0
 1 2
 2 2
 3 3
258 5 4
 0 2
 1 3
 2 2
 3 0
259 14 4
 0 3
 1 0
 2 0
 3 1
260 7 4
 0 0
 1 3
 2 1
 3 1
261 17 4
 0 0
 1 0
 2 1
 3 1
262 6 4
 0 2
 1 0
 2 3
 3 3
263 19 4
 0 2
 1 2
 2 0
 3 3
264 15 4
 0 0
 1 0
 2 2
 3 1
265 2 4
 0 3
 1 0
 2 2
 3 1
266 19 4
 0 1
 1 0
 2 1
 3 1
267 20 4
 0 0
 1 1
 2 0
 3 1
268 12 4
 0 0
 1 3
 2 2
 3 0
269 6 4
 0 1
 1 1
 2 1
 3 1
270 20 4
 0 2
 1 0
 2 0
 3 1
271 12 4
 0 1
 1 1
 2 0
 3 0
272 10 4
 0 3
 1 2
 2 1
 3 0
273 10 4
 0 0
 1 0
 2 3
 3 0
274 13 4
 0 2
 1 0
 2 3
 3 0
275 9 4
 0 3
 1 0
 2 2
 3 3
276 13 4
 0 0
 1 1
 2 1
 3 2
277 14 4
 0 0
 1 0
 2 0
 3 2
278 10 4
 0 0
 1 1
 2 1
 3 3
279 20 4
 0 0
 1 2
 2 3
 3 0
280 1 4
 0 2
 1 3
 2 0
 3 3
281 12 4
 0 0
 1 3
 2 3
 3 0
282 7 4
 0 3
 1 1
 2 3
 3 3
283 10 4
 0 2
 1 3
 2 2
 3 3
284 0 4
 0 0
 1 0
 2 0
 3 0

# PRECEDENCES
1469
0 2
0 6
0 13
0 15
0 16
0 17
0 18
0 19
0 20
0 21
0 22
0 23
0 26
0 31
0 32
0 35
0 39
0 42
0 43
0 44
0 49
0 54
0 55
0 58
0 62
0 64
0 65
0 73
0 77
0 83
0 85
0 87
0 88
0 96
0 106
0 108
0 109
0 110
0 113
0 114
0 115
0 119
0 121
0 126
0 131
0 135
0 141
0 142
0 146
0 151
0 164
0 170
0 171
0 173
0 182
0 185
0 198
0 202
0 204
0 211
0 224
0 226
0 231
0 232
0 234
0 237
0 240
0 246
0 249
0 252
0 253
0 256
0 259
0 262
0 264
0 265
0 268
0 274
0 275
1 284
2 34
2 45
2 186
3 8
3 125
3 130
3 152
3 156
3 245
3 260
4 116
4 133
4 160
4 178
4 212
5 81
5 125
5 154
5 183
5 201
5 278
5 281
6 66
6 69
6 159
6 236
7 82
7 102
7 103
7 184
7 254
7 280
8 50
8 168
8 222
8 281
9 99
9 116
9 139
9 229
9 269
10 1
10 24
10 38
10 140
10 200
10 229
11 41
11 90
11 251
12 93
12 122
12 125
12 169
12 261
13 124
13 228
13 265
14 72
14 79
14 139
14 177
14 184
14 209
14 260
15 89
15 105
15 134
16 30
16 49
16 175
16 217
16 222
16 280
17 9
17 31
17 36
17 70
17 134
17 166
17 215
18 63
18 127
18 222
18 225
18 266
18 280
19 107
19 116
19 120
19 175
19 209
19 243
20 8
20 90
20 157
20 224
20 232
20 259
20 282
21 47
21 48
21 59
21 84
21 215
21 221
21 223
22 45
22 71
22 81
22 82
22 183
22 201
23 122
23 128
23 135
23 269
24 86
24 92
24 94
24 169
25 33
25 36
25 104
25 107
25 152
25 176
25 278
26 4
26 29
26 156
26 265
27 80
27 105
27 107
27 199
28 68
28 184
28 218
28 220
29 284
30 1
30 8
30 79
30 102
30 122
30 169
31 4
31 105
31 209
31 263
32 78
32 216
32 250
33 14
33 92
33 101
33 201
33 215
33 242
33 278
34 47
34 153
34 155
35 134
35 139
35 152
35 193
35 210
35 266
36 74
36 229
36 247
37 81
37 102
37 111
37 127
37 128
37 147
38 1
38 81
38 89
38 201
38 225
38 257
39 75
39 80
39 83
39 114
39 140
39 250
39 278
40 5
40 29
40 38
40 130
40 172
40 225
41 1
41 29
41 123
41 147
41 263
41 269
42 71
42 102
42 162
42 183
42 191
42 242
42 279
43 47
43 186
43 230
43 233
43 250
43 272
44 149
44 153
44 161
44 203
44 222
44 242
45 1
45 71
45 81
45 178
45 236
45 245
45 276
46 69
46 218
46 254
47 8
47 70
47 74
47 149
47 213
47 236
48 38
48 105
48 123
48 248
49 36
49 125
49 280
50 63
50 111
50 281
51 63
51 133
51 212
51 221
52 29
52 37
52 132
52 158
52 267
52 270
53 79
53 102
53 111
53 144
53 195
53 251
54 15
54 47
54 107
54 158
54 181
54 250
54 260
55 39
55 94
55 176
55 213
56 117
56 136
56 152
56 190
57 81
57 140
57 163
57 195
57 221
57 235
58 18
58 70
58 71
58 149
58 196
58 272
59 129
59 219
59 276
60 89
60 183
60 184
60 209
60 281
61 90
61 133
61 163
61 165
61 168
61 247
61 267
62 4
62 92
62 132
62 139
62 189
62 257
63 284
64 24
64 91
64 100
64 127
64 138
64 200
64 258
65 7
65 12
65 24
65 92
65 103
65 157
65 205
66 14
66 53
66 86
66 271
67 71
67 94
67 156
67 169
67 221
67 263
68 10
68 24
68 168
68 215
68 245
68 248
68 280
69 1
69 63
69 97
69 123
69 147
69 281
70 50
70 102
70 111
70 144
70 147
70 161
70 257
71 29
71 38
71 125
71 139
71 147
71 266
72 29
72 63
72 81
72 89
72 97
72 169
73 1
73 60
73 68
73 101
73 143
73 251
74 29
74 30
74 130
74 225
75 81
75 93
75 133
75 172
75 183
75 238
76 50
76 79
76 105
76 176
77 14
77 144
77 172
78 105
78 133
78 194
78 279
79 1
79 29
79 69
79 169
79 222
80 36
80 53
80 130
80 251
81 284
82 168
82 169
82 229
82 263
83 72
83 74
83 133
83 177
83 195
83 207
83 248
84 92
84 97
84 99
84 263
85 82
85 178
85 192
85 194
85 218
85 221
85 237
86 41
86 147
86 257
86 278
87 45
87 105
87 122
87 157
87 174
87 208
87 273
88 29
88 105
88 205
88 267
89 29
89 63
89 81
89 169
89 263
90 92
90 222
90 263
91 82
91 125
91 208
91 282
92 1
92 111
92 123
93 63
93 111
93 169
93 177
93 201
94 63
94 147
94 201
94 269
94 281
95 12
95 82
95 143
95 160
95 169
95 229
96 24
96 81
96 116
96 134
96 260
97 284
98 34
98 178
98 218
98 241
99 81
99 97
99 123
99 177
99 263
99 281
100 94
100 155
100 212
101 60
101 68
101 132
101 133
101 156
101 248
102 1
102 29
102 97
102 123
102 169
102 281
103 74
103 133
103 178
103 269
104 28
104 116
104 127
104 132
104 172
104 281
104 283
105 147
105 152
105 213
105 221
105 250
105 257
106 1
106 28
106 96
106 197
107 57
107 75
107 160
107 177
107 201
107 239
108 80
108 139
108 160
108 186
108 195
108 236
109 134
109 149
109 265
110 18
110 144
110 176
110 208
110 220
110 254
110 263
111 284
112 14
112 79
112 244
112 260
113 41
113 80
113 88
113 89
113 186
113 250
113 273
114 95
114 144
114 169
115 17
115 163
115 191
115 205
115 217
115 247
115 267
116 63
116 86
116 111
116 122
116 215
117 48
117 69
117 147
117 215
117 257
118 72
118 99
118 169
118 192
118 242
119 69
119 147
119 224
119 238
119 241
119 266
120 9
120 51
120 112
120 189
120 228
120 258
120 263
121 82
121 143
121 231
121 281
122 81
122 97
122 169
122 177
122 229
122 263
123 284
124 105
124 190
124 214
124 263
125 63
125 81
125 97
125 177
125 201
125 229
125 281
126 14
126 53
126 87
126 196
126 251
127 147
127 183
127 200
127 225
127 239
128 41
128 81
128 93
128 99
128 183
128 238
129 72
129 221
129 222
129 247
129 250
129 276
130 41
130 50
130 97
130 229
130 263
130 269
131 52
131 70
131 76
131 100
131 180
131 188
131 195
132 10
132 90
132 127
132 156
132 172
132 225
133 81
133 99
133 122
133 168
133 278
134 1
134 63
134 125
134 183
134 239
134 247
135 68
135 209
135 214
135 242
135 276
135 281
136 38
136 40
136 163
137 3
137 4
137 70
137 145
137 175
137 181
137 230
138 53
138 74
138 79
138 207
138 263
139 84
139 123
139 200
139 229
139 238
139 278
140 177
140 183
140 225
140 229
141 9
141 109
141 246
142 93
142 98
142 145
142 200
142 227
142 250
143 84
143 93
143 147
143 168
143 215
143 269
144 209
144 229
144 261
145 11
145 144
145 242
145 255
146 7
146 176
146 206
146 264
147 284
148 38
148 128
148 161
148 175
149 37
149 89
149 147
149 155
149 168
149 267
150 72
150 147
150 160
150 177
150 222
151 9
151 66
151 71
151 84
151 201
152 30
152 238
152 257
153 93
153 122
153 195
153 266
154 63
154 123
154 169
154 201
154 263
155 50
155 140
155 215
155 221
156 5
156 160
156 161
157 111
157 165
157 177
157 184
157 195
157 209
158 89
158 134
158 144
158 150
158 222
159 37
159 92
159 200
160 92
160 257
160 263
160 269
161 86
161 97
161 99
161 130
161 169
161 200
162 45
162 63
162 70
162 82
162 261
162 281
163 1
163 29
163 89
163 92
163 94
163 209
163 222
164 27
164 87
164 108
164 117
164 223
164 232
164 258
165 63
165 82
165 222
165 260
166 80
166 154
166 196
166 238
167 159
167 174
167 195
167 216
167 283
168 29
168 63
168 147
168 177
168 269
169 284
170 15
170 24
170 26
170 38
170 48
170 183
170 241
171 191
171 221
171 236
171 258
172 50
172 79
172 94
172 154
172 168
173 34
173 57
173 76
173 93
173 195
173 222
173 247
174 30
174 95
174 127
174 140
174 165
175 36
175 68
175 111
175 147
175 156
175 184
175 195
176 94
176 140
176 191
177 284
178 38
178 140
178 183
179 7
179 79
179 81
179 153
179 281
180 60
180 134
180 179
180 197
180 217
181 84
181 90
181 245
181 254
182 45
182 99
182 130
182 133
182 157
183 92
183 125
183 169
183 269
184 8
184 79
184 81
184 84
184 94
184 269
184 281
185 77
185 102
185 191
186 14
186 38
186 51
186 84
186 129
186 245
186 281
187 4
187 38
187 157
187 172
187 176
187 200
188 38
188 94
188 166
188 276
188 281
189 8
189 50
189 125
189 163
190 66
190 207
190 250
190 271
191 116
191 139
191 163
191 172
191 266
192 79
192 133
192 161
192 177
192 278
193 61
193 75
193 90
193 95
193 125
193 181
194 130
194 196
194 207
194 245
194 247
194 254
195 38
195 125
195 168
195 239
195 260
196 63
196 67
196 72
196 134
196 143
196 183
196 222
197 86
197 251
197 254
197 273
198 22
198 40
198 89
198 101
198 238
198 266
198 267
199 41
199 152
199 195
199 250
200 29
200 41
200 94
200 261
200 278
201 284
202 1
202 17
202 45
202 46
202 123
202 194
203 7
203 51
203 93
203 160
203 229
203 239
204 5
204 76
204 153
204 159
204 163
204 282
205 29
205 122
205 133
205 191
205 200
205 229
205 244
206 90
206 134
206 183
206 207
207 8
207 69
207 102
207 123
207 168
207 200
208 8
208 72
208 93
208 138
208 177
208 205
208 280
209 1
209 169
209 177
209 201
209 263
210 66
210 86
210 140
210 150
210 165
210 187
210 247
211 84
211 87
211 152
211 183
212 8
212 201
212 229
212 238
213 5
213 102
213 123
213 134
213 195
214 14
214 50
214 53
214 90
214 99
214 191
214 225
215 63
215 122
215 125
215 225
215 229
215 238
216 7
216 10
216 133
216 245
216 266
216 269
217 5
217 12
217 30
217 99
217 127
217 251
218 12
218 41
218 154
218 201
218 260
219 157
219 189
219 229
219 277
220 24
220 69
220 102
220 123
220 218
221 63
221 69
221 122
221 177
222 63
222 81
222 111
222 269
223 4
223 30
223 172
223 245
223 254
223 261
224 30
224 70
224 75
224 138
224 169
224 236
224 273
225 1
225 123
225 269
226 25
226 29
226 247
227 36
227 82
227 140
227 152
227 168
227 201
228 70
228 102
228 195
229 284
230 30
230 36
230 92
230 118
230 195
231 38
231 63
231 99
231 123
232 45
232 83
232 189
233 46
233 63
233 99
233 250
233 257
234 17
234 29
234 69
234 72
234 276
235 29
235 79
235 133
235 169
236 134
236 143
236 209
236 239
236 269
237 10
237 70
237 77
237 86
238 1
238 169
238 177
238 229
238 263
238 269
239 89
239 102
239 201
239 209
239 229
239 238
239 269
240 12
240 27
240 129
240 130
240 162
240 189
241 94
241 200
241 266
242 89
242 99
242 139
242 209
242 269
243 34
243 56
243 102
243 167
243 267
243 270
244 50
244 69
244 163
244 215
244 257
244 260
245 168
245 200
245 209
245 225
246 34
246 49
246 82
246 125
246 132
246 143
246 235
247 81
247 122
247 168
247 177
247 257
247 261
247 263
248 63
248 160
248 161
248 177
249 8
249 37
249 52
249 108
249 123
249 169
249 205
250 82
250 89
250 90
251 93
251 130
251 154
251 168
251 183
251 215
252 137
252 148
252 223
252 280
253 18
253 118
253 119
254 3
254 10
254 99
254 184
254 244
254 245
254 266
255 67
255 70
255 245
256 3
256 9
256 101
256 117
256 130
256 149
256 195
257 1
257 81
257 97
257 147
257 201
257 263
257 269
258 92
258 153
258 168
258 178
258 273
259 12
259 53
259 76
259 130
259 148
259 194
259 201
260 92
260 99
260 201
261 1
261 147
261 201
261 263
261 281
262 124
262 155
262 165
262 175
262 180
262 189
262 281
263 284
264 7
264 50
264 80
264 86
264 156
264 168
264 277
265 10
265 81
265 130
265 134
265 222
266 84
266 94
266 99
266 238
266 260
267 41
267 147
267 183
267 220
267 260
268 76
268 277
268 281
269 284
270 29
270 94
270 123
270 239
271 48
271 177
271 222
271 244
272 129
272 222
272 261
273 154
273 169
273 261
274 41
274 49
274 66
274 67
274 225
274 263
275 4
275 67
275 86
275 136
275 149
275 158
275 247
276 81
276 239
276 263
277 81
277 155
277 236
277 239
277 273
278 29
278 63
278 147
278 201
278 229
278 263
278 269
279 1
279 9
279 248
279 258
280 41
280 150
280 154
280 206
280 221
281 284
282 45
282 125
282 133
282 166
283 165
283 174
283 215
283 281
