# Tier 6 (Large) - Instance 70
# Generated with config: N=212, K=5, topology=grid, calendar=random

# HEADER: <num_tasks> <num_types> <num_units>
214 5 21

# RESOURCE TYPES
# Format: <type_id> <num_units> <unit_id1> <unit_id2> ...
0 4 0 1 2 3
1 3 4 5 6
2 5 7 8 9 10 11
3 4 12 13 14 15
4 5 16 17 18 19 20

# RESOURCE UNITS (Calendars)
# Format: <unit_id> <num_steps> <t1> <v1> <t2> <v2> ...
0 21 0 100 112 0 117 100 147 0 160 100 248 0 259 100 302 0 315 100 395 0 408 100 501 0 512 100 672 0 681 100 724 0 731 100 836 0 839 100 923 0 1855 0
1 21 0 100 80 0 84 100 164 0 167 100 266 0 275 100 389 0 399 100 485 0 491 100 526 0 533 100 629 0 639 100 697 0 705 100 743 0 754 100 807 0 1855 0
2 21 0 100 114 0 120 100 151 0 159 100 315 0 317 100 375 0 379 100 406 0 414 100 529 0 539 100 591 0 602 100 728 0 735 100 868 0 872 100 966 0 1855 0
3 21 0 100 31 0 38 100 131 0 135 100 281 0 289 100 403 0 414 100 512 0 525 100 607 0 616 100 700 0 713 100 865 0 871 100 928 0 932 100 1025 0 1855 0
4 21 0 100 33 0 43 100 185 0 194 100 333 0 342 100 395 0 406 100 477 0 487 100 539 0 545 100 685 0 687 100 777 0 788 100 923 0 926 100 1046 0 1855 0
5 21 0 100 165 0 167 100 256 0 268 100 324 0 334 100 364 0 377 100 445 0 457 100 620 0 631 100 752 0 754 100 877 0 881 100 929 0 939 100 987 0 1855 0
6 21 0 0 7 100 77 0 85 100 132 0 139 100 270 0 274 100 348 0 360 100 435 0 443 100 536 0 545 100 586 0 593 100 758 0 764 100 886 0 895 100 1855 0
7 21 0 100 58 0 71 100 113 0 122 100 223 0 236 100 282 0 285 100 322 0 334 100 372 0 374 100 445 0 458 100 610 0 622 100 766 0 772 100 917 0 1855 0
8 21 0 100 131 0 136 100 260 0 271 100 313 0 323 100 446 0 457 100 583 0 591 100 748 0 756 100 832 0 835 100 943 0 954 100 989 0 1001 100 1139 0 1855 0
9 21 0 100 148 0 154 100 295 0 302 100 393 0 397 100 523 0 536 100 627 0 638 100 695 0 703 100 733 0 745 100 911 0 917 100 1044 0 1054 100 1100 0 1855 0
10 21 0 100 131 0 139 100 259 0 270 100 346 0 349 100 484 0 496 100 537 0 543 100 654 0 660 100 804 0 816 100 939 0 947 100 1086 0 1089 100 1130 0 1855 0
11 21 0 0 4 100 130 0 137 100 198 0 209 100 366 0 371 100 485 0 490 100 648 0 654 100 801 0 814 100 887 0 897 100 981 0 985 100 1081 0 1089 100 1855 0
12 21 0 0 8 100 39 0 43 100 111 0 124 100 219 0 230 100 270 0 275 100 427 0 437 100 471 0 473 100 604 0 613 100 656 0 667 100 777 0 785 100 1855 0
13 21 0 100 85 0 91 100 146 0 150 100 194 0 197 100 230 0 243 100 364 0 375 100 516 0 519 100 643 0 653 100 767 0 770 100 927 0 938 100 1059 0 1855 0
14 21 0 0 2 100 151 0 160 100 208 0 221 100 291 0 298 100 340 0 351 100 441 0 447 100 506 0 508 100 638 0 651 100 789 0 791 100 884 0 893 100 1855 0
15 21 0 100 161 0 172 100 271 0 280 100 393 0 404 100 438 0 445 100 592 0 598 100 700 0 709 100 740 0 743 100 772 0 779 100 837 0 841 100 899 0 1855 0
16 21 0 0 8 100 148 0 153 100 233 0 236 100 289 0 294 100 449 0 460 100 519 0 522 100 602 0 614 100 743 0 756 100 812 0 822 100 909 0 918 100 1855 0
17 21 0 100 77 0 86 100 247 0 257 100 343 0 347 100 384 0 387 100 513 0 525 100 560 0 563 100 591 0 593 100 730 0 740 100 843 0 848 100 977 0 1855 0
18 21 0 100 146 0 153 100 260 0 263 100 380 0 384 100 513 0 524 100 571 0 573 100 715 0 718 100 813 0 815 100 945 0 957 100 1068 0 1081 100 1237 0 1855 0
19 21 0 100 120 0 123 100 191 0 202 100 244 0 256 100 415 0 422 100 518 0 530 100 621 0 629 100 693 0 698 100 825 0 833 100 915 0 919 100 1032 0 1855 0
20 21 0 0 5 100 37 0 39 100 91 0 103 100 237 0 247 100 310 0 314 100 426 0 429 100 590 0 592 100 677 0 690 100 763 0 773 100 821 0 831 100 1855 0

# TASKS
# Format: <task_id> <size> <num_reqs>
# Then for each requirement: <type_id> <qty>
0 0 5
 0 0
 1 0
 2 0
 3 0
 4 0
1 10 5
 0 1
 1 3
 2 0
 3 2
 4 0
2 3 5
 0 1
 1 0
 2 0
 3 2
 4 0
3 14 5
 0 3
 1 0
 2 0
 3 2
 4 2
4 17 5
 0 0
 1 0
 2 1
 3 0
 4 0
5 9 5
 0 0
 1 0
 2 3
 3 2
 4 2
6 5 5
 0 0
 1 1
 2 0
 3 3
 4 0
7 13 5
 0 0
 1 2
 2 3
 3 0
 4 1
8 12 5
 0 2
 1 0
 2 0
 3 2
 4 1
9 18 5
 0 3
 1 2
 2 1
 3 0
 4 3
10 13 5
 0 3
 1 3
 2 0
 3 1
 4 1
11 12 5
 0 3
 1 3
 2 0
 3 0
 4 2
12 2 5
 0 0
 1 3
 2 1
 3 2
 4 0
13 7 5
 0 1
 1 3
 2 1
 3 1
 4 2
14 3 5
 0 3
 1 0
 2 0
 3 3
 4 1
15 14 5
 0 1
 1 3
 2 3
 3 2
 4 3
16 7 5
 0 3
 1 2
 2 0
 3 3
 4 0
17 18 5
 0 0
 1 2
 2 1
 3 3
 4 1
18 4 5
 0 0
 1 0
 2 0
 3 3
 4 0
19 2 5
 0 0
 1 2
 2 0
 3 1
 4 0
20 6 5
 0 2
 1 3
 2 0
 3 0
 4 3
21 12 5
 0 2
 1 0
 2 3
 3 3
 4 1
22 17 5
 0 2
 1 0
 2 2
 3 3
 4 1
23 11 5
 0 1
 1 0
 2 1
 3 2
 4 0
24 15 5
 0 0
 1 1
 2 2
 3 0
 4 0
25 20 5
 0 0
 1 1
 2 2
 3 0
 4 0
26 3 5
 0 1
 1 1
 2 3
 3 2
 4 1
27 5 5
 0 2
 1 2
 2 0
 3 0
 4 2
28 17 5
 0 0
 1 1
 2 3
 3 0
 4 0
29 13 5
 0 2
 1 2
 2 2
 3 0
 4 2
30 15 5
 0 0
 1 1
 2 0
 3 0
 4 3
31 14 5
 0 2
 1 1
 2 3
 3 3
 4 0
32 10 5
 0 0
 1 3
 2 3
 3 0
 4 3
33 13 5
 0 1
 1 0
 2 0
 3 3
 4 2
34 2 5
 0 0
 1 3
 2 2
 3 2
 4 3
35 14 5
 0 3
 1 2
 2 0
 3 0
 4 0
36 12 5
 0 2
 1 0
 2 1
 3 2
 4 3
37 6 5
 0 1
 1 1
 2 2
 3 0
 4 0
38 12 5
 0 1
 1 1
 2 0
 3 0
 4 0
39 16 5
 0 0
 1 1
 2 0
 3 3
 4 3
40 4 5
 0 2
 1 1
 2 1
 3 1
 4 3
41 19 5
 0 3
 1 1
 2 0
 3 2
 4 3
42 17 5
 0 1
 1 2
 2 2
 3 3
 4 1
43 16 5
 0 0
 1 3
 2 2
 3 0
 4 3
44 12 5
 0 0
 1 3
 2 0
 3 0
 4 1
45 11 5
 0 1
 1 1
 2 3
 3 1
 4 2
46 8 5
 0 0
 1 2
 2 0
 3 0
 4 1
47 15 5
 0 3
 1 1
 2 0
 3 2
 4 0
48 11 5
 0 0
 1 1
 2 0
 3 1
 4 3
49 18 5
 0 3
 1 0
 2 0
 3 0
 4 3
50 11 5
 0 3
 1 2
 2 2
 3 0
 4 1
51 18 5
 0 0
 1 2
 2 2
 3 1
 4 1
52 19 5
 0 3
 1 0
 2 1
 3 3
 4 0
53 15 5
 0 3
 1 3
 2 1
 3 0
 4 1
54 15 5
 0 1
 1 1
 2 3
 3 0
 4 2
55 7 5
 0 0
 1 0
 2 3
 3 1
 4 0
56 14 5
 0 0
 1 3
 2 1
 3 2
 4 2
57 11 5
 0 0
 1 0
 2 1
 3 0
 4 2
58 19 5
 0 0
 1 0
 2 3
 3 0
 4 3
59 11 5
 0 1
 1 0
 2 3
 3 2
 4 2
60 14 5
 0 0
 1 2
 2 1
 3 0
 4 3
61 7 5
 0 3
 1 2
 2 0
 3 0
 4 1
62 6 5
 0 0
 1 0
 2 0
 3 1
 4 0
63 15 5
 0 3
 1 0
 2 3
 3 0
 4 0
64 16 5
 0 0
 1 0
 2 3
 3 0
 4 0
65 18 5
 0 1
 1 0
 2 1
 3 3
 4 0
66 7 5
 0 2
 1 0
 2 3
 3 2
 4 0
67 13 5
 0 2
 1 0
 2 3
 3 0
 4 2
68 14 5
 0 0
 1 0
 2 3
 3 0
 4 3
69 16 5
 0 2
 1 3
 2 0
 3 0
 4 0
70 11 5
 0 1
 1 0
 2 0
 3 2
 4 2
71 3 5
 0 1
 1 3
 2 1
 3 2
 4 1
72 4 5
 0 0
 1 0
 2 0
 3 3
 4 3
73 13 5
 0 3
 1 0
 2 0
 3 0
 4 0
74 13 5
 0 2
 1 3
 2 1
 3 0
 4 1
75 19 5
 0 0
 1 3
 2 0
 3 2
 4 2
76 19 5
 0 0
 1 2
 2 3
 3 1
 4 3
77 14 5
 0 0
 1 2
 2 1
 3 0
 4 3
78 5 5
 0 3
 1 1
 2 2
 3 3
 4 2
79 19 5
 0 0
 1 2
 2 2
 3 0
 4 1
80 12 5
 0 0
 1 0
 2 1
 3 1
 4 3
81 18 5
 0 0
 1 0
 2 1
 3 0
 4 0
82 1 5
 0 1
 1 3
 2 1
 3 1
 4 0
83 13 5
 0 1
 1 0
 2 3
 3 1
 4 3
84 7 5
 0 0
 1 2
 2 2
 3 0
 4 1
85 19 5
 0 3
 1 0
 2 1
 3 1
 4 0
86 16 5
 0 1
 1 2
 2 0
 3 0
 4 0
87 6 5
 0 2
 1 0
 2 3
 3 3
 4 3
88 5 5
 0 1
 1 3
 2 1
 3 0
 4 2
89 2 5
 0 0
 1 3
 2 1
 3 1
 4 0
90 4 5
 0 3
 1 2
 2 1
 3 3
 4 3
91 9 5
 0 0
 1 0
 2 3
 3 0
 4 0
92 13 5
 0 3
 1 3
 2 1
 3 0
 4 0
93 5 5
 0 3
 1 1
 2 0
 3 2
 4 1
94 14 5
 0 2
 1 3
 2 0
 3 0
 4 1
95 1 5
 0 1
 1 3
 2 3
 3 1
 4 2
96 19 5
 0 2
 1 1
 2 0
 3 0
 4 1
97 19 5
 0 3
 1 0
 2 1
 3 1
 4 0
98 1 5
 0 0
 1 0
 2 2
 3 1
 4 1
99 14 5
 0 1
 1 1
 2 3
 3 0
 4 0
100 2 5
 0 1
 1 0
 2 3
 3 3
 4 1
101 18 5
 0 3
 1 1
 2 2
 3 3
 4 1
102 18 5
 0 1
 1 0
 2 2
 3 1
 4 0
103 10 5
 0 0
 1 0
 2 0
 3 3
 4 3
104 7 5
 0 3
 1 2
 2 2
 3 0
 4 0
105 12 5
 0 2
 1 3
 2 1
 3 0
 4 1
106 2 5
 0 3
 1 0
 2 0
 3 2
 4 2
107 17 5
 0 1
 1 0
 2 3
 3 0
 4 3
108 3 5
 0 0
 1 2
 2 0
 3 2
 4 0
109 2 5
 0 0
 1 1
 2 0
 3 3
 4 0
110 3 5
 0 2
 1 0
 2 3
 3 3
 4 0
111 3 5
 0 3
 1 3
 2 1
 3 1
 4 0
112 5 5
 0 2
 1 1
 2 3
 3 3
 4 3
113 7 5
 0 3
 1 0
 2 0
 3 2
 4 3
114 20 5
 0 0
 1 0
 2 1
 3 0
 4 3
115 6 5
 0 2
 1 1
 2 1
 3 0
 4 3
116 1 5
 0 1
 1 2
 2 3
 3 1
 4 1
117 2 5
 0 0
 1 0
 2 1
 3 3
 4 0
118 10 5
 0 1
 1 0
 2 0
 3 0
 4 0
119 3 5
 0 1
 1 2
 2 3
 3 2
 4 2
120 2 5
 0 1
 1 0
 2 0
 3 3
 4 2
121 12 5
 0 0
 1 1
 2 1
 3 2
 4 1
122 1 5
 0 1
 1 0
 2 0
 3 1
 4 3
123 6 5
 0 0
 1 2
 2 2
 3 0
 4 0
124 12 5
 0 2
 1 0
 2 0
 3 2
 4 2
125 17 5
 0 3
 1 3
 2 1
 3 0
 4 2
126 7 5
 0 1
 1 0
 2 1
 3 0
 4 2
127 1 5
 0 3
 1 0
 2 2
 3 0
 4 0
128 9 5
 0 0
 1 2
 2 2
 3 1
 4 2
129 6 5
 0 1
 1 1
 2 1
 3 0
 4 0
130 6 5
 0 0
 1 1
 2 1
 3 1
 4 0
131 20 5
 0 2
 1 1
 2 2
 3 2
 4 0
132 2 5
 0 3
 1 2
 2 2
 3 3
 4 1
133 19 5
 0 1
 1 3
 2 1
 3 3
 4 2
134 8 5
 0 0
 1 0
 2 2
 3 0
 4 2
135 11 5
 0 3
 1 1
 2 1
 3 3
 4 2
136 15 5
 0 1
 1 0
 2 2
 3 3
 4 1
137 10 5
 0 2
 1 3
 2 3
 3 3
 4 3
138 9 5
 0 3
 1 0
 2 3
 3 2
 4 0
139 6 5
 0 3
 1 1
 2 1
 3 0
 4 2
140 11 5
 0 2
 1 2
 2 0
 3 0
 4 0
141 8 5
 0 3
 1 3
 2 0
 3 2
 4 0
142 19 5
 0 0
 1 1
 2 0
 3 2
 4 3
143 20 5
 0 1
 1 1
 2 2
 3 2
 4 3
144 3 5
 0 1
 1 3
 2 2
 3 0
 4 1
145 1 5
 0 0
 1 0
 2 3
 3 2
 4 2
146 6 5
 0 2
 1 3
 2 2
 3 0
 4 3
147 2 5
 0 1
 1 0
 2 2
 3 1
 4 0
148 12 5
 0 0
 1 0
 2 3
 3 0
 4 0
149 2 5
 0 0
 1 0
 2 0
 3 3
 4 3
150 3 5
 0 3
 1 3
 2 1
 3 0
 4 0
151 6 5
 0 2
 1 0
 2 3
 3 3
 4 0
152 12 5
 0 1
 1 0
 2 0
 3 2
 4 0
153 6 5
 0 2
 1 3
 2 0
 3 0
 4 0
154 19 5
 0 0
 1 0
 2 3
 3 2
 4 0
155 6 5
 0 1
 1 1
 2 2
 3 0
 4 3
156 1 5
 0 0
 1 2
 2 1
 3 0
 4 0
157 11 5
 0 1
 1 1
 2 1
 3 1
 4 1
158 9 5
 0 1
 1 3
 2 0
 3 0
 4 2
159 3 5
 0 2
 1 1
 2 3
 3 2
 4 2
160 12 5
 0 1
 1 3
 2 2
 3 2
 4 3
161 4 5
 0 0
 1 0
 2 0
 3 3
 4 3
162 1 5
 0 2
 1 0
 2 3
 3 3
 4 1
163 14 5
 0 0
 1 3
 2 3
 3 1
 4 2
164 14 5
 0 2
 1 0
 2 0
 3 2
 4 2
165 6 5
 0 1
 1 1
 2 1
 3 0
 4 1
166 8 5
 0 2
 1 3
 2 3
 3 2
 4 2
167 8 5
 0 3
 1 1
 2 1
 3 0
 4 3
168 9 5
 0 0
 1 3
 2 2
 3 2
 4 0
169 7 5
 0 1
 1 1
 2 0
 3 0
 4 0
170 4 5
 0 0
 1 2
 2 1
 3 3
 4 2
171 1 5
 0 3
 1 1
 2 2
 3 1
 4 3
172 15 5
 0 3
 1 3
 2 3
 3 1
 4 0
173 20 5
 0 0
 1 3
 2 2
 3 2
 4 1
174 8 5
 0 3
 1 2
 2 3
 3 2
 4 3
175 19 5
 0 0
 1 1
 2 3
 3 0
 4 3
176 9 5
 0 0
 1 1
 2 0
 3 2
 4 0
177 6 5
 0 3
 1 1
 2 3
 3 0
 4 3
178 14 5
 0 3
 1 3
 2 2
 3 0
 4 3
179 19 5
 0 0
 1 0
 2 1
 3 2
 4 3
180 13 5
 0 2
 1 1
 2 0
 3 2
 4 2
181 10 5
 0 2
 1 0
 2 0
 3 0
 4 3
182 11 5
 0 2
 1 1
 2 0
 3 2
 4 1
183 18 5
 0 0
 1 0
 2 1
 3 1
 4 1
184 16 5
 0 0
 1 3
 2 2
 3 0
 4 0
185 13 5
 0 1
 1 0
 2 0
 3 0
 4 0
186 16 5
 0 2
 1 1
 2 2
 3 1
 4 3
187 10 5
 0 0
 1 3
 2 2
 3 2
 4 0
188 6 5
 0 1
 1 2
 2 0
 3 1
 4 2
189 7 5
 0 3
 1 3
 2 1
 3 0
 4 0
190 1 5
 0 1
 1 2
 2 0
 3 3
 4 0
191 7 5
 0 2
 1 0
 2 1
 3 1
 4 0
192 8 5
 0 3
 1 2
 2 1
 3 1
 4 2
193 10 5
 0 0
 1 1
 2 3
 3 1
 4 2
194 17 5
 0 3
 1 0
 2 3
 3 0
 4 1
195 19 5
 0 1
 1 1
 2 2
 3 0
 4 1
196 10 5
 0 2
 1 0
 2 2
 3 1
 4 1
197 9 5
 0 2
 1 0
 2 3
 3 0
 4 1
198 8 5
 0 1
 1 0
 2 2
 3 2
 4 1
199 1 5
 0 0
 1 2
 2 0
 3 0
 4 3
200 6 5
 0 3
 1 2
 2 0
 3 1
 4 0
201 20 5
 0 1
 1 1
 2 0
 3 0
 4 2
202 5 5
 0 1
 1 1
 2 3
 3 0
 4 0
203 3 5
 0 0
 1 3
 2 0
 3 2
 4 2
204 14 5
 0 3
 1 3
 2 3
 3 1
 4 0
205 12 5
 0 0
 1 0
 2 3
 3 0
 4 3
206 10 5
 0 3
 1 3
 2 1
 3 1
 4 0
207 17 5
 0 2
 1 1
 2 2
 3 0
 4 2
208 14 5
 0 0
 1 3
 2 0
 3 3
 4 1
209 5 5
 0 1
 1 2
 2 1
 3 0
 4 0
210 11 5
 0 0
 1 1
 2 0
 3 2
 4 3
211 1 5
 0 2
 1 0
 2 3
 3 1
 4 0
212 2 5
 0 0
 1 1
 2 2
 3 3
 4 0
213 0 5
 0 0
 1 0
 2 0
 3 0
 4 0

# PRECEDENCES
478
0 1
0 21
0 41
0 61
0 81
0 101
0 121
0 141
0 161
0 181
0 201
1 2
1 21
2 3
2 22
2 23
3 4
3 23
4 5
4 24
5 6
5 25
6 7
6 26
7 8
7 27
8 9
8 28
9 10
9 29
10 11
10 30
11 12
11 31
11 32
12 13
12 32
13 14
13 33
14 15
14 34
15 16
15 35
16 17
16 36
17 18
17 37
18 19
18 38
18 39
19 20
19 39
19 40
20 40
20 213
21 22
21 41
22 23
22 42
23 24
23 43
24 25
24 44
25 26
25 45
26 27
26 46
27 28
27 47
28 29
28 48
29 30
29 49
30 31
30 50
31 32
31 51
31 52
32 33
32 52
33 34
33 53
34 35
34 54
34 55
35 36
35 55
36 37
36 56
36 57
37 38
37 57
38 39
38 58
38 59
39 40
39 59
39 60
40 60
40 213
41 42
41 61
42 43
42 62
42 63
43 44
43 63
44 45
44 64
44 65
45 46
45 65
46 47
46 66
47 48
47 67
48 49
48 68
49 50
49 69
50 51
50 70
50 71
51 52
51 71
52 53
52 72
52 73
53 54
53 73
53 74
54 55
54 74
55 56
55 75
56 57
56 76
57 58
57 77
58 59
58 78
59 60
59 79
59 80
60 80
60 213
61 62
61 81
62 63
62 82
62 83
63 64
63 83
63 84
64 65
64 84
65 66
65 85
65 86
66 67
66 86
67 68
67 87
68 69
68 88
69 70
69 89
69 90
70 71
70 90
71 72
71 91
72 73
72 92
73 74
73 93
73 94
74 75
74 94
75 76
75 95
75 96
76 77
76 96
77 78
77 97
78 79
78 98
79 80
79 99
79 100
80 100
80 213
81 82
81 101
82 83
82 102
83 84
83 103
83 104
84 85
84 104
84 105
85 86
85 105
86 87
86 106
86 107
87 88
87 107
88 89
88 108
89 90
89 109
90 91
90 110
91 92
91 111
92 93
92 112
93 94
93 113
94 95
94 114
95 96
95 115
95 116
96 97
96 116
97 98
97 117
97 118
98 99
98 118
99 100
99 119
99 120
100 120
100 213
101 102
101 121
101 122
102 103
102 122
103 104
103 123
104 105
104 124
104 125
105 106
105 125
105 126
106 107
106 126
107 108
107 127
107 128
108 109
108 128
109 110
109 129
110 111
110 130
110 131
111 112
111 131
112 113
112 132
113 114
113 133
113 134
114 115
114 134
115 116
115 135
116 117
116 136
117 118
117 137
118 119
118 138
119 120
119 139
119 140
120 140
120 213
121 122
121 141
122 123
122 142
123 124
123 143
124 125
124 144
125 126
125 145
125 146
126 127
126 146
127 128
127 147
127 148
128 129
128 148
128 149
129 130
129 149
130 131
130 150
131 132
131 151
132 133
132 152
132 153
133 134
133 153
133 154
134 135
134 154
135 136
135 155
136 137
136 156
137 138
137 157
138 139
138 158
139 140
139 159
139 160
140 160
140 213
141 142
141 161
142 143
142 162
143 144
143 163
144 145
144 164
145 146
145 165
146 147
146 166
147 148
147 167
148 149
148 168
149 150
149 169
150 151
150 170
151 152
151 171
152 153
152 172
153 154
153 173
154 155
154 174
155 156
155 175
155 176
156 157
156 176
156 177
157 158
157 177
157 178
158 159
158 178
159 160
159 179
160 180
160 213
161 162
161 181
161 182
162 163
162 182
163 164
163 183
164 165
164 184
164 185
165 166
165 185
166 167
166 186
167 168
167 187
168 169
168 188
168 189
169 170
169 189
169 190
170 171
170 190
170 191
171 172
171 191
171 192
172 173
172 192
173 174
173 193
174 175
174 194
174 195
175 176
175 195
176 177
176 196
176 197
177 178
177 197
178 179
178 198
179 180
179 199
180 200
180 213
181 182
181 201
182 183
182 202
183 184
183 203
184 185
184 204
185 186
185 205
186 187
186 206
187 188
187 207
188 189
188 208
189 190
189 209
190 191
190 210
191 192
191 211
192 193
192 212
193 194
194 195
195 196
196 197
197 198
198 199
199 200
200 213
201 202
201 213
202 203
202 213
203 204
203 213
204 205
204 213
205 206
205 213
206 207
206 213
207 208
207 213
208 209
208 213
209 210
209 213
210 211
210 213
211 212
211 213
212 213
