# Tier 6 (Large) - Instance 58
# Generated with config: N=245, K=4, topology=grid, calendar=random

# HEADER: <num_tasks> <num_types> <num_units>
247 4 23

# RESOURCE TYPES
# Format: <type_id> <num_units> <unit_id1> <unit_id2> ...
0 5 0 1 2 3 4
1 5 5 6 7 8 9
2 5 10 11 12 13 14
3 8 15 16 17 18 19 20 21 22

# RESOURCE UNITS (Calendars)
# Format: <unit_id> <num_steps> <t1> <v1> <t2> <v2> ...
0 20 0 100 51 0 55 100 129 0 147 100 223 0 225 100 318 0 332 100 544 0 550 100 696 0 711 100 790 0 794 100 1008 0 1022 100 1091 0 1102 100 2285 0
1 20 0 0 9 100 64 0 81 100 254 0 258 100 303 0 315 100 526 0 536 100 700 0 705 100 825 0 837 100 963 0 968 100 1035 0 1046 100 1115 0 2285 0
2 20 0 100 85 0 99 100 231 0 237 100 315 0 326 100 500 0 514 100 682 0 685 100 877 0 886 100 1075 0 1085 100 1282 0 1296 100 1368 0 1381 100 2285 0
3 20 0 100 145 0 163 100 282 0 292 100 373 0 377 100 445 0 449 100 546 0 563 100 613 0 629 100 763 0 775 100 899 0 912 100 1085 0 1098 100 2285 0
4 20 0 0 14 100 57 0 62 100 189 0 198 100 269 0 278 100 327 0 338 100 529 0 536 100 738 0 742 100 835 0 838 100 1023 0 1037 100 1097 0 2285 0
5 20 0 0 3 100 86 0 101 100 295 0 302 100 467 0 477 100 680 0 689 100 885 0 899 100 955 0 970 100 1068 0 1076 100 1168 0 1180 100 1373 0 2285 0
6 20 0 100 36 0 54 100 232 0 248 100 438 0 444 100 514 0 528 100 669 0 673 100 844 0 860 100 927 0 937 100 1067 0 1071 100 1190 0 1195 100 2285 0
7 20 0 100 168 0 186 100 279 0 293 100 391 0 393 100 587 0 602 100 685 0 687 100 871 0 886 100 999 0 1004 100 1132 0 1139 100 1344 0 1352 100 2285 0
8 20 0 100 49 0 65 100 167 0 175 100 357 0 359 100 431 0 444 100 519 0 530 100 596 0 607 100 743 0 758 100 903 0 918 100 992 0 994 100 2285 0
9 20 0 100 42 0 59 100 226 0 238 100 350 0 364 100 404 0 411 100 602 0 617 100 715 0 719 100 925 0 936 100 1056 0 1069 100 1240 0 1243 100 2285 0
10 20 0 100 53 0 62 100 221 0 227 100 297 0 301 100 476 0 482 100 646 0 651 100 785 0 789 100 882 0 900 100 1099 0 1102 100 1188 0 1192 100 2285 0
11 20 0 0 2 100 134 0 144 100 269 0 286 100 350 0 364 100 541 0 556 100 723 0 738 100 949 0 954 100 1033 0 1038 100 1130 0 1143 100 1250 0 2285 0
12 20 0 0 10 100 83 0 85 100 225 0 233 100 293 0 300 100 377 0 391 100 483 0 492 100 691 0 706 100 851 0 856 100 1041 0 1059 100 1181 0 2285 0
13 20 0 100 101 0 111 100 166 0 172 100 325 0 331 100 546 0 556 100 630 0 648 100 765 0 767 100 974 0 977 100 1064 0 1066 100 1191 0 1194 100 2285 0
14 20 0 100 171 0 185 100 224 0 228 100 361 0 363 100 478 0 491 100 673 0 676 100 719 0 735 100 788 0 806 100 970 0 982 100 1078 0 1084 100 2285 0
15 20 0 100 45 0 61 100 184 0 201 100 408 0 425 100 615 0 617 100 661 0 665 100 706 0 718 100 915 0 928 100 1101 0 1107 100 1312 0 1324 100 2285 0
16 20 0 100 194 0 196 100 307 0 322 100 466 0 468 100 640 0 655 100 737 0 740 100 953 0 960 100 1152 0 1169 100 1306 0 1317 100 1376 0 1387 100 2285 0
17 20 0 0 9 100 199 0 210 100 298 0 309 100 373 0 391 100 515 0 528 100 575 0 589 100 717 0 725 100 810 0 820 100 928 0 933 100 1012 0 2285 0
18 20 0 100 90 0 99 100 207 0 221 100 432 0 434 100 499 0 507 100 543 0 557 100 729 0 744 100 861 0 868 100 977 0 982 100 1162 0 1178 100 2285 0
19 20 0 100 139 0 157 100 335 0 343 100 490 0 504 100 707 0 711 100 784 0 793 100 930 0 932 100 1109 0 1118 100 1310 0 1321 100 1400 0 1411 100 2285 0
20 20 0 100 84 0 97 100 244 0 254 100 290 0 293 100 329 0 338 100 391 0 404 100 574 0 591 100 659 0 663 100 761 0 772 100 894 0 900 100 2285 0
21 20 0 0 18 100 174 0 181 100 305 0 323 100 502 0 520 100 686 0 695 100 782 0 796 100 995 0 1004 100 1204 0 1207 100 1327 0 1340 100 1517 0 2285 0
22 20 0 100 105 0 112 100 243 0 256 100 416 0 426 100 534 0 550 100 697 0 702 100 822 0 839 100 948 0 960 100 1086 0 1104 100 1275 0 1281 100 2285 0

# TASKS
# Format: <task_id> <size> <num_reqs>
# Then for each requirement: <type_id> <qty>
0 0 4
 0 0
 1 0
 2 0
 3 0
1 14 4
 0 2
 1 3
 2 3
 3 2
2 6 4
 0 3
 1 3
 2 0
 3 3
3 4 4
 0 2
 1 1
 2 0
 3 0
4 2 4
 0 3
 1 0
 2 0
 3 0
5 8 4
 0 0
 1 0
 2 3
 3 0
6 13 4
 0 2
 1 0
 2 0
 3 1
7 18 4
 0 3
 1 1
 2 0
 3 0
8 5 4
 0 1
 1 3
 2 3
 3 0
9 6 4
 0 0
 1 2
 2 2
 3 3
10 7 4
 0 0
 1 3
 2 2
 3 1
11 13 4
 0 1
 1 3
 2 0
 3 3
12 14 4
 0 2
 1 0
 2 2
 3 1
13 17 4
 0 0
 1 2
 2 3
 3 0
14 14 4
 0 0
 1 0
 2 2
 3 0
15 13 4
 0 1
 1 3
 2 3
 3 0
16 2 4
 0 0
 1 1
 2 0
 3 1
17 2 4
 0 2
 1 0
 2 1
 3 1
18 17 4
 0 3
 1 3
 2 1
 3 1
19 1 4
 0 3
 1 0
 2 0
 3 0
20 1 4
 0 3
 1 3
 2 1
 3 0
21 14 4
 0 0
 1 1
 2 1
 3 3
22 7 4
 0 0
 1 3
 2 2
 3 0
23 3 4
 0 1
 1 2
 2 0
 3 1
24 8 4
 0 0
 1 0
 2 1
 3 3
25 3 4
 0 1
 1 2
 2 2
 3 0
26 18 4
 0 1
 1 0
 2 0
 3 3
27 1 4
 0 3
 1 0
 2 3
 3 2
28 16 4
 0 0
 1 3
 2 0
 3 2
29 9 4
 0 3
 1 0
 2 3
 3 2
30 20 4
 0 0
 1 0
 2 1
 3 0
31 10 4
 0 3
 1 2
 2 0
 3 0
32 3 4
 0 0
 1 0
 2 1
 3 3
33 2 4
 0 0
 1 2
 2 0
 3 1
34 19 4
 0 3
 1 2
 2 3
 3 3
35 20 4
 0 1
 1 1
 2 0
 3 2
36 14 4
 0 3
 1 2
 2 3
 3 0
37 4 4
 0 1
 1 0
 2 0
 3 2
38 20 4
 0 3
 1 0
 2 1
 3 3
39 19 4
 0 1
 1 2
 2 0
 3 3
40 12 4
 0 1
 1 2
 2 0
 3 2
41 18 4
 0 0
 1 1
 2 1
 3 1
42 12 4
 0 3
 1 0
 2 1
 3 1
43 2 4
 0 1
 1 2
 2 0
 3 2
44 20 4
 0 1
 1 1
 2 0
 3 2
45 1 4
 0 2
 1 1
 2 0
 3 3
46 13 4
 0 3
 1 0
 2 2
 3 2
47 17 4
 0 2
 1 0
 2 0
 3 3
48 7 4
 0 1
 1 0
 2 0
 3 0
49 9 4
 0 2
 1 1
 2 3
 3 1
50 11 4
 0 2
 1 0
 2 0
 3 1
51 3 4
 0 1
 1 0
 2 0
 3 3
52 8 4
 0 0
 1 3
 2 1
 3 2
53 17 4
 0 0
 1 2
 2 1
 3 2
54 15 4
 0 0
 1 3
 2 2
 3 0
55 2 4
 0 0
 1 1
 2 1
 3 1
56 20 4
 0 2
 1 0
 2 0
 3 1
57 2 4
 0 0
 1 2
 2 2
 3 3
58 8 4
 0 0
 1 0
 2 0
 3 1
59 13 4
 0 2
 1 0
 2 2
 3 2
60 7 4
 0 0
 1 3
 2 2
 3 3
61 3 4
 0 0
 1 0
 2 0
 3 1
62 13 4
 0 0
 1 3
 2 1
 3 2
63 14 4
 0 0
 1 1
 2 0
 3 1
64 4 4
 0 1
 1 0
 2 0
 3 1
65 2 4
 0 0
 1 0
 2 0
 3 1
66 10 4
 0 3
 1 1
 2 1
 3 3
67 2 4
 0 0
 1 0
 2 0
 3 2
68 20 4
 0 2
 1 1
 2 0
 3 3
69 14 4
 0 2
 1 0
 2 0
 3 3
70 10 4
 0 2
 1 1
 2 0
 3 2
71 15 4
 0 3
 1 2
 2 3
 3 0
72 17 4
 0 0
 1 3
 2 2
 3 0
73 10 4
 0 2
 1 0
 2 0
 3 0
74 14 4
 0 0
 1 2
 2 2
 3 0
75 20 4
 0 0
 1 3
 2 2
 3 0
76 19 4
 0 0
 1 0
 2 2
 3 0
77 14 4
 0 0
 1 0
 2 2
 3 0
78 7 4
 0 2
 1 0
 2 0
 3 1
79 10 4
 0 1
 1 0
 2 3
 3 0
80 17 4
 0 3
 1 3
 2 2
 3 1
81 20 4
 0 0
 1 0
 2 1
 3 0
82 19 4
 0 0
 1 1
 2 0
 3 1
83 17 4
 0 3
 1 0
 2 0
 3 3
84 12 4
 0 2
 1 0
 2 1
 3 2
85 13 4
 0 3
 1 0
 2 3
 3 2
86 3 4
 0 0
 1 2
 2 1
 3 0
87 1 4
 0 0
 1 1
 2 0
 3 0
88 8 4
 0 1
 1 1
 2 0
 3 0
89 17 4
 0 0
 1 3
 2 2
 3 1
90 3 4
 0 2
 1 2
 2 2
 3 0
91 11 4
 0 0
 1 1
 2 3
 3 2
92 14 4
 0 0
 1 0
 2 0
 3 1
93 7 4
 0 1
 1 0
 2 0
 3 2
94 7 4
 0 0
 1 3
 2 0
 3 2
95 8 4
 0 2
 1 2
 2 0
 3 0
96 1 4
 0 0
 1 3
 2 0
 3 0
97 7 4
 0 1
 1 0
 2 2
 3 2
98 13 4
 0 3
 1 1
 2 0
 3 0
99 3 4
 0 0
 1 3
 2 3
 3 2
100 12 4
 0 3
 1 2
 2 0
 3 1
101 4 4
 0 0
 1 0
 2 0
 3 2
102 20 4
 0 0
 1 0
 2 2
 3 3
103 4 4
 0 2
 1 0
 2 3
 3 3
104 18 4
 0 2
 1 0
 2 2
 3 1
105 19 4
 0 3
 1 3
 2 0
 3 1
106 5 4
 0 0
 1 0
 2 1
 3 1
107 2 4
 0 3
 1 3
 2 0
 3 3
108 11 4
 0 2
 1 0
 2 0
 3 3
109 15 4
 0 0
 1 0
 2 3
 3 2
110 12 4
 0 0
 1 2
 2 0
 3 1
111 8 4
 0 0
 1 0
 2 2
 3 0
112 20 4
 0 0
 1 0
 2 3
 3 3
113 14 4
 0 3
 1 0
 2 0
 3 3
114 13 4
 0 1
 1 0
 2 2
 3 1
115 20 4
 0 3
 1 2
 2 0
 3 0
116 11 4
 0 3
 1 1
 2 0
 3 0
117 3 4
 0 2
 1 0
 2 0
 3 0
118 5 4
 0 0
 1 1
 2 2
 3 2
119 20 4
 0 3
 1 2
 2 3
 3 2
120 20 4
 0 0
 1 0
 2 0
 3 1
121 2 4
 0 3
 1 3
 2 0
 3 3
122 9 4
 0 2
 1 0
 2 0
 3 0
123 8 4
 0 1
 1 0
 2 3
 3 3
124 11 4
 0 0
 1 1
 2 0
 3 3
125 1 4
 0 2
 1 1
 2 0
 3 3
126 12 4
 0 0
 1 0
 2 1
 3 2
127 13 4
 0 0
 1 1
 2 2
 3 0
128 7 4
 0 2
 1 1
 2 0
 3 0
129 19 4
 0 0
 1 2
 2 2
 3 3
130 19 4
 0 2
 1 2
 2 2
 3 1
131 10 4
 0 3
 1 3
 2 3
 3 2
132 18 4
 0 0
 1 0
 2 0
 3 2
133 15 4
 0 0
 1 0
 2 0
 3 1
134 1 4
 0 2
 1 0
 2 2
 3 0
135 14 4
 0 0
 1 0
 2 3
 3 3
136 14 4
 0 1
 1 2
 2 0
 3 3
137 20 4
 0 2
 1 0
 2 0
 3 0
138 5 4
 0 1
 1 2
 2 3
 3 2
139 4 4
 0 0
 1 1
 2 1
 3 0
140 19 4
 0 1
 1 1
 2 1
 3 1
141 7 4
 0 2
 1 2
 2 3
 3 0
142 12 4
 0 2
 1 2
 2 3
 3 2
143 12 4
 0 0
 1 3
 2 0
 3 0
144 1 4
 0 0
 1 0
 2 0
 3 1
145 2 4
 0 0
 1 1
 2 2
 3 0
146 14 4
 0 1
 1 3
 2 1
 3 0
147 1 4
 0 0
 1 0
 2 1
 3 1
148 9 4
 0 2
 1 3
 2 0
 3 1
149 9 4
 0 1
 1 0
 2 2
 3 1
150 16 4
 0 0
 1 3
 2 3
 3 1
151 20 4
 0 2
 1 1
 2 2
 3 0
152 19 4
 0 0
 1 2
 2 0
 3 0
153 16 4
 0 3
 1 3
 2 0
 3 2
154 14 4
 0 2
 1 0
 2 0
 3 2
155 10 4
 0 0
 1 0
 2 0
 3 3
156 12 4
 0 0
 1 3
 2 0
 3 0
157 19 4
 0 2
 1 0
 2 2
 3 3
158 8 4
 0 1
 1 2
 2 2
 3 2
159 3 4
 0 1
 1 0
 2 0
 3 0
160 6 4
 0 1
 1 3
 2 1
 3 3
161 5 4
 0 3
 1 3
 2 3
 3 0
162 6 4
 0 0
 1 0
 2 1
 3 0
163 6 4
 0 1
 1 1
 2 0
 3 3
164 20 4
 0 3
 1 0
 2 1
 3 1
165 7 4
 0 2
 1 3
 2 1
 3 1
166 9 4
 0 2
 1 3
 2 1
 3 0
167 7 4
 0 1
 1 1
 2 1
 3 0
168 15 4
 0 3
 1 2
 2 3
 3 1
169 5 4
 0 3
 1 3
 2 1
 3 0
170 2 4
 0 0
 1 1
 2 1
 3 1
171 18 4
 0 2
 1 1
 2 0
 3 0
172 4 4
 0 3
 1 0
 2 3
 3 3
173 6 4
 0 2
 1 2
 2 1
 3 1
174 13 4
 0 0
 1 1
 2 0
 3 1
175 1 4
 0 0
 1 0
 2 1
 3 0
176 2 4
 0 2
 1 0
 2 0
 3 2
177 1 4
 0 0
 1 2
 2 0
 3 2
178 1 4
 0 3
 1 3
 2 2
 3 1
179 8 4
 0 0
 1 0
 2 3
 3 3
180 17 4
 0 2
 1 3
 2 0
 3 3
181 8 4
 0 2
 1 0
 2 1
 3 3
182 12 4
 0 2
 1 2
 2 2
 3 1
183 16 4
 0 0
 1 2
 2 0
 3 0
184 2 4
 0 0
 1 0
 2 1
 3 0
185 20 4
 0 1
 1 0
 2 3
 3 2
186 2 4
 0 0
 1 2
 2 1
 3 1
187 6 4
 0 0
 1 3
 2 2
 3 1
188 17 4
 0 3
 1 2
 2 1
 3 0
189 15 4
 0 1
 1 1
 2 3
 3 2
190 19 4
 0 3
 1 0
 2 0
 3 0
191 9 4
 0 0
 1 3
 2 2
 3 0
192 18 4
 0 1
 1 2
 2 0
 3 3
193 15 4
 0 0
 1 0
 2 3
 3 3
194 16 4
 0 1
 1 2
 2 3
 3 0
195 6 4
 0 3
 1 1
 2 1
 3 0
196 13 4
 0 2
 1 0
 2 3
 3 2
197 15 4
 0 1
 1 2
 2 3
 3 1
198 17 4
 0 3
 1 0
 2 3
 3 0
199 7 4
 0 0
 1 3
 2 3
 3 0
200 14 4
 0 0
 1 0
 2 3
 3 0
201 4 4
 0 2
 1 3
 2 0
 3 0
202 13 4
 0 3
 1 0
 2 1
 3 1
203 18 4
 0 0
 1 2
 2 3
 3 0
204 8 4
 0 3
 1 0
 2 0
 3 3
205 3 4
 0 1
 1 2
 2 1
 3 1
206 7 4
 0 0
 1 0
 2 3
 3 2
207 18 4
 0 0
 1 1
 2 0
 3 1
208 20 4
 0 2
 1 2
 2 2
 3 3
209 9 4
 0 2
 1 3
 2 3
 3 3
210 16 4
 0 2
 1 1
 2 1
 3 1
211 2 4
 0 3
 1 0
 2 1
 3 0
212 20 4
 0 2
 1 0
 2 2
 3 1
213 15 4
 0 2
 1 3
 2 3
 3 2
214 14 4
 0 2
 1 3
 2 2
 3 0
215 7 4
 0 1
 1 1
 2 0
 3 2
216 10 4
 0 0
 1 2
 2 0
 3 0
217 2 4
 0 2
 1 2
 2 2
 3 3
218 9 4
 0 2
 1 0
 2 0
 3 1
219 12 4
 0 0
 1 0
 2 1
 3 0
220 13 4
 0 2
 1 0
 2 3
 3 0
221 3 4
 0 1
 1 0
 2 2
 3 2
222 7 4
 0 2
 1 0
 2 0
 3 2
223 14 4
 0 0
 1 2
 2 0
 3 2
224 19 4
 0 3
 1 1
 2 1
 3 0
225 19 4
 0 0
 1 0
 2 3
 3 1
226 2 4
 0 0
 1 1
 2 0
 3 0
227 20 4
 0 0
 1 1
 2 2
 3 1
228 6 4
 0 0
 1 1
 2 0
 3 0
229 19 4
 0 0
 1 0
 2 2
 3 3
230 17 4
 0 3
 1 0
 2 0
 3 2
231 5 4
 0 0
 1 2
 2 0
 3 1
232 16 4
 0 2
 1 2
 2 2
 3 0
233 4 4
 0 2
 1 2
 2 3
 3 1
234 2 4
 0 2
 1 3
 2 1
 3 0
235 9 4
 0 0
 1 0
 2 3
 3 0
236 10 4
 0 3
 1 3
 2 0
 3 0
237 1 4
 0 2
 1 3
 2 1
 3 1
238 15 4
 0 3
 1 3
 2 0
 3 0
239 11 4
 0 3
 1 0
 2 3
 3 0
240 19 4
 0 2
 1 3
 2 1
 3 2
241 12 4
 0 0
 1 1
 2 0
 3 0
242 6 4
 0 0
 1 0
 2 1
 3 1
243 16 4
 0 1
 1 3
 2 3
 3 1
244 14 4
 0 3
 1 2
 2 1
 3 1
245 9 4
 0 3
 1 0
 2 0
 3 1
246 0 4
 0 0
 1 0
 2 0
 3 0

# PRECEDENCES
544
0 1
0 23
0 45
0 67
0 89
0 111
0 133
0 155
0 177
0 199
0 221
0 243
1 2
1 23
1 24
2 3
2 24
3 4
3 25
4 5
4 26
5 6
5 27
6 7
6 28
7 8
7 29
8 9
8 30
8 31
9 10
9 31
9 32
10 11
10 32
10 33
11 12
11 33
12 13
12 34
13 14
13 35
13 36
14 15
14 36
15 16
15 37
16 17
16 38
17 18
17 39
17 40
18 19
18 40
19 20
19 41
20 21
20 42
20 43
21 22
21 43
22 44
22 246
23 24
23 45
23 46
24 25
24 46
25 26
25 47
26 27
26 48
26 49
27 28
27 49
27 50
28 29
28 50
29 30
29 51
30 31
30 52
31 32
31 53
31 54
32 33
32 54
33 34
33 55
33 56
34 35
34 56
35 36
35 57
36 37
36 58
37 38
37 59
38 39
38 60
39 40
39 61
40 41
40 62
40 63
41 42
41 63
42 43
42 64
42 65
43 44
43 65
44 66
44 246
45 46
45 67
46 47
46 68
47 48
47 69
47 70
48 49
48 70
49 50
49 71
50 51
50 72
50 73
51 52
51 73
52 53
52 74
52 75
53 54
53 75
54 55
54 76
54 77
55 56
55 77
55 78
56 57
56 78
57 58
57 79
57 80
58 59
58 80
59 60
59 81
60 61
60 82
61 62
61 83
61 84
62 63
62 84
62 85
63 64
63 85
63 86
64 65
64 86
64 87
65 66
65 87
66 88
66 246
67 68
67 89
67 90
68 69
68 90
69 70
69 91
70 71
70 92
71 72
71 93
71 94
72 73
72 94
73 74
73 95
73 96
74 75
74 96
75 76
75 97
76 77
76 98
77 78
77 99
78 79
78 100
79 80
79 101
79 102
80 81
80 102
81 82
81 103
81 104
82 83
82 104
83 84
83 105
84 85
84 106
85 86
85 107
86 87
86 108
86 109
87 88
87 109
88 110
88 246
89 90
89 111
89 112
90 91
90 112
90 113
91 92
91 113
92 93
92 114
93 94
93 115
94 95
94 116
95 96
95 117
96 97
96 118
97 98
97 119
98 99
98 120
99 100
99 121
99 122
100 101
100 122
101 102
101 123
102 103
102 124
103 104
103 125
103 126
104 105
104 126
105 106
105 127
106 107
106 128
106 129
107 108
107 129
108 109
108 130
109 110
109 131
110 132
110 246
111 112
111 133
112 113
112 134
113 114
113 135
113 136
114 115
114 136
115 116
115 137
116 117
116 138
117 118
117 139
118 119
118 140
119 120
119 141
120 121
120 142
121 122
121 143
122 123
122 144
122 145
123 124
123 145
124 125
124 146
124 147
125 126
125 147
126 127
126 148
127 128
127 149
127 150
128 129
128 150
128 151
129 130
129 151
129 152
130 131
130 152
131 132
131 153
131 154
132 154
132 246
133 134
133 155
134 135
134 156
135 136
135 157
136 137
136 158
136 159
137 138
137 159
138 139
138 160
139 140
139 161
140 141
140 162
141 142
141 163
141 164
142 143
142 164
143 144
143 165
144 145
144 166
144 167
145 146
145 167
146 147
146 168
147 148
147 169
148 149
148 170
149 150
149 171
150 151
150 172
151 152
151 173
152 153
152 174
152 175
153 154
153 175
154 176
154 246
155 156
155 177
156 157
156 178
157 158
157 179
158 159
158 180
159 160
159 181
159 182
160 161
160 182
160 183
161 162
161 183
161 184
162 163
162 184
163 164
163 185
163 186
164 165
164 186
164 187
165 166
165 187
166 167
166 188
167 168
167 189
168 169
168 190
168 191
169 170
169 191
170 171
170 192
171 172
171 193
172 173
172 194
173 174
173 195
174 175
174 196
175 176
175 197
175 198
176 198
176 246
177 178
177 199
177 200
178 179
178 200
178 201
179 180
179 201
180 181
180 202
181 182
181 203
182 183
182 204
183 184
183 205
184 185
184 206
185 186
185 207
185 208
186 187
186 208
187 188
187 209
188 189
188 210
189 190
189 211
190 191
190 212
191 192
191 213
192 193
192 214
192 215
193 194
193 215
194 195
194 216
195 196
195 217
196 197
196 218
196 219
197 198
197 219
197 220
198 220
198 246
199 200
199 221
200 201
200 222
201 202
201 223
202 203
202 224
203 204
203 225
204 205
204 226
205 206
205 227
206 207
206 228
207 208
207 229
208 209
208 230
209 210
209 231
210 211
210 232
211 212
211 233
212 213
212 234
213 214
213 235
213 236
214 215
214 236
215 216
215 237
215 238
216 217
216 238
217 218
217 239
218 219
218 240
218 241
219 220
219 241
220 242
220 246
221 222
221 243
222 223
222 244
223 224
223 245
224 225
225 226
226 227
227 228
228 229
229 230
230 231
231 232
232 233
233 234
234 235
235 236
236 237
237 238
238 239
239 240
240 241
241 242
242 246
243 244
243 246
244 245
244 246
245 246
