# Tier 6 (Large) - Instance 8
# Generated with config: N=98, K=5, topology=random_dag, calendar=heavy_start

# HEADER: <num_tasks> <num_types> <num_units>
100 5 43

# RESOURCE TYPES
# Format: <type_id> <num_units> <unit_id1> <unit_id2> ...
0 9 0 1 2 3 4 5 6 7 8
1 8 9 10 11 12 13 14 15 16
2 8 17 18 19 20 21 22 23 24
3 8 25 26 27 28 29 30 31 32
4 10 33 34 35 36 37 38 39 40 41 42

# RESOURCE UNITS (Calendars)
# Format: <unit_id> <num_steps> <t1> <v1> <t2> <v2> ...
0 14 0 100 5 0 10 100 19 0 22 100 41 0 43 100 174 0 177 100 190 0 195 100 314 0 319 100 545 0
1 16 0 100 1 0 6 100 36 0 41 100 62 0 64 100 150 0 155 100 251 0 255 100 279 0 281 100 303 0 305 100 545 0
2 14 0 100 23 0 27 100 50 0 52 100 92 0 95 100 195 0 198 100 320 0 322 100 478 0 483 100 545 0
3 16 0 100 46 0 51 100 65 0 70 100 111 0 116 100 125 0 128 100 136 0 139 100 220 0 223 100 517 0 520 100 545 0
4 16 0 100 1 0 6 100 18 0 22 100 125 0 127 100 138 0 142 100 217 0 219 100 251 0 253 100 480 0 483 100 545 0
5 16 0 100 5 0 10 100 43 0 47 100 121 0 124 100 169 0 172 100 302 0 304 100 308 0 313 100 340 0 342 100 545 0
6 14 0 100 1 0 3 100 23 0 27 100 40 0 42 100 68 0 72 100 226 0 231 100 460 0 463 100 545 0
7 16 0 100 1 0 3 100 37 0 40 100 65 0 69 100 269 0 271 100 328 0 333 100 482 0 485 100 515 0 517 100 545 0
8 14 0 100 4 0 7 100 8 0 13 100 80 0 84 100 172 0 176 100 247 0 250 100 273 0 276 100 545 0
9 14 0 100 2 0 6 100 7 0 9 100 10 0 12 100 174 0 178 100 303 0 306 100 510 0 514 100 545 0
10 14 0 100 14 0 19 100 134 0 136 100 244 0 249 100 391 0 393 100 407 0 409 100 466 0 471 100 545 0
11 14 0 100 1 0 3 100 18 0 23 100 193 0 195 100 294 0 298 100 427 0 431 100 482 0 485 100 545 0
12 16 0 100 1 0 4 100 84 0 87 100 120 0 125 100 219 0 223 100 260 0 265 100 413 0 415 100 440 0 444 100 545 0
13 12 0 100 1 0 3 100 24 0 28 100 52 0 56 100 142 0 145 100 473 0 477 100 545 0
14 14 0 100 90 0 95 100 188 0 192 100 207 0 212 100 229 0 233 100 419 0 424 100 503 0 507 100 545 0
15 16 0 100 2 0 5 100 17 0 19 100 67 0 70 100 182 0 187 100 270 0 273 100 362 0 366 100 440 0 444 100 545 0
16 16 0 100 1 0 3 100 6 0 9 100 13 0 18 100 29 0 32 100 150 0 153 100 241 0 246 100 272 0 275 100 545 0
17 14 0 100 1 0 4 100 36 0 41 100 235 0 237 100 320 0 323 100 381 0 391 100 447 0 452 100 545 0
18 16 0 100 3 0 6 100 9 0 12 100 21 0 24 100 38 0 40 100 234 0 236 100 439 0 444 100 532 0 537 100 545 0
19 14 0 100 8 0 11 100 55 0 59 100 142 0 144 100 170 0 175 100 312 0 317 100 430 0 434 100 545 0
20 16 0 100 64 0 69 100 102 0 104 100 335 0 338 100 364 0 367 100 470 0 472 100 523 0 528 100 540 0 544 100 545 0
21 14 0 100 55 0 59 100 68 0 72 100 293 0 295 100 334 0 338 100 340 0 342 100 431 0 436 100 545 0
22 16 0 100 63 0 65 100 77 0 81 100 174 0 179 100 198 0 201 100 298 0 302 100 442 0 446 100 473 0 476 100 545 0
23 16 0 100 1 0 4 100 89 0 91 100 126 0 128 100 258 0 263 100 471 0 475 100 476 0 480 100 528 0 533 100 545 0
24 14 0 100 5 0 10 100 16 0 19 100 30 0 35 100 63 0 65 100 97 0 102 100 165 0 169 100 545 0
25 14 0 100 1 0 6 100 12 0 17 100 18 0 20 100 43 0 47 100 89 0 93 100 277 0 280 100 545 0
26 16 0 100 10 0 13 100 88 0 90 100 161 0 166 100 270 0 275 100 280 0 285 100 453 0 455 100 498 0 503 100 545 0
27 14 0 100 1 0 3 100 61 0 65 100 66 0 71 100 142 0 145 100 260 0 265 100 477 0 480 100 545 0
28 14 0 100 6 0 10 100 32 0 37 100 39 0 43 100 48 0 51 100 189 0 192 100 251 0 256 100 545 0
29 16 0 100 1 0 5 100 9 0 14 100 79 0 84 100 136 0 139 100 152 0 155 100 173 0 178 100 500 0 502 100 545 0
30 16 0 100 3 0 5 100 54 0 59 100 101 0 105 100 179 0 183 100 271 0 276 100 374 0 377 100 467 0 470 100 545 0
31 16 0 100 2 0 5 100 7 0 11 100 25 0 29 100 91 0 95 100 229 0 232 100 238 0 243 100 306 0 311 100 545 0
32 16 0 100 7 0 11 100 83 0 86 100 130 0 132 100 213 0 216 100 228 0 233 100 419 0 423 100 472 0 476 100 545 0
33 14 0 100 1 0 6 100 51 0 56 100 104 0 109 100 129 0 131 100 259 0 261 100 506 0 510 100 545 0
34 16 0 100 24 0 29 100 47 0 49 100 139 0 142 100 244 0 248 100 309 0 314 100 455 0 459 100 497 0 499 100 545 0
35 16 0 100 1 0 6 100 47 0 50 100 62 0 64 100 72 0 74 100 276 0 280 100 327 0 332 100 417 0 421 100 545 0
36 16 0 100 7 0 11 100 13 0 18 100 20 0 24 100 32 0 34 100 128 0 133 100 400 0 403 100 450 0 452 100 545 0
37 16 0 100 3 0 5 100 17 0 21 100 111 0 114 100 143 0 148 100 246 0 251 100 337 0 342 100 422 0 427 100 545 0
38 16 0 100 38 0 41 100 71 0 75 100 177 0 182 100 208 0 212 100 291 0 293 100 335 0 337 100 518 0 522 100 545 0
39 16 0 100 18 0 23 100 75 0 80 100 173 0 178 100 242 0 246 100 274 0 277 100 300 0 304 100 462 0 466 100 545 0
40 16 0 100 5 0 10 100 33 0 38 100 171 0 175 100 215 0 220 100 255 0 258 100 360 0 364 100 395 0 398 100 545 0
41 16 0 100 64 0 66 100 108 0 113 100 169 0 173 100 199 0 203 100 266 0 268 100 341 0 344 100 397 0 400 100 545 0
42 16 0 100 26 0 31 100 132 0 137 100 156 0 159 100 179 0 181 100 276 0 280 100 398 0 403 100 519 0 523 100 545 0

# TASKS
# Format: <task_id> <size> <num_reqs>
# Then for each requirement: <type_id> <qty>
0 0 5
 0 0
 1 0
 2 0
 3 0
 4 0
1 5 5
 0 0
 1 0
 2 2
 3 0
 4 3
2 12 5
 0 3
 1 1
 2 1
 3 1
 4 3
3 12 5
 0 0
 1 1
 2 2
 3 2
 4 3
4 4 5
 0 0
 1 0
 2 0
 3 0
 4 2
5 11 5
 0 0
 1 1
 2 1
 3 3
 4 0
6 15 5
 0 1
 1 3
 2 0
 3 3
 4 0
7 3 5
 0 1
 1 1
 2 1
 3 0
 4 3
8 5 5
 0 1
 1 2
 2 2
 3 0
 4 3
9 10 5
 0 2
 1 2
 2 2
 3 3
 4 3
10 11 5
 0 0
 1 2
 2 1
 3 1
 4 0
11 6 5
 0 0
 1 1
 2 0
 3 2
 4 0
12 10 5
 0 0
 1 2
 2 0
 3 0
 4 0
13 5 5
 0 0
 1 0
 2 0
 3 3
 4 3
14 11 5
 0 3
 1 1
 2 1
 3 2
 4 3
15 13 5
 0 2
 1 0
 2 0
 3 0
 4 2
16 15 5
 0 1
 1 0
 2 3
 3 1
 4 3
17 14 5
 0 0
 1 1
 2 1
 3 2
 4 0
18 5 5
 0 2
 1 1
 2 1
 3 0
 4 3
19 8 5
 0 1
 1 0
 2 0
 3 0
 4 2
20 7 5
 0 0
 1 3
 2 1
 3 1
 4 1
21 4 5
 0 0
 1 2
 2 1
 3 1
 4 0
22 3 5
 0 2
 1 0
 2 3
 3 1
 4 0
23 12 5
 0 0
 1 0
 2 2
 3 1
 4 0
24 6 5
 0 2
 1 0
 2 1
 3 2
 4 0
25 7 5
 0 3
 1 1
 2 3
 3 0
 4 3
26 5 5
 0 3
 1 0
 2 3
 3 3
 4 0
27 12 5
 0 0
 1 3
 2 1
 3 2
 4 0
28 8 5
 0 1
 1 1
 2 0
 3 0
 4 0
29 5 5
 0 0
 1 0
 2 3
 3 3
 4 0
30 11 5
 0 1
 1 1
 2 1
 3 2
 4 1
31 8 5
 0 3
 1 1
 2 3
 3 2
 4 1
32 10 5
 0 0
 1 3
 2 1
 3 1
 4 1
33 5 5
 0 0
 1 2
 2 1
 3 0
 4 1
34 13 5
 0 1
 1 3
 2 3
 3 0
 4 2
35 11 5
 0 3
 1 3
 2 1
 3 2
 4 1
36 10 5
 0 3
 1 3
 2 1
 3 2
 4 1
37 8 5
 0 0
 1 1
 2 3
 3 2
 4 1
38 13 5
 0 0
 1 2
 2 1
 3 2
 4 2
39 4 5
 0 0
 1 2
 2 3
 3 0
 4 3
40 4 5
 0 0
 1 2
 2 1
 3 2
 4 1
41 4 5
 0 2
 1 2
 2 0
 3 0
 4 0
42 5 5
 0 0
 1 0
 2 1
 3 2
 4 0
43 15 5
 0 0
 1 3
 2 0
 3 2
 4 2
44 10 5
 0 3
 1 3
 2 0
 3 0
 4 3
45 15 5
 0 1
 1 1
 2 1
 3 3
 4 1
46 14 5
 0 2
 1 0
 2 0
 3 3
 4 1
47 15 5
 0 2
 1 2
 2 0
 3 2
 4 0
48 12 5
 0 2
 1 2
 2 2
 3 3
 4 2
49 9 5
 0 1
 1 3
 2 3
 3 0
 4 0
50 8 5
 0 3
 1 2
 2 0
 3 0
 4 0
51 14 5
 0 1
 1 1
 2 3
 3 2
 4 0
52 8 5
 0 3
 1 0
 2 2
 3 3
 4 3
53 8 5
 0 1
 1 0
 2 0
 3 0
 4 2
54 5 5
 0 0
 1 1
 2 2
 3 3
 4 3
55 10 5
 0 2
 1 1
 2 1
 3 1
 4 0
56 14 5
 0 3
 1 3
 2 2
 3 2
 4 0
57 9 5
 0 2
 1 0
 2 3
 3 2
 4 3
58 11 5
 0 0
 1 2
 2 1
 3 0
 4 3
59 9 5
 0 0
 1 1
 2 1
 3 0
 4 2
60 4 5
 0 0
 1 3
 2 1
 3 3
 4 0
61 5 5
 0 2
 1 2
 2 2
 3 0
 4 0
62 11 5
 0 1
 1 3
 2 3
 3 0
 4 1
63 15 5
 0 0
 1 0
 2 1
 3 2
 4 1
64 8 5
 0 0
 1 3
 2 3
 3 3
 4 1
65 11 5
 0 1
 1 2
 2 2
 3 2
 4 0
66 8 5
 0 3
 1 0
 2 1
 3 0
 4 3
67 12 5
 0 3
 1 1
 2 2
 3 0
 4 0
68 4 5
 0 1
 1 0
 2 1
 3 3
 4 2
69 9 5
 0 2
 1 3
 2 0
 3 2
 4 3
70 15 5
 0 2
 1 2
 2 2
 3 2
 4 1
71 3 5
 0 1
 1 2
 2 0
 3 0
 4 0
72 6 5
 0 0
 1 0
 2 0
 3 2
 4 3
73 13 5
 0 1
 1 0
 2 0
 3 2
 4 1
74 12 5
 0 3
 1 2
 2 2
 3 3
 4 3
75 8 5
 0 2
 1 1
 2 1
 3 1
 4 1
76 11 5
 0 1
 1 1
 2 0
 3 1
 4 2
77 4 5
 0 0
 1 0
 2 0
 3 2
 4 2
78 10 5
 0 2
 1 0
 2 2
 3 3
 4 2
79 8 5
 0 2
 1 2
 2 2
 3 3
 4 0
80 8 5
 0 3
 1 0
 2 1
 3 3
 4 1
81 14 5
 0 1
 1 3
 2 2
 3 0
 4 3
82 6 5
 0 0
 1 2
 2 1
 3 1
 4 3
83 9 5
 0 1
 1 0
 2 1
 3 3
 4 2
84 8 5
 0 0
 1 0
 2 1
 3 2
 4 0
85 4 5
 0 1
 1 3
 2 1
 3 3
 4 2
86 14 5
 0 3
 1 0
 2 3
 3 0
 4 1
87 6 5
 0 3
 1 3
 2 1
 3 3
 4 2
88 13 5
 0 1
 1 0
 2 2
 3 0
 4 2
89 11 5
 0 2
 1 2
 2 2
 3 1
 4 3
90 13 5
 0 3
 1 1
 2 1
 3 1
 4 1
91 11 5
 0 3
 1 2
 2 2
 3 2
 4 1
92 7 5
 0 1
 1 2
 2 0
 3 1
 4 3
93 12 5
 0 1
 1 0
 2 2
 3 0
 4 1
94 7 5
 0 0
 1 3
 2 0
 3 0
 4 0
95 11 5
 0 2
 1 3
 2 1
 3 1
 4 3
96 13 5
 0 1
 1 2
 2 1
 3 0
 4 2
97 7 5
 0 2
 1 0
 2 2
 3 2
 4 1
98 15 5
 0 1
 1 2
 2 0
 3 2
 4 1
99 0 5
 0 0
 1 0
 2 0
 3 0
 4 0

# PRECEDENCES
1066
1 86
67 77
36 80
8 9
0 5
36 89
40 41
77 90
0 14
29 50
77 99
58 86
5 92
0 23
6 57
40 59
69 95
9 99
33 38
2 32
25 34
2 41
20 86
39 99
10 63
2 59
25 61
54 97
22 37
74 75
3 33
4 87
74 84
32 78
66 89
24 83
43 96
96 99
18 21
47 57
1 99
46 98
29 36
47 84
77 85
5 78
0 9
6 43
40 45
5 87
80 90
61 86
58 99
69 99
80 99
21 59
10 31
2 27
0 94
10 40
62 78
73 78
81 91
62 87
3 10
23 77
51 59
20 90
31 90
43 55
12 86
22 32
20 99
31 99
84 93
51 77
32 73
1 76
36 43
32 91
43 91
65 88
55 65
28 48
24 96
88 99
9 44
65 97
5 55
76 97
28 75
69 76
21 36
61 72
58 85
77 98
21 45
30 84
50 99
61 99
27 97
42 95
0 89
0 98
11 98
12 63
2 40
20 76
25 42
32 41
39 80
73 82
43 50
51 63
1 53
24 55
14 32
12 99
23 99
1 62
43 77
16 60
13 73
65 74
16 69
1 80
24 82
36 47
16 78
57 88
6 15
38 84
28 61
6 24
5 68
77 84
6 42
18 96
29 44
69 80
8 70
10 12
19 79
50 94
0 75
30 88
0 84
42 99
31 62
0 93
11 93
62 77
20 71
32 36
54 73
23 67
24 32
54 82
13 41
24 41
3 18
35 50
53 86
72 99
12 94
1 57
43 72
56 91
4 99
28 38
57 74
65 87
68 83
46 92
38 88
15 95
27 60
58 75
27 69
30 65
50 80
39 43
80 93
20 39
0 70
31 48
0 79
91 99
10 25
2 21
11 79
0 88
54 59
54 68
4 49
0 97
23 62
13 27
20 75
32 40
52 98
51 53
24 36
72 76
4 67
43 49
32 58
16 41
23 89
4 85
16 50
53 99
64 99
9 11
34 95
5 22
17 33
14 98
38 65
57 78
68 78
49 74
46 87
68 87
26 81
5 58
7 77
57 96
49 92
6 32
15 99
26 99
50 66
18 95
50 75
0 56
11 56
19 69
20 34
61 84
0 65
39 47
19 78
2 7
27 91
0 74
39 56
19 87
60 88
83 90
0 83
39 65
83 99
94 99
0 92
4 44
11 92
31 70
4 53
41 93
12 66
54 63
1 38
4 71
72 89
13 49
64 85
1 56
53 94
46 55
14 84
34 99
45 99
56 99
5 26
9 24
38 60
49 60
76 77
9 33
26 67
49 69
15 76
27 41
68 91
7 72
49 87
30 46
27 59
7 90
30 55
0 51
7 99
18 99
8 64
11 51
0 60
30 64
39 42
60 74
63 89
0 69
39 51
2 11
0 78
11 78
23 43
20 56
91 98
0 87
41 88
52 88
33 84
75 99
25 89
16 31
1 42
16 40
56 85
46 50
34 94
57 59
37 99
15 62
5 39
49 73
27 36
49 82
7 76
26 89
0 37
18 85
82 88
0 46
48 95
0 55
31 33
60 69
0 64
11 64
12 29
39 46
0 73
41 74
52 74
83 98
12 56
13 21
10 86
16 17
4 61
1 37
34 71
56 71
53 84
38 41
56 89
5 16
65 67
22 96
86 99
97 99
5 25
67 95
70 91
27 31
47 98
19 27
26 84
0 32
42 47
79 96
0 41
82 92
0 50
12 15
48 99
19 63
20 28
0 59
6 93
23 24
31 37
40 86
0 68
41 60
41 69
60 73
60 82
52 78
1 5
60 91
10 72
75 80
4 47
45 48
1 23
25 79
44 92
72 74
64 70
3 51
10 99
34 75
56 75
37 71
14 87
78 90
8 13
67 99
78 99
89 99
15 61
36 93
26 70
38 63
0 18
18 66
49 63
59 95
17 98
0 27
8 40
9 94
79 91
0 36
30 49
0 45
11 45
41 46
63 83
0 54
40 90
60 68
4 15
29 99
40 99
4 24
33 60
1 9
44 78
22 41
44 87
22 50
53 65
3 46
37 48
34 61
51 95
2 90
14 55
22 68
2 99
14 64
22 77
3 73
3 82
78 85
67 94
0 4
47 88
8 17
59 90
27 30
0 13
59 99
70 99
7 61
11 13
0 22
28 93
9 89
30 35
48 62
0 31
29 67
0 40
63 78
6 83
4 10
33 46
44 46
60 72
41 68
21 99
25 60
1 13
22 45
74 83
25 78
3 41
74 92
51 99
37 61
13 91
18 20
14 68
26 33
7 29
15 42
36 74
18 47
70 85
0 8
7 56
36 92
0 17
19 30
0 26
6 60
9 93
11 26
0 35
29 71
21 67
4 5
29 89
40 89
60 64
21 85
4 14
60 67
81 99
25 46
44 63
33 59
73 86
52 72
2 53
2 62
25 73
32 99
43 99
14 63
15 28
16 91
26 37
17 65
18 42
0 3
29 39
17 83
0 12
9 79
28 92
0 21
92 95
48 70
5 99
11 30
48 79
63 97
6 73
29 75
40 75
21 71
25 32
4 9
73 81
54 77
73 90
62 99
73 99
10 61
22 26
3 22
10 70
22 35
33 63
34 37
3 31
3 40
22 53
74 91
3 49
43 85
51 98
1 79
66 87
43 94
96 97
67 70
13 99
24 99
35 99
16 95
5 76
0 7
21 39
17 87
0 16
11 16
48 65
50 84
92 99
29 61
21 57
10 20
40 70
25 27
21 75
10 38
81 89
33 49
39 83
25 54
54 99
32 62
23 93
74 77
43 71
66 73
43 80
51 93
35 76
43 89
15 18
1 83
24 85
43 98
1 92
36 59
65 95
88 97
17 55
36 68
16 99
9 60
21 25
77 78
0 2
48 51
21 34
5 89
50 88
2 20
62 71
81 84
54 67
0 96
51 52
2 47
31 83
22 25
4 75
43 57
23 88
24 53
84 95
4 84
32 66
43 66
32 75
66 77
13 71
43 84
7 9
28 41
88 92
16 85
28 50
68 86
65 99
76 99
9 46
17 59
47 63
47 72
9 55
58 60
58 69
15 98
29 42
40 42
50 74
27 81
50 83
58 96
39 55
30 86
2 15
27 99
0 82
19 95
0 91
11 91
20 69
32 34
73 84
12 65
39 91
12 74
72 88
24 48
84 99
95 99
3 25
1 55
32 61
32 70
16 53
35 57
1 64
35 66
34 98
17 27
13 75
24 75
9 23
36 40
5 34
1 82
76 85
6 8
9 41
38 77
17 54
9 50
15 84
46 99
57 99
68 99
38 86
38 95
50 60
69 73
61 69
69 91
27 85
19 81
0 77
91 97
30 90
0 86
12 51
8 99
19 99
30 99
0 95
11 95
23 51
31 64
32 38
3 11
13 43
32 56
84 94
12 87
1 50
24 52
4 83
45 84
87 90
87 99
4 92
65 71
9 18
5 29
28 31
76 80
9 27
28 40
57 76
9 36
68 85
9 45
49 81
49 90
38 99
49 99
27 62
18 93
58 77
61 64
0 63
11 63
8 76
27 89
0 72
10 18
42 87
0 81
23 46
60 95
0 90
41 91
13 20
54 70
11 99
1 36
43 51
23 82
13 47
24 47
53 83
56 79
84 98
34 88
1 63
38 58
15 65
49 67
57 80
68 80
26 74
49 76
26 83
27 48
98 99
38 94
90 95
58 72
61 68
0 49
0 58
8 71
42 73
0 67
8 80
2 9
30 80
0 76
11 76
60 81
54 56
60 90
0 85
39 67
91 96
60 99
11 94
16 20
45 65
43 61
35 42
56 92
46 57
14 86
49 53
22 99
17 30
26 60
67 98
26 69
46 84
6 11
7 65
26 78
49 80
57 84
7 74
18 74
7 83
79 99
0 44
90 99
11 44
19 57
50 63
0 53
0 62
30 75
0 71
31 49
0 80
20 58
44 77
52 90
13 19
41 99
52 99
25 82
72 77
56 60
2 89
24 37
45 69
64 82
64 91
37 74
22 94
3 99
14 99
59 98
43 92
7 69
30 34
79 85
0 30
18 78
30 43
26 91
79 94
0 39
19 52
82 90
0 48
40 84
71 99
82 99
60 62
0 57
19 70
30 70
0 66
11 66
31 44
83 91
1 12
44 81
34 46
33 90
2 84
25 86
33 99
44 99
34 64
2 93
3 58
56 64
22 71
14 67
5 9
46 47
22 89
78 88
46 65
57 65
78 97
70 93
8 20
19 20
7 64
26 77
0 25
0 34
0 43
29 79
40 79
82 94
0 52
11 52
12 17
21 84
29 88
0 61
63 99
60 66
63 90
33 67
44 67
1 7
93 99
56 59
25 99
14 71
15 36
7 32
7 41
3 89
18 41
49 56
55 90
55 99
15 63
0 11
7 59
19 24
36 95
17 91
0 20
8 33
19 33
0 29
9 96
71 80
0 38
29 74
63 76
82 89
0 47
40 83
41 48
20 25
12 21
52 57
21 88
6 99
4 26
10 60
10 69
34 36
41 84
10 87
44 89
51 88
25 85
74 99
85 99
22 61
3 57
51 97
15 31
15 40
26 40
67 78
36 72
36 81
15 58
17 77
0 6
7 54
18 54
59 92
28 86
0 15
36 99
47 99
0 24
40 60
8 37
0 33
40 69
71 84
0 42
11 42
41 43
21 74
33 57
33 66
1 6
74 76
25 71
3 34
45 49
32 79
45 58
15 17
13 84
66 99
32 97
43 97
15 35
59 69
17 72
0 1
9 68
5 79
0 10
70 96
8 23
19 23
28 90
0 19
9 86
17 99
0 28
28 99
40 64
48 77
33 34
29 82
34 35
85 89
14 47
14 56
