# Tier 6 (Large) - Instance 59
# Generated with config: N=289, K=4, topology=grid, calendar=staggered

# HEADER: <num_tasks> <num_types> <num_units>
291 4 20

# RESOURCE TYPES
# Format: <type_id> <num_units> <unit_id1> <unit_id2> ...
0 7 0 1 2 3 4 5 6
1 4 7 8 9 10
2 3 11 12 13
3 6 14 15 16 17 18 19

# RESOURCE UNITS (Calendars)
# Format: <unit_id> <num_steps> <t1> <v1> <t2> <v2> ...
0 27 0 100 1 0 18 100 199 0 218 100 402 0 421 100 605 0 624 100 808 0 825 100 1010 0 1027 100 1209 0 1227 100 1410 0 1426 100 1611 0 1630 100 1812 0 1831 100 2012 0 2032 100 2218 0 2238 100 2418 0 2617 0
1 27 0 100 11 0 42 100 211 0 242 100 412 0 442 100 615 0 644 100 816 0 846 100 1019 0 1047 100 1217 0 1245 100 1417 0 1447 100 1615 0 1645 100 1819 0 1850 100 2023 0 2051 100 2221 0 2249 100 2419 0 2617 0
2 27 0 100 19 0 41 100 219 0 244 100 420 0 444 100 623 0 646 100 825 0 847 100 1022 0 1046 100 1223 0 1245 100 1419 0 1444 100 1622 0 1647 100 1823 0 1846 100 2023 0 2048 100 2227 0 2250 100 2429 0 2617 0
3 27 0 100 31 0 65 100 234 0 269 100 435 0 469 100 633 0 669 100 838 0 874 100 1042 0 1074 100 1239 0 1273 100 1441 0 1474 100 1641 0 1676 100 1841 0 1874 100 2039 0 2073 100 2238 0 2272 100 2437 0 2617 0
4 27 0 100 40 0 76 100 243 0 278 100 446 0 481 100 646 0 679 100 844 0 877 100 1044 0 1078 100 1243 0 1278 100 1444 0 1479 100 1644 0 1680 100 1845 0 1880 100 2045 0 2081 100 2248 0 2282 100 2448 0 2617 0
5 27 0 100 48 0 76 100 252 0 280 100 456 0 480 100 654 0 680 100 855 0 881 100 1054 0 1078 100 1254 0 1280 100 1456 0 1481 100 1657 0 1683 100 1859 0 1886 100 2061 0 2087 100 2260 0 2286 100 2458 0 2617 0
6 27 0 100 59 0 92 100 258 0 292 100 458 0 492 100 659 0 693 100 858 0 889 100 1057 0 1091 100 1257 0 1291 100 1460 0 1492 100 1660 0 1691 100 1858 0 1891 100 2058 0 2092 100 2256 0 2287 100 2452 0 2617 0
7 27 0 100 71 0 91 100 274 0 293 100 471 0 491 100 671 0 689 100 868 0 886 100 1064 0 1086 100 1266 0 1286 100 1464 0 1485 100 1665 0 1683 100 1861 0 1882 100 2064 0 2082 100 2262 0 2283 100 2465 0 2617 0
8 27 0 100 82 0 117 100 285 0 316 100 484 0 519 100 686 0 719 100 883 0 914 100 1079 0 1110 100 1276 0 1311 100 1479 0 1513 100 1681 0 1713 100 1882 0 1915 100 2081 0 2114 100 2283 0 2315 100 2481 0 2617 0
9 27 0 100 89 0 114 100 293 0 316 100 493 0 516 100 692 0 715 100 892 0 917 100 1094 0 1118 100 1292 0 1315 100 1489 0 1513 100 1691 0 1715 100 1894 0 1919 100 2093 0 2119 100 2294 0 2316 100 2493 0 2617 0
10 27 0 100 101 0 130 100 301 0 332 100 504 0 536 100 708 0 739 100 907 0 938 100 1110 0 1141 100 1307 0 1340 100 1508 0 1539 100 1708 0 1741 100 1909 0 1941 100 2113 0 2146 100 2313 0 2344 100 2510 0 2617 0
11 27 0 100 109 0 131 100 310 0 331 100 507 0 528 100 705 0 728 100 906 0 928 100 1107 0 1129 100 1309 0 1331 100 1509 0 1531 100 1712 0 1735 100 1913 0 1934 100 2111 0 2135 100 2310 0 2334 100 2514 0 2617 0
12 27 0 100 121 0 152 100 323 0 353 100 525 0 556 100 729 0 759 100 932 0 964 100 1133 0 1165 100 1332 0 1364 100 1536 0 1568 100 1736 0 1765 100 1937 0 1969 100 2137 0 2166 100 2335 0 2367 100 2535 0 2617 0
13 27 0 100 129 0 156 100 327 0 353 100 525 0 552 100 724 0 750 100 925 0 951 100 1125 0 1150 100 1326 0 1354 100 1525 0 1553 100 1727 0 1753 100 1928 0 1956 100 2127 0 2154 100 2328 0 2356 100 2530 0 2617 0
14 27 0 100 141 0 167 100 340 0 365 100 540 0 567 100 744 0 770 100 945 0 970 100 1147 0 1170 100 1348 0 1371 100 1543 0 1568 100 1742 0 1766 100 1939 0 1964 100 2136 0 2161 100 2336 0 2361 100 2533 0 2617 0
15 27 0 100 152 0 189 100 356 0 391 100 554 0 588 100 755 0 792 100 956 0 991 100 1158 0 1195 100 1361 0 1396 100 1563 0 1598 100 1763 0 1798 100 1961 0 1997 100 2161 0 2195 100 2358 0 2391 100 2554 0 2617 0
16 27 0 100 160 0 186 100 364 0 390 100 562 0 587 100 761 0 785 100 962 0 989 100 1164 0 1189 100 1364 0 1388 100 1562 0 1586 100 1760 0 1787 100 1962 0 1988 100 2165 0 2192 100 2365 0 2389 100 2565 0 2617 0
17 27 0 100 172 0 204 100 371 0 401 100 568 0 599 100 768 0 800 100 967 0 999 100 1167 0 1200 100 1371 0 1400 100 1568 0 1601 100 1773 0 1802 100 1971 0 2003 100 2170 0 2201 100 2371 0 2400 100 2568 0 2617 0
18 27 0 100 181 0 216 100 382 0 416 100 583 0 620 100 783 0 817 100 983 0 1018 100 1182 0 1217 100 1384 0 1418 100 1583 0 1619 100 1782 0 1819 100 1985 0 2021 100 2184 0 2218 100 2383 0 2418 100 2585 0 2617 0
19 27 0 100 192 0 216 100 396 0 421 100 601 0 622 100 797 0 820 100 999 0 1024 100 1201 0 1226 100 1400 0 1425 100 1604 0 1627 100 1806 0 1830 100 2009 0 2030 100 2207 0 2232 100 2408 0 2433 100 2608 0 2617 0

# TASKS
# Format: <task_id> <size> <num_reqs>
# Then for each requirement: <type_id> <qty>
0 0 4
 0 0
 1 0
 2 0
 3 0
1 1 4
 0 0
 1 1
 2 2
 3 1
2 10 4
 0 0
 1 0
 2 2
 3 0
3 13 4
 0 0
 1 0
 2 1
 3 0
4 18 4
 0 0
 1 0
 2 0
 3 2
5 8 4
 0 1
 1 0
 2 2
 3 3
6 8 4
 0 1
 1 1
 2 2
 3 1
7 14 4
 0 3
 1 1
 2 0
 3 0
8 5 4
 0 3
 1 3
 2 2
 3 3
9 18 4
 0 0
 1 3
 2 0
 3 0
10 17 4
 0 1
 1 1
 2 2
 3 2
11 18 4
 0 3
 1 0
 2 1
 3 3
12 10 4
 0 2
 1 3
 2 3
 3 3
13 10 4
 0 3
 1 3
 2 2
 3 2
14 3 4
 0 3
 1 1
 2 1
 3 3
15 3 4
 0 0
 1 0
 2 3
 3 0
16 4 4
 0 2
 1 1
 2 0
 3 0
17 6 4
 0 3
 1 0
 2 0
 3 1
18 19 4
 0 0
 1 1
 2 0
 3 1
19 1 4
 0 1
 1 2
 2 0
 3 2
20 15 4
 0 2
 1 3
 2 2
 3 3
21 14 4
 0 0
 1 3
 2 0
 3 2
22 19 4
 0 1
 1 0
 2 1
 3 0
23 10 4
 0 1
 1 2
 2 0
 3 0
24 4 4
 0 0
 1 0
 2 3
 3 0
25 18 4
 0 3
 1 2
 2 1
 3 2
26 4 4
 0 3
 1 3
 2 1
 3 0
27 3 4
 0 2
 1 0
 2 0
 3 0
28 15 4
 0 0
 1 0
 2 1
 3 2
29 2 4
 0 3
 1 1
 2 2
 3 0
30 16 4
 0 2
 1 0
 2 0
 3 1
31 3 4
 0 0
 1 2
 2 3
 3 1
32 11 4
 0 1
 1 1
 2 2
 3 3
33 14 4
 0 1
 1 0
 2 0
 3 1
34 15 4
 0 0
 1 3
 2 2
 3 3
35 1 4
 0 0
 1 1
 2 3
 3 0
36 16 4
 0 2
 1 3
 2 0
 3 0
37 5 4
 0 2
 1 1
 2 3
 3 3
38 3 4
 0 2
 1 0
 2 1
 3 3
39 4 4
 0 0
 1 3
 2 0
 3 2
40 13 4
 0 0
 1 0
 2 1
 3 0
41 11 4
 0 0
 1 2
 2 0
 3 0
42 15 4
 0 0
 1 1
 2 0
 3 0
43 20 4
 0 0
 1 3
 2 3
 3 1
44 18 4
 0 0
 1 1
 2 0
 3 0
45 9 4
 0 0
 1 3
 2 1
 3 3
46 13 4
 0 0
 1 0
 2 3
 3 3
47 2 4
 0 0
 1 1
 2 0
 3 0
48 4 4
 0 0
 1 1
 2 0
 3 3
49 11 4
 0 0
 1 3
 2 2
 3 0
50 6 4
 0 2
 1 0
 2 1
 3 2
51 16 4
 0 3
 1 2
 2 0
 3 0
52 16 4
 0 1
 1 3
 2 2
 3 0
53 2 4
 0 2
 1 0
 2 2
 3 1
54 13 4
 0 0
 1 1
 2 0
 3 0
55 1 4
 0 1
 1 1
 2 0
 3 3
56 18 4
 0 0
 1 1
 2 0
 3 1
57 1 4
 0 3
 1 2
 2 3
 3 1
58 3 4
 0 1
 1 1
 2 0
 3 2
59 13 4
 0 0
 1 0
 2 1
 3 3
60 8 4
 0 1
 1 0
 2 0
 3 3
61 13 4
 0 3
 1 0
 2 0
 3 2
62 6 4
 0 1
 1 3
 2 1
 3 3
63 15 4
 0 3
 1 1
 2 0
 3 3
64 17 4
 0 0
 1 0
 2 1
 3 0
65 7 4
 0 3
 1 2
 2 3
 3 1
66 14 4
 0 0
 1 1
 2 0
 3 0
67 11 4
 0 2
 1 0
 2 0
 3 2
68 5 4
 0 2
 1 3
 2 3
 3 0
69 8 4
 0 1
 1 2
 2 1
 3 2
70 2 4
 0 0
 1 0
 2 1
 3 0
71 9 4
 0 1
 1 0
 2 3
 3 0
72 9 4
 0 3
 1 2
 2 1
 3 2
73 5 4
 0 3
 1 1
 2 0
 3 0
74 9 4
 0 3
 1 0
 2 0
 3 3
75 2 4
 0 2
 1 3
 2 2
 3 2
76 8 4
 0 2
 1 3
 2 0
 3 0
77 2 4
 0 0
 1 1
 2 2
 3 0
78 15 4
 0 0
 1 1
 2 1
 3 0
79 7 4
 0 0
 1 2
 2 0
 3 2
80 16 4
 0 2
 1 0
 2 1
 3 0
81 14 4
 0 2
 1 2
 2 2
 3 0
82 8 4
 0 0
 1 1
 2 2
 3 1
83 6 4
 0 1
 1 0
 2 3
 3 2
84 9 4
 0 3
 1 0
 2 2
 3 1
85 7 4
 0 2
 1 1
 2 0
 3 2
86 1 4
 0 3
 1 3
 2 3
 3 2
87 15 4
 0 2
 1 1
 2 1
 3 2
88 9 4
 0 1
 1 0
 2 0
 3 1
89 10 4
 0 0
 1 2
 2 0
 3 0
90 6 4
 0 1
 1 0
 2 1
 3 2
91 15 4
 0 3
 1 0
 2 0
 3 3
92 2 4
 0 3
 1 0
 2 1
 3 2
93 8 4
 0 0
 1 3
 2 0
 3 0
94 9 4
 0 0
 1 0
 2 1
 3 0
95 20 4
 0 3
 1 0
 2 3
 3 3
96 20 4
 0 0
 1 0
 2 1
 3 0
97 12 4
 0 2
 1 0
 2 0
 3 0
98 17 4
 0 0
 1 1
 2 1
 3 1
99 7 4
 0 2
 1 2
 2 2
 3 0
100 4 4
 0 0
 1 0
 2 0
 3 3
101 15 4
 0 1
 1 0
 2 2
 3 3
102 1 4
 0 2
 1 1
 2 1
 3 0
103 10 4
 0 0
 1 1
 2 0
 3 0
104 3 4
 0 2
 1 3
 2 2
 3 0
105 20 4
 0 0
 1 1
 2 1
 3 3
106 9 4
 0 3
 1 1
 2 0
 3 0
107 11 4
 0 2
 1 0
 2 1
 3 0
108 5 4
 0 0
 1 1
 2 1
 3 3
109 5 4
 0 1
 1 2
 2 2
 3 0
110 10 4
 0 1
 1 3
 2 0
 3 3
111 16 4
 0 0
 1 0
 2 3
 3 0
112 2 4
 0 0
 1 0
 2 2
 3 0
113 8 4
 0 2
 1 1
 2 3
 3 3
114 13 4
 0 1
 1 0
 2 0
 3 0
115 19 4
 0 1
 1 0
 2 1
 3 0
116 7 4
 0 0
 1 1
 2 1
 3 1
117 10 4
 0 1
 1 2
 2 0
 3 1
118 9 4
 0 3
 1 3
 2 3
 3 3
119 18 4
 0 1
 1 2
 2 3
 3 2
120 15 4
 0 2
 1 1
 2 0
 3 3
121 16 4
 0 0
 1 1
 2 2
 3 2
122 11 4
 0 1
 1 0
 2 0
 3 1
123 17 4
 0 2
 1 2
 2 2
 3 3
124 15 4
 0 1
 1 2
 2 3
 3 1
125 3 4
 0 0
 1 0
 2 0
 3 2
126 15 4
 0 0
 1 0
 2 1
 3 0
127 2 4
 0 0
 1 1
 2 0
 3 3
128 19 4
 0 2
 1 3
 2 0
 3 1
129 18 4
 0 1
 1 1
 2 3
 3 1
130 3 4
 0 3
 1 1
 2 1
 3 3
131 8 4
 0 2
 1 1
 2 0
 3 1
132 8 4
 0 0
 1 1
 2 2
 3 0
133 1 4
 0 3
 1 1
 2 0
 3 3
134 1 4
 0 0
 1 0
 2 1
 3 0
135 11 4
 0 3
 1 2
 2 0
 3 0
136 14 4
 0 3
 1 3
 2 0
 3 1
137 1 4
 0 1
 1 2
 2 0
 3 1
138 16 4
 0 2
 1 3
 2 1
 3 0
139 8 4
 0 2
 1 1
 2 1
 3 3
140 20 4
 0 0
 1 1
 2 0
 3 2
141 20 4
 0 3
 1 1
 2 3
 3 0
142 1 4
 0 1
 1 1
 2 0
 3 2
143 2 4
 0 3
 1 0
 2 0
 3 3
144 15 4
 0 0
 1 0
 2 2
 3 0
145 16 4
 0 2
 1 1
 2 1
 3 0
146 2 4
 0 0
 1 0
 2 0
 3 2
147 15 4
 0 3
 1 0
 2 0
 3 2
148 1 4
 0 2
 1 0
 2 1
 3 1
149 19 4
 0 0
 1 0
 2 0
 3 1
150 14 4
 0 0
 1 0
 2 2
 3 3
151 5 4
 0 2
 1 0
 2 1
 3 0
152 12 4
 0 0
 1 3
 2 3
 3 1
153 1 4
 0 3
 1 0
 2 0
 3 0
154 15 4
 0 3
 1 3
 2 0
 3 0
155 4 4
 0 0
 1 0
 2 3
 3 3
156 19 4
 0 0
 1 1
 2 2
 3 2
157 19 4
 0 0
 1 0
 2 3
 3 1
158 20 4
 0 3
 1 0
 2 0
 3 0
159 5 4
 0 3
 1 3
 2 0
 3 0
160 12 4
 0 3
 1 0
 2 2
 3 0
161 17 4
 0 2
 1 1
 2 1
 3 2
162 5 4
 0 0
 1 3
 2 1
 3 2
163 3 4
 0 3
 1 0
 2 1
 3 0
164 20 4
 0 0
 1 0
 2 3
 3 0
165 4 4
 0 3
 1 0
 2 1
 3 0
166 2 4
 0 0
 1 3
 2 2
 3 1
167 10 4
 0 1
 1 2
 2 0
 3 3
168 13 4
 0 0
 1 0
 2 3
 3 1
169 18 4
 0 0
 1 3
 2 2
 3 0
170 8 4
 0 2
 1 3
 2 0
 3 0
171 11 4
 0 3
 1 1
 2 3
 3 1
172 1 4
 0 0
 1 0
 2 2
 3 0
173 20 4
 0 1
 1 0
 2 3
 3 0
174 7 4
 0 0
 1 0
 2 2
 3 0
175 8 4
 0 3
 1 0
 2 3
 3 0
176 5 4
 0 1
 1 1
 2 2
 3 3
177 3 4
 0 3
 1 0
 2 2
 3 2
178 19 4
 0 2
 1 2
 2 2
 3 1
179 17 4
 0 1
 1 0
 2 1
 3 0
180 3 4
 0 2
 1 0
 2 0
 3 1
181 16 4
 0 1
 1 3
 2 3
 3 0
182 12 4
 0 2
 1 0
 2 2
 3 3
183 1 4
 0 2
 1 3
 2 1
 3 0
184 8 4
 0 1
 1 0
 2 1
 3 2
185 10 4
 0 2
 1 0
 2 0
 3 0
186 10 4
 0 3
 1 1
 2 3
 3 0
187 15 4
 0 0
 1 1
 2 0
 3 0
188 13 4
 0 1
 1 0
 2 3
 3 0
189 8 4
 0 1
 1 0
 2 0
 3 3
190 20 4
 0 3
 1 1
 2 3
 3 1
191 14 4
 0 0
 1 2
 2 0
 3 0
192 12 4
 0 2
 1 1
 2 3
 3 0
193 11 4
 0 0
 1 1
 2 0
 3 0
194 5 4
 0 3
 1 3
 2 3
 3 3
195 14 4
 0 0
 1 1
 2 0
 3 0
196 15 4
 0 1
 1 0
 2 3
 3 0
197 19 4
 0 0
 1 2
 2 3
 3 0
198 13 4
 0 3
 1 2
 2 0
 3 3
199 13 4
 0 1
 1 2
 2 1
 3 0
200 10 4
 0 0
 1 2
 2 1
 3 1
201 15 4
 0 0
 1 3
 2 1
 3 0
202 6 4
 0 0
 1 1
 2 0
 3 0
203 10 4
 0 3
 1 2
 2 2
 3 1
204 17 4
 0 2
 1 1
 2 2
 3 0
205 20 4
 0 3
 1 1
 2 1
 3 0
206 14 4
 0 3
 1 3
 2 2
 3 0
207 16 4
 0 3
 1 0
 2 0
 3 1
208 8 4
 0 1
 1 0
 2 3
 3 3
209 12 4
 0 0
 1 3
 2 1
 3 3
210 9 4
 0 0
 1 2
 2 3
 3 2
211 8 4
 0 3
 1 0
 2 0
 3 0
212 2 4
 0 0
 1 1
 2 3
 3 3
213 17 4
 0 0
 1 2
 2 1
 3 3
214 13 4
 0 3
 1 0
 2 2
 3 1
215 9 4
 0 1
 1 3
 2 2
 3 2
216 5 4
 0 0
 1 0
 2 3
 3 3
217 6 4
 0 0
 1 1
 2 0
 3 2
218 2 4
 0 1
 1 1
 2 3
 3 2
219 11 4
 0 1
 1 0
 2 1
 3 2
220 4 4
 0 0
 1 1
 2 0
 3 0
221 10 4
 0 1
 1 2
 2 2
 3 1
222 2 4
 0 1
 1 0
 2 0
 3 3
223 15 4
 0 2
 1 2
 2 3
 3 3
224 6 4
 0 3
 1 2
 2 0
 3 2
225 10 4
 0 2
 1 3
 2 0
 3 0
226 1 4
 0 2
 1 1
 2 2
 3 1
227 7 4
 0 0
 1 1
 2 0
 3 3
228 3 4
 0 2
 1 1
 2 3
 3 3
229 8 4
 0 3
 1 3
 2 0
 3 3
230 7 4
 0 0
 1 0
 2 0
 3 1
231 12 4
 0 3
 1 1
 2 0
 3 0
232 6 4
 0 0
 1 3
 2 1
 3 0
233 11 4
 0 2
 1 0
 2 0
 3 0
234 15 4
 0 3
 1 2
 2 1
 3 0
235 20 4
 0 3
 1 1
 2 0
 3 0
236 3 4
 0 1
 1 0
 2 0
 3 2
237 1 4
 0 2
 1 3
 2 3
 3 0
238 17 4
 0 0
 1 2
 2 2
 3 1
239 14 4
 0 3
 1 2
 2 1
 3 3
240 12 4
 0 0
 1 3
 2 1
 3 0
241 18 4
 0 0
 1 0
 2 3
 3 3
242 10 4
 0 0
 1 3
 2 2
 3 2
243 9 4
 0 0
 1 2
 2 2
 3 2
244 6 4
 0 0
 1 0
 2 0
 3 1
245 14 4
 0 0
 1 0
 2 3
 3 0
246 11 4
 0 0
 1 0
 2 0
 3 1
247 4 4
 0 0
 1 2
 2 3
 3 0
248 18 4
 0 0
 1 0
 2 2
 3 1
249 7 4
 0 1
 1 1
 2 1
 3 2
250 8 4
 0 0
 1 3
 2 2
 3 0
251 18 4
 0 2
 1 0
 2 2
 3 0
252 12 4
 0 2
 1 0
 2 2
 3 0
253 6 4
 0 3
 1 0
 2 2
 3 2
254 15 4
 0 1
 1 3
 2 3
 3 1
255 12 4
 0 2
 1 0
 2 0
 3 1
256 8 4
 0 0
 1 0
 2 0
 3 1
257 18 4
 0 0
 1 3
 2 0
 3 0
258 18 4
 0 0
 1 3
 2 0
 3 0
259 10 4
 0 2
 1 0
 2 0
 3 0
260 2 4
 0 1
 1 0
 2 3
 3 0
261 4 4
 0 2
 1 3
 2 0
 3 2
262 13 4
 0 2
 1 2
 2 1
 3 2
263 4 4
 0 1
 1 1
 2 0
 3 0
264 7 4
 0 1
 1 1
 2 0
 3 2
265 20 4
 0 1
 1 1
 2 0
 3 2
266 6 4
 0 2
 1 1
 2 3
 3 2
267 7 4
 0 0
 1 1
 2 0
 3 0
268 12 4
 0 2
 1 1
 2 0
 3 2
269 15 4
 0 2
 1 3
 2 0
 3 3
270 18 4
 0 3
 1 3
 2 0
 3 3
271 11 4
 0 1
 1 2
 2 2
 3 2
272 15 4
 0 0
 1 2
 2 3
 3 3
273 1 4
 0 0
 1 3
 2 0
 3 2
274 17 4
 0 3
 1 1
 2 0
 3 1
275 11 4
 0 0
 1 0
 2 2
 3 0
276 10 4
 0 2
 1 2
 2 0
 3 2
277 7 4
 0 2
 1 0
 2 3
 3 0
278 8 4
 0 2
 1 0
 2 0
 3 0
279 14 4
 0 1
 1 0
 2 0
 3 2
280 15 4
 0 3
 1 2
 2 0
 3 0
281 4 4
 0 0
 1 1
 2 2
 3 1
282 7 4
 0 3
 1 1
 2 1
 3 2
283 1 4
 0 0
 1 3
 2 0
 3 0
284 13 4
 0 2
 1 0
 2 2
 3 0
285 12 4
 0 0
 1 2
 2 2
 3 1
286 4 4
 0 1
 1 0
 2 0
 3 3
287 5 4
 0 2
 1 0
 2 1
 3 1
288 2 4
 0 3
 1 0
 2 1
 3 2
289 10 4
 0 1
 1 0
 2 2
 3 1
290 0 4
 0 0
 1 0
 2 0
 3 0

# PRECEDENCES
642
0 1
0 25
0 49
0 73
0 97
0 121
0 145
0 169
0 193
0 217
0 241
0 265
0 289
1 2
1 25
2 3
2 26
2 27
3 4
3 27
3 28
4 5
4 28
5 6
5 29
5 30
6 7
6 30
7 8
7 31
8 9
8 32
9 10
9 33
10 11
10 34
11 12
11 35
12 13
12 36
13 14
13 37
14 15
14 38
15 16
15 39
16 17
16 40
16 41
17 18
17 41
17 42
18 19
18 42
19 20
19 43
20 21
20 44
20 45
21 22
21 45
21 46
22 23
22 46
23 24
23 47
23 48
24 48
24 290
25 26
25 49
25 50
26 27
26 50
26 51
27 28
27 51
28 29
28 52
29 30
29 53
30 31
30 54
31 32
31 55
31 56
32 33
32 56
33 34
33 57
34 35
34 58
34 59
35 36
35 59
36 37
36 60
36 61
37 38
37 61
38 39
38 62
38 63
39 40
39 63
40 41
40 64
40 65
41 42
41 65
41 66
42 43
42 66
43 44
43 67
44 45
44 68
44 69
45 46
45 69
46 47
46 70
47 48
47 71
48 72
48 290
49 50
49 73
50 51
50 74
51 52
51 75
52 53
52 76
53 54
53 77
54 55
54 78
55 56
55 79
56 57
56 80
57 58
57 81
58 59
58 82
59 60
59 83
60 61
60 84
61 62
61 85
61 86
62 63
62 86
62 87
63 64
63 87
63 88
64 65
64 88
64 89
65 66
65 89
66 67
66 90
66 91
67 68
67 91
68 69
68 92
69 70
69 93
70 71
70 94
71 72
71 95
71 96
72 96
72 290
73 74
73 97
73 98
74 75
74 98
74 99
75 76
75 99
76 77
76 100
77 78
77 101
78 79
78 102
79 80
79 103
80 81
80 104
81 82
81 105
82 83
82 106
83 84
83 107
84 85
84 108
85 86
85 109
86 87
86 110
86 111
87 88
87 111
87 112
88 89
88 112
89 90
89 113
89 114
90 91
90 114
91 92
91 115
91 116
92 93
92 116
93 94
93 117
93 118
94 95
94 118
95 96
95 119
96 120
96 290
97 98
97 121
98 99
98 122
99 100
99 123
99 124
100 101
100 124
101 102
101 125
102 103
102 126
103 104
103 127
104 105
104 128
105 106
105 129
106 107
106 130
107 108
107 131
108 109
108 132
109 110
109 133
110 111
110 134
111 112
111 135
112 113
112 136
113 114
113 137
114 115
114 138
114 139
115 116
115 139
116 117
116 140
117 118
117 141
118 119
118 142
118 143
119 120
119 143
120 144
120 290
121 122
121 145
122 123
122 146
123 124
123 147
123 148
124 125
124 148
125 126
125 149
125 150
126 127
126 150
127 128
127 151
128 129
128 152
129 130
129 153
129 154
130 131
130 154
131 132
131 155
132 133
132 156
132 157
133 134
133 157
133 158
134 135
134 158
135 136
135 159
136 137
136 160
137 138
137 161
138 139
138 162
138 163
139 140
139 163
139 164
140 141
140 164
140 165
141 142
141 165
142 143
142 166
143 144
143 167
143 168
144 168
144 290
145 146
145 169
145 170
146 147
146 170
147 148
147 171
148 149
148 172
149 150
149 173
150 151
150 174
150 175
151 152
151 175
152 153
152 176
153 154
153 177
154 155
154 178
155 156
155 179
155 180
156 157
156 180
156 181
157 158
157 181
158 159
158 182
158 183
159 160
159 183
159 184
160 161
160 184
161 162
161 185
161 186
162 163
162 186
163 164
163 187
164 165
164 188
165 166
165 189
166 167
166 190
166 191
167 168
167 191
167 192
168 192
168 290
169 170
169 193
170 171
170 194
170 195
171 172
171 195
171 196
172 173
172 196
173 174
173 197
173 198
174 175
174 198
175 176
175 199
175 200
176 177
176 200
176 201
177 178
177 201
178 179
178 202
179 180
179 203
180 181
180 204
181 182
181 205
182 183
182 206
183 184
183 207
184 185
184 208
184 209
185 186
185 209
186 187
186 210
187 188
187 211
188 189
188 212
188 213
189 190
189 213
190 191
190 214
191 192
191 215
191 216
192 216
192 290
193 194
193 217
194 195
194 218
195 196
195 219
195 220
196 197
196 220
196 221
197 198
197 221
198 199
198 222
199 200
199 223
199 224
200 201
200 224
200 225
201 202
201 225
202 203
202 226
202 227
203 204
203 227
204 205
204 228
205 206
205 229
206 207
206 230
206 231
207 208
207 231
208 209
208 232
208 233
209 210
209 233
210 211
210 234
211 212
211 235
212 213
212 236
213 214
213 237
214 215
214 238
215 216
215 239
215 240
216 240
216 290
217 218
217 241
218 219
218 242
218 243
219 220
219 243
220 221
220 244
221 222
221 245
222 223
222 246
222 247
223 224
223 247
224 225
224 248
225 226
225 249
226 227
226 250
226 251
227 228
227 251
228 229
228 252
229 230
229 253
230 231
230 254
231 232
231 255
232 233
232 256
233 234
233 257
234 235
234 258
235 236
235 259
236 237
236 260
237 238
237 261
238 239
238 262
239 240
239 263
240 264
240 290
241 242
241 265
241 266
242 243
242 266
242 267
243 244
243 267
244 245
244 268
245 246
245 269
246 247
246 270
247 248
247 271
248 249
248 272
248 273
249 250
249 273
250 251
250 274
251 252
251 275
252 253
252 276
253 254
253 277
254 255
254 278
254 279
255 256
255 279
256 257
256 280
257 258
257 281
258 259
258 282
259 260
259 283
260 261
260 284
261 262
261 285
262 263
262 286
263 264
263 287
263 288
264 288
264 290
265 266
265 289
266 267
267 268
268 269
269 270
270 271
271 272
272 273
273 274
274 275
275 276
276 277
277 278
278 279
279 280
280 281
281 282
282 283
283 284
284 285
285 286
286 287
287 288
288 290
289 290
