# Tier 6 (Large) - Instance 99
# Generated with config: N=298, K=4, topology=random_dag, calendar=random

# HEADER: <num_tasks> <num_types> <num_units>
300 4 18

# RESOURCE TYPES
# Format: <type_id> <num_units> <unit_id1> <unit_id2> ...
0 5 0 1 2 3 4
1 3 5 6 7
2 6 8 9 10 11 12 13
3 4 14 15 16 17

# RESOURCE UNITS (Calendars)
# Format: <unit_id> <num_steps> <t1> <v1> <t2> <v2> ...
0 26 0 0 2 100 105 0 118 100 152 0 161 100 205 0 214 100 252 0 254 100 315 0 324 100 363 0 372 100 523 0 530 100 652 0 664 100 841 0 844 100 1029 0 1045 100 1201 0 1207 100 1255 0 2836 0
1 26 0 100 96 0 109 100 245 0 261 100 295 0 305 100 402 0 419 100 476 0 488 100 667 0 682 100 807 0 824 100 922 0 933 100 977 0 980 100 1130 0 1135 100 1227 0 1237 100 1365 0 1377 100 2836 0
2 26 0 100 176 0 184 100 317 0 331 100 366 0 374 100 548 0 564 100 603 0 613 100 772 0 783 100 982 0 984 100 1074 0 1088 100 1145 0 1150 100 1261 0 1274 100 1322 0 1327 100 1367 0 1376 100 2836 0
3 26 0 0 10 100 60 0 75 100 149 0 151 100 316 0 320 100 439 0 444 100 508 0 520 100 647 0 653 100 794 0 803 100 971 0 975 100 1151 0 1160 100 1354 0 1371 100 1450 0 1461 100 1596 0 2836 0
4 26 0 100 131 0 145 100 202 0 217 100 289 0 300 100 396 0 408 100 535 0 550 100 710 0 718 100 836 0 839 100 980 0 993 100 1107 0 1121 100 1243 0 1251 100 1310 0 1321 100 1381 0 1388 100 2836 0
5 26 0 100 98 0 103 100 217 0 219 100 402 0 408 100 569 0 575 100 778 0 783 100 891 0 896 100 1089 0 1099 100 1256 0 1266 100 1313 0 1317 100 1376 0 1386 100 1473 0 1487 100 1672 0 1685 100 2836 0
6 26 0 100 120 0 135 100 272 0 279 100 412 0 424 100 499 0 501 100 672 0 686 100 843 0 851 100 885 0 892 100 1012 0 1017 100 1186 0 1195 100 1280 0 1297 100 1501 0 1512 100 1700 0 1708 100 2836 0
7 26 0 0 4 100 182 0 186 100 234 0 250 100 391 0 398 100 525 0 542 100 642 0 653 100 743 0 745 100 870 0 875 100 928 0 930 100 1033 0 1043 100 1106 0 1112 100 1283 0 1294 100 1408 0 2836 0
8 26 0 0 5 100 57 0 66 100 212 0 218 100 319 0 325 100 437 0 450 100 575 0 588 100 755 0 771 100 886 0 899 100 1074 0 1091 100 1132 0 1135 100 1224 0 1234 100 1283 0 1290 100 1397 0 2836 0
9 26 0 0 7 100 49 0 64 100 241 0 247 100 318 0 328 100 480 0 497 100 542 0 557 100 709 0 725 100 901 0 913 100 1029 0 1041 100 1086 0 1095 100 1249 0 1251 100 1307 0 1311 100 1454 0 2836 0
10 26 0 100 60 0 70 100 182 0 189 100 238 0 255 100 383 0 388 100 480 0 495 100 626 0 632 100 762 0 766 100 950 0 957 100 1142 0 1149 100 1236 0 1251 100 1385 0 1388 100 1579 0 1582 100 2836 0
11 26 0 100 115 0 131 100 241 0 252 100 349 0 358 100 419 0 431 100 546 0 561 100 730 0 746 100 892 0 906 100 1008 0 1023 100 1058 0 1067 100 1261 0 1270 100 1473 0 1488 100 1560 0 1567 100 2836 0
12 26 0 100 77 0 79 100 268 0 275 100 348 0 351 100 476 0 480 100 612 0 620 100 670 0 677 100 828 0 838 100 929 0 938 100 1013 0 1022 100 1057 0 1073 100 1171 0 1176 100 1306 0 1313 100 2836 0
13 26 0 100 52 0 68 100 124 0 132 100 299 0 310 100 455 0 457 100 590 0 600 100 727 0 731 100 904 0 910 100 1029 0 1045 100 1243 0 1257 100 1298 0 1310 100 1508 0 1510 100 1664 0 1675 100 2836 0
14 26 0 100 161 0 164 100 271 0 275 100 403 0 408 100 545 0 549 100 704 0 719 100 847 0 852 100 893 0 898 100 1035 0 1044 100 1213 0 1228 100 1292 0 1306 100 1479 0 1496 100 1644 0 1656 100 2836 0
15 26 0 100 200 0 205 100 357 0 370 100 534 0 538 100 717 0 732 100 917 0 921 100 1056 0 1059 100 1129 0 1144 100 1238 0 1250 100 1295 0 1300 100 1395 0 1397 100 1515 0 1523 100 1703 0 1712 100 2836 0
16 26 0 100 81 0 98 100 278 0 290 100 456 0 466 100 570 0 585 100 666 0 674 100 728 0 733 100 887 0 900 100 1005 0 1021 100 1220 0 1225 100 1268 0 1274 100 1343 0 1359 100 1494 0 1504 100 2836 0
17 26 0 0 10 100 168 0 178 100 253 0 267 100 455 0 468 100 583 0 597 100 681 0 685 100 829 0 840 100 893 0 900 100 979 0 984 100 1169 0 1176 100 1363 0 1380 100 1577 0 1582 100 1755 0 2836 0

# TASKS
# Format: <task_id> <size> <num_reqs>
# Then for each requirement: <type_id> <qty>
0 0 4
 0 0
 1 0
 2 0
 3 0
1 12 4
 0 2
 1 0
 2 1
 3 0
2 11 4
 0 3
 1 0
 2 0
 3 1
3 1 4
 0 3
 1 3
 2 1
 3 0
4 17 4
 0 0
 1 0
 2 3
 3 0
5 5 4
 0 0
 1 2
 2 0
 3 1
6 3 4
 0 2
 1 0
 2 0
 3 2
7 15 4
 0 2
 1 3
 2 0
 3 2
8 6 4
 0 1
 1 1
 2 0
 3 0
9 17 4
 0 3
 1 1
 2 0
 3 1
10 1 4
 0 0
 1 3
 2 0
 3 2
11 1 4
 0 0
 1 0
 2 0
 3 3
12 17 4
 0 3
 1 1
 2 0
 3 0
13 13 4
 0 0
 1 0
 2 2
 3 0
14 6 4
 0 0
 1 0
 2 3
 3 1
15 20 4
 0 0
 1 2
 2 0
 3 1
16 19 4
 0 3
 1 0
 2 3
 3 1
17 7 4
 0 1
 1 1
 2 2
 3 0
18 17 4
 0 3
 1 3
 2 2
 3 2
19 12 4
 0 0
 1 0
 2 1
 3 1
20 3 4
 0 3
 1 3
 2 1
 3 1
21 8 4
 0 0
 1 0
 2 1
 3 0
22 2 4
 0 2
 1 0
 2 0
 3 0
23 14 4
 0 0
 1 3
 2 0
 3 1
24 19 4
 0 2
 1 3
 2 2
 3 0
25 18 4
 0 2
 1 2
 2 1
 3 1
26 4 4
 0 2
 1 0
 2 0
 3 3
27 3 4
 0 3
 1 0
 2 2
 3 3
28 7 4
 0 0
 1 0
 2 1
 3 0
29 20 4
 0 2
 1 0
 2 2
 3 1
30 11 4
 0 0
 1 0
 2 1
 3 0
31 19 4
 0 0
 1 2
 2 1
 3 2
32 10 4
 0 3
 1 0
 2 0
 3 3
33 12 4
 0 1
 1 0
 2 2
 3 3
34 4 4
 0 0
 1 1
 2 3
 3 2
35 20 4
 0 3
 1 2
 2 0
 3 0
36 1 4
 0 0
 1 0
 2 0
 3 1
37 10 4
 0 0
 1 2
 2 0
 3 3
38 3 4
 0 0
 1 0
 2 2
 3 0
39 11 4
 0 0
 1 3
 2 0
 3 0
40 15 4
 0 0
 1 0
 2 0
 3 3
41 2 4
 0 2
 1 3
 2 0
 3 2
42 5 4
 0 2
 1 1
 2 0
 3 1
43 4 4
 0 0
 1 1
 2 1
 3 3
44 19 4
 0 3
 1 3
 2 0
 3 1
45 1 4
 0 1
 1 2
 2 1
 3 2
46 13 4
 0 0
 1 0
 2 3
 3 0
47 16 4
 0 1
 1 3
 2 0
 3 0
48 20 4
 0 3
 1 1
 2 1
 3 0
49 7 4
 0 0
 1 0
 2 0
 3 1
50 5 4
 0 0
 1 1
 2 2
 3 1
51 1 4
 0 3
 1 1
 2 3
 3 1
52 10 4
 0 0
 1 2
 2 0
 3 0
53 16 4
 0 3
 1 0
 2 0
 3 0
54 20 4
 0 2
 1 3
 2 0
 3 2
55 11 4
 0 0
 1 0
 2 0
 3 1
56 15 4
 0 1
 1 2
 2 0
 3 3
57 4 4
 0 3
 1 3
 2 3
 3 1
58 20 4
 0 2
 1 3
 2 0
 3 3
59 1 4
 0 0
 1 0
 2 0
 3 1
60 8 4
 0 1
 1 3
 2 3
 3 0
61 1 4
 0 0
 1 1
 2 2
 3 0
62 16 4
 0 0
 1 3
 2 0
 3 2
63 8 4
 0 0
 1 3
 2 3
 3 2
64 9 4
 0 3
 1 3
 2 0
 3 3
65 1 4
 0 3
 1 0
 2 0
 3 0
66 15 4
 0 0
 1 0
 2 1
 3 0
67 7 4
 0 1
 1 0
 2 0
 3 1
68 1 4
 0 0
 1 0
 2 0
 3 3
69 11 4
 0 1
 1 3
 2 0
 3 1
70 5 4
 0 0
 1 3
 2 0
 3 2
71 12 4
 0 2
 1 0
 2 2
 3 0
72 16 4
 0 0
 1 2
 2 2
 3 1
73 12 4
 0 0
 1 3
 2 0
 3 0
74 9 4
 0 1
 1 0
 2 0
 3 2
75 19 4
 0 2
 1 1
 2 0
 3 1
76 19 4
 0 0
 1 0
 2 1
 3 3
77 18 4
 0 2
 1 0
 2 1
 3 0
78 20 4
 0 0
 1 0
 2 1
 3 0
79 9 4
 0 2
 1 0
 2 3
 3 3
80 6 4
 0 0
 1 0
 2 1
 3 2
81 18 4
 0 1
 1 1
 2 2
 3 2
82 17 4
 0 0
 1 0
 2 0
 3 3
83 9 4
 0 1
 1 0
 2 1
 3 1
84 1 4
 0 0
 1 2
 2 2
 3 3
85 16 4
 0 0
 1 0
 2 2
 3 3
86 14 4
 0 1
 1 0
 2 0
 3 0
87 1 4
 0 3
 1 0
 2 3
 3 0
88 2 4
 0 2
 1 0
 2 3
 3 0
89 11 4
 0 1
 1 2
 2 0
 3 3
90 9 4
 0 1
 1 3
 2 2
 3 1
91 5 4
 0 0
 1 1
 2 3
 3 3
92 2 4
 0 1
 1 1
 2 1
 3 0
93 17 4
 0 3
 1 2
 2 1
 3 1
94 7 4
 0 0
 1 3
 2 3
 3 2
95 18 4
 0 0
 1 0
 2 0
 3 2
96 18 4
 0 0
 1 0
 2 1
 3 2
97 11 4
 0 0
 1 0
 2 3
 3 3
98 5 4
 0 0
 1 1
 2 3
 3 1
99 6 4
 0 3
 1 2
 2 1
 3 3
100 8 4
 0 3
 1 2
 2 1
 3 0
101 10 4
 0 2
 1 2
 2 0
 3 2
102 11 4
 0 0
 1 0
 2 2
 3 0
103 13 4
 0 0
 1 2
 2 1
 3 0
104 16 4
 0 0
 1 2
 2 1
 3 0
105 14 4
 0 0
 1 2
 2 3
 3 2
106 12 4
 0 0
 1 0
 2 2
 3 2
107 4 4
 0 2
 1 3
 2 3
 3 0
108 15 4
 0 0
 1 0
 2 1
 3 0
109 3 4
 0 1
 1 3
 2 1
 3 0
110 10 4
 0 0
 1 0
 2 2
 3 1
111 3 4
 0 0
 1 0
 2 3
 3 3
112 18 4
 0 1
 1 3
 2 3
 3 1
113 1 4
 0 1
 1 0
 2 1
 3 1
114 19 4
 0 2
 1 3
 2 0
 3 1
115 6 4
 0 3
 1 1
 2 3
 3 0
116 19 4
 0 3
 1 0
 2 2
 3 3
117 17 4
 0 1
 1 0
 2 1
 3 0
118 8 4
 0 1
 1 1
 2 3
 3 0
119 10 4
 0 1
 1 2
 2 3
 3 0
120 10 4
 0 1
 1 2
 2 3
 3 0
121 8 4
 0 0
 1 0
 2 3
 3 1
122 11 4
 0 2
 1 2
 2 2
 3 2
123 12 4
 0 3
 1 0
 2 0
 3 3
124 9 4
 0 0
 1 2
 2 0
 3 3
125 8 4
 0 3
 1 0
 2 0
 3 3
126 18 4
 0 1
 1 1
 2 0
 3 1
127 12 4
 0 0
 1 1
 2 1
 3 1
128 6 4
 0 0
 1 0
 2 2
 3 0
129 17 4
 0 0
 1 0
 2 2
 3 0
130 15 4
 0 3
 1 2
 2 0
 3 0
131 11 4
 0 3
 1 2
 2 0
 3 1
132 8 4
 0 0
 1 0
 2 1
 3 0
133 4 4
 0 1
 1 0
 2 0
 3 0
134 14 4
 0 1
 1 1
 2 0
 3 0
135 4 4
 0 2
 1 2
 2 2
 3 0
136 4 4
 0 0
 1 0
 2 1
 3 1
137 10 4
 0 1
 1 0
 2 0
 3 3
138 17 4
 0 0
 1 0
 2 2
 3 2
139 18 4
 0 0
 1 1
 2 2
 3 2
140 18 4
 0 1
 1 2
 2 0
 3 1
141 18 4
 0 1
 1 0
 2 2
 3 3
142 16 4
 0 2
 1 0
 2 3
 3 0
143 9 4
 0 1
 1 1
 2 1
 3 1
144 15 4
 0 0
 1 2
 2 3
 3 2
145 1 4
 0 2
 1 3
 2 0
 3 0
146 17 4
 0 1
 1 1
 2 3
 3 0
147 7 4
 0 0
 1 0
 2 1
 3 1
148 18 4
 0 0
 1 0
 2 1
 3 0
149 2 4
 0 0
 1 3
 2 0
 3 3
150 10 4
 0 0
 1 2
 2 1
 3 0
151 15 4
 0 1
 1 1
 2 1
 3 0
152 3 4
 0 1
 1 0
 2 0
 3 0
153 16 4
 0 0
 1 3
 2 3
 3 1
154 14 4
 0 2
 1 2
 2 2
 3 0
155 20 4
 0 0
 1 0
 2 2
 3 3
156 15 4
 0 0
 1 0
 2 2
 3 0
157 16 4
 0 1
 1 2
 2 0
 3 2
158 2 4
 0 1
 1 3
 2 0
 3 1
159 5 4
 0 3
 1 3
 2 2
 3 3
160 2 4
 0 3
 1 0
 2 2
 3 0
161 11 4
 0 1
 1 1
 2 2
 3 2
162 3 4
 0 3
 1 2
 2 0
 3 3
163 7 4
 0 2
 1 0
 2 2
 3 2
164 11 4
 0 1
 1 2
 2 1
 3 3
165 1 4
 0 2
 1 0
 2 0
 3 2
166 16 4
 0 3
 1 3
 2 2
 3 2
167 9 4
 0 2
 1 3
 2 3
 3 2
168 14 4
 0 1
 1 0
 2 2
 3 0
169 13 4
 0 0
 1 0
 2 3
 3 0
170 2 4
 0 2
 1 1
 2 0
 3 1
171 8 4
 0 0
 1 2
 2 0
 3 3
172 17 4
 0 0
 1 0
 2 3
 3 3
173 10 4
 0 3
 1 2
 2 1
 3 0
174 5 4
 0 3
 1 0
 2 1
 3 3
175 2 4
 0 1
 1 1
 2 2
 3 0
176 2 4
 0 1
 1 0
 2 0
 3 0
177 4 4
 0 0
 1 3
 2 1
 3 0
178 6 4
 0 2
 1 0
 2 1
 3 2
179 9 4
 0 2
 1 0
 2 2
 3 0
180 8 4
 0 0
 1 3
 2 0
 3 3
181 12 4
 0 2
 1 1
 2 2
 3 1
182 15 4
 0 0
 1 2
 2 0
 3 3
183 13 4
 0 2
 1 3
 2 1
 3 0
184 10 4
 0 0
 1 0
 2 2
 3 0
185 8 4
 0 2
 1 0
 2 3
 3 0
186 16 4
 0 2
 1 2
 2 1
 3 0
187 14 4
 0 1
 1 1
 2 3
 3 0
188 13 4
 0 1
 1 1
 2 0
 3 1
189 6 4
 0 3
 1 1
 2 1
 3 1
190 2 4
 0 0
 1 0
 2 1
 3 0
191 19 4
 0 0
 1 0
 2 0
 3 2
192 18 4
 0 2
 1 0
 2 0
 3 3
193 8 4
 0 3
 1 2
 2 3
 3 0
194 5 4
 0 3
 1 2
 2 0
 3 2
195 5 4
 0 2
 1 0
 2 1
 3 1
196 2 4
 0 3
 1 0
 2 3
 3 0
197 7 4
 0 1
 1 3
 2 0
 3 3
198 4 4
 0 2
 1 0
 2 0
 3 2
199 17 4
 0 3
 1 0
 2 0
 3 0
200 10 4
 0 2
 1 3
 2 2
 3 2
201 3 4
 0 1
 1 3
 2 3
 3 0
202 2 4
 0 0
 1 3
 2 2
 3 0
203 2 4
 0 1
 1 0
 2 0
 3 0
204 2 4
 0 2
 1 0
 2 0
 3 1
205 2 4
 0 2
 1 2
 2 2
 3 1
206 10 4
 0 2
 1 0
 2 3
 3 3
207 16 4
 0 1
 1 0
 2 2
 3 0
208 6 4
 0 3
 1 0
 2 3
 3 1
209 15 4
 0 2
 1 2
 2 3
 3 0
210 3 4
 0 2
 1 3
 2 3
 3 0
211 13 4
 0 3
 1 0
 2 0
 3 3
212 6 4
 0 0
 1 1
 2 0
 3 1
213 2 4
 0 3
 1 1
 2 2
 3 0
214 6 4
 0 1
 1 3
 2 1
 3 2
215 12 4
 0 3
 1 3
 2 3
 3 3
216 15 4
 0 0
 1 1
 2 1
 3 0
217 15 4
 0 3
 1 3
 2 0
 3 1
218 5 4
 0 0
 1 3
 2 0
 3 2
219 8 4
 0 0
 1 1
 2 0
 3 0
220 14 4
 0 1
 1 0
 2 3
 3 0
221 17 4
 0 1
 1 0
 2 1
 3 1
222 10 4
 0 0
 1 3
 2 3
 3 1
223 7 4
 0 1
 1 3
 2 2
 3 2
224 15 4
 0 1
 1 0
 2 1
 3 0
225 17 4
 0 0
 1 0
 2 1
 3 2
226 11 4
 0 2
 1 0
 2 0
 3 3
227 2 4
 0 1
 1 0
 2 2
 3 1
228 19 4
 0 0
 1 3
 2 0
 3 1
229 13 4
 0 2
 1 1
 2 3
 3 3
230 4 4
 0 3
 1 0
 2 0
 3 0
231 17 4
 0 0
 1 2
 2 3
 3 0
232 9 4
 0 2
 1 0
 2 0
 3 3
233 16 4
 0 1
 1 2
 2 0
 3 1
234 16 4
 0 1
 1 2
 2 0
 3 0
235 1 4
 0 1
 1 3
 2 0
 3 0
236 17 4
 0 3
 1 0
 2 2
 3 2
237 11 4
 0 0
 1 1
 2 0
 3 1
238 6 4
 0 1
 1 1
 2 2
 3 1
239 11 4
 0 0
 1 3
 2 1
 3 0
240 16 4
 0 0
 1 0
 2 3
 3 0
241 9 4
 0 1
 1 2
 2 0
 3 2
242 1 4
 0 0
 1 1
 2 2
 3 3
243 20 4
 0 3
 1 1
 2 3
 3 1
244 13 4
 0 3
 1 0
 2 1
 3 2
245 4 4
 0 0
 1 0
 2 0
 3 2
246 18 4
 0 3
 1 1
 2 0
 3 0
247 18 4
 0 2
 1 3
 2 0
 3 3
248 6 4
 0 0
 1 1
 2 3
 3 0
249 4 4
 0 0
 1 3
 2 0
 3 1
250 4 4
 0 2
 1 0
 2 0
 3 3
251 19 4
 0 3
 1 0
 2 2
 3 0
252 19 4
 0 0
 1 3
 2 0
 3 0
253 15 4
 0 3
 1 1
 2 0
 3 0
254 2 4
 0 0
 1 1
 2 0
 3 3
255 6 4
 0 1
 1 3
 2 0
 3 0
256 8 4
 0 0
 1 0
 2 1
 3 0
257 13 4
 0 3
 1 0
 2 3
 3 3
258 3 4
 0 1
 1 2
 2 1
 3 3
259 11 4
 0 3
 1 1
 2 0
 3 1
260 11 4
 0 3
 1 3
 2 0
 3 3
261 3 4
 0 0
 1 0
 2 1
 3 0
262 14 4
 0 2
 1 1
 2 1
 3 0
263 11 4
 0 0
 1 0
 2 0
 3 1
264 18 4
 0 1
 1 2
 2 1
 3 0
265 13 4
 0 3
 1 2
 2 0
 3 1
266 4 4
 0 0
 1 1
 2 1
 3 3
267 4 4
 0 1
 1 2
 2 0
 3 0
268 4 4
 0 1
 1 0
 2 2
 3 0
269 20 4
 0 1
 1 0
 2 0
 3 1
270 4 4
 0 1
 1 2
 2 2
 3 3
271 17 4
 0 0
 1 3
 2 1
 3 0
272 14 4
 0 0
 1 0
 2 2
 3 3
273 14 4
 0 1
 1 2
 2 2
 3 0
274 7 4
 0 0
 1 2
 2 3
 3 0
275 7 4
 0 3
 1 1
 2 2
 3 0
276 10 4
 0 0
 1 1
 2 1
 3 0
277 3 4
 0 1
 1 1
 2 1
 3 3
278 11 4
 0 0
 1 0
 2 2
 3 3
279 5 4
 0 3
 1 0
 2 1
 3 1
280 15 4
 0 0
 1 0
 2 1
 3 2
281 19 4
 0 0
 1 0
 2 2
 3 0
282 10 4
 0 3
 1 0
 2 3
 3 0
283 19 4
 0 2
 1 0
 2 3
 3 0
284 17 4
 0 0
 1 0
 2 2
 3 0
285 9 4
 0 2
 1 1
 2 2
 3 3
286 15 4
 0 3
 1 3
 2 1
 3 2
287 12 4
 0 0
 1 0
 2 1
 3 0
288 17 4
 0 1
 1 2
 2 3
 3 2
289 15 4
 0 3
 1 2
 2 2
 3 1
290 17 4
 0 2
 1 3
 2 1
 3 0
291 2 4
 0 0
 1 1
 2 0
 3 0
292 15 4
 0 0
 1 2
 2 0
 3 1
293 16 4
 0 2
 1 0
 2 2
 3 3
294 8 4
 0 0
 1 0
 2 1
 3 0
295 20 4
 0 2
 1 1
 2 0
 3 0
296 12 4
 0 0
 1 1
 2 1
 3 2
297 15 4
 0 1
 1 2
 2 0
 3 0
298 6 4
 0 2
 1 0
 2 2
 3 0
299 0 4
 0 0
 1 0
 2 0
 3 0

# PRECEDENCES
1241
0 4
0 9
0 13
0 17
0 19
0 20
0 23
0 26
0 27
0 32
0 33
0 42
0 44
0 47
0 48
0 50
0 52
0 55
0 56
0 59
0 62
0 63
0 64
0 72
0 73
0 76
0 79
0 82
0 84
0 86
0 88
0 91
0 93
0 98
0 100
0 101
0 102
0 110
0 113
0 116
0 117
0 121
0 126
0 128
0 129
0 130
0 139
0 141
0 142
0 147
0 148
0 152
0 153
0 155
0 156
0 159
0 170
0 172
0 175
0 177
0 179
0 181
0 187
0 191
0 197
0 198
0 201
0 202
0 204
0 214
0 221
0 223
0 224
0 232
0 234
0 236
0 243
0 244
0 245
0 251
0 252
0 259
0 262
0 264
0 265
0 266
0 270
0 276
0 279
0 283
0 286
0 290
0 291
0 294
0 296
0 297
1 87
1 158
1 205
2 16
2 28
2 229
3 10
3 61
3 250
4 176
4 185
4 278
5 12
5 90
5 107
5 215
5 216
5 240
6 53
6 58
6 131
6 213
6 260
7 158
7 171
7 216
7 227
7 235
7 256
8 299
9 59
9 153
9 176
9 214
9 248
9 278
10 8
10 18
10 60
10 66
10 158
10 237
11 109
11 284
12 60
12 83
12 90
12 237
13 145
13 216
13 239
13 288
14 66
14 70
14 146
14 229
15 22
15 282
16 299
17 28
17 62
17 71
17 146
17 198
18 299
19 36
19 73
19 154
19 201
19 276
20 2
20 178
20 196
20 210
20 274
20 287
21 1
21 18
21 216
21 239
21 271
22 3
22 30
22 178
22 231
22 256
22 282
23 6
23 58
23 186
23 217
23 231
23 238
24 2
24 12
24 18
24 239
25 299
26 56
26 65
26 250
26 280
27 94
27 218
28 299
29 143
29 256
30 49
30 173
30 229
30 235
31 35
31 81
31 94
31 107
31 136
31 144
32 18
32 41
32 78
32 107
32 146
33 12
33 62
33 116
33 175
33 194
34 25
34 103
34 119
34 138
34 163
35 25
35 143
35 213
35 233
35 273
35 284
36 190
36 219
37 150
37 161
37 162
37 247
37 263
37 298
38 299
39 137
39 269
40 2
40 18
40 57
40 205
40 216
40 253
41 12
41 38
41 60
41 78
41 125
41 229
42 35
42 89
42 128
42 211
42 248
42 253
43 14
43 49
43 90
43 171
43 173
43 233
44 28
44 180
44 195
44 225
44 277
44 289
45 94
45 109
45 149
45 157
45 194
45 212
46 299
47 2
47 6
47 71
47 145
47 217
47 246
48 122
48 164
48 227
49 299
50 56
50 163
50 173
50 216
50 278
50 288
51 12
51 49
51 216
52 141
52 183
53 2
53 10
53 66
53 90
53 239
54 22
54 275
55 38
55 99
55 112
55 252
55 278
56 8
56 16
56 95
56 239
56 240
57 2
57 114
57 144
57 149
57 273
58 69
58 131
58 136
58 229
58 257
59 97
59 219
59 267
60 299
61 43
61 115
61 182
61 233
62 8
62 14
62 146
62 247
62 250
63 27
63 154
63 191
64 56
64 68
64 212
65 28
65 87
65 295
66 299
67 107
67 256
68 2
68 238
69 35
69 40
69 158
69 174
69 178
69 235
70 299
71 51
71 164
71 169
71 255
71 293
72 150
72 211
72 212
73 158
73 174
73 224
73 244
73 293
74 299
75 11
75 35
75 38
75 144
75 256
76 2
76 123
76 140
76 168
76 215
77 132
77 196
77 227
77 238
77 269
78 109
78 196
78 273
79 45
79 261
80 8
80 53
80 205
80 271
81 25
81 60
81 205
82 83
82 134
82 151
82 163
82 219
82 278
83 299
84 63
84 69
84 230
84 268
85 90
85 105
85 132
85 241
85 268
86 133
86 175
87 299
88 5
88 68
88 77
88 167
88 211
88 222
89 12
89 14
89 24
89 28
89 97
89 178
90 299
91 66
91 105
91 119
91 210
92 11
92 81
92 95
92 143
92 146
92 256
93 85
93 214
94 25
94 103
94 196
94 235
94 271
94 287
95 25
95 49
95 78
95 213
95 284
96 80
96 261
96 280
97 38
97 49
97 90
97 103
97 122
98 90
98 150
98 190
98 223
99 60
99 70
99 125
99 182
100 46
100 158
100 216
100 256
101 14
101 89
101 157
101 220
101 238
101 287
102 41
102 94
102 211
102 271
102 287
103 28
103 60
103 66
104 38
104 107
104 122
104 171
104 229
104 239
105 299
106 95
106 216
106 220
106 235
106 269
106 298
107 18
107 38
107 149
107 253
108 45
108 92
108 216
109 28
109 70
109 105
109 267
110 31
110 97
110 184
110 198
110 271
111 196
111 253
112 133
112 157
112 161
112 163
112 218
112 261
113 6
113 54
113 65
113 158
113 277
114 25
114 105
114 158
115 70
115 256
116 83
116 188
116 214
116 295
117 40
117 45
117 171
117 244
117 256
118 49
118 137
118 157
118 165
119 18
119 67
119 184
119 287
120 31
120 107
120 137
120 227
121 123
121 178
121 250
122 149
122 229
123 40
123 211
123 213
123 233
124 16
124 38
124 145
124 210
124 226
124 295
125 8
125 46
125 66
125 149
126 15
126 57
126 111
126 119
126 163
126 247
127 7
127 34
127 222
127 249
128 2
128 83
128 238
128 261
129 31
129 96
129 192
130 14
130 21
130 125
130 132
131 8
131 80
131 171
131 269
131 275
132 18
132 49
132 67
132 114
132 218
132 272
133 65
133 211
133 282
134 37
134 298
135 178
135 215
136 8
136 196
137 132
137 183
138 99
138 160
138 229
139 5
139 14
139 39
139 43
139 260
139 292
140 29
140 160
140 230
141 43
141 83
141 242
141 264
142 78
142 174
142 287
143 25
143 66
143 211
144 25
144 38
144 74
144 103
144 109
144 146
145 137
145 144
145 189
145 293
146 25
146 237
147 11
147 12
147 46
147 66
147 164
147 174
148 86
148 283
148 290
149 299
150 24
150 25
150 75
150 114
150 182
150 250
151 41
151 154
151 186
152 94
152 101
152 108
152 119
152 239
152 263
153 31
153 51
153 77
153 105
153 118
154 1
154 28
154 41
154 119
154 218
154 228
155 23
155 87
155 131
155 187
155 216
155 221
156 66
156 274
157 11
157 89
157 135
158 299
159 28
159 53
159 60
159 166
159 206
159 247
160 38
160 271
161 14
161 46
161 209
161 231
161 258
162 81
162 104
162 114
162 146
163 2
163 235
164 97
164 215
165 70
165 163
165 228
165 253
165 267
166 5
166 34
166 74
166 104
166 123
166 135
167 18
167 46
168 40
168 70
168 144
168 158
168 196
169 81
169 111
169 123
169 258
169 260
170 109
170 165
170 198
170 212
171 66
171 74
171 87
171 105
172 48
172 50
172 84
172 251
172 276
173 8
173 83
173 216
173 229
173 237
173 253
174 16
174 90
174 138
174 158
174 212
174 237
175 97
175 154
175 160
175 267
175 273
176 81
176 166
176 254
176 287
177 25
177 99
177 215
178 18
178 46
178 49
178 70
178 90
178 158
179 24
179 40
179 77
179 92
179 156
179 238
180 171
180 248
181 12
181 239
181 277
181 288
182 18
182 70
182 105
182 107
182 196
182 211
183 14
183 165
183 206
183 211
183 284
183 295
184 38
184 122
184 135
184 253
185 25
185 295
186 108
186 135
186 209
186 268
187 86
187 137
187 164
188 207
188 274
189 28
189 65
189 188
190 11
190 87
190 192
190 193
190 239
191 125
191 212
191 241
192 2
192 219
193 16
193 65
193 158
193 228
193 256
194 38
194 74
194 269
195 125
195 149
195 278
196 60
196 149
196 216
196 229
197 66
197 70
197 115
197 268
198 92
198 115
198 216
199 11
199 104
199 240
199 257
200 190
200 199
200 219
200 242
200 246
201 31
201 100
201 138
202 29
202 127
202 168
202 174
202 178
203 57
203 65
203 107
204 112
204 115
204 120
204 169
205 299
206 18
206 28
206 66
206 105
206 149
207 229
207 235
208 89
208 104
208 123
209 18
209 60
209 114
209 235
210 38
210 70
210 119
211 8
211 253
212 46
212 49
212 53
212 240
212 271
213 12
213 196
213 239
213 253
214 11
214 103
214 241
214 269
215 28
215 87
215 105
215 109
215 211
215 272
216 299
217 210
217 298
218 2
218 28
218 114
218 149
218 205
219 25
219 143
219 239
219 271
220 5
220 135
220 272
221 24
221 133
221 165
221 290
222 21
222 278
223 36
223 112
223 116
223 184
223 203
223 268
224 122
224 143
224 208
224 278
224 287
225 35
225 70
225 75
225 123
225 182
226 10
226 61
226 85
226 189
226 258
227 25
227 78
227 138
227 167
227 206
228 8
228 46
228 70
228 178
228 229
228 256
229 299
230 43
230 163
230 167
231 157
231 206
231 240
232 111
232 112
232 160
232 212
232 293
233 60
233 74
233 105
233 171
233 206
233 211
234 16
234 106
234 124
234 194
235 8
235 25
235 60
235 87
236 94
236 256
237 299
238 18
238 60
238 74
239 16
239 18
239 38
239 205
239 253
240 46
240 90
240 158
241 87
241 107
241 207
241 211
241 237
241 253
242 60
242 92
242 163
242 238
242 273
243 119
243 248
244 143
244 193
245 20
245 57
245 95
245 208
245 282
246 28
246 118
246 288
247 178
247 192
247 196
247 212
247 250
248 31
248 78
248 138
248 273
249 7
249 12
249 78
249 119
249 145
249 189
250 94
250 95
251 211
251 268
252 7
252 24
252 41
252 162
252 273
253 299
254 70
254 183
254 227
254 281
255 138
255 216
256 49
256 105
256 229
257 8
257 16
257 125
257 213
258 216
258 235
259 108
259 251
260 87
260 184
260 253
260 271
260 275
261 92
261 194
262 134
262 140
262 147
262 165
262 219
262 280
263 16
263 65
263 271
264 40
264 154
265 31
265 94
265 208
266 20
266 68
266 130
266 147
266 175
266 229
267 299
268 12
268 38
268 109
269 104
269 105
269 107
269 125
269 240
269 241
270 64
270 69
270 130
270 142
270 158
270 247
271 2
271 28
271 158
271 216
272 299
273 66
273 146
273 239
274 105
274 209
274 267
274 295
275 38
275 213
276 194
276 275
277 14
277 36
277 66
277 122
277 275
277 284
278 109
278 144
278 171
279 11
279 16
279 242
280 21
280 92
280 209
280 284
281 65
281 81
281 144
281 213
282 80
282 213
283 87
283 128
283 149
283 250
284 49
284 74
284 158
284 205
284 229
284 267
285 58
285 158
285 173
285 203
285 210
286 31
286 97
286 176
286 200
286 238
286 285
287 12
287 16
288 154
288 184
288 193
288 260
288 269
288 295
289 210
289 233
289 242
289 298
290 8
290 107
290 182
290 216
290 233
290 250
291 75
291 85
291 95
291 96
291 105
291 227
292 28
292 80
292 268
292 275
293 92
293 103
293 193
293 274
294 16
294 91
294 128
294 145
294 162
295 105
295 178
296 21
296 51
296 95
296 158
297 53
297 95
298 69
298 167
298 184
298 205
298 213
298 233
