# Tier 6 (Large) - Instance 75
# Generated with config: N=296, K=5, topology=grid, calendar=random

# HEADER: <num_tasks> <num_types> <num_units>
298 5 25

# RESOURCE TYPES
# Format: <type_id> <num_units> <unit_id1> <unit_id2> ...
0 4 0 1 2 3
1 4 4 5 6 7
2 8 8 9 10 11 12 13 14 15
3 4 16 17 18 19
4 5 20 21 22 23 24

# RESOURCE UNITS (Calendars)
# Format: <unit_id> <num_steps> <t1> <v1> <t2> <v2> ...
0 23 0 100 199 0 208 100 288 0 298 100 361 0 363 100 546 0 549 100 648 0 654 100 890 0 898 100 1002 0 1005 100 1195 0 1203 100 1451 0 1458 100 1640 0 1645 100 1776 0 3092 0
1 23 0 0 3 100 193 0 207 100 294 0 312 100 526 0 528 100 607 0 614 100 753 0 772 100 1008 0 1029 100 1265 0 1282 100 1378 0 1380 100 1625 0 1644 100 1705 0 1715 100 3092 0
2 23 0 0 13 100 202 0 207 100 403 0 420 100 488 0 501 100 748 0 769 100 954 0 971 100 1124 0 1126 100 1215 0 1217 100 1432 0 1447 100 1641 0 1651 100 1847 0 1865 100 3092 0
3 23 0 0 17 100 164 0 171 100 338 0 359 100 597 0 610 100 848 0 852 100 981 0 983 100 1031 0 1033 100 1263 0 1277 100 1492 0 1508 100 1707 0 1720 100 1918 0 1920 100 3092 0
4 23 0 100 137 0 150 100 345 0 347 100 572 0 578 100 650 0 666 100 829 0 834 100 1048 0 1050 100 1271 0 1286 100 1386 0 1398 100 1491 0 1500 100 1603 0 1606 100 1694 0 3092 0
5 23 0 100 197 0 208 100 345 0 355 100 534 0 547 100 760 0 767 100 819 0 833 100 911 0 925 100 1147 0 1155 100 1301 0 1318 100 1470 0 1478 100 1699 0 1703 100 1761 0 3092 0
6 23 0 0 21 100 169 0 182 100 298 0 304 100 398 0 409 100 580 0 598 100 798 0 816 100 957 0 977 100 1077 0 1086 100 1178 0 1186 100 1231 0 1251 100 1342 0 1362 100 3092 0
7 23 0 100 148 0 168 100 378 0 397 100 618 0 635 100 802 0 816 100 923 0 942 100 1059 0 1064 100 1255 0 1267 100 1382 0 1403 100 1542 0 1544 100 1633 0 1640 100 1737 0 3092 0
8 23 0 100 87 0 101 100 168 0 184 100 347 0 363 100 422 0 430 100 663 0 673 100 809 0 821 100 1011 0 1030 100 1128 0 1134 100 1237 0 1248 100 1344 0 1365 100 1422 0 3092 0
9 23 0 0 12 100 64 0 68 100 209 0 228 100 377 0 397 100 564 0 584 100 761 0 776 100 868 0 876 100 1000 0 1020 100 1228 0 1241 100 1488 0 1490 100 1628 0 1640 100 3092 0
10 23 0 100 146 0 148 100 376 0 378 100 564 0 572 100 625 0 643 100 768 0 781 100 933 0 952 100 1008 0 1012 100 1155 0 1170 100 1282 0 1287 100 1375 0 1395 100 1464 0 3092 0
11 23 0 0 21 100 141 0 151 100 294 0 306 100 348 0 366 100 496 0 511 100 745 0 756 100 864 0 879 100 1126 0 1132 100 1376 0 1392 100 1498 0 1501 100 1566 0 1583 100 3092 0
12 23 0 0 6 100 60 0 71 100 282 0 297 100 446 0 456 100 502 0 520 100 654 0 660 100 814 0 835 100 1012 0 1029 100 1234 0 1249 100 1484 0 1497 100 1556 0 1570 100 3092 0
13 23 0 0 13 100 228 0 239 100 490 0 509 100 583 0 604 100 714 0 716 100 885 0 892 100 1142 0 1162 100 1270 0 1277 100 1339 0 1341 100 1546 0 1549 100 1628 0 1630 100 3092 0
14 23 0 0 3 100 187 0 193 100 292 0 298 100 375 0 395 100 579 0 592 100 827 0 841 100 987 0 993 100 1042 0 1047 100 1294 0 1297 100 1505 0 1522 100 1724 0 1736 100 3092 0
15 23 0 0 15 100 101 0 116 100 322 0 341 100 561 0 580 100 711 0 720 100 881 0 883 100 1014 0 1035 100 1176 0 1183 100 1270 0 1284 100 1342 0 1345 100 1551 0 1568 100 3092 0
16 23 0 0 9 100 167 0 176 100 261 0 272 100 322 0 331 100 555 0 558 100 801 0 805 100 989 0 1010 100 1249 0 1270 100 1513 0 1533 100 1688 0 1709 100 1843 0 1856 100 3092 0
17 23 0 100 181 0 186 100 413 0 430 100 658 0 669 100 731 0 735 100 784 0 787 100 837 0 842 100 984 0 1005 100 1193 0 1206 100 1305 0 1325 100 1553 0 1567 100 1755 0 3092 0
18 23 0 100 77 0 87 100 243 0 251 100 396 0 415 100 647 0 665 100 890 0 905 100 983 0 1003 100 1107 0 1111 100 1171 0 1185 100 1318 0 1325 100 1419 0 1430 100 1557 0 3092 0
19 23 0 100 125 0 134 100 197 0 206 100 252 0 261 100 503 0 506 100 599 0 615 100 679 0 700 100 812 0 816 100 954 0 972 100 1103 0 1112 100 1176 0 1188 100 1337 0 3092 0
20 23 0 0 4 100 171 0 174 100 356 0 373 100 568 0 585 100 743 0 762 100 996 0 1003 100 1091 0 1097 100 1218 0 1235 100 1278 0 1295 100 1405 0 1418 100 1634 0 1638 100 3092 0
21 23 0 100 98 0 104 100 303 0 310 100 496 0 505 100 685 0 702 100 783 0 787 100 852 0 866 100 1020 0 1040 100 1121 0 1139 100 1262 0 1269 100 1340 0 1359 100 1569 0 3092 0
22 23 0 0 6 100 195 0 199 100 441 0 459 100 615 0 624 100 872 0 874 100 1056 0 1073 100 1212 0 1225 100 1269 0 1289 100 1508 0 1514 100 1652 0 1654 100 1778 0 1781 100 3092 0
23 23 0 100 120 0 139 100 198 0 211 100 347 0 351 100 428 0 434 100 633 0 638 100 806 0 819 100 862 0 870 100 1044 0 1055 100 1179 0 1189 100 1333 0 1338 100 1585 0 3092 0
24 23 0 0 11 100 212 0 219 100 284 0 299 100 487 0 497 100 579 0 589 100 632 0 639 100 865 0 882 100 1098 0 1107 100 1225 0 1240 100 1349 0 1363 100 1585 0 1599 100 3092 0

# TASKS
# Format: <task_id> <size> <num_reqs>
# Then for each requirement: <type_id> <qty>
0 0 5
 0 0
 1 0
 2 0
 3 0
 4 0
1 7 5
 0 2
 1 1
 2 0
 3 0
 4 1
2 15 5
 0 0
 1 1
 2 2
 3 0
 4 1
3 18 5
 0 1
 1 3
 2 1
 3 1
 4 0
4 17 5
 0 2
 1 0
 2 3
 3 1
 4 1
5 3 5
 0 1
 1 3
 2 0
 3 1
 4 0
6 3 5
 0 0
 1 0
 2 0
 3 3
 4 2
7 13 5
 0 0
 1 2
 2 3
 3 3
 4 0
8 11 5
 0 3
 1 0
 2 0
 3 3
 4 0
9 14 5
 0 0
 1 1
 2 0
 3 1
 4 0
10 1 5
 0 0
 1 0
 2 1
 3 1
 4 1
11 17 5
 0 1
 1 1
 2 0
 3 1
 4 0
12 14 5
 0 1
 1 0
 2 0
 3 3
 4 1
13 20 5
 0 3
 1 1
 2 0
 3 0
 4 3
14 14 5
 0 1
 1 1
 2 3
 3 2
 4 0
15 14 5
 0 1
 1 1
 2 0
 3 0
 4 2
16 20 5
 0 2
 1 0
 2 2
 3 1
 4 0
17 2 5
 0 0
 1 1
 2 1
 3 0
 4 3
18 3 5
 0 3
 1 0
 2 1
 3 3
 4 1
19 5 5
 0 1
 1 3
 2 2
 3 2
 4 1
20 9 5
 0 1
 1 0
 2 1
 3 0
 4 3
21 8 5
 0 0
 1 0
 2 3
 3 2
 4 2
22 15 5
 0 2
 1 0
 2 1
 3 0
 4 1
23 13 5
 0 1
 1 0
 2 0
 3 2
 4 3
24 20 5
 0 2
 1 1
 2 0
 3 2
 4 0
25 15 5
 0 0
 1 1
 2 0
 3 0
 4 0
26 11 5
 0 1
 1 0
 2 0
 3 0
 4 1
27 13 5
 0 2
 1 1
 2 1
 3 3
 4 3
28 12 5
 0 2
 1 1
 2 0
 3 1
 4 3
29 3 5
 0 0
 1 0
 2 2
 3 0
 4 3
30 2 5
 0 2
 1 0
 2 2
 3 3
 4 2
31 2 5
 0 3
 1 2
 2 0
 3 0
 4 0
32 13 5
 0 2
 1 1
 2 0
 3 1
 4 3
33 8 5
 0 0
 1 1
 2 0
 3 2
 4 3
34 8 5
 0 0
 1 0
 2 0
 3 1
 4 0
35 15 5
 0 0
 1 0
 2 2
 3 1
 4 0
36 4 5
 0 2
 1 1
 2 0
 3 1
 4 3
37 8 5
 0 0
 1 2
 2 1
 3 1
 4 2
38 15 5
 0 3
 1 1
 2 2
 3 2
 4 1
39 13 5
 0 0
 1 1
 2 2
 3 0
 4 3
40 1 5
 0 0
 1 0
 2 1
 3 0
 4 0
41 19 5
 0 0
 1 0
 2 0
 3 3
 4 0
42 14 5
 0 0
 1 3
 2 1
 3 3
 4 0
43 17 5
 0 3
 1 1
 2 2
 3 0
 4 3
44 7 5
 0 0
 1 1
 2 0
 3 2
 4 2
45 11 5
 0 1
 1 2
 2 0
 3 1
 4 3
46 1 5
 0 0
 1 2
 2 1
 3 2
 4 0
47 1 5
 0 2
 1 2
 2 1
 3 0
 4 0
48 16 5
 0 1
 1 0
 2 3
 3 1
 4 3
49 3 5
 0 0
 1 3
 2 1
 3 0
 4 3
50 16 5
 0 3
 1 0
 2 2
 3 1
 4 0
51 6 5
 0 0
 1 1
 2 3
 3 3
 4 3
52 4 5
 0 0
 1 0
 2 2
 3 0
 4 0
53 5 5
 0 1
 1 1
 2 1
 3 0
 4 0
54 4 5
 0 1
 1 0
 2 3
 3 2
 4 1
55 7 5
 0 0
 1 0
 2 0
 3 0
 4 3
56 17 5
 0 3
 1 0
 2 0
 3 2
 4 0
57 7 5
 0 1
 1 1
 2 0
 3 2
 4 1
58 2 5
 0 0
 1 1
 2 0
 3 0
 4 2
59 17 5
 0 2
 1 1
 2 1
 3 1
 4 0
60 9 5
 0 2
 1 1
 2 2
 3 3
 4 0
61 8 5
 0 3
 1 1
 2 3
 3 1
 4 1
62 17 5
 0 0
 1 2
 2 2
 3 0
 4 0
63 12 5
 0 0
 1 0
 2 2
 3 2
 4 2
64 8 5
 0 1
 1 3
 2 1
 3 1
 4 0
65 18 5
 0 2
 1 0
 2 3
 3 0
 4 2
66 4 5
 0 3
 1 0
 2 1
 3 2
 4 2
67 13 5
 0 3
 1 0
 2 0
 3 2
 4 1
68 1 5
 0 1
 1 2
 2 1
 3 1
 4 0
69 10 5
 0 1
 1 0
 2 2
 3 1
 4 3
70 7 5
 0 3
 1 3
 2 0
 3 0
 4 1
71 2 5
 0 2
 1 2
 2 2
 3 3
 4 1
72 11 5
 0 3
 1 0
 2 3
 3 1
 4 0
73 17 5
 0 0
 1 0
 2 1
 3 1
 4 1
74 2 5
 0 1
 1 0
 2 0
 3 2
 4 0
75 2 5
 0 1
 1 1
 2 3
 3 0
 4 3
76 3 5
 0 1
 1 2
 2 1
 3 0
 4 0
77 3 5
 0 2
 1 2
 2 0
 3 0
 4 1
78 11 5
 0 1
 1 1
 2 0
 3 0
 4 0
79 15 5
 0 3
 1 3
 2 2
 3 0
 4 2
80 8 5
 0 0
 1 2
 2 1
 3 1
 4 3
81 13 5
 0 2
 1 0
 2 0
 3 0
 4 3
82 8 5
 0 0
 1 1
 2 2
 3 1
 4 0
83 7 5
 0 1
 1 0
 2 2
 3 3
 4 3
84 11 5
 0 2
 1 0
 2 0
 3 1
 4 2
85 2 5
 0 0
 1 2
 2 0
 3 0
 4 3
86 18 5
 0 0
 1 2
 2 3
 3 1
 4 0
87 17 5
 0 0
 1 2
 2 1
 3 0
 4 3
88 20 5
 0 1
 1 1
 2 2
 3 0
 4 0
89 15 5
 0 0
 1 0
 2 3
 3 3
 4 0
90 3 5
 0 2
 1 0
 2 0
 3 0
 4 3
91 4 5
 0 0
 1 2
 2 2
 3 0
 4 1
92 14 5
 0 0
 1 0
 2 1
 3 1
 4 2
93 19 5
 0 2
 1 3
 2 0
 3 0
 4 0
94 9 5
 0 0
 1 0
 2 0
 3 2
 4 2
95 7 5
 0 3
 1 0
 2 0
 3 0
 4 0
96 3 5
 0 0
 1 1
 2 0
 3 0
 4 0
97 9 5
 0 0
 1 1
 2 1
 3 1
 4 2
98 16 5
 0 2
 1 0
 2 2
 3 2
 4 1
99 12 5
 0 1
 1 3
 2 1
 3 2
 4 0
100 13 5
 0 0
 1 1
 2 3
 3 3
 4 0
101 3 5
 0 3
 1 0
 2 2
 3 1
 4 0
102 16 5
 0 0
 1 0
 2 0
 3 2
 4 3
103 4 5
 0 0
 1 3
 2 3
 3 2
 4 3
104 19 5
 0 0
 1 2
 2 0
 3 0
 4 1
105 13 5
 0 3
 1 3
 2 0
 3 1
 4 3
106 5 5
 0 3
 1 0
 2 3
 3 0
 4 2
107 7 5
 0 0
 1 3
 2 0
 3 2
 4 0
108 16 5
 0 3
 1 0
 2 2
 3 0
 4 1
109 1 5
 0 0
 1 1
 2 0
 3 0
 4 0
110 4 5
 0 3
 1 1
 2 0
 3 2
 4 0
111 17 5
 0 1
 1 2
 2 0
 3 1
 4 0
112 13 5
 0 2
 1 0
 2 0
 3 0
 4 3
113 5 5
 0 2
 1 0
 2 1
 3 1
 4 0
114 19 5
 0 2
 1 1
 2 0
 3 3
 4 2
115 6 5
 0 3
 1 3
 2 0
 3 2
 4 2
116 2 5
 0 0
 1 1
 2 2
 3 2
 4 0
117 17 5
 0 0
 1 1
 2 0
 3 0
 4 0
118 19 5
 0 1
 1 0
 2 0
 3 1
 4 1
119 16 5
 0 1
 1 3
 2 0
 3 3
 4 3
120 20 5
 0 0
 1 2
 2 0
 3 1
 4 2
121 10 5
 0 1
 1 0
 2 1
 3 0
 4 0
122 7 5
 0 2
 1 3
 2 1
 3 3
 4 0
123 10 5
 0 3
 1 0
 2 0
 3 3
 4 3
124 7 5
 0 0
 1 0
 2 0
 3 0
 4 3
125 19 5
 0 2
 1 2
 2 2
 3 1
 4 2
126 20 5
 0 2
 1 0
 2 3
 3 0
 4 0
127 19 5
 0 2
 1 2
 2 3
 3 1
 4 1
128 6 5
 0 0
 1 0
 2 1
 3 3
 4 3
129 8 5
 0 2
 1 2
 2 1
 3 0
 4 0
130 10 5
 0 0
 1 2
 2 3
 3 2
 4 0
131 10 5
 0 0
 1 2
 2 0
 3 1
 4 0
132 7 5
 0 0
 1 2
 2 2
 3 1
 4 0
133 7 5
 0 3
 1 0
 2 2
 3 0
 4 2
134 7 5
 0 3
 1 1
 2 0
 3 0
 4 0
135 10 5
 0 0
 1 3
 2 3
 3 2
 4 0
136 16 5
 0 2
 1 1
 2 2
 3 0
 4 3
137 8 5
 0 1
 1 3
 2 0
 3 1
 4 0
138 1 5
 0 0
 1 3
 2 3
 3 0
 4 1
139 12 5
 0 0
 1 1
 2 2
 3 2
 4 2
140 2 5
 0 2
 1 3
 2 2
 3 3
 4 1
141 16 5
 0 3
 1 2
 2 2
 3 0
 4 1
142 12 5
 0 2
 1 0
 2 0
 3 3
 4 1
143 6 5
 0 2
 1 0
 2 0
 3 1
 4 0
144 10 5
 0 0
 1 0
 2 1
 3 2
 4 3
145 9 5
 0 3
 1 3
 2 3
 3 0
 4 0
146 6 5
 0 3
 1 1
 2 0
 3 0
 4 2
147 15 5
 0 1
 1 0
 2 1
 3 3
 4 0
148 19 5
 0 1
 1 2
 2 3
 3 1
 4 3
149 12 5
 0 0
 1 2
 2 3
 3 3
 4 3
150 18 5
 0 1
 1 0
 2 3
 3 0
 4 3
151 9 5
 0 3
 1 3
 2 0
 3 3
 4 1
152 16 5
 0 0
 1 2
 2 1
 3 1
 4 0
153 10 5
 0 2
 1 0
 2 0
 3 2
 4 3
154 10 5
 0 2
 1 2
 2 0
 3 3
 4 0
155 10 5
 0 2
 1 0
 2 2
 3 3
 4 1
156 3 5
 0 0
 1 1
 2 2
 3 1
 4 0
157 20 5
 0 0
 1 0
 2 3
 3 3
 4 0
158 6 5
 0 0
 1 2
 2 0
 3 1
 4 0
159 6 5
 0 0
 1 0
 2 0
 3 3
 4 0
160 9 5
 0 0
 1 3
 2 0
 3 2
 4 3
161 10 5
 0 3
 1 1
 2 0
 3 0
 4 3
162 15 5
 0 2
 1 3
 2 2
 3 3
 4 0
163 7 5
 0 1
 1 2
 2 0
 3 0
 4 3
164 5 5
 0 3
 1 2
 2 0
 3 3
 4 2
165 15 5
 0 1
 1 0
 2 2
 3 3
 4 1
166 15 5
 0 0
 1 0
 2 1
 3 2
 4 1
167 1 5
 0 3
 1 2
 2 0
 3 2
 4 3
168 7 5
 0 0
 1 3
 2 1
 3 0
 4 1
169 13 5
 0 3
 1 3
 2 0
 3 3
 4 0
170 5 5
 0 1
 1 1
 2 2
 3 1
 4 3
171 1 5
 0 2
 1 0
 2 0
 3 1
 4 0
172 3 5
 0 3
 1 3
 2 0
 3 0
 4 0
173 19 5
 0 2
 1 1
 2 0
 3 3
 4 0
174 6 5
 0 2
 1 0
 2 1
 3 0
 4 2
175 9 5
 0 2
 1 2
 2 0
 3 1
 4 2
176 18 5
 0 1
 1 0
 2 2
 3 0
 4 0
177 17 5
 0 1
 1 0
 2 1
 3 3
 4 0
178 10 5
 0 0
 1 3
 2 1
 3 3
 4 0
179 3 5
 0 0
 1 0
 2 3
 3 2
 4 1
180 16 5
 0 0
 1 0
 2 1
 3 3
 4 1
181 17 5
 0 1
 1 1
 2 0
 3 1
 4 0
182 16 5
 0 0
 1 2
 2 0
 3 0
 4 0
183 9 5
 0 2
 1 0
 2 3
 3 0
 4 3
184 6 5
 0 1
 1 0
 2 2
 3 0
 4 0
185 8 5
 0 0
 1 2
 2 3
 3 2
 4 0
186 3 5
 0 0
 1 0
 2 2
 3 0
 4 2
187 12 5
 0 0
 1 2
 2 1
 3 1
 4 3
188 20 5
 0 3
 1 2
 2 2
 3 0
 4 2
189 3 5
 0 0
 1 0
 2 0
 3 3
 4 3
190 7 5
 0 3
 1 0
 2 2
 3 2
 4 3
191 3 5
 0 1
 1 3
 2 2
 3 0
 4 2
192 19 5
 0 1
 1 2
 2 0
 3 2
 4 1
193 12 5
 0 0
 1 0
 2 0
 3 3
 4 2
194 3 5
 0 0
 1 0
 2 2
 3 2
 4 1
195 8 5
 0 3
 1 2
 2 0
 3 1
 4 0
196 19 5
 0 1
 1 1
 2 1
 3 2
 4 1
197 1 5
 0 0
 1 0
 2 3
 3 0
 4 0
198 17 5
 0 1
 1 0
 2 0
 3 0
 4 1
199 6 5
 0 2
 1 0
 2 0
 3 1
 4 1
200 7 5
 0 0
 1 0
 2 0
 3 1
 4 1
201 12 5
 0 1
 1 0
 2 0
 3 0
 4 3
202 11 5
 0 0
 1 2
 2 2
 3 2
 4 0
203 10 5
 0 2
 1 0
 2 0
 3 0
 4 1
204 4 5
 0 0
 1 1
 2 2
 3 1
 4 2
205 7 5
 0 0
 1 2
 2 1
 3 1
 4 0
206 15 5
 0 0
 1 0
 2 0
 3 2
 4 0
207 6 5
 0 0
 1 1
 2 0
 3 3
 4 3
208 7 5
 0 1
 1 3
 2 3
 3 0
 4 2
209 18 5
 0 0
 1 3
 2 3
 3 1
 4 2
210 16 5
 0 0
 1 2
 2 3
 3 1
 4 1
211 17 5
 0 2
 1 0
 2 2
 3 1
 4 2
212 4 5
 0 1
 1 2
 2 0
 3 0
 4 0
213 20 5
 0 0
 1 3
 2 0
 3 2
 4 1
214 9 5
 0 0
 1 1
 2 0
 3 0
 4 0
215 13 5
 0 0
 1 1
 2 3
 3 1
 4 0
216 7 5
 0 0
 1 2
 2 1
 3 1
 4 0
217 15 5
 0 0
 1 0
 2 2
 3 0
 4 0
218 1 5
 0 0
 1 0
 2 0
 3 3
 4 2
219 19 5
 0 3
 1 0
 2 2
 3 3
 4 0
220 18 5
 0 2
 1 2
 2 0
 3 2
 4 0
221 2 5
 0 0
 1 0
 2 0
 3 3
 4 0
222 7 5
 0 2
 1 3
 2 0
 3 1
 4 2
223 12 5
 0 0
 1 3
 2 3
 3 2
 4 3
224 15 5
 0 0
 1 2
 2 1
 3 3
 4 1
225 20 5
 0 1
 1 3
 2 0
 3 1
 4 0
226 5 5
 0 2
 1 2
 2 0
 3 3
 4 3
227 18 5
 0 0
 1 0
 2 1
 3 0
 4 0
228 10 5
 0 2
 1 0
 2 0
 3 0
 4 3
229 17 5
 0 2
 1 0
 2 0
 3 1
 4 1
230 15 5
 0 1
 1 1
 2 1
 3 0
 4 0
231 6 5
 0 0
 1 0
 2 0
 3 2
 4 2
232 20 5
 0 3
 1 1
 2 2
 3 0
 4 0
233 6 5
 0 0
 1 2
 2 3
 3 3
 4 3
234 6 5
 0 0
 1 1
 2 1
 3 3
 4 0
235 17 5
 0 3
 1 2
 2 0
 3 2
 4 0
236 4 5
 0 0
 1 1
 2 0
 3 2
 4 0
237 9 5
 0 3
 1 1
 2 0
 3 3
 4 3
238 13 5
 0 0
 1 3
 2 1
 3 3
 4 0
239 6 5
 0 0
 1 0
 2 1
 3 0
 4 0
240 2 5
 0 2
 1 0
 2 3
 3 0
 4 3
241 11 5
 0 1
 1 3
 2 2
 3 2
 4 0
242 8 5
 0 0
 1 0
 2 1
 3 0
 4 3
243 15 5
 0 1
 1 0
 2 0
 3 0
 4 0
244 4 5
 0 3
 1 2
 2 0
 3 0
 4 3
245 8 5
 0 3
 1 3
 2 2
 3 2
 4 2
246 11 5
 0 0
 1 1
 2 2
 3 2
 4 0
247 10 5
 0 0
 1 3
 2 3
 3 3
 4 0
248 9 5
 0 1
 1 2
 2 2
 3 1
 4 0
249 4 5
 0 1
 1 1
 2 2
 3 3
 4 1
250 9 5
 0 0
 1 2
 2 1
 3 2
 4 2
251 10 5
 0 3
 1 0
 2 1
 3 3
 4 3
252 6 5
 0 3
 1 2
 2 0
 3 1
 4 3
253 7 5
 0 2
 1 0
 2 0
 3 3
 4 0
254 10 5
 0 1
 1 2
 2 1
 3 0
 4 3
255 12 5
 0 0
 1 3
 2 0
 3 0
 4 2
256 20 5
 0 3
 1 1
 2 0
 3 0
 4 2
257 20 5
 0 0
 1 2
 2 0
 3 0
 4 2
258 6 5
 0 3
 1 3
 2 1
 3 0
 4 0
259 16 5
 0 3
 1 1
 2 0
 3 0
 4 0
260 9 5
 0 0
 1 0
 2 2
 3 2
 4 1
261 7 5
 0 3
 1 0
 2 0
 3 3
 4 2
262 11 5
 0 3
 1 0
 2 0
 3 1
 4 3
263 16 5
 0 0
 1 3
 2 2
 3 2
 4 0
264 19 5
 0 0
 1 0
 2 1
 3 2
 4 0
265 11 5
 0 1
 1 3
 2 0
 3 1
 4 0
266 16 5
 0 0
 1 0
 2 2
 3 3
 4 0
267 3 5
 0 2
 1 0
 2 0
 3 2
 4 0
268 1 5
 0 3
 1 1
 2 0
 3 2
 4 0
269 13 5
 0 0
 1 0
 2 0
 3 1
 4 0
270 19 5
 0 0
 1 0
 2 3
 3 1
 4 0
271 8 5
 0 1
 1 0
 2 2
 3 0
 4 2
272 14 5
 0 0
 1 0
 2 1
 3 1
 4 3
273 7 5
 0 1
 1 1
 2 0
 3 0
 4 3
274 10 5
 0 1
 1 3
 2 3
 3 1
 4 2
275 3 5
 0 0
 1 2
 2 2
 3 0
 4 0
276 6 5
 0 3
 1 0
 2 1
 3 0
 4 0
277 7 5
 0 0
 1 1
 2 3
 3 0
 4 0
278 9 5
 0 3
 1 3
 2 3
 3 2
 4 1
279 16 5
 0 3
 1 0
 2 0
 3 1
 4 2
280 17 5
 0 2
 1 2
 2 1
 3 1
 4 0
281 15 5
 0 1
 1 1
 2 0
 3 0
 4 1
282 11 5
 0 3
 1 3
 2 1
 3 3
 4 3
283 6 5
 0 0
 1 2
 2 0
 3 0
 4 0
284 3 5
 0 1
 1 1
 2 2
 3 0
 4 0
285 11 5
 0 1
 1 1
 2 0
 3 3
 4 3
286 3 5
 0 0
 1 0
 2 1
 3 2
 4 2
287 10 5
 0 2
 1 0
 2 0
 3 0
 4 3
288 20 5
 0 0
 1 3
 2 3
 3 1
 4 2
289 16 5
 0 3
 1 3
 2 0
 3 0
 4 3
290 19 5
 0 0
 1 1
 2 0
 3 3
 4 3
291 14 5
 0 0
 1 2
 2 1
 3 0
 4 0
292 6 5
 0 0
 1 2
 2 3
 3 1
 4 0
293 20 5
 0 2
 1 0
 2 2
 3 3
 4 3
294 9 5
 0 2
 1 2
 2 1
 3 1
 4 1
295 10 5
 0 0
 1 0
 2 2
 3 2
 4 3
296 19 5
 0 0
 1 0
 2 3
 3 3
 4 0
297 0 5
 0 0
 1 0
 2 0
 3 0
 4 0

# PRECEDENCES
663
0 1
0 25
0 49
0 73
0 97
0 121
0 145
0 169
0 193
0 217
0 241
0 265
0 289
1 2
1 25
2 3
2 26
3 4
3 27
4 5
4 28
5 6
5 29
6 7
6 30
7 8
7 31
7 32
8 9
8 32
8 33
9 10
9 33
10 11
10 34
10 35
11 12
11 35
12 13
12 36
13 14
13 37
14 15
14 38
15 16
15 39
15 40
16 17
16 40
17 18
17 41
18 19
18 42
18 43
19 20
19 43
19 44
20 21
20 44
21 22
21 45
21 46
22 23
22 46
23 24
23 47
24 48
24 297
25 26
25 49
26 27
26 50
26 51
27 28
27 51
28 29
28 52
28 53
29 30
29 53
30 31
30 54
31 32
31 55
32 33
32 56
33 34
33 57
34 35
34 58
35 36
35 59
35 60
36 37
36 60
36 61
37 38
37 61
38 39
38 62
39 40
39 63
40 41
40 64
40 65
41 42
41 65
42 43
42 66
43 44
43 67
43 68
44 45
44 68
45 46
45 69
45 70
46 47
46 70
47 48
47 71
48 72
48 297
49 50
49 73
50 51
50 74
50 75
51 52
51 75
52 53
52 76
53 54
53 77
54 55
54 78
55 56
55 79
56 57
56 80
57 58
57 81
58 59
58 82
59 60
59 83
60 61
60 84
60 85
61 62
61 85
62 63
62 86
63 64
63 87
63 88
64 65
64 88
64 89
65 66
65 89
66 67
66 90
67 68
67 91
68 69
68 92
69 70
69 93
70 71
70 94
70 95
71 72
71 95
71 96
72 96
72 297
73 74
73 97
74 75
74 98
75 76
75 99
76 77
76 100
77 78
77 101
78 79
78 102
79 80
79 103
79 104
80 81
80 104
80 105
81 82
81 105
81 106
82 83
82 106
83 84
83 107
83 108
84 85
84 108
85 86
85 109
86 87
86 110
87 88
87 111
88 89
88 112
89 90
89 113
90 91
90 114
91 92
91 115
92 93
92 116
92 117
93 94
93 117
94 95
94 118
95 96
95 119
96 120
96 297
97 98
97 121
98 99
98 122
99 100
99 123
100 101
100 124
101 102
101 125
102 103
102 126
102 127
103 104
103 127
103 128
104 105
104 128
105 106
105 129
105 130
106 107
106 130
106 131
107 108
107 131
107 132
108 109
108 132
108 133
109 110
109 133
110 111
110 134
111 112
111 135
112 113
112 136
113 114
113 137
114 115
114 138
115 116
115 139
116 117
116 140
117 118
117 141
118 119
118 142
119 120
119 143
120 144
120 297
121 122
121 145
122 123
122 146
123 124
123 147
124 125
124 148
125 126
125 149
125 150
126 127
126 150
126 151
127 128
127 151
128 129
128 152
128 153
129 130
129 153
130 131
130 154
130 155
131 132
131 155
132 133
132 156
133 134
133 157
133 158
134 135
134 158
135 136
135 159
136 137
136 160
137 138
137 161
138 139
138 162
139 140
139 163
140 141
140 164
141 142
141 165
142 143
142 166
143 144
143 167
144 168
144 297
145 146
145 169
145 170
146 147
146 170
147 148
147 171
148 149
148 172
149 150
149 173
150 151
150 174
150 175
151 152
151 175
151 176
152 153
152 176
152 177
153 154
153 177
154 155
154 178
155 156
155 179
155 180
156 157
156 180
156 181
157 158
157 181
157 182
158 159
158 182
158 183
159 160
159 183
160 161
160 184
161 162
161 185
162 163
162 186
163 164
163 187
164 165
164 188
165 166
165 189
166 167
166 190
166 191
167 168
167 191
168 192
168 297
169 170
169 193
170 171
170 194
170 195
171 172
171 195
172 173
172 196
173 174
173 197
174 175
174 198
175 176
175 199
175 200
176 177
176 200
176 201
177 178
177 201
178 179
178 202
179 180
179 203
179 204
180 181
180 204
180 205
181 182
181 205
182 183
182 206
183 184
183 207
184 185
184 208
185 186
185 209
185 210
186 187
186 210
187 188
187 211
188 189
188 212
189 190
189 213
190 191
190 214
191 192
191 215
191 216
192 216
192 297
193 194
193 217
194 195
194 218
195 196
195 219
196 197
196 220
197 198
197 221
198 199
198 222
198 223
199 200
199 223
199 224
200 201
200 224
200 225
201 202
201 225
202 203
202 226
203 204
203 227
204 205
204 228
204 229
205 206
205 229
206 207
206 230
207 208
207 231
207 232
208 209
208 232
209 210
209 233
210 211
210 234
211 212
211 235
212 213
212 236
213 214
213 237
214 215
214 238
214 239
215 216
215 239
216 240
216 297
217 218
217 241
218 219
218 242
219 220
219 243
219 244
220 221
220 244
221 222
221 245
221 246
222 223
222 246
223 224
223 247
223 248
224 225
224 248
225 226
225 249
226 227
226 250
226 251
227 228
227 251
227 252
228 229
228 252
229 230
229 253
230 231
230 254
231 232
231 255
231 256
232 233
232 256
233 234
233 257
234 235
234 258
234 259
235 236
235 259
235 260
236 237
236 260
237 238
237 261
238 239
238 262
239 240
239 263
239 264
240 264
240 297
241 242
241 265
242 243
242 266
243 244
243 267
244 245
244 268
245 246
245 269
246 247
246 270
247 248
247 271
248 249
248 272
249 250
249 273
250 251
250 274
250 275
251 252
251 275
252 253
252 276
253 254
253 277
254 255
254 278
255 256
255 279
256 257
256 280
257 258
257 281
257 282
258 259
258 282
258 283
259 260
259 283
260 261
260 284
260 285
261 262
261 285
261 286
262 263
262 286
263 264
263 287
263 288
264 288
264 297
265 266
265 289
266 267
266 290
267 268
267 291
267 292
268 269
268 292
269 270
269 293
270 271
270 294
271 272
271 295
271 296
272 273
272 296
273 274
274 275
275 276
276 277
277 278
278 279
279 280
280 281
281 282
282 283
283 284
284 285
285 286
286 287
287 288
288 297
289 290
289 297
290 291
290 297
291 292
291 297
292 293
292 297
293 294
293 297
294 295
294 297
295 296
295 297
296 297
