# Tier 6 (Large) - Instance 10
# Generated with config: N=150, K=6, topology=random_dag, calendar=random

# HEADER: <num_tasks> <num_types> <num_units>
152 6 45

# RESOURCE TYPES
# Format: <type_id> <num_units> <unit_id1> <unit_id2> ...
0 8 0 1 2 3 4 5 6 7
1 6 8 9 10 11 12 13
2 8 14 15 16 17 18 19 20 21
3 8 22 23 24 25 26 27 28 29
4 8 30 31 32 33 34 35 36 37
5 7 38 39 40 41 42 43 44

# RESOURCE UNITS (Calendars)
# Format: <unit_id> <num_steps> <t1> <v1> <t2> <v2> ...
0 20 0 100 88 0 91 100 131 0 137 100 140 0 143 100 180 0 185 100 302 0 306 100 356 0 359 100 468 0 471 100 474 0 480 100 528 0 534 100 727 0
1 20 0 100 43 0 48 100 156 0 162 100 170 0 175 100 225 0 231 100 267 0 270 100 281 0 285 100 545 0 550 100 601 0 606 100 686 0 691 100 727 0
2 18 0 100 109 0 112 100 135 0 141 100 143 0 146 100 309 0 314 100 339 0 342 100 359 0 364 100 487 0 493 100 586 0 592 100 727 0
3 20 0 100 79 0 85 100 189 0 194 100 243 0 249 100 369 0 373 100 385 0 389 100 416 0 420 100 471 0 477 100 478 0 484 100 538 0 541 100 727 0
4 20 0 100 19 0 23 100 46 0 52 100 130 0 136 100 239 0 245 100 345 0 348 100 420 0 423 100 490 0 496 100 561 0 565 100 691 0 697 100 727 0
5 16 0 100 128 0 134 100 205 0 210 100 263 0 269 100 280 0 283 100 303 0 306 100 566 0 569 100 659 0 664 100 727 0
6 18 0 100 154 0 160 100 162 0 165 100 234 0 237 100 344 0 350 100 525 0 529 100 531 0 535 100 597 0 602 100 645 0 648 100 727 0
7 20 0 100 18 0 22 100 59 0 65 100 99 0 104 100 341 0 347 100 352 0 356 100 361 0 366 100 596 0 601 100 658 0 663 100 709 0 713 100 727 0
8 20 0 100 12 0 15 100 47 0 52 100 101 0 106 100 267 0 273 100 357 0 362 100 439 0 442 100 475 0 480 100 679 0 685 100 715 0 719 100 727 0
9 18 0 100 149 0 152 100 234 0 240 100 304 0 309 100 330 0 335 100 342 0 345 100 359 0 365 100 561 0 564 100 718 0 724 100 727 0
10 20 0 100 328 0 331 100 367 0 370 100 405 0 409 100 428 0 434 100 460 0 465 100 487 0 490 100 558 0 561 100 601 0 604 100 668 0 671 100 727 0
11 20 0 100 195 0 198 100 277 0 280 100 317 0 321 100 353 0 356 100 426 0 430 100 435 0 440 100 445 0 450 100 521 0 525 100 593 0 599 100 727 0
12 20 0 100 57 0 62 100 65 0 68 100 103 0 107 100 120 0 123 100 248 0 252 100 372 0 375 100 417 0 421 100 506 0 510 100 714 0 718 100 727 0
13 20 0 100 38 0 44 100 118 0 123 100 325 0 331 100 449 0 455 100 488 0 492 100 510 0 513 100 575 0 580 100 596 0 600 100 603 0 609 100 727 0
14 20 0 100 69 0 75 100 154 0 159 100 297 0 302 100 402 0 407 100 493 0 496 100 533 0 537 100 677 0 681 100 688 0 692 100 699 0 704 100 727 0
15 18 0 100 21 0 26 100 35 0 40 100 68 0 73 100 357 0 361 100 371 0 374 100 385 0 391 100 467 0 471 100 699 0 704 100 727 0
16 20 0 100 135 0 138 100 160 0 165 100 365 0 371 100 401 0 406 100 423 0 426 100 457 0 462 100 472 0 475 100 590 0 593 100 715 0 718 100 727 0
17 20 0 100 39 0 42 100 92 0 97 100 104 0 109 100 137 0 143 100 260 0 264 100 305 0 308 100 410 0 414 100 490 0 496 100 622 0 625 100 727 0
18 20 0 100 43 0 48 100 150 0 155 100 259 0 262 100 284 0 289 100 421 0 427 100 460 0 465 100 522 0 527 100 586 0 590 100 708 0 713 100 727 0
19 20 0 100 18 0 23 100 56 0 59 100 108 0 112 100 192 0 196 100 597 0 600 100 609 0 615 100 640 0 645 100 668 0 671 100 677 0 682 100 727 0
20 20 0 100 55 0 59 100 167 0 173 100 251 0 256 100 280 0 286 100 304 0 308 100 381 0 387 100 457 0 463 100 570 0 573 100 585 0 589 100 727 0
21 18 0 100 73 0 76 100 134 0 139 100 207 0 211 100 285 0 289 100 317 0 320 100 334 0 340 100 500 0 504 100 590 0 594 100 727 0
22 18 0 100 4 0 10 100 27 0 33 100 114 0 118 100 127 0 130 100 210 0 216 100 295 0 300 100 586 0 589 100 633 0 638 100 727 0
23 20 0 100 6 0 12 100 19 0 24 100 67 0 72 100 120 0 124 100 252 0 257 100 259 0 262 100 305 0 309 100 432 0 437 100 686 0 691 100 727 0
24 20 0 100 125 0 128 100 132 0 138 100 221 0 227 100 250 0 256 100 326 0 330 100 349 0 352 100 497 0 500 100 590 0 596 100 708 0 711 100 727 0
25 20 0 100 85 0 88 100 108 0 111 100 119 0 125 100 178 0 182 100 222 0 228 100 265 0 268 100 538 0 544 100 637 0 640 100 680 0 685 100 727 0
26 20 0 100 71 0 74 100 128 0 133 100 196 0 199 100 268 0 273 100 387 0 393 100 446 0 450 100 517 0 521 100 555 0 560 100 670 0 675 100 727 0
27 20 0 100 277 0 281 100 303 0 309 100 373 0 377 100 520 0 526 100 567 0 572 100 589 0 594 100 601 0 605 100 652 0 655 100 684 0 687 100 727 0
28 20 0 100 36 0 39 100 125 0 128 100 150 0 153 100 203 0 209 100 340 0 344 100 388 0 394 100 396 0 400 100 478 0 484 100 597 0 601 100 727 0
29 20 0 100 33 0 39 100 211 0 215 100 400 0 405 100 431 0 436 100 518 0 524 100 552 0 558 100 595 0 601 100 698 0 704 100 716 0 722 100 727 0
30 20 0 100 163 0 167 100 187 0 193 100 212 0 216 100 238 0 242 100 248 0 252 100 324 0 329 100 457 0 463 100 604 0 608 100 661 0 666 100 727 0
31 20 0 100 64 0 68 100 166 0 172 100 279 0 284 100 355 0 358 100 359 0 365 100 400 0 405 100 515 0 521 100 616 0 621 100 625 0 628 100 727 0
32 18 0 100 35 0 40 100 42 0 48 100 184 0 187 100 214 0 218 100 221 0 225 100 241 0 246 100 267 0 272 100 442 0 446 100 727 0
33 20 0 100 166 0 170 100 177 0 181 100 216 0 221 100 238 0 243 100 267 0 273 100 288 0 294 100 301 0 307 100 495 0 498 100 683 0 686 100 727 0
34 20 0 100 84 0 87 100 308 0 314 100 359 0 363 100 369 0 374 100 393 0 399 100 451 0 454 100 527 0 532 100 568 0 574 100 711 0 716 100 727 0
35 18 0 100 36 0 41 100 42 0 45 100 112 0 117 100 124 0 127 100 167 0 172 100 316 0 322 100 369 0 375 100 645 0 649 100 727 0
36 20 0 100 105 0 108 100 189 0 193 100 284 0 287 100 370 0 376 100 396 0 402 100 419 0 422 100 518 0 521 100 659 0 664 100 702 0 705 100 727 0
37 20 0 100 126 0 129 100 181 0 185 100 302 0 307 100 327 0 330 100 397 0 400 100 449 0 455 100 620 0 623 100 694 0 699 100 705 0 709 100 727 0
38 20 0 100 57 0 63 100 101 0 106 100 195 0 198 100 209 0 215 100 295 0 298 100 580 0 585 100 594 0 598 100 606 0 609 100 659 0 662 100 727 0
39 20 0 100 42 0 45 100 152 0 157 100 181 0 184 100 279 0 282 100 334 0 340 100 354 0 359 100 423 0 429 100 442 0 447 100 650 0 655 100 727 0
40 20 0 100 90 0 95 100 149 0 152 100 235 0 238 100 279 0 284 100 388 0 391 100 426 0 431 100 525 0 530 100 569 0 574 100 626 0 631 100 727 0
41 20 0 100 18 0 22 100 76 0 82 100 118 0 121 100 280 0 286 100 311 0 317 100 368 0 372 100 642 0 648 100 670 0 674 100 696 0 699 100 727 0
42 16 0 100 7 0 11 100 212 0 218 100 597 0 601 100 609 0 613 100 637 0 642 100 668 0 672 100 682 0 686 100 727 0
43 20 0 100 33 0 37 100 56 0 60 100 166 0 170 100 422 0 428 100 429 0 432 100 604 0 607 100 648 0 653 100 665 0 669 100 719 0 722 100 727 0
44 16 0 100 121 0 126 100 151 0 157 100 224 0 230 100 410 0 414 100 480 0 483 100 611 0 616 100 670 0 674 100 727 0

# TASKS
# Format: <task_id> <size> <num_reqs>
# Then for each requirement: <type_id> <qty>
0 0 6
 0 0
 1 0
 2 0
 3 0
 4 0
 5 0
1 11 6
 0 1
 1 2
 2 3
 3 3
 4 1
 5 0
2 4 6
 0 0
 1 3
 2 1
 3 0
 4 2
 5 0
3 9 6
 0 0
 1 2
 2 1
 3 1
 4 0
 5 1
4 7 6
 0 2
 1 0
 2 3
 3 2
 4 2
 5 1
5 9 6
 0 3
 1 2
 2 0
 3 3
 4 3
 5 1
6 8 6
 0 3
 1 0
 2 3
 3 0
 4 2
 5 3
7 9 6
 0 0
 1 3
 2 0
 3 0
 4 3
 5 1
8 6 6
 0 0
 1 3
 2 2
 3 1
 4 3
 5 3
9 13 6
 0 0
 1 3
 2 0
 3 2
 4 1
 5 2
10 8 6
 0 1
 1 2
 2 0
 3 0
 4 3
 5 0
11 11 6
 0 3
 1 3
 2 0
 3 0
 4 2
 5 0
12 4 6
 0 2
 1 0
 2 3
 3 2
 4 0
 5 2
13 3 6
 0 1
 1 0
 2 0
 3 3
 4 1
 5 0
14 6 6
 0 2
 1 1
 2 2
 3 0
 4 3
 5 3
15 4 6
 0 0
 1 2
 2 2
 3 3
 4 2
 5 3
16 10 6
 0 0
 1 0
 2 0
 3 0
 4 1
 5 1
17 15 6
 0 1
 1 0
 2 3
 3 0
 4 3
 5 0
18 4 6
 0 0
 1 3
 2 3
 3 0
 4 0
 5 3
19 5 6
 0 2
 1 3
 2 2
 3 1
 4 1
 5 3
20 5 6
 0 2
 1 2
 2 3
 3 0
 4 2
 5 1
21 12 6
 0 3
 1 1
 2 2
 3 2
 4 3
 5 3
22 12 6
 0 2
 1 2
 2 0
 3 0
 4 0
 5 1
23 3 6
 0 0
 1 0
 2 1
 3 2
 4 3
 5 1
24 15 6
 0 3
 1 0
 2 1
 3 2
 4 0
 5 3
25 11 6
 0 0
 1 0
 2 1
 3 1
 4 3
 5 0
26 13 6
 0 0
 1 1
 2 3
 3 0
 4 2
 5 3
27 5 6
 0 2
 1 2
 2 0
 3 0
 4 2
 5 2
28 12 6
 0 3
 1 3
 2 1
 3 0
 4 3
 5 2
29 4 6
 0 1
 1 2
 2 0
 3 2
 4 2
 5 3
30 7 6
 0 0
 1 1
 2 3
 3 0
 4 0
 5 3
31 9 6
 0 3
 1 0
 2 1
 3 2
 4 2
 5 1
32 7 6
 0 0
 1 2
 2 0
 3 3
 4 3
 5 1
33 11 6
 0 1
 1 3
 2 0
 3 0
 4 1
 5 2
34 9 6
 0 0
 1 3
 2 2
 3 0
 4 2
 5 2
35 4 6
 0 2
 1 0
 2 2
 3 0
 4 2
 5 2
36 6 6
 0 3
 1 2
 2 0
 3 3
 4 0
 5 0
37 10 6
 0 2
 1 2
 2 2
 3 3
 4 0
 5 2
38 14 6
 0 1
 1 0
 2 0
 3 1
 4 0
 5 0
39 5 6
 0 0
 1 1
 2 0
 3 3
 4 3
 5 0
40 10 6
 0 3
 1 0
 2 2
 3 0
 4 3
 5 2
41 11 6
 0 0
 1 0
 2 3
 3 3
 4 1
 5 0
42 15 6
 0 3
 1 1
 2 3
 3 3
 4 1
 5 2
43 5 6
 0 3
 1 3
 2 3
 3 3
 4 1
 5 3
44 15 6
 0 3
 1 3
 2 0
 3 3
 4 1
 5 0
45 10 6
 0 0
 1 1
 2 2
 3 2
 4 1
 5 2
46 13 6
 0 1
 1 0
 2 3
 3 1
 4 3
 5 0
47 6 6
 0 3
 1 1
 2 1
 3 0
 4 3
 5 3
48 4 6
 0 0
 1 3
 2 3
 3 1
 4 3
 5 2
49 3 6
 0 3
 1 1
 2 2
 3 0
 4 3
 5 3
50 11 6
 0 2
 1 1
 2 1
 3 0
 4 1
 5 0
51 8 6
 0 0
 1 1
 2 0
 3 3
 4 1
 5 0
52 10 6
 0 2
 1 0
 2 2
 3 1
 4 0
 5 1
53 8 6
 0 1
 1 2
 2 2
 3 1
 4 0
 5 2
54 10 6
 0 2
 1 2
 2 1
 3 2
 4 1
 5 3
55 4 6
 0 0
 1 3
 2 2
 3 3
 4 0
 5 1
56 8 6
 0 2
 1 2
 2 2
 3 3
 4 0
 5 0
57 4 6
 0 0
 1 2
 2 2
 3 2
 4 2
 5 3
58 8 6
 0 2
 1 2
 2 0
 3 2
 4 0
 5 0
59 15 6
 0 2
 1 0
 2 1
 3 2
 4 1
 5 0
60 3 6
 0 0
 1 2
 2 1
 3 1
 4 0
 5 2
61 15 6
 0 1
 1 1
 2 2
 3 3
 4 2
 5 1
62 5 6
 0 2
 1 3
 2 0
 3 3
 4 0
 5 0
63 3 6
 0 1
 1 3
 2 1
 3 2
 4 1
 5 0
64 10 6
 0 1
 1 1
 2 1
 3 2
 4 2
 5 0
65 13 6
 0 3
 1 1
 2 3
 3 2
 4 0
 5 1
66 14 6
 0 1
 1 3
 2 2
 3 2
 4 0
 5 0
67 10 6
 0 2
 1 0
 2 1
 3 3
 4 0
 5 3
68 7 6
 0 2
 1 1
 2 2
 3 2
 4 0
 5 2
69 14 6
 0 1
 1 1
 2 3
 3 3
 4 1
 5 1
70 15 6
 0 3
 1 3
 2 3
 3 2
 4 3
 5 0
71 14 6
 0 1
 1 3
 2 2
 3 1
 4 1
 5 2
72 5 6
 0 2
 1 2
 2 2
 3 3
 4 0
 5 3
73 3 6
 0 2
 1 0
 2 3
 3 0
 4 3
 5 2
74 6 6
 0 1
 1 2
 2 3
 3 2
 4 0
 5 1
75 7 6
 0 0
 1 2
 2 0
 3 0
 4 1
 5 0
76 10 6
 0 1
 1 2
 2 0
 3 2
 4 0
 5 0
77 3 6
 0 1
 1 0
 2 0
 3 1
 4 3
 5 2
78 11 6
 0 2
 1 0
 2 1
 3 0
 4 1
 5 0
79 5 6
 0 0
 1 0
 2 2
 3 0
 4 1
 5 0
80 8 6
 0 3
 1 3
 2 2
 3 0
 4 3
 5 3
81 15 6
 0 2
 1 1
 2 3
 3 1
 4 3
 5 0
82 11 6
 0 0
 1 2
 2 3
 3 2
 4 2
 5 2
83 13 6
 0 0
 1 0
 2 3
 3 1
 4 3
 5 2
84 8 6
 0 1
 1 0
 2 0
 3 1
 4 0
 5 0
85 12 6
 0 0
 1 3
 2 2
 3 1
 4 2
 5 3
86 7 6
 0 2
 1 2
 2 1
 3 1
 4 1
 5 2
87 13 6
 0 0
 1 1
 2 0
 3 3
 4 0
 5 0
88 3 6
 0 2
 1 1
 2 2
 3 2
 4 0
 5 0
89 4 6
 0 0
 1 0
 2 1
 3 2
 4 0
 5 1
90 7 6
 0 2
 1 3
 2 3
 3 2
 4 1
 5 2
91 12 6
 0 1
 1 2
 2 0
 3 3
 4 0
 5 1
92 5 6
 0 3
 1 0
 2 3
 3 3
 4 3
 5 2
93 9 6
 0 1
 1 1
 2 2
 3 1
 4 1
 5 3
94 13 6
 0 2
 1 1
 2 0
 3 2
 4 0
 5 0
95 4 6
 0 0
 1 0
 2 0
 3 3
 4 2
 5 3
96 13 6
 0 0
 1 2
 2 2
 3 2
 4 0
 5 1
97 4 6
 0 0
 1 2
 2 3
 3 1
 4 0
 5 3
98 11 6
 0 0
 1 3
 2 2
 3 0
 4 3
 5 1
99 8 6
 0 3
 1 3
 2 2
 3 2
 4 2
 5 0
100 11 6
 0 3
 1 1
 2 3
 3 2
 4 1
 5 1
101 4 6
 0 0
 1 3
 2 0
 3 2
 4 3
 5 0
102 14 6
 0 3
 1 0
 2 1
 3 2
 4 0
 5 2
103 13 6
 0 0
 1 0
 2 2
 3 2
 4 0
 5 0
104 5 6
 0 1
 1 3
 2 3
 3 0
 4 0
 5 2
105 9 6
 0 0
 1 0
 2 3
 3 2
 4 0
 5 0
106 10 6
 0 3
 1 3
 2 0
 3 0
 4 0
 5 2
107 4 6
 0 0
 1 1
 2 1
 3 3
 4 0
 5 3
108 12 6
 0 3
 1 2
 2 3
 3 3
 4 2
 5 3
109 6 6
 0 0
 1 0
 2 0
 3 3
 4 2
 5 0
110 15 6
 0 0
 1 3
 2 1
 3 0
 4 1
 5 1
111 10 6
 0 0
 1 0
 2 0
 3 3
 4 2
 5 2
112 10 6
 0 1
 1 3
 2 0
 3 0
 4 0
 5 3
113 5 6
 0 0
 1 1
 2 0
 3 3
 4 2
 5 3
114 11 6
 0 3
 1 1
 2 1
 3 1
 4 0
 5 2
115 10 6
 0 0
 1 0
 2 0
 3 3
 4 2
 5 1
116 8 6
 0 1
 1 1
 2 2
 3 3
 4 1
 5 0
117 14 6
 0 2
 1 1
 2 0
 3 1
 4 1
 5 1
118 8 6
 0 0
 1 3
 2 1
 3 1
 4 3
 5 2
119 13 6
 0 3
 1 0
 2 0
 3 0
 4 3
 5 1
120 9 6
 0 0
 1 1
 2 3
 3 2
 4 0
 5 1
121 12 6
 0 3
 1 2
 2 1
 3 0
 4 3
 5 0
122 6 6
 0 2
 1 1
 2 0
 3 0
 4 2
 5 3
123 5 6
 0 0
 1 3
 2 2
 3 1
 4 2
 5 1
124 13 6
 0 2
 1 1
 2 0
 3 1
 4 2
 5 3
125 10 6
 0 2
 1 1
 2 0
 3 2
 4 0
 5 1
126 14 6
 0 1
 1 1
 2 0
 3 0
 4 2
 5 0
127 13 6
 0 3
 1 0
 2 0
 3 1
 4 2
 5 1
128 15 6
 0 2
 1 3
 2 3
 3 0
 4 0
 5 1
129 13 6
 0 0
 1 0
 2 1
 3 1
 4 0
 5 3
130 7 6
 0 0
 1 3
 2 1
 3 1
 4 1
 5 0
131 8 6
 0 3
 1 0
 2 1
 3 3
 4 3
 5 3
132 6 6
 0 1
 1 1
 2 1
 3 0
 4 1
 5 0
133 7 6
 0 1
 1 3
 2 1
 3 0
 4 1
 5 3
134 14 6
 0 3
 1 1
 2 0
 3 3
 4 2
 5 1
135 10 6
 0 0
 1 0
 2 1
 3 2
 4 0
 5 0
136 11 6
 0 2
 1 1
 2 3
 3 1
 4 3
 5 0
137 12 6
 0 2
 1 2
 2 2
 3 0
 4 1
 5 0
138 8 6
 0 3
 1 0
 2 2
 3 3
 4 3
 5 2
139 8 6
 0 0
 1 1
 2 2
 3 2
 4 0
 5 1
140 4 6
 0 2
 1 2
 2 1
 3 2
 4 2
 5 1
141 10 6
 0 1
 1 0
 2 1
 3 0
 4 0
 5 3
142 9 6
 0 1
 1 3
 2 1
 3 0
 4 2
 5 0
143 15 6
 0 1
 1 2
 2 3
 3 0
 4 3
 5 3
144 8 6
 0 2
 1 3
 2 0
 3 0
 4 0
 5 3
145 7 6
 0 2
 1 0
 2 0
 3 1
 4 3
 5 1
146 7 6
 0 1
 1 3
 2 1
 3 0
 4 3
 5 1
147 10 6
 0 2
 1 3
 2 0
 3 2
 4 2
 5 2
148 14 6
 0 0
 1 3
 2 3
 3 0
 4 3
 5 2
149 7 6
 0 3
 1 3
 2 0
 3 3
 4 3
 5 3
150 11 6
 0 1
 1 2
 2 1
 3 3
 4 0
 5 1
151 0 6
 0 0
 1 0
 2 0
 3 0
 4 0
 5 0

# PRECEDENCES
1636
84 148
96 122
28 67
0 5
5 83
76 143
121 151
40 77
73 74
83 124
94 133
0 126
51 91
7 21
34 124
13 101
40 54
90 140
10 31
2 27
0 103
18 151
19 116
11 112
30 125
84 102
143 151
33 136
4 109
64 123
117 135
14 122
120 140
49 116
50 81
27 97
113 137
31 67
75 110
0 116
60 130
23 99
124 151
43 77
36 38
25 145
58 62
117 148
109 144
14 135
21 31
58 98
98 134
0 93
19 106
4 63
41 130
127 133
33 126
53 104
105 151
57 74
36 51
9 34
117 125
136 138
34 127
46 101
37 132
27 87
0 70
19 83
0 106
12 80
22 93
53 117
32 143
2 151
78 146
11 56
71 107
42 80
0 83
12 57
43 44
21 142
10 132
56 99
76 77
49 60
28 37
109 111
14 102
18 72
59 110
42 57
134 140
0 60
18 108
20 38
30 82
71 120
17 149
6 139
52 106
4 66
105 118
37 63
66 126
45 103
51 146
138 151
89 109
8 41
0 37
0 73
80 145
5 151
52 83
44 79
131 147
16 17
115 139
74 107
44 115
118 149
17 103
35 151
63 70
55 129
0 50
83 84
75 80
81 123
52 96
3 60
54 142
15 34
93 133
86 94
130 137
35 128
96 144
0 27
119 127
16 151
69 126
48 103
141 151
92 146
112 124
22 50
0 148
12 122
85 106
37 66
23 131
96 121
1 112
0 4
70 99
17 93
9 89
47 115
0 40
41 77
95 133
35 118
8 21
0 17
38 129
68 151
52 63
0 138
19 151
85 96
24 86
40 66
121 140
26 131
5 108
132 149
49 151
62 90
8 119
0 115
73 99
19 128
11 124
51 80
43 76
84 114
103 127
4 121
64 135
8 11
0 7
6 50
65 136
76 145
10 20
41 44
113 149
31 79
91 130
103 104
0 128
66 73
43 89
84 127
136 137
1 92
47 59
64 148
56 144
49 105
22 151
21 43
6 63
58 110
98 146
101 151
62 80
94 112
0 105
19 118
125 136
4 75
51 70
35 62
52 151
25 134
53 116
45 112
64 125
47 72
98 123
3 151
7 121
0 82
82 151
102 129
54 89
0 118
72 106
84 117
9 23
28 36
33 151
46 90
38 86
58 64
76 112
69 73
61 69
59 145
79 123
71 119
102 106
8 99
0 95
19 108
12 69
63 151
1 59
127 135
53 106
93 142
57 76
136 140
128 136
120 132
6 30
70 131
69 86
55 151
0 72
11 81
131 146
123 142
33 105
6 151
52 118
25 101
16 52
9 13
127 148
85 151
5 42
65 93
47 124
0 49
98 126
36 151
82 118
101 131
0 85
20 63
72 73
115 151
1 49
64 105
3 95
109 113
15 69
7 65
66 151
27 43
78 125
71 86
55 141
8 66
0 62
40 98
39 53
112 123
17 151
23 45
34 60
2 107
13 122
46 70
47 114
0 39
70 134
17 128
48 115
21 98
16 19
73 144
74 109
39 151
9 16
14 94
107 142
118 151
65 145
30 38
89 124
0 52
60 66
9 137
50 138
69 151
39 128
31 124
3 62
62 148
54 144
20 151
13 112
4 143
24 121
97 105
43 134
130 139
88 142
0 29
99 151
40 65
59 115
11 38
77 132
28 127
27 131
112 126
50 151
0 150
39 141
32 102
1 114
88 119
0 6
118 141
0 42
33 39
4 12
0 127
33 75
73 111
22 65
35 84
107 109
59 69
72 151
23 146
55 98
0 19
140 142
92 102
69 118
141 143
102 151
54 111
14 38
0 140
94 147
114 125
20 118
66 85
12 114
72 128
23 123
87 144
7 35
53 151
18 44
118 131
65 125
28 94
132 151
110 132
0 117
30 139
23 100
83 151
103 129
14 51
13 92
34 151
21 32
0 9
58 99
68 143
15 137
7 133
113 151
0 94
11 103
44 51
39 85
91 132
51 59
2 54
14 28
0 130
12 104
136 139
87 134
128 135
107 112
64 150
69 85
27 88
0 107
20 85
13 46
75 137
35 64
135 151
41 144
33 140
13 82
25 136
53 118
9 48
22 130
68 97
15 91
86 151
46 115
38 111
79 112
70 143
2 8
8 88
0 84
23 67
65 69
116 151
35 77
22 107
46 92
38 88
49 97
69 75
14 139
15 104
21 35
42 58
67 151
98 138
30 83
17 150
63 117
2 21
29 124
0 97
146 151
44 103
43 58
35 54
34 95
37 100
51 147
120 134
61 84
28 136
7 113
0 74
30 96
131 148
83 108
115 140
21 133
94 117
1 38
52 120
44 116
5 8
37 77
124 145
6 9
38 78
49 87
36 117
0 51
119 151
12 25
31 38
28 149
0 87
52 97
4 57
32 39
93 134
66 117
85 130
46 59
51 137
56 103
149 151
35 129
67 118
82 97
0 64
40 100
100 151
31 51
112 125
83 98
21 123
39 140
45 71
14 83
66 130
86 108
78 104
130 151
55 120
0 41
119 141
63 97
23 24
3 51
122 151
114 147
93 124
26 34
38 45
3 87
43 123
96 135
7 57
0 18
18 66
19 31
11 27
24 146
65 147
82 87
47 129
0 54
6 97
123 124
22 41
0 139
85 97
37 57
23 122
51 104
103 151
15 38
74 124
26 47
118 130
138 145
43 136
36 97
1 139
47 106
0 31
92 114
133 151
3 41
93 114
85 110
84 151
0 8
13 127
126 147
46 124
36 110
18 141
102 140
8 133
81 117
0 129
74 78
30 151
55 64
87 133
16 109
56 145
9 70
28 83
29 48
0 21
57 146
62 81
8 146
14 40
0 142
11 151
13 81
43 103
17 51
136 151
28 60
76 136
49 119
7 122
18 131
39 74
62 94
27 136
0 119
20 97
31 106
35 76
1 83
117 151
49 132
15 139
101 142
7 135
0 96
18 144
20 74
3 21
84 95
102 143
0 132
1 60
72 120
64 116
65 81
10 145
16 76
139 146
5 66
38 100
49 109
14 151
7 112
0 109
4 79
32 61
84 108
53 120
44 151
45 116
65 94
22 132
28 63
7 89
38 113
82 119
8 90
0 86
24 34
3 11
29 149
94 129
5 20
64 106
16 66
34 120
25 151
26 79
67 117
150 151
69 77
0 63
0 99
60 113
13 38
53 74
4 69
135 143
93 146
46 71
51 149
57 80
76 93
47 151
0 76
39 67
112 137
41 113
53 87
72 100
22 99
28 30
26 69
50 54
36 119
82 86
15 96
47 128
8 57
0 53
18 101
83 87
28 151
41 90
1 17
52 99
104 146
10 102
38 57
43 135
89 102
7 69
27 47
0 30
63 86
0 66
42 148
41 103
22 89
14 85
32 139
24 135
1 151
0 43
19 56
11 52
80 151
40 115
1 7
2 88
12 138
86 87
31 151
78 83
96 137
1 128
7 59
0 20
5 98
46 136
16 144
9 105
12 30
133 140
4 26
144 149
61 151
8 145
81 129
0 141
73 125
32 93
37 59
55 76
107 123
12 151
16 121
76 135
0 33
11 127
42 151
114 139
66 99
31 141
43 115
36 76
96 127
0 10
19 23
6 53
7 134
73 79
4 16
54 102
27 148
0 131
20 109
39 122
12 105
51 96
3 56
84 130
88 100
26 39
107 113
53 142
18 35
64 151
56 147
9 72
28 85
129 137
0 23
140 146
15 151
0 108
11 117
125 139
91 146
51 73
94 151
0 144
20 122
4 114
72 132
56 124
17 53
9 49
88 113
99 122
45 151
65 129
57 125
15 128
62 96
94 128
0 121
84 120
75 151
57 102
14 140
79 126
10 26
91 100
110 113
0 98
30 120
102 145
64 118
16 78
2 143
47 65
88 103
97 151
50 76
0 75
132 145
71 135
91 113
23 58
48 151
0 111
60 125
4 81
44 117
24 59
127 151
1 75
33 144
65 96
61 62
7 91
67 142
59 138
78 151
82 121
0 88
39 79
31 75
32 40
29 151
95 96
52 134
108 151
89 137
7 104
113 122
0 65
59 151
18 113
91 103
123 135
48 141
1 29
60 115
33 98
52 111
33 134
51 151
1 150
67 132
59 128
36 144
9 127
42 75
8 82
0 78
20 56
60 92
29 141
81 151
25 107
64 98
51 128
17 23
27 36
13 138
59 105
32 151
24 147
89 127
90 92
42 52
0 55
100 142
20 33
60 69
11 64
111 151
30 77
17 144
81 128
34 53
45 62
62 151
54 147
34 89
66 121
13 115
26 84
13 151
0 32
19 45
82 101
0 68
60 82
92 151
122 142
33 101
20 131
66 98
85 111
32 105
43 114
14 87
15 52
66 134
26 61
67 99
18 57
89 117
48 85
0 45
19 143
95 138
114 151
26 38
89 94
47 97
0 22
119 122
65 151
15 150
61 117
81 95
52 68
133 142
4 28
144 151
2 67
81 131
0 143
34 56
73 127
74 92
114 128
85 101
37 61
23 126
95 151
13 118
59 85
99 121
126 138
68 133
21 58
0 35
46 151
111 131
58 125
77 138
50 121
110 135
0 120
125 151
22 58
95 128
114 141
106 137
29 39
8 16
0 12
17 101
58 102
50 98
41 49
19 110
125 128
110 148
8 137
54 104
0 133
73 117
74 82
60 147
4 103
96 106
147 151
34 131
126 128
16 113
76 127
49 110
21 48
80 97
98 151
49 146
10 38
82 143
102 121
0 110
73 94
19 123
43 71
122 135
95 118
128 151
47 77
0 2
65 131
21 61
19 100
79 151
63 143
0 123
60 137
66 68
4 93
24 71
53 134
5 57
22 146
109 151
61 74
40 51
0 100
40 136
6 143
84 99
135 144
10 149
136 145
28 54
68 90
109 128
139 150
46 108
86 144
57 117
58 82
70 136
50 78
90 114
69 91
0 77
30 99
90 150
131 151
0 113
1 41
25 142
37 116
65 98
97 130
49 90
14 132
42 51
120 150
0 90
112 151
23 73
1 54
44 132
45 97
85 133
105 148
2 135
3 100
76 84
28 44
68 80
67 121
38 94
97 143
71 91
55 146
142 151
61 77
48 107
0 67
12 41
4 37
63 123
82 136
115 133
1 31
72 91
25 132
66 133
78 107
55 123
0 44
119 144
30 66
2 4
29 107
0 80
24 28
123 150
35 37
25 109
93 127
45 87
89 93
15 64
67 111
101 103
134 137
0 57
20 35
9 142
83 91
75 87
41 94
145 151
64 77
56 73
43 139
96 151
27 51
0 34
46 150
21 93
81 107
10 83
74 104
93 117
26 27
24 103
15 54
67 101
0 11
19 24
0 47
52 57
44 53
23 30
27 149
33 80
73 116
45 54
31 119
10 96
23 115
95 140
26 40
126 127
18 36
59 74
23 151
43 129
16 112
17 77
148 151
0 24
38 136
2 69
0 145
106 126
47 76
88 114
0 1
4 151
16 125
68 135
129 151
121 147
26 138
5 115
38 149
58 127
110 137
54 93
27 139
0 122
39 113
11 131
3 47
66 103
67 68
32 110
45 129
16 102
76 116
0 14
7 138
80 122
26 151
33 47
39 90
125 130
10 63
3 24
62 110
102 146
8 139
0 135
12 109
31 122
51 100
24 83
28 53
7 30
34 133
5 69
56 151
7 115
58 117
62 87
7 151
8 116
0 112
19 125
60 126
39 103
4 82
35 69
33 145
106 129
53 123
72 136
64 132
16 92
36 70
37 151
58 94
42 86
80 112
0 89
19 102
22 27
75 119
94 132
0 125
87 93
12 99
32 77
65 74
16 69
88 94
34 123
5 59
3 135
77 84
55 145
113 123
9 151
102 113
0 102
72 90
75 132
116 133
46 74
64 122
10 151
22 125
109 130
89 151
15 122
0 79
23 62
75 109
40 151
24 63
64 99
105 137
17 24
68 69
5 49
89 128
109 143
15 99
0 56
19 69
20 34
11 65
70 151
90 129
63 112
2 16
101 138
21 115
0 92
60 106
52 102
4 62
23 75
10 105
16 36
35 49
21 151
34 90
38 60
56 108
138 147
15 76
67 123
30 55
90 106
42 66
0 69
131 143
83 103
14 88
26 62
70 105
43 151
49 82
0 46
5 124
79 110
63 102
75 76
44 88
64 66
10 95
1 46
73 151
85 125
57 63
99 145
24 151
82 92
29 86
47 134
48 99
21 82
0 59
41 60
100 146
12 33
50 145
21 118
1 23
45 66
51 109
3 69
108 122
54 151
15 43
7 39
26 52
86 103
118 135
97 112
17 89
88 149
48 76
0 36
11 45
92 119
73 105
2 81
114 142
12 131
32 109
16 101
107 139
0 13
99 135
70 108
76 151
100 136
6 92
62 109
27 151
0 134
73 118
12 108
3 59
106 151
32 122
9 75
1 134
29 53
0 26
57 151
58 116
42 108
52 72
103 123
8 151
0 147
36 69
87 151
0 3
59 89
118 138
38 115
28 101
68 137
21 62
113 145
38 151
110 139
0 124
51 89
1 88
7 19
34 122
18 28
59 66
99 102
37 127
56 140
48 56
21 39
0 16
26 117
46 132
92 99
132 135
58 106
110 116
0 101
18 149
32 53
23 84
83 135
22 39
122 126
95 109
0 137
41 138
60 151
52 147
23 120
64 121
55 72
1 101
107 119
53 148
139 151
65 122
15 121
132 148
30 100
90 151
62 89
0 114
19 127
11 123
12 88
4 84
16 58
41 151
33 147
37 117
29 33
120 151
58 96
98 132
49 127
15 134
0 91
18 139
71 151
30 113
83 125
102 138
41 128
33 124
53 102
64 111
105 149
1 91
47 58
99 105
97 144
121 129
18 116
29 131
48 144
0 104
12 78
52 114
32 56
105 126
75 134
116 135
41 141
74 138
93 151
85 147
17 49
97 121
128 145
78 144
79 109
71 105
50 82
8 85
0 81
71 141
123 151
115 147
41 118
93 128
46 53
49 58
74 151
46 89
97 134
98 99
3 127
0 58
79 122
31 45
2 18
83 92
123 128
75 88
52 104
104 151
105 116
124 129
108 121
5 28
56 110
57 75
67 125
30 57
134 151
0 71
60 85
64 91
38 39
3 81
126 151
42 45
0 48
59 134
104 105
77 151
45 55
10 97
2 93
51 134
36 91
107 151
0 25
18 73
103 125
119 125
57 150
28 123
47 136
0 61
6 104
52 71
58 151
10 74
0 146
66 91
137 151
88 151
0 38
92 121
69 137
34 36
22 61
54 130
74 108
20 137
18 27
7 54
27 32
0 15
58 105
49 136
48 91
4 21
110 151
62 111
0 136
93 98
11 145
23 119
95 144
15 35
87 140
67 82
59 78
118 127
24 120
0 28
140 151
132 147
38 140
91 151
2 73
22 51
122 138
0 149
