# Tier 6 (Large) - Instance 1
# Generated with config: N=125, K=4, topology=random_dag, calendar=heavy_start

# HEADER: <num_tasks> <num_types> <num_units>
127 4 34

# RESOURCE TYPES
# Format: <type_id> <num_units> <unit_id1> <unit_id2> ...
0 6 0 1 2 3 4 5
1 9 6 7 8 9 10 11 12 13 14
2 10 15 16 17 18 19 20 21 22 23 24
3 9 25 26 27 28 29 30 31 32 33

# RESOURCE UNITS (Calendars)
# Format: <unit_id> <num_steps> <t1> <v1> <t2> <v2> ...
0 22 0 100 1 0 5 100 7 0 11 100 40 0 42 100 61 0 65 100 96 0 100 100 120 0 124 100 289 0 293 100 329 0 331 100 354 0 358 100 374 0 378 100 829 0
1 26 0 100 18 0 22 100 29 0 34 100 52 0 55 100 61 0 65 100 84 0 89 100 109 0 114 100 191 0 193 100 279 0 284 100 390 0 394 100 436 0 439 100 451 0 453 100 746 0 749 100 829 0
2 22 0 100 23 0 25 100 75 0 80 100 117 0 122 100 139 0 144 100 180 0 184 100 231 0 233 100 266 0 270 100 348 0 351 100 352 0 355 100 773 0 777 100 829 0
3 26 0 100 16 0 18 100 22 0 27 100 43 0 46 100 83 0 87 100 145 0 147 100 227 0 232 100 239 0 241 100 276 0 279 100 393 0 395 100 704 0 709 100 745 0 747 100 762 0 765 100 829 0
4 24 0 100 62 0 64 100 124 0 126 100 235 0 237 100 245 0 247 100 285 0 290 100 316 0 321 100 331 0 335 100 441 0 444 100 466 0 468 100 537 0 542 100 710 0 714 100 829 0
5 24 0 100 5 0 7 100 12 0 17 100 22 0 27 100 35 0 40 100 98 0 102 100 358 0 362 100 435 0 438 100 458 0 463 100 492 0 496 100 746 0 749 100 804 0 806 100 829 0
6 22 0 100 1 0 6 100 59 0 61 100 132 0 136 100 143 0 147 100 155 0 159 100 184 0 188 100 189 0 193 100 201 0 206 100 255 0 260 100 590 0 594 100 829 0
7 22 0 100 1 0 5 100 35 0 39 100 63 0 68 100 82 0 87 100 106 0 111 100 191 0 196 100 327 0 331 100 493 0 495 100 633 0 637 100 776 0 779 100 829 0
8 22 0 100 1 0 5 100 10 0 13 100 174 0 177 100 196 0 200 100 230 0 232 100 248 0 253 100 409 0 411 100 434 0 436 100 459 0 464 100 695 0 697 100 829 0
9 22 0 100 12 0 17 100 30 0 32 100 77 0 82 100 85 0 87 100 88 0 92 100 208 0 211 100 213 0 217 100 238 0 240 100 613 0 618 100 729 0 731 100 829 0
10 26 0 100 4 0 7 100 9 0 14 100 27 0 32 100 70 0 74 100 163 0 165 100 208 0 211 100 275 0 280 100 320 0 324 100 407 0 412 100 561 0 563 100 699 0 704 100 737 0 742 100 829 0
11 22 0 100 1 0 5 100 16 0 20 100 79 0 83 100 126 0 128 100 393 0 398 100 402 0 407 100 491 0 496 100 584 0 587 100 717 0 719 100 823 0 828 100 829 0
12 22 0 100 3 0 10 100 13 0 15 100 25 0 28 100 49 0 54 100 69 0 72 100 76 0 78 100 165 0 167 100 368 0 373 100 443 0 448 100 486 0 489 100 829 0
13 22 0 100 1 0 5 100 19 0 22 100 30 0 33 100 46 0 50 100 67 0 70 100 372 0 376 100 480 0 483 100 539 0 543 100 596 0 600 100 814 0 817 100 829 0
14 20 0 100 7 0 9 100 51 0 56 100 282 0 284 100 370 0 378 100 409 0 414 100 443 0 448 100 713 0 716 100 725 0 728 100 810 0 815 100 829 0
15 24 0 100 2 0 5 100 46 0 51 100 111 0 114 100 165 0 169 100 220 0 224 100 236 0 240 100 247 0 250 100 253 0 258 100 505 0 507 100 674 0 679 100 702 0 706 100 829 0
16 24 0 100 1 0 4 100 43 0 45 100 63 0 68 100 213 0 215 100 291 0 293 100 355 0 359 100 500 0 504 100 510 0 512 100 571 0 575 100 654 0 657 100 695 0 697 100 829 0
17 22 0 100 1 0 3 100 32 0 36 100 55 0 60 100 111 0 113 100 171 0 177 100 341 0 345 100 356 0 359 100 412 0 414 100 560 0 562 100 586 0 591 100 829 0
18 24 0 100 1 0 3 100 4 0 6 100 18 0 21 100 32 0 35 100 39 0 41 100 61 0 66 100 84 0 86 100 141 0 146 100 249 0 251 100 270 0 274 100 483 0 486 100 829 0
19 24 0 100 8 0 12 100 23 0 28 100 119 0 121 100 151 0 154 100 204 0 206 100 349 0 351 100 369 0 371 100 384 0 388 100 457 0 459 100 669 0 674 100 798 0 801 100 829 0
20 24 0 100 11 0 14 100 32 0 35 100 111 0 114 100 155 0 157 100 169 0 172 100 376 0 381 100 397 0 399 100 471 0 474 100 583 0 586 100 712 0 717 100 720 0 722 100 829 0
21 26 0 100 34 0 38 100 68 0 70 100 87 0 91 100 99 0 104 100 116 0 121 100 129 0 133 100 278 0 281 100 400 0 404 100 582 0 585 100 701 0 704 100 733 0 736 100 778 0 782 100 829 0
22 24 0 100 5 0 10 100 32 0 35 100 83 0 85 100 92 0 95 100 111 0 113 100 230 0 234 100 297 0 304 100 481 0 483 100 612 0 616 100 623 0 625 100 713 0 718 100 829 0
23 26 0 100 4 0 8 100 12 0 16 100 57 0 60 100 119 0 122 100 134 0 137 100 174 0 178 100 218 0 220 100 251 0 255 100 394 0 396 100 440 0 443 100 571 0 576 100 772 0 774 100 829 0
24 20 0 100 2 0 5 100 32 0 35 100 59 0 61 100 121 0 123 100 178 0 183 100 191 0 194 100 200 0 205 100 452 0 455 100 691 0 695 100 829 0
25 26 0 100 1 0 3 100 5 0 8 100 23 0 26 100 51 0 53 100 80 0 83 100 135 0 139 100 315 0 319 100 418 0 423 100 427 0 429 100 571 0 574 100 721 0 723 100 750 0 753 100 829 0
26 20 0 100 2 0 6 100 11 0 13 100 47 0 50 100 114 0 118 100 129 0 131 100 267 0 270 100 300 0 302 100 340 0 343 100 691 0 696 100 829 0
27 26 0 100 1 0 5 100 52 0 57 100 69 0 73 100 79 0 81 100 229 0 234 100 261 0 265 100 306 0 308 100 463 0 466 100 699 0 701 100 721 0 726 100 730 0 734 100 794 0 799 100 829 0
28 22 0 100 1 0 5 100 8 0 12 100 16 0 21 100 30 0 35 100 133 0 137 100 194 0 198 100 347 0 352 100 480 0 482 100 496 0 499 100 634 0 638 100 829 0
29 26 0 100 8 0 13 100 22 0 24 100 32 0 34 100 84 0 86 100 113 0 118 100 135 0 140 100 191 0 193 100 299 0 303 100 362 0 364 100 431 0 435 100 510 0 512 100 605 0 607 100 829 0
30 26 0 100 10 0 12 100 43 0 47 100 90 0 93 100 123 0 128 100 246 0 251 100 394 0 398 100 429 0 433 100 529 0 533 100 585 0 587 100 698 0 700 100 751 0 753 100 822 0 824 100 829 0
31 24 0 100 53 0 57 100 58 0 60 100 79 0 82 100 84 0 88 100 91 0 93 100 113 0 115 100 176 0 179 100 221 0 225 100 248 0 250 100 359 0 364 100 598 0 601 100 829 0
32 20 0 100 7 0 11 100 52 0 62 100 100 0 103 100 172 0 177 100 222 0 226 100 425 0 430 100 609 0 611 100 632 0 637 100 688 0 691 100 829 0
33 26 0 100 45 0 48 100 104 0 107 100 158 0 161 100 206 0 211 100 239 0 242 100 278 0 282 100 367 0 369 100 432 0 437 100 546 0 550 100 699 0 704 100 752 0 755 100 823 0 828 100 829 0

# TASKS
# Format: <task_id> <size> <num_reqs>
# Then for each requirement: <type_id> <qty>
0 0 4
 0 0
 1 0
 2 0
 3 0
1 8 4
 0 1
 1 2
 2 3
 3 1
2 7 4
 0 2
 1 2
 2 2
 3 2
3 15 4
 0 0
 1 2
 2 2
 3 3
4 13 4
 0 0
 1 2
 2 3
 3 0
5 3 4
 0 3
 1 1
 2 0
 3 0
6 8 4
 0 1
 1 0
 2 0
 3 2
7 13 4
 0 3
 1 3
 2 0
 3 2
8 3 4
 0 0
 1 2
 2 3
 3 3
9 6 4
 0 0
 1 1
 2 2
 3 0
10 14 4
 0 1
 1 2
 2 2
 3 1
11 7 4
 0 2
 1 3
 2 2
 3 2
12 6 4
 0 2
 1 1
 2 1
 3 2
13 8 4
 0 2
 1 3
 2 0
 3 2
14 10 4
 0 1
 1 0
 2 0
 3 0
15 8 4
 0 0
 1 0
 2 2
 3 3
16 13 4
 0 0
 1 1
 2 1
 3 1
17 15 4
 0 2
 1 3
 2 3
 3 3
18 4 4
 0 3
 1 0
 2 3
 3 0
19 15 4
 0 3
 1 1
 2 0
 3 3
20 9 4
 0 3
 1 2
 2 1
 3 0
21 13 4
 0 3
 1 0
 2 3
 3 0
22 4 4
 0 1
 1 0
 2 3
 3 3
23 15 4
 0 3
 1 3
 2 3
 3 2
24 4 4
 0 2
 1 0
 2 3
 3 1
25 9 4
 0 3
 1 1
 2 3
 3 0
26 5 4
 0 1
 1 2
 2 1
 3 0
27 10 4
 0 0
 1 1
 2 0
 3 2
28 15 4
 0 1
 1 0
 2 0
 3 3
29 14 4
 0 1
 1 2
 2 3
 3 0
30 12 4
 0 0
 1 0
 2 1
 3 3
31 10 4
 0 1
 1 2
 2 3
 3 0
32 3 4
 0 1
 1 0
 2 3
 3 2
33 9 4
 0 3
 1 0
 2 0
 3 0
34 10 4
 0 2
 1 2
 2 2
 3 2
35 5 4
 0 1
 1 3
 2 0
 3 3
36 3 4
 0 0
 1 1
 2 0
 3 3
37 8 4
 0 1
 1 2
 2 3
 3 3
38 13 4
 0 3
 1 2
 2 3
 3 1
39 14 4
 0 3
 1 2
 2 2
 3 0
40 6 4
 0 2
 1 0
 2 2
 3 0
41 9 4
 0 1
 1 3
 2 3
 3 2
42 14 4
 0 3
 1 2
 2 3
 3 1
43 12 4
 0 2
 1 2
 2 2
 3 2
44 7 4
 0 2
 1 2
 2 0
 3 0
45 9 4
 0 0
 1 0
 2 3
 3 2
46 4 4
 0 0
 1 0
 2 2
 3 1
47 7 4
 0 3
 1 2
 2 0
 3 1
48 13 4
 0 1
 1 3
 2 2
 3 1
49 15 4
 0 1
 1 0
 2 1
 3 1
50 3 4
 0 0
 1 3
 2 2
 3 1
51 11 4
 0 2
 1 1
 2 3
 3 2
52 13 4
 0 2
 1 2
 2 1
 3 0
53 8 4
 0 1
 1 1
 2 1
 3 1
54 8 4
 0 1
 1 3
 2 2
 3 1
55 6 4
 0 1
 1 3
 2 3
 3 3
56 13 4
 0 0
 1 2
 2 1
 3 2
57 15 4
 0 1
 1 2
 2 3
 3 2
58 7 4
 0 1
 1 0
 2 3
 3 3
59 12 4
 0 0
 1 2
 2 2
 3 0
60 9 4
 0 0
 1 0
 2 3
 3 1
61 8 4
 0 1
 1 1
 2 1
 3 1
62 4 4
 0 1
 1 3
 2 3
 3 1
63 13 4
 0 2
 1 0
 2 3
 3 0
64 8 4
 0 0
 1 2
 2 3
 3 0
65 15 4
 0 1
 1 2
 2 1
 3 0
66 7 4
 0 1
 1 1
 2 2
 3 3
67 5 4
 0 3
 1 2
 2 0
 3 2
68 4 4
 0 3
 1 1
 2 0
 3 3
69 6 4
 0 2
 1 0
 2 0
 3 1
70 15 4
 0 1
 1 3
 2 1
 3 2
71 11 4
 0 1
 1 1
 2 2
 3 0
72 12 4
 0 0
 1 0
 2 3
 3 2
73 6 4
 0 3
 1 0
 2 1
 3 1
74 6 4
 0 2
 1 2
 2 0
 3 2
75 15 4
 0 2
 1 0
 2 1
 3 3
76 3 4
 0 3
 1 3
 2 2
 3 2
77 10 4
 0 0
 1 2
 2 2
 3 1
78 9 4
 0 3
 1 3
 2 3
 3 3
79 15 4
 0 3
 1 0
 2 3
 3 0
80 9 4
 0 3
 1 3
 2 3
 3 0
81 9 4
 0 3
 1 1
 2 2
 3 2
82 11 4
 0 0
 1 2
 2 3
 3 0
83 10 4
 0 0
 1 0
 2 2
 3 1
84 8 4
 0 2
 1 1
 2 1
 3 1
85 9 4
 0 0
 1 1
 2 2
 3 1
86 4 4
 0 1
 1 1
 2 3
 3 3
87 4 4
 0 0
 1 0
 2 3
 3 0
88 14 4
 0 3
 1 0
 2 2
 3 3
89 3 4
 0 3
 1 2
 2 2
 3 1
90 6 4
 0 0
 1 3
 2 0
 3 0
91 9 4
 0 3
 1 1
 2 1
 3 3
92 7 4
 0 0
 1 0
 2 3
 3 0
93 13 4
 0 0
 1 0
 2 2
 3 2
94 4 4
 0 1
 1 3
 2 3
 3 1
95 9 4
 0 0
 1 0
 2 0
 3 2
96 7 4
 0 0
 1 0
 2 0
 3 1
97 9 4
 0 1
 1 2
 2 2
 3 2
98 12 4
 0 3
 1 0
 2 0
 3 3
99 7 4
 0 1
 1 3
 2 0
 3 0
100 7 4
 0 1
 1 2
 2 3
 3 2
101 5 4
 0 3
 1 3
 2 0
 3 0
102 7 4
 0 0
 1 0
 2 1
 3 3
103 13 4
 0 2
 1 3
 2 3
 3 1
104 6 4
 0 3
 1 0
 2 2
 3 2
105 5 4
 0 0
 1 1
 2 2
 3 0
106 13 4
 0 2
 1 2
 2 3
 3 3
107 11 4
 0 0
 1 1
 2 0
 3 1
108 6 4
 0 3
 1 0
 2 0
 3 0
109 10 4
 0 2
 1 0
 2 3
 3 0
110 12 4
 0 1
 1 3
 2 3
 3 3
111 8 4
 0 1
 1 2
 2 3
 3 1
112 3 4
 0 1
 1 0
 2 1
 3 1
113 4 4
 0 1
 1 1
 2 0
 3 3
114 4 4
 0 0
 1 0
 2 0
 3 3
115 8 4
 0 0
 1 2
 2 3
 3 3
116 13 4
 0 0
 1 0
 2 1
 3 2
117 7 4
 0 1
 1 0
 2 0
 3 0
118 7 4
 0 0
 1 0
 2 2
 3 2
119 11 4
 0 0
 1 0
 2 1
 3 3
120 11 4
 0 3
 1 3
 2 1
 3 3
121 13 4
 0 1
 1 3
 2 2
 3 1
122 9 4
 0 0
 1 1
 2 3
 3 0
123 5 4
 0 3
 1 3
 2 3
 3 0
124 12 4
 0 1
 1 2
 2 1
 3 3
125 10 4
 0 0
 1 3
 2 3
 3 2
126 0 4
 0 0
 1 0
 2 0
 3 0

# PRECEDENCES
1327
55 84
96 122
0 5
5 83
49 126
9 90
33 38
22 28
14 24
39 117
4 96
16 70
15 25
59 68
99 104
70 77
17 71
40 54
100 105
62 78
0 103
30 125
31 90
4 109
22 126
96 112
1 103
101 126
91 118
2 40
3 5
83 114
0 116
52 126
43 77
84 115
35 73
1 80
45 123
57 97
3 126
9 57
21 31
113 114
82 126
0 93
43 54
35 50
33 126
72 117
37 96
16 73
36 51
68 83
109 121
5 63
46 101
49 106
0 70
63 126
91 108
75 100
0 106
60 120
23 89
10 119
9 11
53 117
65 91
89 119
55 126
18 95
71 107
42 80
29 110
0 83
6 126
24 31
43 44
35 40
33 116
85 126
5 17
76 77
68 73
14 102
27 41
36 126
27 77
0 60
113 117
23 43
83 94
115 126
94 103
66 126
26 53
109 124
15 80
27 54
0 37
30 59
71 97
17 126
0 73
6 116
52 83
4 43
23 56
16 17
51 123
56 89
22 96
27 31
97 126
0 50
6 93
4 20
23 33
83 84
75 80
33 83
39 126
14 69
66 116
86 94
38 54
70 86
16 115
15 70
0 27
100 114
30 49
71 87
82 96
69 126
6 106
112 124
20 126
85 106
37 66
35 105
1 112
0 4
99 126
70 99
9 89
0 40
50 126
1 4
33 73
31 112
74 110
66 106
18 29
32 113
51 126
43 122
1 125
0 17
40 53
6 60
17 106
58 107
81 90
33 50
74 87
51 103
13 113
59 80
48 70
100 117
92 113
50 116
62 90
0 115
51 80
2 75
14 49
53 126
32 103
65 100
96 124
68 105
0 7
40 43
50 93
10 20
42 89
61 102
27 109
10 56
83 126
54 99
74 77
12 102
43 89
96 101
1 92
34 126
59 70
76 122
9 69
49 105
61 79
7 108
113 126
50 106
42 102
62 80
102 116
94 112
0 105
20 83
114 126
13 80
53 116
17 50
76 99
28 59
38 109
57 122
15 125
8 86
0 82
0 118
24 66
64 102
84 117
16 62
36 40
86 126
5 52
38 86
57 99
58 64
9 59
49 95
26 111
18 107
30 81
31 46
10 23
42 92
94 102
0 95
72 83
23 78
24 43
116 126
95 103
45 102
17 40
49 72
22 118
15 79
67 126
26 88
38 99
69 86
15 115
7 111
0 72
31 59
91 110
41 109
13 47
45 79
22 95
37 111
89 121
27 66
0 49
19 62
98 126
30 71
23 32
0 85
11 94
44 91
16 29
41 122
50 63
0 62
40 98
112 123
83 96
29 125
34 60
2 107
14 81
86 106
38 66
3 108
47 114
7 78
8 43
0 39
59 125
100 126
82 108
40 111
1 3
13 14
25 68
45 46
14 58
46 47
78 79
2 120
3 85
9 16
55 95
8 20
86 119
78 115
17 105
0 52
75 82
93 99
44 94
10 101
51 102
66 118
86 96
48 69
0 29
19 42
11 38
17 118
41 66
112 126
4 35
44 71
10 78
2 74
22 52
32 102
1 114
0 6
13 125
21 65
0 42
5 120
12 16
4 12
81 115
20 105
32 79
84 126
67 73
24 111
89 91
55 98
8 23
48 59
0 19
6 62
19 117
30 126
16 84
36 62
55 75
96 113
107 122
5 74
65 125
16 120
9 81
0 117
73 101
11 126
31 104
24 65
7 12
47 48
16 97
36 75
47 84
88 122
21 32
0 9
10 22
69 108
0 94
2 54
95 102
23 113
43 91
117 126
50 72
26 123
50 108
62 82
102 118
94 114
0 107
20 85
3 117
49 84
28 61
14 126
46 115
69 98
0 84
11 93
31 71
32 36
13 59
44 126
32 72
72 108
64 104
46 92
7 100
19 74
10 25
42 94
110 112
29 124
21 120
94 104
0 97
60 111
32 49
10 110
25 126
45 104
37 100
57 78
58 79
71 98
90 111
7 113
0 74
39 65
41 111
1 38
4 80
10 123
2 119
9 15
14 93
37 113
89 123
15 94
47 126
27 68
0 51
79 115
30 73
75 81
0 87
60 101
16 31
56 67
33 120
53 98
66 117
5 21
97 104
22 110
109 115
55 107
8 32
67 118
28 126
0 64
1 28
53 75
44 106
85 107
37 67
15 48
86 108
70 100
0 41
9 126
41 78
1 5
33 74
10 90
85 120
37 80
3 87
89 90
55 97
1 126
0 18
79 82
111 114
36 120
82 87
28 116
21 77
0 54
80 126
31 126
86 98
16 119
0 31
58 121
61 126
40 103
2 76
66 97
12 126
4 122
43 113
0 8
40 80
41 45
4 14
42 126
22 31
66 74
15 28
7 24
13 104
118 120
16 109
76 123
9 70
48 61
0 21
69 120
11 115
39 97
103 118
54 113
4 112
64 126
17 51
55 77
5 76
9 83
15 126
25 27
10 47
94 126
0 119
12 93
31 106
51 84
1 83
47 50
45 126
48 51
21 34
2 20
62 71
81 84
0 96
33 44
75 126
13 71
4 102
65 81
35 89
36 54
55 67
6 31
68 122
15 116
61 83
26 125
18 121
10 37
42 106
94 116
0 109
60 123
52 119
4 79
32 61
87 113
5 43
38 77
2 10
48 126
0 86
12 60
75 116
78 126
0 63
31 50
63 119
83 97
29 126
0 99
53 74
23 82
2 108
108 126
46 71
3 109
68 89
7 79
27 57
59 126
19 53
79 104
50 77
0 76
25 105
72 100
85 119
5 10
22 99
27 34
79 81
89 125
42 50
28 115
0 53
23 36
21 112
40 125
81 126
32 126
14 108
0 30
19 43
111 126
17 119
101 112
0 66
52 76
104 123
21 125
62 126
74 100
53 77
45 73
13 126
0 43
5 121
92 126
4 13
1 7
37 46
10 92
93 126
26 36
3 89
15 63
55 99
48 60
67 110
0 20
59 106
11 29
17 109
63 76
28 118
29 83
69 119
6 99
12 30
123 126
2 65
22 43
33 89
32 93
24 125
65 126
21 56
0 33
100 120
42 115
81 106
31 105
54 125
95 126
74 103
59 60
8 14
0 10
19 23
46 126
69 109
21 69
61 105
52 56
125 126
4 16
114 116
23 114
15 30
55 66
7 26
59 73
70 82
57 112
29 50
21 46
0 23
40 59
92 106
77 126
10 36
0 108
33 56
51 73
22 46
66 89
36 66
28 62
107 126
5 78
58 90
10 49
3 10
8 125
0 121
84 120
59 63
80 85
79 126
27 115
0 98
30 120
1 62
72 122
109 126
6 33
98 116
49 111
21 49
27 92
0 75
18 123
19 88
20 53
110 126
102 122
54 82
0 111
44 117
16 55
28 29
5 45
46 83
3 121
9 52
21 26
6 46
79 116
71 112
8 92
54 59
0 88
60 102
83 122
1 52
25 117
53 99
16 68
18 77
70 124
82 98
0 65
18 113
31 52
63 121
60 115
13 40
25 94
64 85
105 123
16 45
2 110
35 58
68 91
8 46
27 59
19 55
71 102
48 118
0 78
41 79
20 56
75 108
46 50
22 101
14 97
6 13
42 52
0 55
19 68
12 29
4 25
63 111
94 98
34 53
52 101
72 79
64 75
124 126
16 35
3 65
108 118
74 125
5 25
67 122
0 32
19 45
9 117
21 91
0 68
52 78
4 38
10 81
3 78
35 110
96 126
36 111
9 94
29 72
47 120
0 45
20 23
41 82
34 43
25 74
13 105
38 49
36 88
8 26
27 39
0 22
9 107
69 121
40 94
41 59
81 95
112 119
62 118
54 114
32 95
23 126
1 107
88 112
26 51
17 88
57 124
21 58
0 35
80 107
58 125
0 120
43 81
74 105
4 126
32 108
1 120
0 12
40 48
92 95
9 97
62 72
80 120
33 45
73 81
73 117
114 118
106 114
51 98
35 90
7 28
18 37
49 110
68 123
26 126
10 38
0 110
3 35
35 67
95 118
1 74
56 126
35 103
36 68
0 2
38 114
49 123
10 15
7 126
54 58
11 96
2 47
0 123
43 84
99 101
37 126
57 104
58 69
77 82
68 113
15 107
121 125
0 100
19 113
32 52
24 48
106 117
65 85
16 80
57 81
5 70
57 117
8 81
0 77
23 60
2 37
102 124
0 113
13 52
10 126
5 47
37 116
89 126
8 58
26 106
18 102
19 67
11 63
10 18
40 126
0 90
41 91
31 77
72 78
23 73
33 123
65 75
57 71
117 122
28 44
14 109
70 126
0 67
12 41
83 101
21 126
86 111
0 44
63 100
0 80
33 77
13 19
24 28
10 93
1 44
43 126
22 103
15 64
26 73
59 107
70 116
30 43
82 90
29 84
8 61
0 57
52 67
112 118
21 116
1 21
73 126
51 107
66 123
78 97
24 126
55 113
47 109
0 34
17 123
41 71
6 113
54 126
35 112
0 11
59 97
30 33
21 70
0 47
45 54
85 90
56 63
7 27
76 126
0 24
17 113
29 87
27 126
52 70
25 53
2 69
106 126
16 89
15 44
1 109
0 1
46 117
57 126
21 60
50 123
22 24
8 126
0 122
84 121
87 126
1 86
47 53
66 103
59 64
70 73
0 14
40 50
92 97
38 126
58 104
50 100
25 43
74 84
72 123
36 57
118 126
21 50
61 86
27 93
6 70
2 36
81 100
0 112
60 126
31 99
95 120
1 76
13 87
45 119
28 66
46 120
38 116
90 126
10 17
69 103
61 99
27 106
0 89
23 72
75 119
0 125
41 126
87 93
17 34
120 126
46 97
15 109
71 126
0 102
11 111
72 90
24 50
95 110
72 126
15 86
49 115
7 118
8 83
0 79
39 70
91 117
102 126
75 109
52 125
86 123
78 119
57 96
0 56
82 125
0 92
52 102
32 44
84 91
56 72
75 122
33 125
74 126
34 90
46 64
65 77
38 60
3 102
9 33
19 46
63 89
0 69
19 82
4 39
104 126
83 103
33 102
16 49
9 10
67 100
89 118
48 86
0 46
18 94
19 59
1 10
12 56
13 21
16 26
85 125
3 92
89 95
47 98
17 112
63 79
82 92
0 59
4 29
62 119
1 23
56 75
86 103
38 63
0 36
4 6
58 126
81 109
3 82
16 101
15 56
88 126
67 103
27 30
0 13
18 61
63 69
36 115
60 63
54 105
73 118
39 125
56 65
14 68
86 93
0 26
119 126
111 122
50 112
8 115
41 63
33 59
73 95
39 102
31 98
66 92
51 112
43 108
88 116
0 3
59 89
21 62
61 98
33 36
25 32
30 110
91 126
62 99
81 112
0 124
66 69
67 70
65 109
16 104
28 78
0 16
121 126
10 29
0 101
73 85
43 62
122 126
12 111
24 85
36 59
46 109
6 36
57 118
49 114
18 126
94 121
0 114
103 126
34 112
76 108
29 33
26 107
0 91
32 43
95 99
12 101
16 71
56 107
117 123
68 81
58 73
98 109
49 104
50 69
77 86
80 91
26 120
54 75
0 104
4 74
105 126
10 117
65 89
7 84
26 97
42 78
82 114
0 81
31 68
13 56
53 92
72 105
2 126
22 104
34 115
5 51
98 99
49 94
69 72
26 110
0 58
79 122
91 96
2 18
102 105
21 117
16 38
108 121
1 58
45 101
46 66
65 79
57 75
109 122
8 39
19 48
29 98
0 71
20 49
9 12
59 98
97 124
36 114
42 45
8 52
0 48
5 126
29 111
25 77
45 55
3 58
22 71
34 82
5 18
32 121
78 88
57 65
97 101
35 126
36 91
26 77
0 25
59 111
71 85
90 98
0 61
41 62
112 122
37 64
16 126
17 91
36 104
29 65
0 38
19 51
5 116
50 124
1 2
33 71
73 107
25 67
2 83
3 48
66 104
32 111
16 103
15 58
48 55
0 15
28 113
4 21
104 108
37 54
23 119
35 93
14 70
15 35
96 109
16 116
68 126
48 68
0 28
6 71
19 126
43 74
7 8
