# Tier 6 (Large) - Instance 17
# Generated with config: N=129, K=5, topology=random_dag, calendar=staggered

# HEADER: <num_tasks> <num_types> <num_units>
131 5 45

# RESOURCE TYPES
# Format: <type_id> <num_units> <unit_id1> <unit_id2> ...
0 10 0 1 2 3 4 5 6 7 8 9
1 10 10 11 12 13 14 15 16 17 18 19
2 8 20 21 22 23 24 25 26 27
3 7 28 29 30 31 32 33 34
4 10 35 36 37 38 39 40 41 42 43 44

# RESOURCE UNITS (Calendars)
# Format: <unit_id> <num_steps> <t1> <v1> <t2> <v2> ...
0 24 0 100 62 0 71 100 124 0 133 100 186 0 197 100 248 0 256 100 310 0 322 100 372 0 387 100 434 0 443 100 496 0 504 100 558 0 573 100 620 0 632 100 682 0 693 100 746 0
1 24 0 100 78 0 90 100 140 0 150 100 202 0 217 100 264 0 277 100 326 0 337 100 388 0 400 100 450 0 464 100 512 0 524 100 574 0 584 100 636 0 645 100 698 0 713 100 746 0
2 24 0 100 94 0 107 100 156 0 165 100 218 0 233 100 280 0 292 100 342 0 356 100 404 0 412 100 466 0 478 100 528 0 539 100 590 0 598 100 652 0 660 100 714 0 725 100 746 0
3 24 0 100 110 0 121 100 172 0 182 100 234 0 247 100 296 0 308 100 358 0 372 100 420 0 431 100 482 0 496 100 544 0 554 100 606 0 614 100 668 0 677 100 730 0 738 100 746 0
4 23 0 0 15 100 126 0 141 100 188 0 202 100 250 0 264 100 312 0 324 100 374 0 387 100 436 0 445 100 498 0 509 100 560 0 571 100 622 0 631 100 684 0 695 100 746 0
5 24 0 100 16 0 25 100 142 0 154 100 204 0 214 100 266 0 279 100 328 0 338 100 390 0 402 100 452 0 467 100 514 0 527 100 576 0 585 100 638 0 646 100 700 0 713 100 746 0
6 24 0 100 32 0 44 100 158 0 167 100 220 0 228 100 282 0 295 100 344 0 356 100 406 0 415 100 468 0 483 100 530 0 542 100 592 0 602 100 654 0 665 100 716 0 726 100 746 0
7 24 0 100 48 0 61 100 174 0 183 100 236 0 244 100 298 0 312 100 360 0 374 100 422 0 431 100 484 0 496 100 546 0 558 100 608 0 618 100 670 0 683 100 732 0 743 100 746 0
8 24 0 100 2 0 11 100 64 0 79 100 190 0 204 100 252 0 260 100 314 0 323 100 376 0 384 100 438 0 451 100 500 0 513 100 562 0 577 100 624 0 632 100 686 0 697 100 746 0
9 24 0 100 18 0 30 100 80 0 93 100 206 0 219 100 268 0 282 100 330 0 344 100 392 0 407 100 454 0 464 100 516 0 526 100 578 0 587 100 640 0 655 100 702 0 712 100 746 0
10 24 0 100 34 0 42 100 96 0 106 100 222 0 231 100 284 0 293 100 346 0 354 100 408 0 417 100 470 0 481 100 532 0 543 100 594 0 602 100 656 0 667 100 718 0 728 100 746 0
11 22 0 100 50 0 61 100 112 0 125 100 238 0 251 100 300 0 314 100 362 0 370 100 424 0 432 100 486 0 501 100 548 0 561 100 610 0 622 100 672 0 680 100 746 0
12 24 0 100 4 0 14 100 66 0 81 100 128 0 143 100 254 0 265 100 316 0 331 100 378 0 390 100 440 0 448 100 502 0 511 100 564 0 577 100 626 0 635 100 688 0 703 100 746 0
13 24 0 100 20 0 30 100 82 0 91 100 144 0 154 100 270 0 279 100 332 0 346 100 394 0 408 100 456 0 464 100 518 0 532 100 580 0 594 100 642 0 650 100 704 0 712 100 746 0
14 24 0 100 36 0 50 100 98 0 107 100 160 0 175 100 286 0 295 100 348 0 358 100 410 0 419 100 472 0 487 100 534 0 549 100 596 0 608 100 658 0 666 100 720 0 729 100 746 0
15 24 0 100 52 0 62 100 114 0 123 100 176 0 188 100 302 0 312 100 364 0 377 100 426 0 437 100 488 0 501 100 550 0 563 100 612 0 626 100 674 0 687 100 736 0 745 100 746 0
16 24 0 100 6 0 18 100 68 0 78 100 130 0 138 100 192 0 207 100 318 0 329 100 380 0 391 100 442 0 456 100 504 0 519 100 566 0 575 100 628 0 637 100 690 0 701 100 746 0
17 24 0 100 22 0 33 100 84 0 94 100 146 0 160 100 208 0 222 100 334 0 344 100 396 0 406 100 458 0 468 100 520 0 528 100 582 0 597 100 644 0 658 100 706 0 721 100 746 0
18 24 0 100 38 0 47 100 100 0 113 100 162 0 172 100 224 0 235 100 350 0 359 100 412 0 427 100 474 0 487 100 536 0 546 100 598 0 611 100 660 0 668 100 722 0 732 100 746 0
19 22 0 100 54 0 66 100 116 0 128 100 178 0 187 100 240 0 248 100 366 0 375 100 428 0 437 100 490 0 501 100 552 0 561 100 614 0 626 100 676 0 691 100 746 0
20 24 0 100 8 0 16 100 70 0 84 100 132 0 142 100 194 0 208 100 256 0 267 100 382 0 397 100 444 0 453 100 506 0 519 100 568 0 582 100 630 0 639 100 692 0 700 100 746 0
21 24 0 100 24 0 35 100 86 0 101 100 148 0 160 100 210 0 223 100 272 0 284 100 398 0 406 100 460 0 474 100 522 0 534 100 584 0 595 100 646 0 659 100 708 0 719 100 746 0
22 24 0 100 40 0 50 100 102 0 110 100 164 0 177 100 226 0 241 100 288 0 301 100 414 0 424 100 476 0 487 100 538 0 550 100 600 0 610 100 662 0 676 100 724 0 738 100 746 0
23 22 0 100 56 0 66 100 118 0 131 100 180 0 193 100 242 0 250 100 304 0 313 100 430 0 440 100 492 0 504 100 554 0 562 100 616 0 624 100 678 0 686 100 746 0
24 24 0 100 10 0 18 100 72 0 81 100 134 0 148 100 196 0 206 100 258 0 271 100 320 0 332 100 446 0 458 100 508 0 520 100 570 0 581 100 632 0 646 100 694 0 702 100 746 0
25 24 0 100 26 0 40 100 88 0 99 100 150 0 158 100 212 0 221 100 274 0 286 100 336 0 350 100 462 0 476 100 524 0 532 100 586 0 599 100 648 0 658 100 710 0 721 100 746 0
26 24 0 100 42 0 54 100 104 0 115 100 166 0 175 100 228 0 238 100 290 0 304 100 352 0 362 100 478 0 488 100 540 0 549 100 602 0 615 100 664 0 672 100 726 0 741 100 746 0
27 22 0 100 58 0 70 100 120 0 130 100 182 0 193 100 244 0 257 100 306 0 319 100 368 0 379 100 494 0 509 100 556 0 571 100 618 0 628 100 680 0 695 100 746 0
28 24 0 100 12 0 26 100 74 0 89 100 136 0 148 100 198 0 212 100 260 0 275 100 322 0 331 100 384 0 392 100 510 0 519 100 572 0 585 100 634 0 648 100 696 0 704 100 746 0
29 24 0 100 28 0 37 100 90 0 100 100 152 0 160 100 214 0 228 100 276 0 287 100 338 0 353 100 400 0 408 100 526 0 540 100 588 0 598 100 650 0 659 100 712 0 726 100 746 0
30 24 0 100 44 0 57 100 106 0 117 100 168 0 181 100 230 0 239 100 292 0 300 100 354 0 366 100 416 0 427 100 542 0 557 100 604 0 615 100 666 0 679 100 728 0 738 100 746 0
31 22 0 100 60 0 68 100 122 0 135 100 184 0 196 100 246 0 261 100 308 0 316 100 370 0 383 100 432 0 442 100 558 0 571 100 620 0 628 100 682 0 696 100 746 0
32 24 0 100 14 0 26 100 76 0 90 100 138 0 152 100 200 0 211 100 262 0 276 100 324 0 339 100 386 0 401 100 448 0 456 100 574 0 586 100 636 0 648 100 698 0 708 100 746 0
33 24 0 100 30 0 45 100 92 0 107 100 154 0 163 100 216 0 227 100 278 0 289 100 340 0 354 100 402 0 412 100 464 0 477 100 590 0 605 100 652 0 661 100 714 0 723 100 746 0
34 24 0 100 46 0 56 100 108 0 123 100 170 0 178 100 232 0 247 100 294 0 307 100 356 0 365 100 418 0 433 100 480 0 493 100 606 0 617 100 668 0 677 100 730 0 741 100 746 0
35 23 0 0 9 100 62 0 77 100 124 0 133 100 186 0 199 100 248 0 256 100 310 0 325 100 372 0 387 100 434 0 447 100 496 0 505 100 622 0 634 100 684 0 697 100 746 0
36 24 0 100 16 0 24 100 78 0 93 100 140 0 154 100 202 0 214 100 264 0 275 100 326 0 340 100 388 0 396 100 450 0 464 100 512 0 520 100 638 0 651 100 700 0 710 100 746 0
37 24 0 100 32 0 40 100 94 0 108 100 156 0 165 100 218 0 229 100 280 0 288 100 342 0 356 100 404 0 414 100 466 0 477 100 528 0 538 100 654 0 662 100 716 0 725 100 746 0
38 24 0 100 48 0 58 100 110 0 118 100 172 0 180 100 234 0 244 100 296 0 308 100 358 0 368 100 420 0 435 100 482 0 490 100 544 0 559 100 670 0 682 100 732 0 742 100 746 0
39 24 0 100 2 0 12 100 64 0 76 100 126 0 140 100 188 0 203 100 250 0 262 100 312 0 322 100 374 0 382 100 436 0 451 100 498 0 511 100 560 0 568 100 686 0 694 100 746 0
40 24 0 100 18 0 33 100 80 0 89 100 142 0 154 100 204 0 217 100 266 0 276 100 328 0 341 100 390 0 399 100 452 0 467 100 514 0 529 100 576 0 591 100 702 0 711 100 746 0
41 24 0 100 34 0 43 100 96 0 107 100 158 0 172 100 220 0 231 100 282 0 292 100 344 0 355 100 406 0 418 100 468 0 479 100 530 0 539 100 592 0 604 100 718 0 726 100 746 0
42 22 0 100 50 0 64 100 112 0 126 100 174 0 185 100 236 0 250 100 298 0 307 100 360 0 372 100 422 0 431 100 484 0 492 100 546 0 559 100 608 0 620 100 746 0
43 24 0 100 4 0 14 100 66 0 75 100 128 0 139 100 190 0 204 100 252 0 260 100 314 0 328 100 376 0 387 100 438 0 450 100 500 0 509 100 562 0 570 100 624 0 634 100 746 0
44 24 0 100 20 0 34 100 82 0 97 100 144 0 156 100 206 0 221 100 268 0 282 100 330 0 344 100 392 0 407 100 454 0 464 100 516 0 526 100 578 0 592 100 640 0 649 100 746 0

# TASKS
# Format: <task_id> <size> <num_reqs>
# Then for each requirement: <type_id> <qty>
0 0 5
 0 0
 1 0
 2 0
 3 0
 4 0
1 12 5
 0 0
 1 3
 2 1
 3 3
 4 3
2 6 5
 0 2
 1 1
 2 1
 3 0
 4 3
3 12 5
 0 0
 1 1
 2 0
 3 3
 4 2
4 9 5
 0 0
 1 1
 2 2
 3 2
 4 1
5 12 5
 0 1
 1 2
 2 3
 3 1
 4 1
6 4 5
 0 1
 1 2
 2 2
 3 0
 4 0
7 3 5
 0 0
 1 2
 2 0
 3 3
 4 3
8 9 5
 0 2
 1 3
 2 2
 3 3
 4 3
9 4 5
 0 1
 1 1
 2 2
 3 2
 4 3
10 3 5
 0 0
 1 0
 2 2
 3 2
 4 1
11 15 5
 0 0
 1 3
 2 1
 3 3
 4 2
12 14 5
 0 3
 1 2
 2 0
 3 1
 4 1
13 6 5
 0 3
 1 0
 2 2
 3 3
 4 3
14 14 5
 0 0
 1 3
 2 0
 3 0
 4 2
15 13 5
 0 2
 1 3
 2 1
 3 0
 4 3
16 9 5
 0 0
 1 3
 2 1
 3 1
 4 0
17 13 5
 0 3
 1 0
 2 2
 3 2
 4 0
18 13 5
 0 2
 1 1
 2 2
 3 2
 4 3
19 4 5
 0 2
 1 0
 2 1
 3 3
 4 0
20 9 5
 0 1
 1 0
 2 0
 3 3
 4 3
21 9 5
 0 0
 1 0
 2 3
 3 2
 4 2
22 7 5
 0 3
 1 3
 2 2
 3 0
 4 1
23 13 5
 0 2
 1 3
 2 1
 3 0
 4 1
24 12 5
 0 3
 1 1
 2 3
 3 1
 4 0
25 14 5
 0 2
 1 0
 2 3
 3 3
 4 0
26 5 5
 0 2
 1 0
 2 3
 3 3
 4 0
27 12 5
 0 2
 1 0
 2 0
 3 0
 4 1
28 13 5
 0 1
 1 2
 2 0
 3 1
 4 1
29 4 5
 0 3
 1 2
 2 1
 3 0
 4 0
30 15 5
 0 3
 1 0
 2 2
 3 2
 4 2
31 13 5
 0 1
 1 3
 2 2
 3 0
 4 0
32 6 5
 0 3
 1 1
 2 3
 3 1
 4 2
33 12 5
 0 3
 1 3
 2 3
 3 0
 4 0
34 11 5
 0 1
 1 0
 2 2
 3 1
 4 0
35 3 5
 0 2
 1 1
 2 2
 3 2
 4 0
36 15 5
 0 1
 1 3
 2 1
 3 3
 4 0
37 7 5
 0 2
 1 3
 2 1
 3 3
 4 3
38 10 5
 0 1
 1 1
 2 1
 3 0
 4 2
39 3 5
 0 1
 1 0
 2 3
 3 1
 4 1
40 11 5
 0 1
 1 3
 2 1
 3 2
 4 0
41 9 5
 0 0
 1 3
 2 1
 3 1
 4 0
42 5 5
 0 1
 1 3
 2 2
 3 0
 4 2
43 8 5
 0 2
 1 3
 2 1
 3 0
 4 1
44 11 5
 0 1
 1 2
 2 3
 3 2
 4 0
45 9 5
 0 0
 1 3
 2 1
 3 3
 4 2
46 10 5
 0 0
 1 3
 2 2
 3 0
 4 1
47 5 5
 0 0
 1 3
 2 0
 3 1
 4 2
48 7 5
 0 1
 1 1
 2 0
 3 2
 4 2
49 7 5
 0 1
 1 2
 2 3
 3 2
 4 0
50 13 5
 0 2
 1 2
 2 1
 3 0
 4 3
51 8 5
 0 0
 1 3
 2 1
 3 1
 4 2
52 15 5
 0 1
 1 0
 2 1
 3 1
 4 3
53 4 5
 0 2
 1 0
 2 2
 3 2
 4 3
54 11 5
 0 0
 1 1
 2 3
 3 2
 4 1
55 13 5
 0 0
 1 0
 2 1
 3 1
 4 1
56 5 5
 0 1
 1 1
 2 0
 3 0
 4 3
57 7 5
 0 2
 1 0
 2 2
 3 1
 4 3
58 4 5
 0 1
 1 0
 2 1
 3 0
 4 3
59 5 5
 0 3
 1 0
 2 0
 3 3
 4 0
60 14 5
 0 0
 1 1
 2 3
 3 1
 4 3
61 5 5
 0 1
 1 1
 2 1
 3 0
 4 3
62 15 5
 0 0
 1 3
 2 0
 3 2
 4 3
63 6 5
 0 3
 1 0
 2 2
 3 0
 4 0
64 14 5
 0 3
 1 1
 2 2
 3 3
 4 0
65 11 5
 0 2
 1 3
 2 1
 3 2
 4 0
66 12 5
 0 0
 1 0
 2 2
 3 1
 4 3
67 6 5
 0 2
 1 3
 2 2
 3 1
 4 3
68 14 5
 0 2
 1 0
 2 1
 3 1
 4 1
69 6 5
 0 3
 1 3
 2 3
 3 2
 4 2
70 6 5
 0 2
 1 0
 2 2
 3 0
 4 0
71 12 5
 0 1
 1 1
 2 3
 3 2
 4 0
72 15 5
 0 3
 1 1
 2 1
 3 1
 4 1
73 14 5
 0 0
 1 1
 2 3
 3 3
 4 2
74 9 5
 0 2
 1 2
 2 3
 3 0
 4 2
75 15 5
 0 1
 1 1
 2 0
 3 0
 4 0
76 5 5
 0 0
 1 0
 2 1
 3 3
 4 0
77 4 5
 0 0
 1 0
 2 1
 3 1
 4 1
78 15 5
 0 1
 1 1
 2 1
 3 3
 4 1
79 6 5
 0 2
 1 2
 2 0
 3 0
 4 1
80 6 5
 0 2
 1 1
 2 0
 3 2
 4 0
81 11 5
 0 0
 1 0
 2 3
 3 1
 4 3
82 4 5
 0 3
 1 3
 2 2
 3 2
 4 2
83 3 5
 0 3
 1 3
 2 2
 3 3
 4 2
84 11 5
 0 0
 1 3
 2 0
 3 3
 4 3
85 6 5
 0 3
 1 2
 2 1
 3 2
 4 1
86 14 5
 0 0
 1 2
 2 2
 3 0
 4 0
87 3 5
 0 1
 1 3
 2 0
 3 3
 4 2
88 5 5
 0 0
 1 3
 2 0
 3 0
 4 0
89 10 5
 0 0
 1 0
 2 1
 3 1
 4 0
90 13 5
 0 1
 1 0
 2 0
 3 1
 4 1
91 11 5
 0 1
 1 0
 2 1
 3 0
 4 2
92 5 5
 0 0
 1 1
 2 0
 3 3
 4 0
93 14 5
 0 1
 1 3
 2 0
 3 3
 4 2
94 8 5
 0 3
 1 2
 2 0
 3 1
 4 1
95 12 5
 0 3
 1 0
 2 2
 3 1
 4 0
96 15 5
 0 1
 1 2
 2 2
 3 0
 4 3
97 3 5
 0 0
 1 1
 2 3
 3 0
 4 2
98 8 5
 0 1
 1 0
 2 0
 3 3
 4 2
99 8 5
 0 3
 1 0
 2 1
 3 2
 4 3
100 3 5
 0 3
 1 2
 2 1
 3 3
 4 0
101 5 5
 0 2
 1 3
 2 1
 3 0
 4 3
102 7 5
 0 1
 1 3
 2 0
 3 0
 4 2
103 5 5
 0 0
 1 3
 2 0
 3 1
 4 0
104 7 5
 0 1
 1 2
 2 2
 3 3
 4 3
105 15 5
 0 0
 1 0
 2 0
 3 0
 4 2
106 13 5
 0 2
 1 0
 2 1
 3 0
 4 1
107 13 5
 0 3
 1 2
 2 3
 3 1
 4 1
108 13 5
 0 0
 1 1
 2 1
 3 1
 4 2
109 3 5
 0 0
 1 0
 2 1
 3 1
 4 1
110 9 5
 0 0
 1 3
 2 0
 3 2
 4 3
111 6 5
 0 2
 1 2
 2 0
 3 0
 4 0
112 11 5
 0 3
 1 1
 2 1
 3 3
 4 3
113 7 5
 0 0
 1 2
 2 1
 3 1
 4 3
114 9 5
 0 1
 1 1
 2 0
 3 3
 4 3
115 7 5
 0 0
 1 3
 2 0
 3 2
 4 2
116 14 5
 0 1
 1 0
 2 1
 3 0
 4 3
117 11 5
 0 0
 1 1
 2 3
 3 3
 4 0
118 15 5
 0 0
 1 0
 2 1
 3 2
 4 3
119 15 5
 0 1
 1 1
 2 0
 3 1
 4 0
120 4 5
 0 3
 1 3
 2 0
 3 3
 4 3
121 11 5
 0 0
 1 0
 2 2
 3 1
 4 0
122 15 5
 0 3
 1 3
 2 1
 3 2
 4 2
123 7 5
 0 2
 1 0
 2 3
 3 1
 4 1
124 14 5
 0 2
 1 2
 2 3
 3 0
 4 0
125 5 5
 0 1
 1 2
 2 0
 3 2
 4 0
126 15 5
 0 2
 1 3
 2 0
 3 2
 4 0
127 14 5
 0 0
 1 3
 2 0
 3 2
 4 2
128 15 5
 0 0
 1 3
 2 1
 3 3
 4 0
129 4 5
 0 2
 1 2
 2 2
 3 2
 4 0
130 0 5
 0 0
 1 0
 2 0
 3 0
 4 0

# PRECEDENCES
1724
96 122
29 32
88 118
0 5
6 48
57 130
9 90
29 68
69 104
41 42
73 74
6 84
83 124
22 28
8 130
54 97
0 126
74 75
106 107
39 117
32 78
51 91
16 70
87 130
7 21
5 60
37 129
49 103
68 116
100 105
5 96
92 101
38 130
58 108
61 113
8 107
27 120
0 103
25 47
87 107
12 113
32 91
9 44
28 57
1 103
88 108
98 121
50 81
39 71
91 118
83 114
3 5
0 116
60 130
20 94
23 99
24 64
84 115
36 38
34 114
38 84
58 62
3 126
9 57
29 35
15 100
26 109
113 114
90 130
91 95
2 17
0 93
12 67
24 41
41 130
1 57
53 104
72 117
17 38
120 130
26 86
38 97
8 74
27 87
0 70
18 118
71 130
83 104
0 106
33 103
12 80
4 76
44 112
1 70
45 113
37 109
65 91
3 116
15 90
55 126
79 111
71 107
90 120
63 103
82 116
29 110
0 83
23 66
33 116
93 130
45 90
38 51
76 77
49 60
28 37
109 111
67 114
86 127
6 18
59 110
61 70
101 106
0 60
20 38
30 82
123 130
53 71
4 66
74 130
45 103
97 113
0 37
17 126
29 100
0 73
40 109
41 74
20 51
12 47
4 43
104 130
10 86
34 71
74 107
38 41
49 50
18 62
29 77
47 125
0 50
6 93
31 37
40 122
41 87
81 123
53 61
85 93
74 120
85 129
126 130
59 77
32 123
86 94
70 86
89 99
35 128
36 93
7 66
0 27
119 127
17 116
77 130
41 64
12 37
54 119
20 126
12 122
15 47
96 121
1 112
7 43
107 130
26 56
0 4
13 123
18 52
99 126
28 102
8 44
0 40
12 14
58 130
9 125
50 126
73 109
34 38
15 24
66 106
13 100
35 118
36 83
1 125
88 130
8 21
48 57
0 17
19 30
5 95
92 100
9 102
77 120
80 125
73 122
34 51
93 100
37 56
24 86
35 95
36 60
15 37
55 73
17 83
28 92
69 93
40 66
10 43
110 130
61 125
0 115
33 63
23 98
51 80
3 40
43 76
103 127
35 72
87 119
32 103
16 95
17 60
76 109
28 69
29 34
0 7
11 16
38 119
9 92
42 89
39 83
31 79
91 130
42 125
62 103
0 128
106 109
85 86
35 85
36 50
7 23
17 73
76 122
9 69
69 83
15 112
121 130
80 92
50 106
10 33
91 107
2 29
94 112
0 105
73 89
19 118
23 88
84 104
114 126
24 89
22 128
47 72
98 123
50 83
61 92
8 86
0 82
18 130
11 91
31 69
2 42
54 89
0 118
52 128
9 23
53 129
58 64
50 60
15 102
27 76
54 66
0 95
20 73
24 43
124 130
16 39
46 67
26 88
46 103
6 30
18 84
98 113
82 105
0 72
39 63
12 46
30 94
91 110
75 102
41 109
105 130
6 7
68 98
8 53
27 66
0 49
19 62
79 113
11 58
39 40
71 109
31 36
0 85
44 91
46 57
37 88
56 101
2 130
9 26
67 116
27 43
70 121
17 115
28 124
8 66
0 62
29 125
1 26
25 91
53 73
10 111
116 129
22 85
86 106
38 66
27 56
0 39
59 125
5 117
90 112
9 124
48 115
60 89
12 49
45 46
22 62
14 58
32 112
37 78
51 125
2 120
35 117
14 94
71 76
63 72
42 49
29 79
0 52
20 30
5 130
41 89
59 79
38 56
35 130
47 104
0 29
59 115
69 128
112 126
2 74
62 125
54 121
74 99
66 95
85 108
36 72
96 123
26 58
0 6
16 130
36 108
47 117
0 42
41 43
92 125
42 124
22 29
0 127
34 40
45 49
32 79
2 87
84 126
22 65
35 84
14 61
55 62
66 108
18 31
78 82
24 111
36 85
76 121
29 46
0 19
40 55
52 65
85 98
51 105
16 84
96 113
57 121
58 86
68 130
61 91
80 104
14 15
0 117
19 130
39 108
12 91
3 42
15 16
47 48
53 128
18 21
16 97
21 32
0 9
5 87
49 130
80 117
81 82
0 94
19 107
43 55
95 102
20 108
12 104
13 69
43 91
16 74
34 128
17 75
68 120
69 85
15 114
7 110
0 107
20 85
51 72
87 111
34 105
46 79
76 101
9 48
22 130
18 96
90 121
69 98
101 130
7 123
54 55
0 84
20 62
30 106
23 67
24 32
43 45
14 18
33 117
52 130
12 94
25 113
65 69
17 29
2 129
35 77
28 38
68 74
47 51
98 102
3 130
77 79
80 84
26 113
39 52
31 48
91 99
82 130
83 95
0 97
20 75
4 67
64 81
33 130
57 78
3 107
68 87
109 125
7 77
67 128
6 32
98 115
30 60
50 75
61 84
101 120
7 113
8 78
0 74
63 130
23 57
94 117
93 121
45 81
67 105
37 113
89 123
36 117
55 130
8 55
0 51
19 64
71 111
23 34
2 11
29 114
0 87
33 84
6 130
12 61
32 39
105 109
35 44
34 85
25 116
85 130
86 95
32 124
65 72
56 103
57 68
120 124
119 128
70 123
71 88
36 130
82 97
0 64
52 74
31 51
115 130
21 123
64 84
51 114
22 87
15 48
66 130
86 108
38 68
7 80
27 58
0 41
12 15
17 130
48 117
40 113
6 120
52 87
16 21
34 75
66 107
37 80
49 54
35 119
1 126
67 108
27 35
0 18
59 104
70 113
30 40
17 107
63 74
82 87
21 77
0 54
41 55
33 51
104 111
10 67
54 110
73 123
34 52
39 130
85 97
37 57
43 100
66 120
118 130
89 103
17 84
36 97
55 110
0 31
11 40
58 121
63 87
69 130
40 103
20 130
66 97
32 104
15 51
55 87
8 12
0 8
99 130
11 17
40 80
5 122
6 87
52 54
92 127
50 130
54 100
0 129
34 42
39 120
45 51
31 116
37 47
51 94
43 90
14 63
15 28
59 71
118 120
70 80
77 88
48 61
0 21
100 108
92 104
111 117
80 129
33 54
19 119
10 70
3 31
43 67
103 118
20 120
13 81
72 130
17 51
96 115
1 106
7 37
65 127
9 83
50 84
61 93
80 106
102 130
94 126
0 119
3 44
95 127
1 83
7 14
53 130
5 53
49 96
5 89
92 94
2 20
8 100
0 96
73 80
39 87
125 127
83 130
75 126
103 108
87 100
33 129
66 77
32 84
24 80
64 116
9 37
22 119
34 130
5 66
46 104
38 100
50 74
21 47
80 96
113 130
18 121
30 95
42 106
54 80
0 109
20 87
51 74
43 70
95 117
1 73
46 81
64 129
17 54
57 90
7 89
2 10
61 96
27 103
0 86
11 95
39 77
43 47
72 110
65 71
16 66
56 102
36 44
86 130
6 21
37 125
49 99
90 100
7 102
27 80
0 63
79 127
110 114
54 70
0 99
1 27
33 96
12 73
4 69
23 82
116 130
22 86
87 103
46 71
86 107
38 67
9 40
15 83
67 130
27 57
79 104
0 76
31 63
34 74
44 118
5 10
56 92
9 17
67 107
27 34
46 84
97 129
49 89
89 125
42 50
0 53
12 27
83 87
29 116
48 129
94 96
52 99
13 28
25 82
4 59
46 61
86 97
32 126
78 93
14 108
47 105
8 34
0 30
18 78
119 130
82 99
0 66
60 80
12 40
104 123
21 125
41 103
1 30
74 100
64 86
37 69
51 116
22 89
17 96
28 105
0 43
100 130
5 121
81 116
53 54
45 50
16 23
18 32
24 112
3 89
89 92
15 63
55 99
8 24
0 20
5 98
30 42
9 105
69 119
40 92
6 99
25 49
10 69
115 122
81 129
122 130
73 125
31 128
32 93
37 59
14 75
67 87
18 45
24 125
0 33
40 69
50 119
73 102
25 62
39 109
3 43
103 130
14 52
59 60
32 106
51 119
17 63
35 111
28 72
48 50
0 10
11 19
38 122
61 105
80 118
41 47
52 56
125 126
10 59
3 20
62 106
20 109
85 89
84 130
96 104
1 95
7 26
118 122
70 82
36 89
76 125
0 23
80 95
50 109
62 83
0 108
30 130
23 91
35 65
95 116
87 112
20 122
53 119
16 88
96 117
9 85
69 99
42 82
15 128
30 107
31 72
91 123
62 96
22 23
14 19
0 121
20 99
11 130
72 109
51 86
7 16
45 128
5 55
46 93
65 106
61 72
80 85
26 114
91 100
2 22
81 86
0 98
30 120
23 81
84 97
65 83
117 130
109 126
5 68
6 33
68 124
27 92
0 75
30 97
91 113
102 122
0 111
13 50
44 117
5 45
57 92
3 121
9 52
14 130
21 26
6 46
79 116
0 88
12 62
52 98
4 58
72 76
43 49
75 118
35 45
116 119
127 128
33 121
34 86
44 130
72 112
46 60
17 33
22 111
14 107
49 101
7 104
0 65
11 74
12 39
12 75
53 76
4 71
16 45
2 110
22 88
25 130
46 73
37 104
65 86
68 91
14 120
8 46
27 59
59 128
30 64
82 111
21 101
0 78
41 79
60 92
25 107
10 127
51 128
9 19
22 101
49 55
14 97
6 13
38 82
70 114
47 130
48 95
0 55
30 77
112 116
63 111
123 125
75 85
115 121
21 114
94 98
33 88
37 58
56 71
22 78
66 121
26 48
5 25
47 107
27 49
0 32
71 92
90 105
28 130
0 68
1 32
33 101
53 79
1 117
17 98
8 49
0 45
11 54
4 15
23 28
9 130
41 82
1 9
73 114
34 43
53 56
14 64
7 25
32 118
78 85
24 114
16 110
89 94
1 130
8 26
27 39
0 22
59 108
119 122
11 31
30 44
71 82
28 120
80 130
40 94
93 105
31 130
32 95
35 100
96 116
67 89
99 121
57 124
29 62
0 35
5 113
61 130
0 120
20 98
10 84
23 103
14 54
95 128
12 130
13 95
47 87
0 12
50 98
33 45
73 81
51 62
42 130
73 117
106 114
72 121
23 116
43 94
36 55
96 106
7 28
107 115
118 124
5 67
46 105
5 103
18 122
42 107
54 81
27 127
0 110
51 75
24 58
43 71
103 122
1 74
53 121
64 130
76 104
9 51
68 100
0 2
50 88
15 130
21 61
39 78
91 125
51 52
84 86
22 25
8 127
94 130
0 123
16 67
34 121
45 130
6 22
37 126
9 64
29 42
61 74
7 103
38 127
79 128
10 28
91 102
2 24
0 100
19 113
20 78
11 109
30 122
4 70
32 52
72 88
75 130
26 93
6 35
50 78
90 114
101 123
0 77
12 51
0 113
52 123
53 88
32 65
72 101
24 61
16 57
17 22
53 124
97 130
18 102
19 67
30 76
62 65
48 130
94 97
0 90
40 126
11 99
31 77
124 125
116 121
95 98
127 130
34 88
5 24
46 62
65 75
38 58
56 106
17 35
9 31
78 130
90 104
48 107
0 67
39 58
29 130
25 96
4 73
56 83
108 130
67 98
78 107
49 80
0 44
59 130
19 57
79 108
82 113
29 107
0 80
41 81
23 63
16 24
56 60
1 44
46 52
38 48
51 130
89 93
14 99
8 25
67 111
59 107
79 85
119 121
70 116
30 43
9 106
101 103
0 57
12 31
29 120
81 130
41 94
93 104
45 64
10 106
108 120
74 127
13 117
32 130
24 126
70 93
55 113
0 34
11 43
111 130
17 123
9 119
82 103
29 97
60 84
33 67
6 113
62 130
22 57
12 129
45 77
51 120
43 116
7 50
88 124
0 11
13 130
59 97
11 20
28 109
0 47
92 130
6 90
44 53
21 106
81 120
73 116
53 58
85 90
23 115
56 63
2 92
13 107
24 116
35 125
47 99
0 24
100 111
11 33
9 109
6 103
2 69
114 130
51 110
24 93
0 1
5 79
65 130
36 103
5 115
10 50
62 97
0 122
20 100
37 40
95 130
15 21
55 57
66 103
18 26
24 106
1 122
29 41
88 127
0 14
46 130
11 23
58 104
9 99
50 100
69 113
33 47
73 83
125 130
39 90
22 37
13 74
51 100
24 83
64 119
17 44
5 69
38 103
21 50
40 63
26 128
6 70
91 114
2 36
61 122
0 112
20 90
39 103
17 57
68 102
29 31
88 117
21 27
98 130
49 125
10 17
2 13
61 99
27 106
0 89
32 41
2 49
95 97
0 125
12 99
32 77
24 73
64 109
16 69
1 89
128 130
87 129
99 103
37 128
65 110
58 71
49 102
15 109
121 127
18 114
79 130
83 100
54 73
0 102
52 112
43 63
53 113
46 74
65 87
17 47
49 79
109 130
14 121
50 80
2 3
0 79
102 126
25 108
37 82
56 95
6 14
3 125
49 92
50 57
89 128
42 53
15 99
21 30
7 95
8 60
26 108
27 73
0 56
18 104
19 69
39 47
82 125
83 90
29 119
0 92
60 106
44 98
43 53
124 127
75 122
65 77
67 123
59 119
19 46
70 128
17 122
63 89
0 69
20 47
60 83
71 129
112 130
4 39
104 126
1 33
93 116
36 112
27 63
0 46
19 59
29 109
10 95
16 26
56 62
32 119
3 92
43 128
35 124
18 71
19 36
82 92
8 63
21 82
0 59
12 33
1 23
33 92
34 57
53 70
2 104
108 122
74 129
66 125
18 48
28 98
0 36
100 123
71 96
63 92
29 99
60 86
54 128
34 70
13 96
18 25
37 75
51 122
16 101
35 114
96 130
67 103
0 13
63 69
21 72
12 23
10 62
73 118
93 96
37 52
56 65
43 95
35 91
67 80
107 116
24 118
65 119
89 98
76 128
48 66
0 26
21 85
19 124
44 68
103 123
23 130
24 95
51 112
35 104
47 78
107 129
0 3
28 101
61 98
27 105
4 9
10 52
2 48
0 124
12 98
96 97
7 19
67 70
13 99
4 130
16 104
36 82
28 78
29 43
129 130
0 16
6 59
50 102
8 105
0 101
39 92
2 61
43 62
103 113
64 121
43 98
16 81
36 59
76 95
1 101
88 106
5 71
65 122
58 83
26 130
83 112
8 118
54 85
0 114
11 123
39 105
13 53
31 101
32 66
16 58
37 117
56 130
16 94
17 59
58 60
26 107
5 84
6 49
69 105
62 66
7 130
0 91
73 75
35 48
14 25
95 99
1 55
106 108
4 97
64 111
68 81
14 110
37 130
49 104
8 72
39 59
91 106
21 127
0 104
23 87
64 88
16 48
34 102
53 115
46 76
49 81
22 127
68 94
26 97
27 62
79 109
27 98
0 81
40 117
20 59
31 68
1 45
52 127
5 15
46 53
10 130
17 26
57 62
9 22
49 58
46 89
38 85
79 86
89 130
49 94
101 104
0 58
20 36
29 121
75 88
40 130
1 22
33 91
124 129
16 38
66 124
57 75
68 84
14 113
15 78
55 114
26 87
70 130
17 124
63 91
0 71
41 72
31 58
44 77
75 101
21 130
52 117
25 100
53 82
37 74
2 116
7 51
30 34
36 114
42 45
0 48
20 26
31 35
75 78
40 120
60 98
53 59
64 68
78 88
57 65
43 130
0 25
9 110
0 61
40 97
6 104
4 31
10 74
73 130
33 94
25 90
23 129
14 80
67 92
24 130
70 97
89 110
0 38
54 130
26 31
85 117
13 98
15 58
1 123
7 54
0 15
19 28
30 37
77 118
41 52
33 48
10 64
122 125
12 110
37 54
78 91
17 81
76 130
0 28
5 106
8 117
54 84
27 130
44 70
31 100
51 78
3 38
54 120
106 130
