# Tier 6 (Large) - Instance 56
# Generated with config: N=280, K=4, topology=random_dag, calendar=random

# HEADER: <num_tasks> <num_types> <num_units>
282 4 16

# RESOURCE TYPES
# Format: <type_id> <num_units> <unit_id1> <unit_id2> ...
0 3 0 1 2
1 4 3 4 5 6
2 4 7 8 9 10
3 5 11 12 13 14 15

# RESOURCE UNITS (Calendars)
# Format: <unit_id> <num_steps> <t1> <v1> <t2> <v2> ...
0 28 0 100 60 0 69 100 182 0 188 100 261 0 270 100 424 0 434 100 469 0 476 100 569 0 576 100 666 0 676 100 728 0 741 100 876 0 884 100 913 0 919 100 955 0 964 100 1041 0 1045 100 1197 0 1208 100 2443 0
1 28 0 100 135 0 146 100 267 0 277 100 385 0 393 100 541 0 554 100 663 0 665 100 698 0 704 100 791 0 801 100 949 0 951 100 1094 0 1100 100 1161 0 1167 100 1320 0 1331 100 1400 0 1405 100 1445 0 1456 100 2443 0
2 28 0 100 119 0 124 100 278 0 285 100 325 0 331 100 426 0 434 100 499 0 503 100 587 0 592 100 647 0 659 100 808 0 815 100 873 0 878 100 933 0 941 100 980 0 993 100 1133 0 1141 100 1231 0 1235 100 2443 0
3 28 0 100 130 0 142 100 286 0 289 100 348 0 351 100 474 0 481 100 517 0 522 100 549 0 553 100 695 0 704 100 758 0 762 100 837 0 840 100 908 0 912 100 971 0 983 100 1111 0 1122 100 1181 0 1190 100 2443 0
4 28 0 0 13 100 122 0 132 100 171 0 183 100 324 0 326 100 412 0 420 100 453 0 455 100 540 0 552 100 596 0 600 100 677 0 690 100 791 0 797 100 873 0 884 100 1038 0 1042 100 1110 0 1117 100 1254 0 2443 0
5 28 0 100 60 0 66 100 125 0 138 100 255 0 262 100 320 0 330 100 451 0 464 100 538 0 545 100 693 0 704 100 745 0 749 100 860 0 866 100 899 0 912 100 1002 0 1010 100 1167 0 1180 100 1265 0 1267 100 2443 0
6 28 0 100 34 0 43 100 86 0 95 100 165 0 171 100 278 0 287 100 431 0 436 100 539 0 541 100 622 0 634 100 777 0 783 100 895 0 899 100 1052 0 1054 100 1145 0 1149 100 1295 0 1297 100 1337 0 1348 100 2443 0
7 28 0 0 4 100 108 0 115 100 197 0 200 100 293 0 296 100 399 0 403 100 505 0 511 100 540 0 548 100 595 0 598 100 658 0 661 100 692 0 698 100 834 0 837 100 915 0 921 100 950 0 961 100 1008 0 2443 0
8 28 0 100 29 0 38 100 103 0 112 100 262 0 268 100 409 0 417 100 551 0 553 100 634 0 642 100 693 0 703 100 854 0 864 100 929 0 937 100 1051 0 1062 100 1147 0 1154 100 1282 0 1295 100 1367 0 1372 100 2443 0
9 28 0 0 9 100 140 0 150 100 297 0 303 100 427 0 432 100 505 0 511 100 588 0 593 100 688 0 695 100 786 0 798 100 834 0 842 100 941 0 949 100 1001 0 1014 100 1137 0 1141 100 1173 0 1185 100 1341 0 2443 0
10 28 0 0 4 100 145 0 147 100 297 0 301 100 461 0 466 100 618 0 627 100 751 0 753 100 818 0 826 100 884 0 890 100 1002 0 1007 100 1121 0 1130 100 1278 0 1281 100 1415 0 1420 100 1575 0 1577 100 1658 0 2443 0
11 28 0 0 8 100 78 0 90 100 193 0 198 100 262 0 275 100 405 0 408 100 554 0 559 100 718 0 725 100 846 0 849 100 889 0 893 100 952 0 965 100 1038 0 1041 100 1087 0 1100 100 1129 0 1139 100 1301 0 2443 0
12 28 0 0 2 100 114 0 118 100 183 0 187 100 236 0 243 100 310 0 323 100 413 0 416 100 572 0 578 100 712 0 718 100 753 0 762 100 912 0 917 100 1047 0 1057 100 1213 0 1217 100 1274 0 1280 100 1387 0 2443 0
13 28 0 0 3 100 96 0 108 100 222 0 233 100 361 0 373 100 526 0 539 100 584 0 594 100 751 0 757 100 901 0 908 100 1052 0 1064 100 1155 0 1166 100 1273 0 1282 100 1325 0 1332 100 1395 0 1397 100 1459 0 2443 0
14 28 0 0 12 100 172 0 184 100 294 0 306 100 405 0 408 100 553 0 561 100 649 0 659 100 722 0 727 100 811 0 819 100 893 0 905 100 949 0 956 100 1075 0 1088 100 1159 0 1162 100 1216 0 1219 100 1273 0 2443 0
15 28 0 100 44 0 48 100 127 0 133 100 186 0 198 100 245 0 258 100 394 0 404 100 515 0 525 100 681 0 693 100 772 0 777 100 832 0 843 100 998 0 1007 100 1124 0 1135 100 1228 0 1231 100 1362 0 1370 100 2443 0

# TASKS
# Format: <task_id> <size> <num_reqs>
# Then for each requirement: <type_id> <qty>
0 0 4
 0 0
 1 0
 2 0
 3 0
1 7 4
 0 0
 1 2
 2 3
 3 2
2 3 4
 0 0
 1 0
 2 0
 3 3
3 10 4
 0 1
 1 0
 2 0
 3 2
4 20 4
 0 1
 1 1
 2 3
 3 3
5 11 4
 0 0
 1 0
 2 0
 3 1
6 7 4
 0 0
 1 0
 2 1
 3 0
7 18 4
 0 1
 1 1
 2 0
 3 0
8 12 4
 0 2
 1 2
 2 0
 3 2
9 13 4
 0 1
 1 0
 2 0
 3 2
10 10 4
 0 3
 1 3
 2 3
 3 2
11 5 4
 0 1
 1 0
 2 1
 3 0
12 2 4
 0 2
 1 1
 2 0
 3 3
13 12 4
 0 0
 1 3
 2 1
 3 0
14 11 4
 0 2
 1 1
 2 3
 3 0
15 12 4
 0 3
 1 0
 2 3
 3 3
16 8 4
 0 1
 1 0
 2 0
 3 0
17 14 4
 0 2
 1 1
 2 0
 3 0
18 17 4
 0 0
 1 2
 2 0
 3 2
19 17 4
 0 0
 1 3
 2 1
 3 0
20 17 4
 0 2
 1 1
 2 0
 3 3
21 10 4
 0 0
 1 3
 2 0
 3 3
22 9 4
 0 3
 1 0
 2 3
 3 2
23 20 4
 0 0
 1 1
 2 2
 3 0
24 1 4
 0 1
 1 0
 2 3
 3 1
25 11 4
 0 3
 1 2
 2 2
 3 2
26 7 4
 0 2
 1 0
 2 3
 3 0
27 13 4
 0 0
 1 0
 2 1
 3 2
28 9 4
 0 0
 1 2
 2 3
 3 0
29 8 4
 0 3
 1 0
 2 0
 3 3
30 14 4
 0 2
 1 1
 2 1
 3 3
31 9 4
 0 0
 1 0
 2 3
 3 1
32 17 4
 0 0
 1 0
 2 1
 3 0
33 20 4
 0 2
 1 0
 2 0
 3 0
34 16 4
 0 0
 1 1
 2 3
 3 0
35 13 4
 0 1
 1 3
 2 2
 3 0
36 2 4
 0 3
 1 2
 2 0
 3 3
37 15 4
 0 0
 1 2
 2 0
 3 1
38 14 4
 0 3
 1 0
 2 0
 3 1
39 1 4
 0 0
 1 0
 2 0
 3 1
40 9 4
 0 0
 1 1
 2 2
 3 1
41 20 4
 0 0
 1 3
 2 2
 3 3
42 14 4
 0 3
 1 3
 2 0
 3 0
43 12 4
 0 3
 1 3
 2 1
 3 1
44 8 4
 0 3
 1 0
 2 0
 3 3
45 18 4
 0 2
 1 0
 2 2
 3 1
46 10 4
 0 0
 1 0
 2 2
 3 2
47 6 4
 0 0
 1 1
 2 3
 3 3
48 16 4
 0 1
 1 0
 2 2
 3 2
49 11 4
 0 0
 1 0
 2 1
 3 3
50 11 4
 0 2
 1 1
 2 3
 3 0
51 6 4
 0 0
 1 3
 2 3
 3 0
52 3 4
 0 1
 1 0
 2 0
 3 3
53 2 4
 0 1
 1 2
 2 0
 3 0
54 4 4
 0 0
 1 1
 2 1
 3 2
55 20 4
 0 0
 1 0
 2 0
 3 2
56 18 4
 0 0
 1 1
 2 0
 3 3
57 10 4
 0 0
 1 3
 2 3
 3 1
58 19 4
 0 3
 1 1
 2 0
 3 2
59 7 4
 0 0
 1 2
 2 0
 3 1
60 10 4
 0 2
 1 1
 2 2
 3 0
61 9 4
 0 0
 1 1
 2 0
 3 2
62 10 4
 0 0
 1 1
 2 2
 3 2
63 16 4
 0 3
 1 0
 2 0
 3 3
64 3 4
 0 0
 1 3
 2 2
 3 2
65 11 4
 0 3
 1 3
 2 0
 3 3
66 14 4
 0 0
 1 0
 2 2
 3 0
67 19 4
 0 2
 1 3
 2 2
 3 0
68 7 4
 0 3
 1 2
 2 3
 3 3
69 4 4
 0 0
 1 0
 2 1
 3 0
70 19 4
 0 2
 1 0
 2 3
 3 2
71 1 4
 0 1
 1 2
 2 0
 3 2
72 1 4
 0 0
 1 2
 2 2
 3 1
73 9 4
 0 0
 1 2
 2 0
 3 0
74 17 4
 0 0
 1 2
 2 2
 3 1
75 1 4
 0 2
 1 1
 2 3
 3 0
76 2 4
 0 2
 1 0
 2 0
 3 0
77 14 4
 0 3
 1 3
 2 1
 3 0
78 2 4
 0 1
 1 2
 2 3
 3 0
79 19 4
 0 1
 1 3
 2 1
 3 2
80 2 4
 0 0
 1 1
 2 0
 3 0
81 20 4
 0 2
 1 2
 2 3
 3 3
82 16 4
 0 0
 1 0
 2 1
 3 3
83 7 4
 0 2
 1 2
 2 0
 3 1
84 10 4
 0 2
 1 2
 2 1
 3 0
85 12 4
 0 2
 1 1
 2 2
 3 0
86 11 4
 0 3
 1 2
 2 0
 3 1
87 2 4
 0 0
 1 0
 2 0
 3 2
88 19 4
 0 2
 1 0
 2 1
 3 3
89 16 4
 0 3
 1 0
 2 2
 3 0
90 4 4
 0 1
 1 3
 2 2
 3 0
91 18 4
 0 3
 1 2
 2 3
 3 0
92 20 4
 0 2
 1 2
 2 2
 3 2
93 5 4
 0 0
 1 2
 2 2
 3 2
94 16 4
 0 2
 1 0
 2 0
 3 1
95 12 4
 0 3
 1 1
 2 3
 3 0
96 6 4
 0 3
 1 1
 2 3
 3 0
97 1 4
 0 1
 1 3
 2 3
 3 2
98 5 4
 0 3
 1 2
 2 3
 3 2
99 2 4
 0 2
 1 0
 2 2
 3 1
100 11 4
 0 0
 1 2
 2 0
 3 3
101 4 4
 0 0
 1 3
 2 0
 3 2
102 7 4
 0 1
 1 2
 2 2
 3 2
103 15 4
 0 2
 1 1
 2 2
 3 1
104 15 4
 0 1
 1 2
 2 2
 3 2
105 18 4
 0 3
 1 1
 2 0
 3 1
106 2 4
 0 3
 1 1
 2 1
 3 2
107 17 4
 0 2
 1 3
 2 2
 3 1
108 10 4
 0 1
 1 1
 2 3
 3 2
109 17 4
 0 2
 1 2
 2 3
 3 0
110 2 4
 0 1
 1 0
 2 1
 3 0
111 14 4
 0 2
 1 0
 2 0
 3 3
112 20 4
 0 1
 1 1
 2 3
 3 2
113 13 4
 0 2
 1 1
 2 1
 3 1
114 9 4
 0 3
 1 0
 2 0
 3 0
115 9 4
 0 2
 1 1
 2 3
 3 0
116 4 4
 0 0
 1 3
 2 0
 3 2
117 15 4
 0 0
 1 1
 2 2
 3 2
118 7 4
 0 0
 1 3
 2 0
 3 3
119 11 4
 0 3
 1 2
 2 0
 3 3
120 11 4
 0 3
 1 0
 2 0
 3 1
121 19 4
 0 1
 1 0
 2 2
 3 0
122 18 4
 0 0
 1 2
 2 2
 3 0
123 19 4
 0 1
 1 3
 2 2
 3 0
124 20 4
 0 2
 1 2
 2 1
 3 1
125 1 4
 0 3
 1 0
 2 0
 3 0
126 13 4
 0 2
 1 3
 2 0
 3 0
127 2 4
 0 0
 1 0
 2 3
 3 0
128 17 4
 0 3
 1 2
 2 0
 3 3
129 19 4
 0 1
 1 3
 2 3
 3 2
130 13 4
 0 3
 1 3
 2 3
 3 0
131 17 4
 0 2
 1 1
 2 0
 3 1
132 17 4
 0 0
 1 0
 2 0
 3 2
133 20 4
 0 1
 1 1
 2 1
 3 3
134 9 4
 0 3
 1 2
 2 0
 3 0
135 2 4
 0 0
 1 2
 2 0
 3 0
136 13 4
 0 0
 1 2
 2 2
 3 2
137 7 4
 0 2
 1 2
 2 0
 3 3
138 15 4
 0 0
 1 2
 2 0
 3 0
139 16 4
 0 0
 1 3
 2 0
 3 1
140 17 4
 0 0
 1 0
 2 1
 3 2
141 8 4
 0 1
 1 1
 2 0
 3 0
142 4 4
 0 0
 1 2
 2 0
 3 1
143 6 4
 0 0
 1 0
 2 2
 3 2
144 5 4
 0 2
 1 0
 2 2
 3 0
145 17 4
 0 2
 1 0
 2 0
 3 1
146 13 4
 0 1
 1 1
 2 3
 3 0
147 18 4
 0 0
 1 0
 2 0
 3 3
148 2 4
 0 2
 1 2
 2 0
 3 2
149 7 4
 0 1
 1 0
 2 3
 3 3
150 14 4
 0 0
 1 1
 2 3
 3 0
151 5 4
 0 1
 1 2
 2 0
 3 0
152 20 4
 0 3
 1 0
 2 3
 3 2
153 1 4
 0 0
 1 3
 2 2
 3 0
154 10 4
 0 2
 1 1
 2 2
 3 0
155 7 4
 0 2
 1 2
 2 2
 3 0
156 18 4
 0 1
 1 1
 2 1
 3 0
157 6 4
 0 0
 1 0
 2 3
 3 0
158 4 4
 0 0
 1 0
 2 3
 3 1
159 19 4
 0 1
 1 1
 2 2
 3 3
160 15 4
 0 0
 1 2
 2 2
 3 1
161 6 4
 0 0
 1 0
 2 0
 3 3
162 3 4
 0 2
 1 3
 2 1
 3 0
163 17 4
 0 0
 1 0
 2 2
 3 3
164 6 4
 0 1
 1 3
 2 0
 3 1
165 3 4
 0 2
 1 3
 2 0
 3 1
166 10 4
 0 1
 1 2
 2 0
 3 1
167 17 4
 0 0
 1 0
 2 0
 3 1
168 8 4
 0 0
 1 0
 2 2
 3 2
169 11 4
 0 3
 1 2
 2 0
 3 1
170 16 4
 0 1
 1 2
 2 0
 3 0
171 20 4
 0 0
 1 2
 2 3
 3 0
172 4 4
 0 1
 1 0
 2 1
 3 3
173 9 4
 0 0
 1 0
 2 2
 3 1
174 16 4
 0 1
 1 2
 2 3
 3 1
175 4 4
 0 1
 1 1
 2 0
 3 1
176 10 4
 0 1
 1 0
 2 0
 3 0
177 11 4
 0 1
 1 1
 2 0
 3 0
178 4 4
 0 2
 1 1
 2 3
 3 0
179 18 4
 0 3
 1 0
 2 2
 3 2
180 20 4
 0 0
 1 1
 2 1
 3 0
181 10 4
 0 2
 1 0
 2 1
 3 2
182 10 4
 0 2
 1 1
 2 0
 3 1
183 1 4
 0 2
 1 0
 2 3
 3 0
184 5 4
 0 3
 1 0
 2 2
 3 1
185 5 4
 0 0
 1 0
 2 3
 3 2
186 7 4
 0 1
 1 0
 2 1
 3 0
187 14 4
 0 0
 1 2
 2 0
 3 3
188 9 4
 0 2
 1 0
 2 0
 3 0
189 10 4
 0 2
 1 0
 2 3
 3 2
190 8 4
 0 2
 1 0
 2 0
 3 2
191 6 4
 0 1
 1 1
 2 0
 3 1
192 3 4
 0 3
 1 1
 2 2
 3 0
193 9 4
 0 0
 1 0
 2 2
 3 1
194 6 4
 0 3
 1 0
 2 3
 3 1
195 18 4
 0 2
 1 2
 2 3
 3 2
196 19 4
 0 1
 1 0
 2 1
 3 0
197 6 4
 0 0
 1 3
 2 3
 3 3
198 12 4
 0 3
 1 3
 2 3
 3 0
199 19 4
 0 0
 1 3
 2 0
 3 3
200 5 4
 0 3
 1 0
 2 0
 3 0
201 4 4
 0 3
 1 0
 2 2
 3 1
202 2 4
 0 0
 1 0
 2 0
 3 3
203 14 4
 0 3
 1 2
 2 2
 3 3
204 14 4
 0 0
 1 1
 2 0
 3 3
205 18 4
 0 2
 1 2
 2 0
 3 0
206 11 4
 0 0
 1 0
 2 1
 3 1
207 20 4
 0 0
 1 0
 2 3
 3 0
208 9 4
 0 2
 1 3
 2 0
 3 2
209 4 4
 0 0
 1 3
 2 0
 3 0
210 17 4
 0 2
 1 3
 2 1
 3 0
211 5 4
 0 2
 1 0
 2 0
 3 2
212 16 4
 0 2
 1 1
 2 0
 3 2
213 5 4
 0 2
 1 1
 2 1
 3 0
214 7 4
 0 2
 1 0
 2 2
 3 1
215 5 4
 0 1
 1 3
 2 0
 3 1
216 5 4
 0 0
 1 0
 2 2
 3 0
217 18 4
 0 0
 1 1
 2 0
 3 1
218 20 4
 0 0
 1 1
 2 2
 3 0
219 14 4
 0 0
 1 0
 2 3
 3 0
220 14 4
 0 0
 1 1
 2 3
 3 0
221 3 4
 0 3
 1 0
 2 1
 3 0
222 10 4
 0 0
 1 3
 2 1
 3 2
223 6 4
 0 2
 1 3
 2 2
 3 0
224 4 4
 0 0
 1 1
 2 0
 3 1
225 19 4
 0 0
 1 0
 2 3
 3 3
226 9 4
 0 0
 1 0
 2 3
 3 0
227 4 4
 0 3
 1 0
 2 0
 3 3
228 10 4
 0 1
 1 0
 2 2
 3 1
229 8 4
 0 1
 1 0
 2 0
 3 0
230 5 4
 0 1
 1 3
 2 0
 3 3
231 4 4
 0 0
 1 0
 2 1
 3 1
232 4 4
 0 2
 1 0
 2 0
 3 2
233 10 4
 0 0
 1 2
 2 3
 3 3
234 15 4
 0 0
 1 3
 2 0
 3 3
235 4 4
 0 0
 1 0
 2 2
 3 0
236 5 4
 0 3
 1 0
 2 2
 3 1
237 5 4
 0 0
 1 0
 2 2
 3 1
238 5 4
 0 0
 1 3
 2 1
 3 0
239 3 4
 0 0
 1 0
 2 1
 3 0
240 13 4
 0 0
 1 1
 2 0
 3 1
241 20 4
 0 3
 1 2
 2 2
 3 1
242 15 4
 0 2
 1 0
 2 2
 3 1
243 9 4
 0 0
 1 0
 2 1
 3 1
244 13 4
 0 0
 1 0
 2 0
 3 3
245 20 4
 0 0
 1 3
 2 0
 3 0
246 20 4
 0 0
 1 1
 2 2
 3 0
247 15 4
 0 3
 1 3
 2 0
 3 0
248 2 4
 0 3
 1 0
 2 1
 3 0
249 20 4
 0 0
 1 2
 2 1
 3 2
250 14 4
 0 0
 1 0
 2 2
 3 3
251 16 4
 0 1
 1 0
 2 0
 3 0
252 2 4
 0 0
 1 3
 2 0
 3 0
253 17 4
 0 0
 1 1
 2 1
 3 2
254 1 4
 0 3
 1 1
 2 2
 3 3
255 4 4
 0 2
 1 0
 2 1
 3 0
256 1 4
 0 2
 1 1
 2 3
 3 1
257 14 4
 0 1
 1 3
 2 2
 3 0
258 1 4
 0 2
 1 1
 2 0
 3 3
259 1 4
 0 1
 1 3
 2 0
 3 2
260 5 4
 0 0
 1 0
 2 1
 3 2
261 17 4
 0 1
 1 0
 2 0
 3 2
262 14 4
 0 3
 1 0
 2 0
 3 2
263 9 4
 0 2
 1 3
 2 0
 3 1
264 16 4
 0 0
 1 0
 2 1
 3 2
265 15 4
 0 2
 1 1
 2 0
 3 3
266 18 4
 0 1
 1 0
 2 0
 3 2
267 1 4
 0 2
 1 2
 2 2
 3 1
268 11 4
 0 3
 1 0
 2 0
 3 3
269 17 4
 0 0
 1 2
 2 3
 3 3
270 4 4
 0 0
 1 2
 2 3
 3 0
271 17 4
 0 3
 1 2
 2 0
 3 1
272 12 4
 0 1
 1 3
 2 2
 3 0
273 15 4
 0 0
 1 0
 2 1
 3 0
274 18 4
 0 2
 1 1
 2 1
 3 2
275 20 4
 0 3
 1 0
 2 1
 3 0
276 4 4
 0 2
 1 2
 2 2
 3 0
277 10 4
 0 2
 1 1
 2 3
 3 2
278 11 4
 0 1
 1 2
 2 3
 3 0
279 9 4
 0 0
 1 0
 2 0
 3 2
280 2 4
 0 0
 1 2
 2 2
 3 1
281 0 4
 0 0
 1 0
 2 0
 3 0

# PRECEDENCES
1886
0 3
0 9
0 23
0 46
0 57
0 63
0 76
0 83
0 89
0 92
0 95
0 98
0 107
0 108
0 113
0 130
0 134
0 135
0 145
0 149
0 152
0 155
0 157
0 158
0 163
0 166
0 169
0 171
0 181
0 183
0 194
0 200
0 208
0 209
0 217
0 225
0 227
0 235
0 242
0 248
0 254
0 257
0 265
0 268
0 272
0 278
1 56
1 65
1 195
1 199
1 262
2 18
2 72
2 128
2 176
2 246
2 247
2 266
3 50
3 111
3 122
3 195
3 218
3 220
3 234
4 29
4 56
4 91
4 101
4 206
5 33
5 42
5 93
5 127
5 201
5 206
5 219
5 222
5 264
6 15
6 29
6 32
6 51
6 65
6 103
6 114
6 117
7 29
7 79
7 106
7 206
7 238
8 40
8 58
8 106
8 199
8 224
9 11
9 80
9 142
9 147
9 218
9 271
10 137
10 212
10 229
10 246
10 280
11 281
12 42
12 125
12 141
12 206
12 249
12 263
12 266
13 52
13 58
13 91
13 188
13 224
13 251
14 58
14 74
14 195
14 231
14 267
15 62
15 64
15 79
15 154
15 266
16 41
16 79
16 105
16 136
16 154
16 162
16 176
16 255
16 275
17 37
17 56
17 120
17 170
17 203
17 229
17 279
18 7
18 79
18 84
18 106
18 206
18 251
18 252
18 280
19 10
19 47
19 82
19 132
19 168
19 240
19 251
19 279
20 51
20 77
20 141
20 203
20 280
21 2
21 11
21 29
21 91
21 93
21 142
21 252
21 259
22 36
22 37
22 51
22 128
22 154
22 167
22 168
22 252
22 273
23 62
23 144
23 160
23 172
23 266
24 7
24 36
24 77
24 84
24 91
24 101
24 222
24 263
24 280
25 29
25 36
25 117
25 127
25 170
25 193
26 36
26 48
26 195
26 210
26 252
27 54
27 74
27 136
27 142
27 214
28 16
28 74
28 176
28 187
28 215
28 241
28 258
29 281
30 151
30 179
30 196
30 231
30 250
31 26
31 119
31 168
31 190
31 210
32 8
32 114
32 179
32 229
32 263
33 2
33 75
33 111
33 156
33 175
33 182
33 204
33 252
33 275
34 7
34 15
34 64
34 125
34 151
34 187
34 203
35 33
35 39
35 48
35 87
35 173
35 215
36 281
37 18
37 20
37 36
37 101
37 106
37 117
37 150
37 176
37 203
38 13
38 41
38 60
38 91
38 224
38 247
39 68
39 137
39 179
39 188
39 210
39 240
39 279
40 56
40 77
40 79
40 238
40 252
41 14
41 65
41 74
41 79
41 119
41 189
41 210
42 40
42 84
42 106
42 229
42 231
43 58
43 91
43 125
43 210
43 229
43 258
44 47
44 115
44 131
44 146
44 161
44 180
44 189
44 232
44 239
45 20
45 42
45 117
45 189
45 224
45 263
45 267
45 269
46 30
46 136
46 191
46 213
46 280
47 4
47 136
47 142
47 154
47 173
47 199
47 202
48 56
48 77
48 117
48 187
48 252
49 10
49 40
49 141
49 170
49 261
50 8
50 119
50 132
50 156
50 212
50 240
50 251
51 11
51 56
51 79
51 91
51 117
51 187
51 238
51 252
52 4
52 65
52 106
52 222
52 238
52 240
53 21
53 138
53 174
53 192
53 241
54 17
54 41
54 45
54 47
54 48
54 258
54 261
55 19
55 44
55 177
55 195
55 198
55 218
55 243
55 250
55 280
56 281
57 32
57 36
57 53
57 62
57 99
57 143
57 191
58 4
58 65
58 84
58 91
58 176
58 188
58 206
58 238
59 120
59 127
59 173
59 176
59 189
59 224
60 42
60 106
60 132
60 173
60 195
61 37
61 210
61 226
61 252
61 279
62 4
62 7
62 111
62 133
62 137
62 170
62 176
62 241
63 8
63 36
63 96
63 122
63 127
63 137
63 186
64 4
64 56
64 77
64 91
64 117
64 176
65 29
65 36
65 84
65 91
65 206
65 238
65 240
65 252
66 2
66 110
66 116
66 133
66 136
66 150
66 182
66 188
66 229
67 14
67 18
67 156
67 182
67 203
68 2
68 18
68 20
68 42
68 142
68 219
68 231
68 252
68 266
69 18
69 26
69 59
69 150
69 188
69 202
69 219
70 49
70 62
70 80
70 129
70 228
71 20
71 51
71 179
71 199
71 224
72 20
72 40
72 58
72 117
72 119
72 150
72 206
73 45
73 114
73 126
73 205
73 207
73 222
73 240
74 48
74 65
74 84
74 127
74 224
75 42
75 74
75 105
75 184
75 210
75 274
76 10
76 24
76 26
76 54
76 75
76 104
76 129
76 142
76 258
77 281
78 14
78 121
78 218
78 262
78 263
78 274
79 281
80 6
80 27
80 88
80 174
80 179
80 252
80 255
81 67
81 123
81 148
81 156
81 231
81 260
81 274
82 12
82 15
82 64
82 75
82 125
82 142
82 186
82 189
82 192
83 2
83 42
83 78
83 173
83 197
83 277
84 281
85 116
85 123
85 175
85 204
85 212
86 1
86 27
86 53
86 77
86 105
86 125
86 221
86 223
86 233
87 2
87 15
87 127
87 210
87 231
87 251
87 258
88 24
88 188
88 189
88 193
88 229
88 231
89 103
89 136
89 175
89 190
89 245
90 15
90 26
90 101
90 230
90 256
91 281
92 27
92 72
92 74
92 111
92 151
92 164
92 267
92 269
93 77
93 141
93 195
93 238
93 263
94 14
94 102
94 125
94 137
94 218
95 7
95 22
95 68
95 112
95 141
95 178
95 195
95 270
96 18
96 68
96 77
96 141
96 213
97 10
97 48
97 67
97 167
97 237
98 9
98 15
98 50
98 93
98 227
98 251
99 25
99 52
99 153
99 170
99 175
99 255
99 267
100 47
100 49
100 150
100 182
100 237
101 281
102 8
102 24
102 64
102 84
102 133
102 142
102 176
102 215
102 279
103 18
103 56
103 59
103 128
103 193
103 202
103 239
103 240
103 269
104 84
104 101
104 150
104 156
104 229
105 125
105 154
105 189
105 213
105 241
106 281
107 76
107 104
107 126
107 127
107 182
107 260
107 264
108 15
108 69
108 122
108 170
108 184
108 187
109 20
109 41
109 45
109 213
109 277
110 11
110 38
110 164
110 175
110 236
110 243
110 253
110 266
111 48
111 84
111 117
111 127
111 222
112 48
112 111
112 199
112 204
112 213
112 231
112 249
112 277
113 18
113 56
113 160
113 193
113 198
114 36
114 125
114 141
114 176
114 188
114 195
114 203
114 246
114 266
115 11
115 29
115 51
115 65
115 101
115 224
115 252
115 280
116 18
116 41
116 84
116 111
116 133
116 142
116 189
116 204
116 222
117 281
118 54
118 136
118 164
118 173
118 175
118 251
119 40
119 65
119 101
119 117
119 141
119 238
119 280
120 36
120 52
120 127
120 229
120 280
121 43
121 67
121 150
121 222
121 229
121 263
121 267
122 64
122 105
122 138
122 195
122 238
122 271
122 275
123 8
123 29
123 37
123 48
123 51
123 106
123 229
123 231
124 52
124 96
124 120
124 148
124 182
124 243
125 48
125 52
125 141
125 188
125 195
125 203
125 229
126 20
126 101
126 117
126 179
126 203
126 240
126 252
127 11
127 36
127 106
127 187
127 206
128 18
128 48
128 58
128 65
128 79
128 176
128 266
129 26
129 39
129 67
129 197
129 215
129 218
129 244
130 4
130 66
130 172
130 191
130 202
130 216
130 221
130 258
130 271
131 48
131 104
131 127
131 168
131 173
131 192
131 207
132 4
132 11
132 18
132 56
132 188
132 203
133 7
133 20
133 52
133 56
133 115
133 150
133 195
133 222
134 45
134 97
134 111
134 117
134 147
134 172
134 246
134 262
135 13
135 15
135 26
135 71
135 88
135 125
135 138
135 264
135 274
136 7
136 29
136 58
136 91
136 115
136 141
136 229
136 266
137 8
137 11
137 13
137 20
137 136
137 176
137 189
137 202
137 263
138 51
138 117
138 193
138 218
138 247
138 263
138 273
139 121
139 133
139 172
139 175
139 202
139 229
139 255
139 264
139 273
140 20
140 32
140 36
140 72
140 101
140 160
140 175
140 226
140 241
141 29
141 36
141 91
141 101
141 206
141 240
142 64
142 120
142 125
142 206
142 238
142 246
142 252
142 266
143 14
143 15
143 21
143 94
143 230
144 68
144 77
144 195
144 196
144 212
144 276
145 35
145 67
145 71
145 90
145 131
145 154
145 178
145 279
146 22
146 109
146 179
146 189
146 203
146 238
146 247
146 273
147 11
147 14
147 45
147 56
147 109
147 184
147 196
147 204
147 247
148 6
148 31
148 39
148 64
148 111
148 156
148 205
148 206
148 274
149 18
149 42
149 125
149 151
149 213
149 259
150 40
150 48
150 51
150 77
150 187
150 240
150 280
151 37
151 60
151 105
151 127
151 132
151 193
151 219
151 252
152 28
152 48
152 102
152 138
152 167
152 172
152 185
152 191
152 267
153 65
153 111
153 128
153 184
153 203
153 224
153 259
154 29
154 52
154 77
154 101
154 199
154 229
154 231
154 251
155 6
155 58
155 103
155 153
155 175
155 218
155 238
155 262
156 8
156 18
156 65
156 115
156 120
156 126
157 112
157 133
157 144
157 156
157 193
157 238
157 279
158 30
158 77
158 93
158 127
158 171
158 267
159 17
159 60
159 85
159 94
159 170
159 207
159 219
159 260
160 2
160 50
160 77
160 85
160 142
160 198
161 36
161 61
161 94
161 164
161 191
161 229
161 230
162 18
162 29
162 40
162 154
162 173
162 202
162 203
162 222
163 7
163 37
163 79
163 165
163 176
163 184
164 6
164 7
164 127
164 162
164 247
165 71
165 121
165 197
165 201
165 203
165 224
165 226
165 277
166 16
166 19
166 27
166 96
166 156
166 202
166 210
167 8
167 13
167 69
167 84
167 128
167 133
167 201
167 269
167 277
168 21
168 26
168 40
168 42
168 106
168 201
168 215
168 239
169 32
169 62
169 70
169 86
169 102
169 243
170 48
170 52
170 58
170 91
170 176
170 179
170 203
170 252
171 35
171 120
171 178
171 206
171 219
171 255
172 38
172 43
172 96
172 141
172 249
173 106
173 154
173 202
173 213
173 247
173 280
174 59
174 75
174 127
174 138
174 198
174 274
175 7
175 14
175 48
175 176
175 187
175 212
175 231
175 240
175 279
176 11
176 77
176 91
176 106
176 117
176 187
176 206
176 240
176 252
177 22
177 29
177 34
177 87
177 102
177 162
177 173
177 174
177 259
178 2
178 5
178 64
178 85
178 87
178 133
178 193
179 48
179 51
179 84
179 127
179 176
179 187
179 206
179 224
179 252
180 13
180 42
180 101
180 189
180 210
180 240
180 279
181 8
181 30
181 62
181 109
181 146
181 150
181 186
181 264
182 2
182 8
182 51
182 136
182 176
182 212
182 267
183 26
183 105
183 151
183 223
183 250
183 252
183 258
183 262
184 36
184 56
184 77
184 79
184 93
184 203
184 222
184 240
184 251
185 22
185 93
185 112
185 129
185 133
185 136
185 232
185 237
185 262
186 8
186 13
186 58
186 93
186 136
186 193
186 226
187 281
188 29
188 56
188 84
188 117
188 240
188 252
189 7
189 11
189 24
189 40
189 188
189 195
190 11
190 15
190 84
190 153
190 224
191 26
191 58
191 64
191 71
191 96
191 215
191 219
191 229
191 230
192 72
192 77
192 91
192 106
192 249
192 263
193 20
193 36
193 51
193 187
193 199
194 43
194 163
194 195
194 207
194 267
195 7
195 51
195 79
195 84
195 91
195 127
195 188
195 206
195 240
196 12
196 47
196 111
196 126
196 127
196 156
196 170
196 203
196 264
197 38
197 67
197 106
197 126
197 162
197 176
197 263
197 264
198 102
198 127
198 138
198 173
198 206
198 241
198 267
198 279
199 11
199 29
199 56
199 84
199 91
199 101
199 187
199 206
199 238
200 54
200 81
200 100
200 102
200 189
201 8
201 114
201 126
201 150
201 215
201 229
201 269
202 65
202 106
202 111
202 141
202 199
203 11
203 29
203 36
203 56
203 77
203 84
203 101
203 240
204 24
204 111
204 123
204 213
204 267
205 8
205 39
205 59
205 136
205 187
205 222
205 246
205 267
205 270
206 281
207 60
207 94
207 215
207 219
207 266
207 279
208 55
208 162
208 192
208 213
208 261
209 54
209 85
209 88
209 136
209 141
209 187
209 239
209 247
209 263
210 36
210 52
210 115
210 189
210 224
210 229
210 238
210 251
211 90
211 97
211 110
211 124
211 240
211 267
212 11
212 24
212 136
212 141
212 203
212 213
212 246
212 247
213 119
213 150
213 195
213 206
213 252
214 15
214 37
214 84
214 132
214 153
214 186
214 238
215 20
215 58
215 74
215 229
215 279
216 8
216 15
216 36
216 193
216 212
216 271
217 33
217 179
217 185
217 186
217 202
217 247
218 16
218 64
218 126
218 267
218 277
219 132
219 150
219 173
219 222
219 224
219 252
220 13
220 87
220 111
220 139
220 148
220 240
220 247
221 94
221 133
221 170
221 193
221 213
221 263
222 77
222 91
222 187
222 206
222 240
223 105
223 229
223 258
223 269
223 280
224 29
224 36
224 84
224 101
224 106
224 117
224 238
225 48
225 58
225 103
225 143
225 165
225 244
225 280
226 13
226 52
226 115
226 126
226 132
226 179
226 238
226 251
226 280
227 85
227 125
227 136
227 186
227 187
227 203
227 251
227 271
228 6
228 42
228 122
228 148
228 151
228 186
228 226
228 232
228 269
229 4
229 7
229 11
229 141
229 206
229 222
229 240
230 32
230 195
230 226
230 231
230 262
231 48
231 51
231 56
231 91
231 127
231 203
231 222
232 2
232 26
232 32
232 62
232 91
232 109
232 117
232 218
232 261
233 56
233 69
233 87
233 111
233 147
233 229
233 266
234 16
234 28
234 90
234 128
234 143
234 219
234 226
234 237
234 279
235 15
235 35
235 136
235 185
235 220
236 5
236 99
236 133
236 141
236 153
236 189
236 198
236 201
236 275
237 8
237 33
237 162
237 175
237 180
237 201
237 204
237 261
237 280
238 281
239 20
239 29
239 115
239 126
239 136
239 179
240 281
241 11
241 18
241 24
241 65
241 77
241 91
241 206
241 224
242 28
242 55
242 72
242 93
242 139
242 211
243 15
243 153
243 192
243 230
243 231
243 238
243 244
243 249
243 264
244 56
244 91
244 119
244 132
244 141
244 162
244 189
244 193
245 80
245 91
245 132
245 160
245 187
245 199
246 20
246 40
246 48
246 52
246 111
246 203
246 222
246 280
247 11
247 106
247 195
247 199
247 238
248 20
248 30
248 82
248 99
248 172
248 175
248 206
248 207
248 251
249 123
249 142
249 188
249 202
249 263
250 6
250 13
250 96
250 172
250 195
250 226
251 56
251 77
251 101
251 106
251 187
251 206
251 238
251 240
252 281
253 40
253 47
253 49
253 103
253 133
253 164
253 190
253 202
254 22
254 49
254 118
254 161
254 179
254 213
254 220
254 259
255 4
255 51
255 56
255 93
255 114
255 154
255 195
255 259
255 280
256 5
256 51
256 114
256 116
256 137
256 198
257 39
257 77
257 87
257 178
257 203
257 252
257 263
258 65
258 74
258 202
258 229
258 251
259 51
259 106
259 179
259 231
259 267
260 15
260 20
260 137
260 154
260 187
260 189
260 210
260 229
261 8
261 29
261 43
261 52
261 203
261 255
262 7
262 11
262 126
262 127
262 151
262 162
262 258
263 29
263 56
263 77
263 101
263 238
263 240
263 252
264 21
264 93
264 141
264 199
264 219
264 263
264 270
264 274
265 35
265 50
265 64
265 128
265 156
265 190
265 269
265 274
265 280
266 56
266 65
266 176
266 238
266 251
266 252
266 263
267 36
267 52
267 58
267 195
267 206
267 231
267 252
268 52
268 78
268 117
268 168
268 179
268 243
269 7
269 52
269 106
269 188
269 206
270 24
270 41
270 62
270 101
270 117
270 193
270 212
270 252
270 263
271 15
271 40
271 45
271 47
271 127
271 151
272 28
272 33
272 36
272 73
272 74
272 156
272 159
272 185
273 14
273 84
273 106
273 127
273 150
273 176
273 267
274 58
274 79
274 120
274 133
274 156
274 269
275 7
275 8
275 126
275 176
275 206
275 229
275 266
276 104
276 168
276 170
276 224
276 229
276 271
277 4
277 58
277 115
277 120
277 141
277 142
277 195
277 222
277 255
278 34
278 37
278 64
278 106
278 140
278 191
278 239
278 273
279 18
279 36
279 40
279 56
279 101
279 206
279 231
279 238
280 11
280 36
280 77
280 84
280 91
280 106
280 187
280 206
280 252
