# Tier 6 (Large) - Instance 68
# Generated with config: N=211, K=4, topology=random_dag, calendar=staggered

# HEADER: <num_tasks> <num_types> <num_units>
213 4 23

# RESOURCE TYPES
# Format: <type_id> <num_units> <unit_id1> <unit_id2> ...
0 6 0 1 2 3 4 5
1 4 6 7 8 9
2 5 10 11 12 13 14
3 8 15 16 17 18 19 20 21 22

# RESOURCE UNITS (Calendars)
# Format: <unit_id> <num_steps> <t1> <v1> <t2> <v2> ...
0 22 0 100 1 0 23 100 175 0 195 100 348 0 367 100 520 0 542 100 694 0 715 100 865 0 885 100 1038 0 1060 100 1209 0 1231 100 1384 0 1405 100 1558 0 1577 100 1899 0
1 22 0 100 7 0 20 100 180 0 195 100 353 0 365 100 521 0 535 100 691 0 704 100 860 0 874 100 1030 0 1043 100 1202 0 1216 100 1375 0 1389 100 1547 0 1561 100 1899 0
2 22 0 100 14 0 41 100 186 0 213 100 362 0 388 100 534 0 559 100 703 0 729 100 873 0 899 100 1042 0 1069 100 1215 0 1241 100 1386 0 1412 100 1556 0 1581 100 1899 0
3 22 0 100 23 0 49 100 195 0 221 100 370 0 393 100 538 0 564 100 713 0 739 100 887 0 914 100 1060 0 1087 100 1232 0 1259 100 1403 0 1430 100 1575 0 1602 100 1899 0
4 22 0 100 31 0 52 100 200 0 222 100 373 0 395 100 543 0 565 100 713 0 737 100 885 0 908 100 1055 0 1080 100 1226 0 1250 100 1401 0 1425 100 1576 0 1597 100 1899 0
5 22 0 100 37 0 56 100 211 0 232 100 386 0 406 100 558 0 578 100 729 0 748 100 901 0 919 100 1071 0 1092 100 1245 0 1264 100 1416 0 1436 100 1586 0 1606 100 1899 0
6 22 0 100 45 0 62 100 213 0 229 100 380 0 397 100 551 0 571 100 725 0 744 100 897 0 914 100 1070 0 1089 100 1243 0 1261 100 1417 0 1435 100 1591 0 1607 100 1899 0
7 22 0 100 52 0 83 100 227 0 258 100 397 0 425 100 568 0 598 100 742 0 772 100 912 0 942 100 1084 0 1112 100 1252 0 1281 100 1426 0 1455 100 1598 0 1628 100 1899 0
8 22 0 100 59 0 79 100 228 0 252 100 401 0 425 100 577 0 598 100 746 0 768 100 915 0 938 100 1087 0 1110 100 1258 0 1280 100 1431 0 1452 100 1600 0 1623 100 1899 0
9 22 0 100 69 0 88 100 238 0 261 100 411 0 431 100 580 0 603 100 755 0 775 100 923 0 944 100 1097 0 1119 100 1271 0 1293 100 1442 0 1464 100 1615 0 1637 100 1899 0
10 22 0 100 76 0 100 100 247 0 270 100 415 0 439 100 588 0 612 100 761 0 786 100 935 0 961 100 1111 0 1136 100 1282 0 1308 100 1456 0 1480 100 1628 0 1654 100 1899 0
11 22 0 100 81 0 104 100 250 0 273 100 420 0 446 100 594 0 618 100 766 0 788 100 936 0 960 100 1107 0 1131 100 1281 0 1305 100 1450 0 1475 100 1624 0 1648 100 1899 0
12 22 0 100 91 0 107 100 262 0 278 100 431 0 450 100 604 0 621 100 773 0 790 100 944 0 960 100 1112 0 1128 100 1284 0 1300 100 1455 0 1471 100 1627 0 1645 100 1899 0
13 22 0 100 95 0 117 100 266 0 286 100 434 0 453 100 604 0 625 100 775 0 798 100 950 0 971 100 1119 0 1141 100 1292 0 1314 100 1463 0 1485 100 1633 0 1653 100 1899 0
14 22 0 100 106 0 127 100 276 0 297 100 445 0 466 100 615 0 635 100 784 0 805 100 954 0 976 100 1129 0 1151 100 1300 0 1323 100 1472 0 1493 100 1645 0 1665 100 1899 0
15 22 0 100 114 0 142 100 286 0 316 100 458 0 489 100 632 0 661 100 802 0 830 100 972 0 1003 100 1148 0 1179 100 1323 0 1354 100 1494 0 1523 100 1668 0 1696 100 1899 0
16 22 0 100 121 0 138 100 293 0 310 100 462 0 480 100 634 0 653 100 804 0 821 100 974 0 993 100 1145 0 1162 100 1314 0 1332 100 1484 0 1500 100 1654 0 1673 100 1899 0
17 22 0 100 129 0 152 100 300 0 323 100 471 0 493 100 641 0 663 100 809 0 831 100 979 0 1002 100 1151 0 1176 100 1322 0 1346 100 1494 0 1516 100 1666 0 1688 100 1899 0
18 22 0 100 133 0 149 100 302 0 317 100 473 0 489 100 645 0 662 100 818 0 836 100 992 0 1009 100 1166 0 1181 100 1336 0 1351 100 1507 0 1521 100 1680 0 1694 100 1899 0
19 22 0 100 142 0 157 100 311 0 324 100 481 0 495 100 651 0 665 100 824 0 841 100 999 0 1015 100 1173 0 1187 100 1346 0 1361 100 1519 0 1534 100 1693 0 1707 100 1899 0
20 22 0 100 150 0 163 100 322 0 338 100 493 0 508 100 662 0 676 100 832 0 846 100 1001 0 1017 100 1172 0 1186 100 1343 0 1358 100 1512 0 1529 100 1685 0 1701 100 1899 0
21 22 0 100 157 0 173 100 329 0 348 100 505 0 523 100 678 0 694 100 846 0 862 100 1014 0 1031 100 1184 0 1203 100 1359 0 1375 100 1531 0 1550 100 1705 0 1722 100 1899 0
22 22 0 100 165 0 185 100 337 0 357 100 509 0 531 100 681 0 704 100 854 0 876 100 1023 0 1045 100 1196 0 1216 100 1364 0 1384 100 1535 0 1555 100 1705 0 1725 100 1899 0

# TASKS
# Format: <task_id> <size> <num_reqs>
# Then for each requirement: <type_id> <qty>
0 0 4
 0 0
 1 0
 2 0
 3 0
1 3 4
 0 1
 1 0
 2 3
 3 3
2 18 4
 0 2
 1 1
 2 1
 3 1
3 16 4
 0 0
 1 3
 2 1
 3 3
4 19 4
 0 0
 1 0
 2 3
 3 0
5 20 4
 0 0
 1 3
 2 0
 3 2
6 11 4
 0 0
 1 2
 2 0
 3 3
7 2 4
 0 2
 1 0
 2 0
 3 0
8 14 4
 0 0
 1 1
 2 0
 3 1
9 17 4
 0 0
 1 0
 2 0
 3 3
10 17 4
 0 2
 1 0
 2 0
 3 3
11 5 4
 0 2
 1 0
 2 0
 3 0
12 3 4
 0 0
 1 3
 2 2
 3 0
13 5 4
 0 0
 1 2
 2 3
 3 0
14 19 4
 0 0
 1 3
 2 3
 3 0
15 3 4
 0 0
 1 0
 2 3
 3 3
16 2 4
 0 0
 1 0
 2 3
 3 0
17 6 4
 0 3
 1 0
 2 1
 3 2
18 19 4
 0 3
 1 0
 2 1
 3 2
19 10 4
 0 3
 1 0
 2 3
 3 2
20 20 4
 0 2
 1 2
 2 3
 3 2
21 1 4
 0 0
 1 0
 2 0
 3 2
22 7 4
 0 2
 1 1
 2 2
 3 2
23 6 4
 0 0
 1 0
 2 0
 3 2
24 11 4
 0 0
 1 3
 2 0
 3 2
25 5 4
 0 3
 1 1
 2 1
 3 0
26 16 4
 0 0
 1 3
 2 1
 3 0
27 18 4
 0 3
 1 0
 2 1
 3 0
28 5 4
 0 2
 1 1
 2 0
 3 0
29 16 4
 0 2
 1 1
 2 2
 3 0
30 18 4
 0 2
 1 0
 2 3
 3 2
31 13 4
 0 1
 1 0
 2 3
 3 2
32 8 4
 0 3
 1 2
 2 0
 3 2
33 18 4
 0 3
 1 0
 2 3
 3 0
34 7 4
 0 1
 1 0
 2 0
 3 0
35 3 4
 0 2
 1 0
 2 3
 3 0
36 14 4
 0 1
 1 0
 2 2
 3 0
37 6 4
 0 1
 1 3
 2 3
 3 0
38 16 4
 0 0
 1 0
 2 3
 3 0
39 18 4
 0 1
 1 1
 2 3
 3 0
40 1 4
 0 2
 1 1
 2 0
 3 3
41 3 4
 0 1
 1 0
 2 0
 3 0
42 1 4
 0 0
 1 0
 2 2
 3 3
43 3 4
 0 2
 1 2
 2 1
 3 1
44 8 4
 0 0
 1 2
 2 1
 3 1
45 5 4
 0 0
 1 2
 2 2
 3 2
46 2 4
 0 3
 1 1
 2 0
 3 2
47 2 4
 0 2
 1 0
 2 3
 3 1
48 11 4
 0 2
 1 2
 2 0
 3 0
49 10 4
 0 0
 1 3
 2 3
 3 1
50 16 4
 0 3
 1 0
 2 1
 3 0
51 9 4
 0 1
 1 3
 2 0
 3 3
52 9 4
 0 1
 1 1
 2 2
 3 2
53 10 4
 0 1
 1 0
 2 3
 3 0
54 18 4
 0 2
 1 1
 2 0
 3 3
55 19 4
 0 0
 1 0
 2 0
 3 3
56 12 4
 0 1
 1 3
 2 1
 3 0
57 18 4
 0 0
 1 1
 2 0
 3 2
58 9 4
 0 0
 1 1
 2 0
 3 2
59 17 4
 0 1
 1 0
 2 0
 3 3
60 2 4
 0 2
 1 0
 2 1
 3 2
61 12 4
 0 0
 1 3
 2 3
 3 2
62 11 4
 0 0
 1 3
 2 0
 3 1
63 11 4
 0 1
 1 1
 2 0
 3 3
64 7 4
 0 1
 1 3
 2 0
 3 1
65 7 4
 0 3
 1 0
 2 1
 3 3
66 12 4
 0 2
 1 2
 2 0
 3 3
67 3 4
 0 2
 1 0
 2 0
 3 1
68 5 4
 0 0
 1 2
 2 1
 3 3
69 15 4
 0 0
 1 1
 2 0
 3 3
70 8 4
 0 1
 1 3
 2 3
 3 1
71 4 4
 0 1
 1 3
 2 2
 3 2
72 3 4
 0 3
 1 3
 2 0
 3 2
73 16 4
 0 3
 1 0
 2 2
 3 3
74 13 4
 0 0
 1 2
 2 0
 3 1
75 3 4
 0 2
 1 2
 2 2
 3 1
76 19 4
 0 2
 1 3
 2 2
 3 1
77 9 4
 0 0
 1 0
 2 3
 3 0
78 11 4
 0 1
 1 0
 2 3
 3 0
79 6 4
 0 0
 1 0
 2 0
 3 1
80 10 4
 0 2
 1 1
 2 2
 3 0
81 16 4
 0 0
 1 0
 2 2
 3 1
82 7 4
 0 0
 1 2
 2 1
 3 0
83 10 4
 0 1
 1 0
 2 0
 3 0
84 6 4
 0 3
 1 2
 2 3
 3 0
85 14 4
 0 0
 1 0
 2 1
 3 0
86 5 4
 0 3
 1 1
 2 0
 3 1
87 18 4
 0 2
 1 0
 2 3
 3 3
88 6 4
 0 2
 1 0
 2 0
 3 2
89 4 4
 0 3
 1 0
 2 0
 3 1
90 14 4
 0 0
 1 2
 2 0
 3 1
91 2 4
 0 3
 1 0
 2 1
 3 0
92 13 4
 0 0
 1 0
 2 0
 3 1
93 20 4
 0 0
 1 2
 2 2
 3 0
94 14 4
 0 1
 1 0
 2 1
 3 1
95 14 4
 0 3
 1 0
 2 0
 3 0
96 18 4
 0 3
 1 3
 2 0
 3 3
97 7 4
 0 0
 1 1
 2 2
 3 0
98 5 4
 0 2
 1 0
 2 0
 3 0
99 2 4
 0 3
 1 2
 2 2
 3 2
100 3 4
 0 0
 1 3
 2 0
 3 2
101 15 4
 0 1
 1 3
 2 1
 3 1
102 3 4
 0 3
 1 1
 2 0
 3 1
103 2 4
 0 2
 1 1
 2 0
 3 0
104 13 4
 0 2
 1 0
 2 0
 3 1
105 20 4
 0 2
 1 0
 2 0
 3 3
106 12 4
 0 2
 1 0
 2 3
 3 0
107 17 4
 0 1
 1 0
 2 0
 3 0
108 11 4
 0 1
 1 1
 2 1
 3 2
109 1 4
 0 0
 1 2
 2 2
 3 2
110 17 4
 0 3
 1 0
 2 3
 3 3
111 12 4
 0 0
 1 3
 2 1
 3 0
112 15 4
 0 0
 1 1
 2 1
 3 2
113 8 4
 0 1
 1 1
 2 2
 3 0
114 9 4
 0 0
 1 0
 2 2
 3 0
115 15 4
 0 2
 1 0
 2 3
 3 0
116 1 4
 0 0
 1 0
 2 0
 3 1
117 7 4
 0 0
 1 2
 2 0
 3 0
118 14 4
 0 3
 1 2
 2 0
 3 2
119 7 4
 0 3
 1 0
 2 0
 3 0
120 16 4
 0 2
 1 0
 2 3
 3 0
121 6 4
 0 0
 1 0
 2 0
 3 2
122 6 4
 0 1
 1 0
 2 0
 3 1
123 1 4
 0 3
 1 2
 2 0
 3 0
124 5 4
 0 1
 1 0
 2 0
 3 0
125 11 4
 0 2
 1 2
 2 3
 3 1
126 10 4
 0 0
 1 2
 2 1
 3 0
127 20 4
 0 0
 1 2
 2 3
 3 3
128 16 4
 0 3
 1 1
 2 0
 3 3
129 6 4
 0 1
 1 2
 2 0
 3 1
130 13 4
 0 2
 1 3
 2 1
 3 2
131 6 4
 0 2
 1 1
 2 0
 3 0
132 16 4
 0 1
 1 3
 2 3
 3 3
133 3 4
 0 0
 1 1
 2 0
 3 0
134 19 4
 0 3
 1 1
 2 1
 3 0
135 3 4
 0 3
 1 2
 2 2
 3 0
136 16 4
 0 0
 1 2
 2 1
 3 3
137 19 4
 0 0
 1 0
 2 1
 3 0
138 18 4
 0 0
 1 0
 2 0
 3 1
139 1 4
 0 0
 1 1
 2 0
 3 3
140 7 4
 0 0
 1 0
 2 0
 3 1
141 18 4
 0 3
 1 3
 2 0
 3 0
142 9 4
 0 3
 1 3
 2 1
 3 1
143 13 4
 0 0
 1 3
 2 1
 3 3
144 10 4
 0 3
 1 1
 2 1
 3 0
145 3 4
 0 3
 1 1
 2 1
 3 2
146 3 4
 0 1
 1 0
 2 0
 3 0
147 15 4
 0 0
 1 3
 2 0
 3 1
148 12 4
 0 0
 1 0
 2 2
 3 1
149 11 4
 0 1
 1 3
 2 0
 3 0
150 19 4
 0 0
 1 3
 2 0
 3 1
151 7 4
 0 3
 1 2
 2 1
 3 0
152 7 4
 0 3
 1 1
 2 0
 3 1
153 12 4
 0 2
 1 0
 2 0
 3 0
154 1 4
 0 0
 1 2
 2 2
 3 0
155 2 4
 0 1
 1 2
 2 0
 3 3
156 5 4
 0 0
 1 1
 2 0
 3 0
157 15 4
 0 0
 1 1
 2 2
 3 0
158 4 4
 0 1
 1 3
 2 0
 3 0
159 14 4
 0 1
 1 0
 2 0
 3 2
160 16 4
 0 0
 1 3
 2 0
 3 1
161 16 4
 0 2
 1 2
 2 0
 3 0
162 6 4
 0 1
 1 3
 2 2
 3 0
163 12 4
 0 1
 1 2
 2 3
 3 2
164 4 4
 0 2
 1 2
 2 3
 3 0
165 12 4
 0 0
 1 0
 2 2
 3 0
166 9 4
 0 2
 1 1
 2 1
 3 3
167 16 4
 0 2
 1 3
 2 0
 3 0
168 7 4
 0 1
 1 0
 2 0
 3 0
169 1 4
 0 3
 1 0
 2 1
 3 0
170 17 4
 0 1
 1 0
 2 1
 3 0
171 20 4
 0 2
 1 3
 2 1
 3 0
172 11 4
 0 1
 1 0
 2 3
 3 0
173 7 4
 0 2
 1 0
 2 0
 3 0
174 11 4
 0 0
 1 2
 2 0
 3 2
175 18 4
 0 0
 1 2
 2 0
 3 0
176 12 4
 0 0
 1 2
 2 2
 3 1
177 1 4
 0 2
 1 3
 2 3
 3 1
178 6 4
 0 0
 1 0
 2 0
 3 2
179 12 4
 0 0
 1 2
 2 3
 3 0
180 4 4
 0 0
 1 0
 2 1
 3 2
181 9 4
 0 3
 1 1
 2 3
 3 3
182 6 4
 0 2
 1 0
 2 2
 3 2
183 18 4
 0 2
 1 2
 2 2
 3 3
184 3 4
 0 2
 1 3
 2 0
 3 2
185 2 4
 0 1
 1 0
 2 0
 3 2
186 11 4
 0 0
 1 0
 2 2
 3 3
187 8 4
 0 1
 1 0
 2 0
 3 0
188 14 4
 0 0
 1 0
 2 1
 3 0
189 1 4
 0 3
 1 3
 2 1
 3 0
190 2 4
 0 2
 1 0
 2 0
 3 0
191 5 4
 0 0
 1 0
 2 1
 3 0
192 12 4
 0 0
 1 0
 2 0
 3 1
193 3 4
 0 0
 1 2
 2 1
 3 3
194 10 4
 0 3
 1 1
 2 3
 3 2
195 6 4
 0 1
 1 0
 2 0
 3 0
196 11 4
 0 3
 1 1
 2 1
 3 2
197 7 4
 0 0
 1 0
 2 0
 3 1
198 2 4
 0 0
 1 1
 2 1
 3 3
199 20 4
 0 0
 1 2
 2 0
 3 0
200 13 4
 0 1
 1 0
 2 0
 3 0
201 20 4
 0 1
 1 0
 2 0
 3 0
202 10 4
 0 1
 1 0
 2 3
 3 0
203 3 4
 0 0
 1 0
 2 1
 3 0
204 20 4
 0 0
 1 1
 2 2
 3 3
205 18 4
 0 0
 1 3
 2 3
 3 3
206 10 4
 0 1
 1 1
 2 0
 3 3
207 8 4
 0 0
 1 0
 2 3
 3 1
208 3 4
 0 0
 1 2
 2 0
 3 2
209 13 4
 0 3
 1 0
 2 3
 3 0
210 4 4
 0 1
 1 3
 2 1
 3 0
211 20 4
 0 3
 1 0
 2 3
 3 0
212 0 4
 0 0
 1 0
 2 0
 3 0

# PRECEDENCES
1593
0 1
0 17
0 21
0 29
0 31
0 33
0 39
0 46
0 47
0 74
0 82
0 84
0 85
0 95
0 98
0 106
0 109
0 113
0 128
0 133
0 139
0 140
0 141
0 155
0 163
0 167
0 175
0 180
0 181
0 182
0 187
0 192
0 194
0 196
0 202
0 204
0 208
1 15
1 104
1 112
1 114
1 115
1 149
1 179
1 188
2 212
3 2
3 28
3 64
3 73
3 83
3 86
3 118
3 124
3 149
3 157
4 5
4 6
4 14
4 15
4 43
4 51
4 124
4 169
4 183
4 185
5 32
5 36
5 71
5 87
5 89
5 90
5 142
5 149
5 157
6 2
6 23
6 24
6 34
6 36
6 77
6 100
6 126
6 166
7 2
7 24
7 36
7 50
7 77
7 88
7 127
7 157
8 63
8 65
8 99
8 164
8 185
8 190
8 201
9 24
9 36
9 44
9 52
9 83
9 88
9 126
9 145
9 203
10 52
10 77
10 81
10 89
10 94
10 102
10 119
10 191
11 87
11 90
11 94
11 150
11 157
11 183
11 188
12 30
12 38
12 76
12 88
12 101
12 116
12 154
12 179
12 205
12 207
13 42
13 58
13 77
13 156
13 183
13 191
14 2
14 34
14 36
14 73
14 76
14 134
14 149
14 166
15 24
15 36
15 51
15 67
15 100
15 102
15 157
16 9
16 13
16 77
16 88
16 110
16 131
16 162
16 177
17 13
17 38
17 69
17 79
17 161
17 177
17 183
18 5
18 9
18 11
18 68
18 86
18 108
19 28
19 78
19 89
19 143
19 157
19 166
20 6
20 13
20 14
20 42
20 50
20 80
20 94
20 159
20 178
20 201
21 16
21 94
21 124
21 193
21 195
21 207
22 49
22 59
22 63
22 105
22 120
22 159
22 170
22 171
23 212
24 212
25 11
25 50
25 111
25 118
25 124
25 134
25 178
25 201
26 51
26 53
26 55
26 63
26 64
26 65
26 81
26 86
26 122
26 152
27 5
27 11
27 13
27 147
27 157
27 178
27 195
27 205
28 36
28 52
28 58
28 64
28 122
28 145
28 157
29 12
29 14
29 42
29 55
29 65
29 70
29 142
29 186
29 203
30 44
30 53
30 66
30 80
30 151
30 205
31 49
31 62
31 66
31 80
31 148
31 154
31 166
31 168
31 184
32 7
32 51
32 76
32 77
32 83
32 101
32 102
32 127
32 176
33 24
33 111
33 124
33 146
33 151
33 170
33 199
34 24
34 50
34 58
34 64
34 88
34 127
34 143
35 32
35 48
35 52
35 99
35 130
35 184
36 212
37 13
37 23
37 30
37 32
37 92
37 123
37 144
37 147
38 15
38 28
38 51
38 81
38 130
38 151
38 173
38 184
38 191
39 20
39 58
39 92
39 111
39 112
39 115
39 198
40 11
40 18
40 42
40 49
40 59
40 70
40 143
41 32
41 43
41 50
41 52
41 66
41 69
41 73
41 87
41 127
41 145
42 2
42 7
42 34
42 77
42 88
42 127
42 157
42 205
43 23
43 28
43 36
43 77
43 83
43 108
43 118
43 134
43 159
43 203
44 50
44 51
44 58
44 64
44 77
44 127
44 143
44 157
45 32
45 68
45 73
45 94
45 148
45 188
45 201
46 20
46 51
46 88
46 110
46 116
46 130
46 150
47 13
47 27
47 37
47 104
47 168
47 189
48 36
48 66
48 118
48 122
48 130
48 156
48 201
49 15
49 72
49 80
49 81
49 102
49 111
49 154
49 166
50 212
51 212
52 212
53 15
53 23
53 36
53 64
53 122
53 134
53 142
53 169
54 4
54 10
54 19
54 136
54 144
54 148
54 151
54 198
55 15
55 19
55 23
55 34
55 51
55 73
55 87
55 116
55 188
55 205
56 4
56 19
56 41
56 100
56 105
56 160
57 28
57 50
57 58
57 59
57 89
57 119
57 146
57 178
58 212
59 23
59 44
59 58
59 66
59 67
59 76
59 77
59 108
59 126
59 145
60 7
60 58
60 77
60 100
60 126
60 134
60 157
60 166
60 169
61 18
61 72
61 73
61 75
61 119
61 161
62 37
62 58
62 69
62 70
62 77
62 142
62 145
62 146
62 164
62 191
63 15
63 36
63 51
63 69
63 90
63 99
63 102
63 154
63 203
64 212
65 5
65 13
65 34
65 66
65 69
65 71
65 108
65 145
65 151
65 178
66 24
66 50
66 52
66 58
66 122
66 166
67 2
67 36
67 50
67 64
67 122
67 127
67 157
67 166
68 9
68 15
68 51
68 59
68 201
68 205
69 59
69 67
69 77
69 89
69 124
69 145
69 188
69 189
69 201
70 78
70 127
70 134
70 143
70 151
70 156
70 184
71 36
71 42
71 51
71 108
71 122
71 126
71 205
72 14
72 19
72 79
72 151
72 166
72 178
72 203
73 7
73 44
73 50
73 51
73 66
73 77
73 83
73 127
74 9
74 11
74 16
74 32
74 52
74 200
74 206
75 6
75 12
75 15
75 53
75 89
75 122
75 152
76 2
76 23
76 24
76 36
76 51
76 122
76 127
76 143
76 157
76 166
77 212
78 2
78 24
78 42
78 59
78 73
78 100
78 108
78 134
78 149
78 159
79 19
79 51
79 78
79 124
79 127
79 138
79 156
79 169
79 173
79 195
80 5
80 32
80 59
80 64
80 73
80 124
80 143
80 176
80 201
81 9
81 13
81 28
81 94
81 134
81 149
81 188
82 52
82 67
82 83
82 86
82 114
82 137
82 147
82 186
82 205
83 2
83 36
83 50
83 58
83 127
83 143
83 157
84 4
84 5
84 98
84 116
84 118
84 145
84 169
84 188
85 107
85 116
85 125
85 126
85 197
85 204
86 44
86 64
86 108
86 130
86 156
86 157
87 23
87 36
87 51
87 58
87 64
87 76
87 145
87 205
88 212
89 2
89 9
89 23
89 51
89 67
89 73
89 142
89 143
89 145
89 157
90 7
90 59
90 66
90 77
90 83
90 88
90 126
90 143
90 157
91 35
91 42
91 65
91 81
91 127
91 130
91 176
92 32
92 88
92 90
92 118
92 121
92 124
92 151
93 3
93 77
93 124
93 130
93 146
93 189
93 200
94 6
94 50
94 52
94 58
94 87
94 88
94 100
94 134
94 148
95 23
95 122
95 132
95 135
95 193
95 201
96 5
96 89
96 115
96 117
96 119
96 143
96 156
96 170
96 190
97 7
97 26
97 55
97 56
97 101
97 124
97 129
97 137
97 197
97 205
98 34
98 53
98 72
98 100
98 108
98 168
98 185
98 189
98 198
99 9
99 88
99 89
99 90
99 100
99 127
99 138
100 24
100 51
100 58
100 64
100 88
100 157
101 2
101 7
101 23
101 44
101 52
101 66
101 88
101 102
101 108
101 145
102 36
102 50
102 51
102 58
102 64
102 88
102 127
102 143
102 157
102 166
103 32
103 35
103 52
103 152
103 172
103 184
103 205
104 4
104 36
104 43
104 68
104 71
104 86
104 122
104 127
104 142
104 184
105 3
105 5
105 41
105 123
105 130
105 178
106 45
106 50
106 92
106 173
106 179
106 185
107 41
107 51
107 53
107 60
107 64
107 69
107 86
107 99
107 154
107 209
108 2
108 24
108 52
108 77
108 88
108 127
109 77
109 104
109 111
109 118
109 124
109 142
109 157
109 169
109 189
110 2
110 20
110 73
110 81
110 121
110 188
111 32
111 44
111 59
111 66
111 142
111 184
112 13
112 37
112 49
112 71
112 81
112 86
112 103
112 118
112 119
112 209
113 13
113 61
113 64
113 107
113 129
113 171
114 27
114 53
114 67
114 88
114 94
114 104
114 126
114 131
114 203
115 25
115 30
115 32
115 50
115 70
115 76
115 149
115 159
115 184
116 34
116 59
116 86
116 119
116 121
116 189
117 4
117 12
117 20
117 94
117 114
117 136
117 160
117 172
117 178
117 191
118 14
118 77
118 78
118 100
118 126
118 159
119 13
119 70
119 89
119 111
119 134
119 183
119 184
119 185
119 191
120 23
120 28
120 43
120 63
120 91
120 99
120 115
120 136
120 183
120 186
121 66
121 67
121 78
121 102
121 124
121 138
121 178
121 201
122 212
123 5
123 6
123 23
123 28
123 44
123 50
123 149
123 156
123 201
124 6
124 9
124 34
124 58
124 100
124 134
124 143
124 159
124 166
124 205
125 107
125 111
125 151
125 166
125 169
125 185
126 23
126 24
126 36
126 52
126 64
126 88
126 127
126 157
127 212
128 13
128 19
128 24
128 52
128 75
128 99
128 193
128 209
129 51
129 116
129 121
129 151
129 156
129 159
129 172
129 206
129 211
130 24
130 50
130 66
130 76
130 83
130 88
130 122
131 2
131 34
131 43
131 50
131 64
131 79
131 80
132 3
132 38
132 76
132 136
132 151
132 156
132 195
133 14
133 15
133 73
133 83
133 105
133 106
133 136
133 193
134 36
134 58
134 64
134 66
134 126
134 166
134 169
135 23
135 76
135 127
135 131
135 134
135 138
135 169
135 195
135 198
136 2
136 13
136 66
136 94
136 102
136 148
136 151
136 185
137 20
137 48
137 58
137 66
137 71
137 121
137 135
138 36
138 66
138 73
138 108
138 127
138 143
138 145
139 28
139 32
139 53
139 64
139 124
139 177
139 184
140 11
140 15
140 52
140 109
140 115
140 127
140 145
140 193
140 206
141 15
141 67
141 110
141 131
141 132
141 174
141 185
141 191
142 7
142 23
142 34
142 52
142 58
142 67
142 76
142 126
142 145
143 212
144 70
144 78
144 143
144 151
144 157
144 203
145 2
145 36
145 50
145 52
145 77
145 88
145 122
145 157
146 13
146 48
146 52
146 53
146 99
146 100
146 118
146 138
146 149
147 5
147 69
147 70
147 77
147 111
147 188
147 195
148 7
148 42
148 67
148 83
148 108
148 130
148 145
148 205
149 2
149 52
149 58
149 83
149 88
149 100
149 126
149 143
149 145
149 205
150 2
150 19
150 53
150 58
150 60
150 90
150 99
150 130
150 178
150 201
151 2
151 36
151 76
151 77
151 100
151 102
151 122
151 145
152 34
152 64
152 100
152 122
152 144
152 157
153 13
153 49
153 54
153 65
153 92
153 120
153 201
154 5
154 59
154 71
154 81
154 99
154 111
154 145
154 176
154 195
154 205
155 58
155 96
155 121
155 145
155 158
155 177
156 7
156 23
156 24
156 66
156 77
156 88
156 127
156 166
157 212
158 13
158 20
158 30
158 114
158 144
158 159
158 195
158 198
159 24
159 34
159 36
159 64
159 76
159 83
159 143
159 203
160 7
160 55
160 58
160 63
160 65
160 80
160 132
160 149
161 3
161 69
161 71
161 88
161 94
161 130
161 151
161 185
161 191
162 12
162 45
162 60
162 65
162 72
162 88
162 144
162 188
163 25
163 65
163 80
163 93
163 97
163 146
164 59
164 87
164 88
164 134
164 156
164 177
165 28
165 40
165 68
165 80
165 81
165 125
165 149
166 212
167 15
167 16
167 35
167 60
167 91
167 146
167 156
167 211
168 7
168 60
168 64
168 71
168 87
168 89
168 101
168 122
168 130
168 178
169 24
169 36
169 58
169 64
169 77
169 88
169 143
169 166
170 34
170 142
170 144
170 164
170 183
170 195
171 9
171 18
171 35
171 65
171 120
171 166
172 2
172 9
172 23
172 55
172 63
172 71
172 102
172 115
172 154
172 203
173 32
173 34
173 36
173 88
173 126
173 134
173 191
173 201
174 5
174 9
174 11
174 24
174 52
174 63
174 65
174 67
174 88
174 145
175 18
175 20
175 23
175 45
175 80
175 86
175 110
175 127
175 134
175 157
176 2
176 36
176 51
176 77
176 108
176 143
176 169
176 205
177 2
177 6
177 73
177 87
177 118
177 142
177 205
178 23
178 67
178 83
178 100
178 122
178 127
178 130
178 205
179 60
179 71
179 111
179 118
179 134
179 156
179 169
179 183
180 14
180 54
180 84
180 91
180 105
180 111
180 136
180 189
180 200
181 8
181 57
181 76
181 90
181 119
181 131
181 203
182 4
182 9
182 19
182 26
182 50
182 67
182 93
182 157
183 87
183 108
183 126
183 127
183 134
183 156
184 6
184 28
184 59
184 67
184 73
184 127
184 169
185 2
185 51
185 78
185 87
185 100
185 108
185 124
185 134
185 148
185 191
186 11
186 63
186 72
186 130
186 134
186 144
186 164
186 176
187 13
187 55
187 59
187 70
187 71
187 94
187 96
187 144
187 167
187 208
188 2
188 7
188 28
188 50
188 73
188 159
188 205
189 2
189 15
189 34
189 51
189 64
189 73
189 76
189 145
189 166
190 27
190 28
190 48
190 51
190 121
190 123
190 161
190 198
190 205
191 59
191 87
191 88
191 149
191 157
191 159
192 14
192 16
192 48
192 58
192 79
192 150
192 153
192 168
192 174
192 211
193 24
193 43
193 48
193 79
193 89
193 203
194 22
194 40
194 72
194 165
194 178
194 186
195 2
195 15
195 23
195 36
195 42
195 142
195 149
195 157
196 7
196 12
196 91
196 138
196 206
196 210
197 38
197 42
197 92
197 118
197 135
197 146
198 5
198 89
198 90
198 142
198 143
198 184
199 26
199 52
199 81
199 90
199 143
199 156
199 198
200 28
200 37
200 52
200 111
200 121
200 149
200 206
201 36
201 58
201 77
201 83
201 102
201 126
201 166
202 27
202 89
202 132
202 144
202 147
202 170
202 193
202 209
203 24
203 36
203 50
203 52
203 58
203 77
203 88
203 143
204 35
204 38
204 48
204 68
204 101
204 114
204 120
204 172
204 195
205 23
205 24
205 36
205 50
205 51
205 52
205 58
205 122
205 157
205 166
206 2
206 9
206 11
206 60
206 72
206 127
206 148
207 14
207 19
207 60
207 122
207 168
207 191
207 205
208 14
208 34
208 38
208 55
208 110
208 189
208 207
209 23
209 24
209 44
209 50
209 76
209 111
209 138
210 9
210 64
210 65
210 71
210 120
210 158
211 11
211 13
211 25
211 34
211 59
211 64
211 76
211 144
211 145
211 201
