# Tier 6 (Large) - Instance 16
# Generated with config: N=138, K=5, topology=grid, calendar=staggered

# HEADER: <num_tasks> <num_types> <num_units>
140 5 37

# RESOURCE TYPES
# Format: <type_id> <num_units> <unit_id1> <unit_id2> ...
0 6 0 1 2 3 4 5
1 6 6 7 8 9 10 11
2 7 12 13 14 15 16 17 18
3 8 19 20 21 22 23 24 25 26
4 10 27 28 29 30 31 32 33 34 35 36

# RESOURCE UNITS (Calendars)
# Format: <unit_id> <num_steps> <t1> <v1> <t2> <v2> ...
0 32 0 100 54 0 65 100 108 0 117 100 162 0 176 100 216 0 231 100 270 0 280 100 324 0 335 100 378 0 393 100 432 0 443 100 486 0 497 100 540 0 550 100 594 0 605 100 648 0 657 100 702 0 711 100 756 0 771 100 810 0 819 100 865 0
1 32 0 100 76 0 86 100 130 0 145 100 184 0 194 100 238 0 251 100 292 0 300 100 346 0 354 100 400 0 415 100 454 0 469 100 508 0 521 100 562 0 576 100 616 0 625 100 670 0 685 100 724 0 736 100 778 0 786 100 832 0 845 100 865 0
2 30 0 100 98 0 106 100 152 0 163 100 206 0 217 100 260 0 273 100 314 0 329 100 368 0 380 100 422 0 432 100 476 0 488 100 530 0 541 100 584 0 593 100 638 0 653 100 692 0 700 100 746 0 761 100 800 0 808 100 865 0
3 32 0 100 11 0 26 100 120 0 135 100 174 0 188 100 228 0 241 100 282 0 291 100 336 0 347 100 390 0 404 100 444 0 454 100 498 0 507 100 552 0 560 100 606 0 618 100 660 0 670 100 714 0 726 100 768 0 779 100 822 0 835 100 865 0
4 32 0 100 33 0 43 100 142 0 156 100 196 0 208 100 250 0 264 100 304 0 317 100 358 0 367 100 412 0 424 100 466 0 477 100 520 0 535 100 574 0 588 100 628 0 643 100 682 0 694 100 736 0 745 100 790 0 798 100 844 0 855 100 865 0
5 32 0 100 1 0 10 100 55 0 66 100 164 0 177 100 218 0 231 100 272 0 280 100 326 0 340 100 380 0 391 100 434 0 449 100 488 0 499 100 542 0 552 100 596 0 605 100 650 0 660 100 704 0 713 100 758 0 769 100 812 0 823 100 865 0
6 32 0 100 23 0 31 100 77 0 89 100 186 0 199 100 240 0 251 100 294 0 307 100 348 0 360 100 402 0 415 100 456 0 470 100 510 0 524 100 564 0 574 100 618 0 627 100 672 0 687 100 726 0 734 100 780 0 795 100 834 0 848 100 865 0
7 30 0 100 45 0 59 100 99 0 112 100 208 0 220 100 262 0 277 100 316 0 330 100 370 0 378 100 424 0 438 100 478 0 486 100 532 0 542 100 586 0 594 100 640 0 655 100 694 0 703 100 748 0 756 100 802 0 813 100 865 0
8 32 0 100 13 0 26 100 67 0 81 100 121 0 129 100 230 0 240 100 284 0 296 100 338 0 347 100 392 0 403 100 446 0 460 100 500 0 508 100 554 0 563 100 608 0 619 100 662 0 670 100 716 0 731 100 770 0 779 100 824 0 837 100 865 0
9 32 0 100 35 0 47 100 89 0 102 100 143 0 152 100 252 0 261 100 306 0 317 100 360 0 368 100 414 0 426 100 468 0 483 100 522 0 537 100 576 0 590 100 630 0 645 100 684 0 697 100 738 0 749 100 792 0 804 100 846 0 857 100 865 0
10 32 0 100 3 0 17 100 57 0 72 100 111 0 121 100 165 0 179 100 274 0 282 100 328 0 341 100 382 0 392 100 436 0 446 100 490 0 499 100 544 0 554 100 598 0 606 100 652 0 661 100 706 0 721 100 760 0 770 100 814 0 827 100 865 0
11 32 0 100 25 0 38 100 79 0 88 100 133 0 145 100 187 0 199 100 296 0 306 100 350 0 358 100 404 0 412 100 458 0 469 100 512 0 525 100 566 0 576 100 620 0 631 100 674 0 685 100 728 0 739 100 782 0 792 100 836 0 845 100 865 0
12 30 0 100 47 0 61 100 101 0 112 100 155 0 168 100 209 0 219 100 318 0 331 100 372 0 385 100 426 0 438 100 480 0 493 100 534 0 543 100 588 0 600 100 642 0 654 100 696 0 706 100 750 0 761 100 804 0 814 100 865 0
13 32 0 100 15 0 23 100 69 0 80 100 123 0 131 100 177 0 187 100 231 0 243 100 340 0 353 100 394 0 404 100 448 0 462 100 502 0 516 100 556 0 568 100 610 0 620 100 664 0 678 100 718 0 733 100 772 0 783 100 826 0 835 100 865 0
14 32 0 100 37 0 46 100 91 0 105 100 145 0 157 100 199 0 210 100 253 0 262 100 362 0 373 100 416 0 430 100 470 0 483 100 524 0 538 100 578 0 593 100 632 0 640 100 686 0 695 100 740 0 750 100 794 0 807 100 848 0 858 100 865 0
15 32 0 100 5 0 14 100 59 0 73 100 113 0 121 100 167 0 181 100 221 0 229 100 275 0 283 100 384 0 399 100 438 0 449 100 492 0 506 100 546 0 554 100 600 0 609 100 654 0 667 100 708 0 723 100 762 0 776 100 816 0 828 100 865 0
16 32 0 100 27 0 36 100 81 0 95 100 135 0 143 100 189 0 203 100 243 0 257 100 297 0 307 100 406 0 415 100 460 0 470 100 514 0 527 100 568 0 583 100 622 0 634 100 676 0 685 100 730 0 742 100 784 0 794 100 838 0 849 100 865 0
17 30 0 100 49 0 58 100 103 0 113 100 157 0 167 100 211 0 221 100 265 0 280 100 319 0 332 100 428 0 436 100 482 0 497 100 536 0 549 100 590 0 598 100 644 0 653 100 698 0 709 100 752 0 767 100 806 0 820 100 865 0
18 32 0 100 17 0 31 100 71 0 86 100 125 0 136 100 179 0 187 100 233 0 245 100 287 0 300 100 341 0 350 100 450 0 461 100 504 0 517 100 558 0 568 100 612 0 625 100 666 0 674 100 720 0 728 100 774 0 782 100 828 0 840 100 865 0
19 32 0 100 39 0 51 100 93 0 105 100 147 0 161 100 201 0 210 100 255 0 270 100 309 0 321 100 363 0 375 100 472 0 484 100 526 0 535 100 580 0 592 100 634 0 643 100 688 0 701 100 742 0 750 100 796 0 807 100 850 0 864 100 865 0
20 32 0 100 7 0 17 100 61 0 75 100 115 0 124 100 169 0 179 100 223 0 238 100 277 0 287 100 331 0 343 100 385 0 394 100 494 0 505 100 548 0 561 100 602 0 616 100 656 0 667 100 710 0 719 100 764 0 777 100 818 0 829 100 865 0
21 32 0 100 29 0 39 100 83 0 96 100 137 0 146 100 191 0 202 100 245 0 254 100 299 0 311 100 353 0 368 100 407 0 417 100 516 0 530 100 570 0 579 100 624 0 636 100 678 0 690 100 732 0 746 100 786 0 795 100 840 0 851 100 865 0
22 30 0 100 51 0 63 100 105 0 120 100 159 0 167 100 213 0 226 100 267 0 276 100 321 0 335 100 375 0 388 100 429 0 444 100 538 0 553 100 592 0 602 100 646 0 660 100 700 0 709 100 754 0 763 100 808 0 820 100 865 0
23 32 0 100 19 0 30 100 73 0 81 100 127 0 135 100 181 0 191 100 235 0 249 100 289 0 297 100 343 0 351 100 397 0 406 100 451 0 463 100 560 0 575 100 614 0 628 100 668 0 681 100 722 0 731 100 776 0 791 100 830 0 842 100 865 0
24 32 0 100 41 0 54 100 95 0 107 100 149 0 161 100 203 0 211 100 257 0 266 100 311 0 324 100 365 0 376 100 419 0 431 100 473 0 485 100 582 0 591 100 636 0 645 100 690 0 705 100 744 0 758 100 798 0 806 100 852 0 862 100 865 0
25 32 0 100 9 0 17 100 63 0 71 100 117 0 132 100 171 0 181 100 225 0 236 100 279 0 290 100 333 0 346 100 387 0 397 100 441 0 455 100 495 0 505 100 604 0 614 100 658 0 670 100 712 0 727 100 766 0 777 100 820 0 832 100 865 0
26 32 0 100 31 0 45 100 85 0 95 100 139 0 149 100 193 0 208 100 247 0 256 100 301 0 316 100 355 0 363 100 409 0 419 100 463 0 471 100 517 0 529 100 626 0 638 100 680 0 692 100 734 0 743 100 788 0 798 100 842 0 850 100 865 0
27 30 0 100 53 0 64 100 107 0 119 100 161 0 173 100 215 0 227 100 269 0 283 100 323 0 334 100 377 0 389 100 431 0 441 100 485 0 495 100 539 0 554 100 648 0 657 100 702 0 717 100 756 0 768 100 810 0 818 100 865 0
28 32 0 100 21 0 30 100 75 0 83 100 129 0 137 100 183 0 195 100 237 0 251 100 291 0 304 100 345 0 353 100 399 0 413 100 453 0 465 100 507 0 520 100 561 0 574 100 670 0 683 100 724 0 734 100 778 0 792 100 832 0 842 100 865 0
29 30 0 100 43 0 57 100 97 0 106 100 151 0 159 100 205 0 219 100 259 0 269 100 313 0 322 100 367 0 380 100 421 0 435 100 475 0 486 100 529 0 544 100 583 0 596 100 692 0 703 100 746 0 761 100 800 0 814 100 865 0
30 32 0 100 11 0 20 100 65 0 74 100 119 0 130 100 173 0 182 100 227 0 237 100 281 0 291 100 335 0 343 100 389 0 403 100 443 0 455 100 497 0 509 100 551 0 565 100 605 0 615 100 714 0 725 100 768 0 777 100 822 0 831 100 865 0
31 32 0 100 33 0 45 100 87 0 100 100 141 0 156 100 195 0 206 100 249 0 260 100 303 0 315 100 357 0 366 100 411 0 425 100 465 0 473 100 519 0 528 100 573 0 583 100 627 0 635 100 736 0 744 100 790 0 800 100 844 0 856 100 865 0
32 32 0 100 1 0 15 100 55 0 69 100 109 0 122 100 163 0 174 100 217 0 227 100 271 0 285 100 325 0 333 100 379 0 387 100 433 0 447 100 487 0 496 100 541 0 555 100 595 0 605 100 649 0 659 100 758 0 769 100 812 0 823 100 865 0
33 32 0 100 23 0 35 100 77 0 92 100 131 0 142 100 185 0 196 100 239 0 254 100 293 0 305 100 347 0 359 100 401 0 412 100 455 0 468 100 509 0 517 100 563 0 574 100 617 0 628 100 671 0 680 100 780 0 792 100 834 0 846 100 865 0
34 30 0 100 45 0 59 100 99 0 111 100 153 0 162 100 207 0 217 100 261 0 271 100 315 0 326 100 369 0 383 100 423 0 434 100 477 0 491 100 531 0 546 100 585 0 595 100 639 0 654 100 693 0 703 100 802 0 813 100 865 0
35 32 0 100 13 0 26 100 67 0 79 100 121 0 136 100 175 0 184 100 229 0 240 100 283 0 295 100 337 0 351 100 391 0 406 100 445 0 453 100 499 0 512 100 553 0 568 100 607 0 618 100 661 0 669 100 715 0 729 100 824 0 834 100 865 0
36 32 0 100 35 0 43 100 89 0 104 100 143 0 152 100 197 0 207 100 251 0 260 100 305 0 317 100 359 0 367 100 413 0 421 100 467 0 481 100 521 0 531 100 575 0 589 100 629 0 637 100 683 0 691 100 737 0 751 100 846 0 857 100 865 0

# TASKS
# Format: <task_id> <size> <num_reqs>
# Then for each requirement: <type_id> <qty>
0 0 5
 0 0
 1 0
 2 0
 3 0
 4 0
1 10 5
 0 3
 1 3
 2 3
 3 0
 4 3
2 5 5
 0 3
 1 0
 2 2
 3 2
 4 0
3 8 5
 0 0
 1 2
 2 0
 3 2
 4 3
4 11 5
 0 0
 1 3
 2 3
 3 3
 4 2
5 12 5
 0 2
 1 1
 2 2
 3 3
 4 0
6 10 5
 0 3
 1 3
 2 0
 3 3
 4 0
7 9 5
 0 1
 1 0
 2 0
 3 3
 4 0
8 15 5
 0 2
 1 0
 2 3
 3 2
 4 1
9 12 5
 0 1
 1 0
 2 3
 3 3
 4 3
10 8 5
 0 3
 1 3
 2 0
 3 1
 4 2
11 15 5
 0 0
 1 1
 2 0
 3 1
 4 2
12 13 5
 0 0
 1 0
 2 3
 3 3
 4 0
13 10 5
 0 1
 1 2
 2 1
 3 2
 4 3
14 14 5
 0 3
 1 2
 2 2
 3 2
 4 0
15 12 5
 0 0
 1 1
 2 1
 3 2
 4 2
16 5 5
 0 1
 1 1
 2 0
 3 1
 4 1
17 15 5
 0 1
 1 0
 2 0
 3 0
 4 1
18 13 5
 0 1
 1 2
 2 0
 3 0
 4 0
19 6 5
 0 0
 1 0
 2 1
 3 2
 4 2
20 5 5
 0 3
 1 0
 2 1
 3 1
 4 3
21 11 5
 0 1
 1 3
 2 0
 3 0
 4 2
22 15 5
 0 1
 1 3
 2 3
 3 0
 4 3
23 13 5
 0 2
 1 0
 2 0
 3 1
 4 2
24 10 5
 0 0
 1 1
 2 3
 3 2
 4 0
25 4 5
 0 2
 1 1
 2 2
 3 0
 4 1
26 13 5
 0 1
 1 2
 2 2
 3 0
 4 1
27 11 5
 0 0
 1 1
 2 0
 3 3
 4 2
28 14 5
 0 1
 1 0
 2 2
 3 0
 4 2
29 8 5
 0 3
 1 3
 2 2
 3 0
 4 2
30 12 5
 0 0
 1 1
 2 0
 3 0
 4 3
31 6 5
 0 2
 1 0
 2 3
 3 3
 4 2
32 9 5
 0 3
 1 3
 2 2
 3 2
 4 0
33 7 5
 0 2
 1 0
 2 1
 3 3
 4 2
34 3 5
 0 1
 1 0
 2 1
 3 3
 4 0
35 13 5
 0 3
 1 1
 2 3
 3 2
 4 0
36 13 5
 0 2
 1 0
 2 0
 3 2
 4 0
37 4 5
 0 0
 1 1
 2 2
 3 1
 4 0
38 9 5
 0 0
 1 3
 2 0
 3 3
 4 1
39 8 5
 0 1
 1 0
 2 0
 3 0
 4 2
40 14 5
 0 3
 1 2
 2 2
 3 2
 4 0
41 9 5
 0 3
 1 1
 2 0
 3 1
 4 3
42 12 5
 0 3
 1 3
 2 3
 3 1
 4 3
43 8 5
 0 1
 1 0
 2 1
 3 0
 4 1
44 8 5
 0 3
 1 2
 2 0
 3 2
 4 3
45 11 5
 0 2
 1 3
 2 0
 3 0
 4 2
46 8 5
 0 0
 1 2
 2 0
 3 2
 4 0
47 3 5
 0 1
 1 0
 2 3
 3 3
 4 1
48 6 5
 0 0
 1 3
 2 3
 3 1
 4 0
49 12 5
 0 3
 1 2
 2 0
 3 1
 4 0
50 8 5
 0 1
 1 0
 2 1
 3 3
 4 1
51 5 5
 0 1
 1 0
 2 3
 3 0
 4 0
52 5 5
 0 2
 1 1
 2 1
 3 2
 4 0
53 15 5
 0 3
 1 3
 2 2
 3 0
 4 0
54 3 5
 0 3
 1 2
 2 3
 3 3
 4 0
55 6 5
 0 0
 1 2
 2 2
 3 0
 4 3
56 5 5
 0 0
 1 0
 2 1
 3 2
 4 2
57 15 5
 0 1
 1 0
 2 2
 3 2
 4 1
58 4 5
 0 3
 1 3
 2 3
 3 2
 4 1
59 13 5
 0 1
 1 0
 2 3
 3 0
 4 3
60 11 5
 0 3
 1 3
 2 1
 3 1
 4 3
61 5 5
 0 2
 1 2
 2 3
 3 3
 4 1
62 4 5
 0 3
 1 1
 2 3
 3 0
 4 0
63 8 5
 0 1
 1 0
 2 0
 3 0
 4 0
64 4 5
 0 0
 1 3
 2 0
 3 1
 4 3
65 3 5
 0 0
 1 0
 2 3
 3 2
 4 1
66 11 5
 0 3
 1 1
 2 3
 3 3
 4 3
67 4 5
 0 0
 1 2
 2 3
 3 0
 4 1
68 6 5
 0 1
 1 3
 2 3
 3 2
 4 3
69 12 5
 0 2
 1 0
 2 2
 3 2
 4 0
70 6 5
 0 2
 1 1
 2 3
 3 1
 4 3
71 8 5
 0 0
 1 0
 2 0
 3 0
 4 1
72 14 5
 0 2
 1 2
 2 2
 3 0
 4 0
73 14 5
 0 1
 1 3
 2 0
 3 3
 4 2
74 6 5
 0 3
 1 1
 2 2
 3 3
 4 3
75 11 5
 0 3
 1 2
 2 1
 3 0
 4 0
76 12 5
 0 0
 1 1
 2 3
 3 0
 4 0
77 7 5
 0 0
 1 1
 2 0
 3 1
 4 1
78 3 5
 0 1
 1 1
 2 3
 3 0
 4 0
79 14 5
 0 3
 1 3
 2 3
 3 2
 4 0
80 9 5
 0 1
 1 3
 2 1
 3 1
 4 0
81 8 5
 0 1
 1 0
 2 3
 3 0
 4 1
82 11 5
 0 1
 1 0
 2 1
 3 0
 4 2
83 12 5
 0 1
 1 2
 2 1
 3 0
 4 3
84 6 5
 0 3
 1 0
 2 3
 3 0
 4 0
85 12 5
 0 1
 1 1
 2 2
 3 2
 4 2
86 5 5
 0 0
 1 0
 2 1
 3 1
 4 0
87 5 5
 0 0
 1 2
 2 3
 3 1
 4 1
88 14 5
 0 1
 1 2
 2 1
 3 1
 4 3
89 13 5
 0 3
 1 2
 2 1
 3 0
 4 3
90 9 5
 0 2
 1 2
 2 2
 3 2
 4 0
91 4 5
 0 2
 1 3
 2 0
 3 3
 4 3
92 14 5
 0 1
 1 3
 2 1
 3 2
 4 2
93 12 5
 0 2
 1 0
 2 1
 3 3
 4 0
94 12 5
 0 1
 1 2
 2 3
 3 0
 4 3
95 7 5
 0 3
 1 0
 2 1
 3 0
 4 2
96 15 5
 0 2
 1 3
 2 0
 3 3
 4 1
97 12 5
 0 3
 1 2
 2 2
 3 3
 4 0
98 7 5
 0 3
 1 2
 2 3
 3 0
 4 3
99 12 5
 0 3
 1 1
 2 0
 3 2
 4 0
100 4 5
 0 3
 1 3
 2 2
 3 3
 4 1
101 9 5
 0 0
 1 2
 2 0
 3 0
 4 0
102 11 5
 0 3
 1 0
 2 3
 3 1
 4 3
103 4 5
 0 3
 1 0
 2 0
 3 1
 4 1
104 13 5
 0 1
 1 1
 2 2
 3 2
 4 0
105 3 5
 0 1
 1 1
 2 3
 3 3
 4 0
106 3 5
 0 1
 1 3
 2 2
 3 3
 4 3
107 4 5
 0 2
 1 1
 2 2
 3 1
 4 3
108 12 5
 0 3
 1 1
 2 3
 3 1
 4 3
109 14 5
 0 2
 1 0
 2 0
 3 0
 4 3
110 15 5
 0 1
 1 3
 2 3
 3 3
 4 2
111 3 5
 0 0
 1 0
 2 2
 3 0
 4 2
112 9 5
 0 0
 1 0
 2 3
 3 2
 4 3
113 11 5
 0 2
 1 1
 2 2
 3 1
 4 1
114 14 5
 0 3
 1 3
 2 1
 3 0
 4 2
115 3 5
 0 0
 1 3
 2 3
 3 0
 4 0
116 4 5
 0 3
 1 0
 2 1
 3 0
 4 1
117 5 5
 0 3
 1 3
 2 2
 3 0
 4 2
118 7 5
 0 0
 1 3
 2 2
 3 0
 4 3
119 11 5
 0 0
 1 3
 2 1
 3 0
 4 1
120 7 5
 0 3
 1 3
 2 1
 3 0
 4 3
121 11 5
 0 2
 1 2
 2 1
 3 0
 4 0
122 5 5
 0 0
 1 3
 2 1
 3 0
 4 1
123 12 5
 0 0
 1 0
 2 3
 3 1
 4 0
124 13 5
 0 0
 1 2
 2 0
 3 0
 4 0
125 11 5
 0 3
 1 1
 2 2
 3 1
 4 3
126 10 5
 0 2
 1 1
 2 0
 3 3
 4 3
127 10 5
 0 3
 1 3
 2 1
 3 1
 4 3
128 12 5
 0 0
 1 1
 2 3
 3 0
 4 0
129 15 5
 0 3
 1 3
 2 3
 3 2
 4 0
130 14 5
 0 0
 1 1
 2 3
 3 0
 4 2
131 14 5
 0 1
 1 2
 2 1
 3 3
 4 2
132 5 5
 0 2
 1 2
 2 2
 3 3
 4 1
133 3 5
 0 0
 1 1
 2 0
 3 3
 4 0
134 7 5
 0 3
 1 2
 2 1
 3 2
 4 0
135 12 5
 0 1
 1 1
 2 2
 3 0
 4 2
136 4 5
 0 1
 1 0
 2 0
 3 1
 4 3
137 9 5
 0 1
 1 0
 2 2
 3 0
 4 1
138 7 5
 0 0
 1 3
 2 0
 3 2
 4 2
139 0 5
 0 0
 1 0
 2 0
 3 0
 4 0

# PRECEDENCES
270
6 18
67 68
33 45
44 45
88 100
98 110
99 100
70 82
8 9
125 137
0 5
29 41
40 41
39 51
100 101
11 23
66 78
121 133
137 138
41 42
7 19
18 19
62 74
72 84
73 74
133 134
44 56
99 111
3 15
14 15
9 10
0 7
74 75
129 130
40 52
95 107
106 107
100 112
111 112
15 16
36 48
47 48
42 43
96 108
107 108
18 30
73 85
134 135
38 39
103 104
0 9
14 26
69 81
80 81
9 21
75 76
85 86
106 118
10 22
16 17
71 72
81 82
136 137
47 59
102 114
42 54
107 119
118 119
22 23
77 78
0 2
43 55
38 50
49 50
104 105
103 115
114 115
80 92
109 110
75 87
13 14
34 46
45 46
55 56
110 111
76 88
50 51
105 106
136 139
16 28
71 83
82 83
81 93
51 52
108 120
46 47
134 139
23 24
12 24
67 79
77 89
78 79
83 84
138 139
49 61
104 116
115 116
114 126
8 20
19 20
79 80
45 57
56 57
55 67
110 122
105 117
116 117
82 94
20 21
41 53
52 53
51 63
46 58
57 58
112 113
23 35
78 90
89 90
115 127
53 54
19 31
30 31
74 86
25 26
79 91
90 91
56 68
111 123
15 27
26 27
21 22
20 32
31 32
86 87
52 64
113 114
112 124
17 18
123 124
89 101
27 28
0 11
48 60
54 55
53 65
64 65
119 120
30 42
85 97
5 6
26 38
21 33
87 88
86 98
97 98
92 104
1 2
0 4
118 130
22 34
113 125
17 29
28 29
27 39
93 94
88 89
54 66
109 121
119 131
13 25
29 30
50 62
61 62
60 72
126 127
121 122
135 139
87 99
0 6
2 3
1 13
122 123
62 63
117 118
28 40
83 95
94 95
93 105
137 139
120 132
3 4
58 59
24 36
35 36
84 96
95 96
61 73
116 128
127 128
126 138
0 8
91 92
2 14
57 69
68 69
122 134
63 64
117 129
128 129
94 106
32 33
4 5
59 60
133 139
25 37
58 70
69 70
35 47
90 102
101 102
124 125
0 1
10 11
65 66
0 10
31 43
37 38
92 93
91 103
102 103
68 80
6 7
123 135
63 75
33 34
32 44
43 44
98 99
64 76
4 16
59 71
70 71
124 136
125 126
135 136
101 113
39 40
130 131
0 3
5 17
34 35
0 12
11 12
66 67
65 77
76 77
131 132
97 109
37 49
7 8
