# Tier 6 (Large) - Instance 41
# Generated with config: N=131, K=5, topology=grid, calendar=heavy_end

# HEADER: <num_tasks> <num_types> <num_units>
133 5 42

# RESOURCE TYPES
# Format: <type_id> <num_units> <unit_id1> <unit_id2> ...
0 10 0 1 2 3 4 5 6 7 8 9
1 9 10 11 12 13 14 15 16 17 18
2 9 19 20 21 22 23 24 25 26 27
3 7 28 29 30 31 32 33 34
4 7 35 36 37 38 39 40 41

# RESOURCE UNITS (Calendars)
# Format: <unit_id> <num_steps> <t1> <v1> <t2> <v2> ...
0 16 0 100 316 0 320 100 350 0 352 100 360 0 365 100 395 0 397 100 444 0 448 100 533 0 537 100 542 0 547 100 584 0
1 14 0 100 49 0 51 100 86 0 89 100 194 0 199 100 237 0 242 100 405 0 409 100 567 0 570 100 584 0
2 16 0 100 370 0 374 100 430 0 432 100 436 0 438 100 471 0 473 100 537 0 540 100 563 0 568 100 579 0 581 100 584 0
3 18 0 100 136 0 140 100 225 0 227 100 370 0 374 100 421 0 426 100 508 0 513 100 515 0 517 100 552 0 554 100 577 0 581 100 584 0
4 10 0 100 243 0 246 100 310 0 315 100 375 0 380 100 575 0 577 100 584 0
5 18 0 100 85 0 89 100 206 0 211 100 249 0 251 100 286 0 288 100 386 0 388 100 523 0 526 100 556 0 559 100 579 0 582 100 584 0
6 16 0 100 60 0 63 100 242 0 245 100 270 0 273 100 392 0 396 100 553 0 557 100 562 0 565 100 578 0 583 100 584 0
7 18 0 100 88 0 90 100 125 0 130 100 361 0 363 100 462 0 467 100 486 0 489 100 549 0 553 100 572 0 576 100 579 0 582 100 584 0
8 16 0 100 56 0 61 100 416 0 419 100 445 0 449 100 495 0 500 100 552 0 554 100 568 0 572 100 579 0 581 100 584 0
9 16 0 100 34 0 39 100 190 0 195 100 437 0 439 100 462 0 464 100 498 0 501 100 535 0 539 100 579 0 581 100 584 0
10 16 0 100 11 0 15 100 117 0 120 100 271 0 276 100 309 0 311 100 318 0 323 100 533 0 536 100 565 0 570 100 584 0
11 18 0 100 29 0 34 100 58 0 63 100 133 0 137 100 209 0 211 100 348 0 351 100 375 0 380 100 529 0 531 100 579 0 583 100 584 0
12 18 0 100 184 0 189 100 242 0 247 100 312 0 316 100 478 0 483 100 515 0 519 100 554 0 556 100 566 0 571 100 577 0 580 100 584 0
13 16 0 100 89 0 92 100 171 0 175 100 388 0 390 100 482 0 487 100 506 0 508 100 520 0 523 100 541 0 543 100 584 0
14 18 0 100 49 0 51 100 148 0 153 100 350 0 353 100 419 0 423 100 436 0 441 100 495 0 498 100 524 0 529 100 562 0 566 100 584 0
15 16 0 100 123 0 127 100 192 0 195 100 203 0 206 100 509 0 512 100 544 0 547 100 571 0 575 100 578 0 580 100 584 0
16 16 0 100 30 0 35 100 245 0 247 100 277 0 281 100 527 0 529 100 536 0 540 100 574 0 577 100 579 0 582 100 584 0
17 14 0 100 280 0 282 100 387 0 389 100 424 0 428 100 479 0 483 100 571 0 576 100 579 0 580 100 584 0
18 16 0 100 30 0 32 100 87 0 89 100 212 0 215 100 365 0 369 100 405 0 409 100 469 0 471 100 526 0 531 100 584 0
19 12 0 100 378 0 382 100 500 0 505 100 566 0 568 100 570 0 574 100 578 0 580 100 584 0
20 16 0 100 98 0 101 100 136 0 140 100 224 0 227 100 247 0 251 100 389 0 391 100 533 0 535 100 551 0 553 100 584 0
21 14 0 100 13 0 16 100 142 0 145 100 366 0 371 100 495 0 500 100 547 0 552 100 576 0 581 100 584 0
22 14 0 100 122 0 127 100 232 0 237 100 300 0 302 100 340 0 344 100 406 0 410 100 579 0 581 100 584 0
23 16 0 100 172 0 176 100 266 0 271 100 280 0 285 100 289 0 291 100 510 0 513 100 541 0 543 100 568 0 570 100 584 0
24 16 0 100 122 0 124 100 226 0 228 100 322 0 327 100 467 0 471 100 486 0 495 100 534 0 537 100 579 0 583 100 584 0
25 16 0 100 131 0 136 100 375 0 377 100 402 0 405 100 511 0 516 100 533 0 535 100 551 0 555 100 578 0 580 100 584 0
26 16 0 100 129 0 137 100 187 0 191 100 192 0 195 100 226 0 231 100 258 0 263 100 432 0 436 100 536 0 539 100 584 0
27 16 0 100 76 0 81 100 117 0 119 100 131 0 136 100 360 0 362 100 388 0 392 100 448 0 452 100 579 0 582 100 584 0
28 14 0 100 36 0 40 100 131 0 135 100 136 0 138 100 221 0 223 100 523 0 527 100 577 0 581 100 584 0
29 18 0 100 12 0 16 100 144 0 148 100 282 0 284 100 444 0 448 100 473 0 475 100 482 0 485 100 487 0 492 100 579 0 583 100 584 0
30 16 0 100 271 0 274 100 292 0 296 100 327 0 332 100 394 0 398 100 406 0 413 100 571 0 573 100 579 0 583 100 584 0
31 18 0 100 81 0 85 100 332 0 335 100 351 0 354 100 425 0 428 100 462 0 467 100 473 0 475 100 511 0 516 100 572 0 575 100 584 0
32 14 0 100 79 0 84 100 138 0 143 100 329 0 334 100 358 0 361 100 423 0 427 100 523 0 528 100 584 0
33 16 0 100 47 0 51 100 224 0 227 100 449 0 452 100 519 0 524 100 551 0 553 100 575 0 577 100 579 0 582 100 584 0
34 18 0 100 325 0 330 100 405 0 409 100 418 0 422 100 425 0 427 100 486 0 488 100 490 0 492 100 497 0 499 100 554 0 559 100 584 0
35 18 0 100 121 0 123 100 250 0 253 100 335 0 338 100 357 0 361 100 376 0 379 100 446 0 449 100 455 0 457 100 579 0 581 100 584 0
36 16 0 100 34 0 36 100 242 0 247 100 304 0 308 100 339 0 342 100 530 0 533 100 538 0 542 100 576 0 579 100 584 0
37 16 0 100 5 0 9 100 289 0 292 100 371 0 376 100 385 0 389 100 508 0 513 100 557 0 561 100 579 0 583 100 584 0
38 18 0 100 27 0 31 100 200 0 202 100 219 0 224 100 463 0 467 100 472 0 476 100 489 0 491 100 501 0 506 100 522 0 527 100 584 0
39 16 0 100 205 0 208 100 316 0 318 100 347 0 350 100 354 0 359 100 503 0 505 100 556 0 561 100 579 0 582 100 584 0
40 16 0 100 64 0 68 100 154 0 157 100 180 0 184 100 465 0 467 100 512 0 514 100 522 0 526 100 572 0 576 100 584 0
41 18 0 100 57 0 59 100 178 0 180 100 274 0 276 100 336 0 338 100 412 0 417 100 547 0 550 100 576 0 578 100 579 0 583 100 584 0

# TASKS
# Format: <task_id> <size> <num_reqs>
# Then for each requirement: <type_id> <qty>
0 0 5
 0 0
 1 0
 2 0
 3 0
 4 0
1 9 5
 0 3
 1 1
 2 0
 3 2
 4 2
2 4 5
 0 1
 1 0
 2 2
 3 2
 4 2
3 11 5
 0 2
 1 3
 2 1
 3 2
 4 1
4 8 5
 0 3
 1 1
 2 3
 3 2
 4 1
5 9 5
 0 1
 1 3
 2 0
 3 0
 4 0
6 12 5
 0 0
 1 2
 2 3
 3 0
 4 0
7 8 5
 0 2
 1 3
 2 3
 3 0
 4 0
8 14 5
 0 3
 1 0
 2 2
 3 1
 4 0
9 6 5
 0 2
 1 0
 2 0
 3 3
 4 0
10 12 5
 0 2
 1 2
 2 0
 3 2
 4 3
11 12 5
 0 0
 1 1
 2 3
 3 0
 4 3
12 10 5
 0 3
 1 2
 2 1
 3 1
 4 1
13 10 5
 0 3
 1 2
 2 0
 3 3
 4 0
14 7 5
 0 1
 1 0
 2 2
 3 0
 4 2
15 12 5
 0 3
 1 3
 2 1
 3 1
 4 2
16 12 5
 0 1
 1 3
 2 1
 3 2
 4 3
17 5 5
 0 3
 1 3
 2 2
 3 2
 4 1
18 4 5
 0 2
 1 1
 2 3
 3 0
 4 3
19 5 5
 0 1
 1 0
 2 1
 3 0
 4 0
20 3 5
 0 2
 1 0
 2 3
 3 3
 4 0
21 6 5
 0 2
 1 3
 2 0
 3 0
 4 0
22 5 5
 0 3
 1 0
 2 2
 3 0
 4 2
23 7 5
 0 1
 1 2
 2 1
 3 1
 4 1
24 4 5
 0 3
 1 1
 2 0
 3 0
 4 0
25 10 5
 0 0
 1 3
 2 0
 3 0
 4 2
26 5 5
 0 1
 1 1
 2 0
 3 1
 4 0
27 7 5
 0 1
 1 3
 2 3
 3 3
 4 2
28 6 5
 0 2
 1 2
 2 3
 3 1
 4 3
29 7 5
 0 2
 1 2
 2 0
 3 3
 4 2
30 3 5
 0 0
 1 1
 2 0
 3 2
 4 2
31 10 5
 0 2
 1 2
 2 3
 3 1
 4 1
32 9 5
 0 0
 1 2
 2 0
 3 1
 4 3
33 3 5
 0 0
 1 0
 2 2
 3 0
 4 0
34 10 5
 0 3
 1 3
 2 1
 3 2
 4 3
35 6 5
 0 2
 1 3
 2 3
 3 1
 4 0
36 5 5
 0 0
 1 2
 2 0
 3 0
 4 1
37 13 5
 0 1
 1 0
 2 3
 3 2
 4 1
38 3 5
 0 3
 1 1
 2 1
 3 3
 4 1
39 9 5
 0 0
 1 1
 2 0
 3 2
 4 2
40 14 5
 0 1
 1 1
 2 2
 3 1
 4 0
41 12 5
 0 1
 1 0
 2 3
 3 0
 4 0
42 5 5
 0 0
 1 2
 2 2
 3 1
 4 0
43 14 5
 0 1
 1 3
 2 2
 3 1
 4 0
44 13 5
 0 1
 1 0
 2 2
 3 0
 4 0
45 3 5
 0 1
 1 2
 2 0
 3 0
 4 2
46 14 5
 0 2
 1 3
 2 0
 3 0
 4 0
47 6 5
 0 3
 1 0
 2 1
 3 0
 4 0
48 11 5
 0 0
 1 0
 2 3
 3 3
 4 2
49 5 5
 0 1
 1 0
 2 2
 3 1
 4 0
50 5 5
 0 2
 1 2
 2 2
 3 1
 4 3
51 15 5
 0 0
 1 2
 2 0
 3 0
 4 1
52 10 5
 0 1
 1 2
 2 2
 3 2
 4 3
53 6 5
 0 1
 1 2
 2 3
 3 0
 4 3
54 15 5
 0 0
 1 2
 2 1
 3 0
 4 1
55 9 5
 0 2
 1 0
 2 1
 3 2
 4 3
56 5 5
 0 0
 1 2
 2 3
 3 0
 4 3
57 5 5
 0 1
 1 3
 2 0
 3 3
 4 0
58 6 5
 0 1
 1 1
 2 0
 3 2
 4 2
59 5 5
 0 2
 1 0
 2 1
 3 2
 4 3
60 7 5
 0 0
 1 3
 2 0
 3 1
 4 0
61 15 5
 0 2
 1 0
 2 1
 3 1
 4 2
62 6 5
 0 0
 1 2
 2 0
 3 2
 4 2
63 15 5
 0 1
 1 0
 2 1
 3 2
 4 2
64 13 5
 0 3
 1 1
 2 0
 3 1
 4 3
65 7 5
 0 0
 1 2
 2 0
 3 3
 4 3
66 4 5
 0 3
 1 0
 2 3
 3 1
 4 2
67 9 5
 0 1
 1 3
 2 0
 3 1
 4 2
68 6 5
 0 3
 1 3
 2 3
 3 0
 4 0
69 6 5
 0 2
 1 2
 2 2
 3 0
 4 2
70 5 5
 0 2
 1 0
 2 0
 3 2
 4 3
71 7 5
 0 0
 1 1
 2 3
 3 1
 4 0
72 11 5
 0 1
 1 0
 2 1
 3 2
 4 2
73 15 5
 0 2
 1 0
 2 1
 3 1
 4 0
74 13 5
 0 0
 1 1
 2 3
 3 2
 4 1
75 15 5
 0 1
 1 2
 2 2
 3 3
 4 3
76 15 5
 0 2
 1 0
 2 2
 3 3
 4 0
77 5 5
 0 1
 1 0
 2 3
 3 3
 4 2
78 15 5
 0 1
 1 2
 2 3
 3 2
 4 0
79 6 5
 0 1
 1 3
 2 0
 3 0
 4 2
80 3 5
 0 0
 1 0
 2 2
 3 2
 4 1
81 3 5
 0 3
 1 0
 2 0
 3 0
 4 0
82 7 5
 0 2
 1 1
 2 3
 3 2
 4 1
83 5 5
 0 1
 1 0
 2 2
 3 0
 4 2
84 4 5
 0 2
 1 1
 2 3
 3 0
 4 3
85 15 5
 0 2
 1 2
 2 2
 3 1
 4 0
86 8 5
 0 1
 1 1
 2 3
 3 2
 4 0
87 14 5
 0 3
 1 3
 2 2
 3 0
 4 1
88 15 5
 0 2
 1 1
 2 1
 3 3
 4 2
89 11 5
 0 3
 1 0
 2 1
 3 2
 4 1
90 11 5
 0 0
 1 0
 2 2
 3 0
 4 0
91 9 5
 0 2
 1 3
 2 2
 3 3
 4 3
92 8 5
 0 0
 1 1
 2 1
 3 3
 4 2
93 3 5
 0 3
 1 0
 2 3
 3 0
 4 2
94 13 5
 0 2
 1 1
 2 3
 3 1
 4 1
95 13 5
 0 2
 1 3
 2 2
 3 0
 4 2
96 9 5
 0 2
 1 0
 2 1
 3 0
 4 3
97 10 5
 0 3
 1 0
 2 0
 3 3
 4 3
98 15 5
 0 2
 1 0
 2 1
 3 0
 4 1
99 15 5
 0 3
 1 0
 2 0
 3 1
 4 1
100 10 5
 0 3
 1 3
 2 2
 3 3
 4 3
101 14 5
 0 2
 1 0
 2 0
 3 1
 4 3
102 10 5
 0 1
 1 0
 2 1
 3 0
 4 3
103 13 5
 0 2
 1 0
 2 1
 3 1
 4 0
104 5 5
 0 3
 1 2
 2 3
 3 0
 4 3
105 6 5
 0 3
 1 1
 2 1
 3 2
 4 0
106 14 5
 0 0
 1 1
 2 3
 3 0
 4 1
107 10 5
 0 3
 1 0
 2 2
 3 1
 4 1
108 6 5
 0 2
 1 3
 2 0
 3 2
 4 3
109 3 5
 0 0
 1 1
 2 1
 3 0
 4 2
110 14 5
 0 0
 1 3
 2 0
 3 3
 4 1
111 9 5
 0 1
 1 1
 2 0
 3 0
 4 2
112 15 5
 0 2
 1 0
 2 2
 3 0
 4 0
113 6 5
 0 2
 1 1
 2 3
 3 3
 4 0
114 3 5
 0 0
 1 0
 2 2
 3 0
 4 1
115 5 5
 0 2
 1 1
 2 0
 3 2
 4 1
116 5 5
 0 2
 1 3
 2 2
 3 0
 4 2
117 3 5
 0 2
 1 3
 2 2
 3 2
 4 0
118 8 5
 0 3
 1 1
 2 0
 3 3
 4 1
119 14 5
 0 2
 1 1
 2 2
 3 2
 4 0
120 7 5
 0 3
 1 1
 2 3
 3 3
 4 0
121 7 5
 0 0
 1 0
 2 3
 3 3
 4 3
122 10 5
 0 2
 1 1
 2 1
 3 1
 4 3
123 7 5
 0 2
 1 3
 2 0
 3 2
 4 3
124 3 5
 0 0
 1 1
 2 2
 3 2
 4 1
125 14 5
 0 0
 1 1
 2 1
 3 1
 4 0
126 12 5
 0 1
 1 0
 2 0
 3 2
 4 1
127 8 5
 0 1
 1 1
 2 3
 3 0
 4 2
128 4 5
 0 0
 1 1
 2 3
 3 2
 4 2
129 13 5
 0 1
 1 0
 2 3
 3 1
 4 1
130 13 5
 0 1
 1 2
 2 0
 3 0
 4 1
131 7 5
 0 3
 1 3
 2 2
 3 2
 4 2
132 0 5
 0 0
 1 0
 2 0
 3 0
 4 0

# PRECEDENCES
251
6 18
67 68
33 45
44 45
88 100
98 110
99 100
70 82
8 9
0 5
29 41
40 41
39 51
100 101
11 23
66 78
41 42
7 19
18 19
62 74
72 84
73 74
44 56
99 111
3 15
14 15
9 10
0 7
74 75
129 130
40 52
95 107
106 107
100 112
111 112
15 16
36 48
47 48
42 43
96 108
107 108
18 30
73 85
38 39
103 104
0 9
14 26
69 81
80 81
9 21
75 76
85 86
106 118
10 22
16 17
71 72
81 82
47 59
102 114
42 54
107 119
118 119
22 23
77 78
0 2
43 55
38 50
49 50
104 105
103 115
114 115
80 92
109 110
75 87
13 14
34 46
45 46
55 56
110 111
76 88
50 51
105 106
16 28
71 83
82 83
81 93
51 52
108 120
46 47
23 24
12 24
67 79
77 89
78 79
83 84
49 61
104 116
115 116
114 126
8 20
19 20
79 80
45 57
56 57
55 67
110 122
105 117
116 117
82 94
20 21
41 53
52 53
51 63
46 58
57 58
112 113
23 35
78 90
89 90
115 127
53 54
19 31
30 31
74 86
25 26
79 91
90 91
56 68
111 123
15 27
26 27
21 22
20 32
31 32
86 87
52 64
113 114
112 124
17 18
123 124
89 101
27 28
0 11
48 60
54 55
53 65
64 65
119 120
30 42
85 97
5 6
26 38
21 33
87 88
86 98
97 98
92 104
1 2
0 4
118 130
22 34
113 125
17 29
28 29
27 39
93 94
88 89
54 66
109 121
119 131
13 25
29 30
50 62
61 62
60 72
126 127
121 122
87 99
0 6
2 3
1 13
122 123
62 63
117 118
28 40
83 95
94 95
93 105
3 4
58 59
24 36
35 36
84 96
95 96
61 73
116 128
127 128
0 8
91 92
2 14
57 69
68 69
63 64
117 129
128 129
94 106
32 33
4 5
59 60
25 37
58 70
69 70
35 47
90 102
101 102
124 125
0 1
10 11
65 66
0 10
31 43
37 38
92 93
91 103
102 103
68 80
6 7
63 75
33 34
32 44
43 44
98 99
64 76
4 16
59 71
70 71
125 126
101 113
39 40
130 131
0 3
5 17
34 35
0 12
11 12
66 67
65 77
76 77
97 109
37 49
7 8
