# Tier 6 (Large) - Instance 5
# Generated with config: N=148, K=6, topology=random_dag, calendar=heavy_start

# HEADER: <num_tasks> <num_types> <num_units>
150 6 46

# RESOURCE TYPES
# Format: <type_id> <num_units> <unit_id1> <unit_id2> ...
0 9 0 1 2 3 4 5 6 7 8
1 6 9 10 11 12 13 14
2 8 15 16 17 18 19 20 21 22
3 9 23 24 25 26 27 28 29 30 31
4 8 32 33 34 35 36 37 38 39
5 6 40 41 42 43 44 45

# RESOURCE UNITS (Calendars)
# Format: <unit_id> <num_steps> <t1> <v1> <t2> <v2> ...
0 22 0 100 5 0 14 100 22 0 31 100 58 0 69 100 104 0 111 100 186 0 197 100 251 0 260 100 275 0 285 100 575 0 584 100 618 0 627 100 668 0 678 100 685 0
1 16 0 100 1 0 10 100 11 0 14 100 15 0 22 100 38 0 49 100 114 0 121 100 146 0 158 100 357 0 368 100 685 0
2 16 0 100 1 0 12 100 168 0 177 100 293 0 301 100 309 0 316 100 320 0 327 100 459 0 471 100 493 0 504 100 685 0
3 20 0 100 2 0 14 100 42 0 53 100 54 0 64 100 98 0 108 100 122 0 129 100 152 0 164 100 216 0 227 100 280 0 289 100 410 0 419 100 685 0
4 18 0 100 1 0 19 100 29 0 40 100 139 0 147 100 233 0 241 100 315 0 322 100 428 0 438 100 445 0 454 100 610 0 620 100 685 0
5 22 0 100 32 0 41 100 71 0 81 100 109 0 121 100 213 0 223 100 295 0 302 100 416 0 428 100 472 0 481 100 522 0 532 100 574 0 582 100 669 0 676 100 685 0
6 24 0 100 14 0 25 100 44 0 54 100 109 0 119 100 182 0 190 100 284 0 291 100 349 0 359 100 366 0 375 100 438 0 448 100 449 0 457 100 484 0 496 100 511 0 518 100 685 0
7 18 0 100 1 0 12 100 35 0 42 100 50 0 57 100 102 0 109 100 178 0 189 100 230 0 240 100 296 0 303 100 486 0 493 100 685 0
8 18 0 100 1 0 13 100 21 0 30 100 31 0 38 100 95 0 104 100 197 0 204 100 237 0 246 100 298 0 307 100 487 0 495 100 685 0
9 20 0 100 25 0 37 100 73 0 80 100 82 0 91 100 101 0 109 100 162 0 174 100 225 0 237 100 341 0 351 100 377 0 387 100 614 0 622 100 685 0
10 16 0 100 4 0 11 100 20 0 30 100 31 0 35 100 131 0 141 100 177 0 189 100 375 0 382 100 439 0 448 100 685 0
11 20 0 100 1 0 10 100 33 0 45 100 49 0 59 100 100 0 107 100 165 0 175 100 209 0 217 100 442 0 454 100 468 0 476 100 515 0 525 100 685 0
12 18 0 100 1 0 12 100 16 0 26 100 72 0 84 100 108 0 117 100 224 0 236 100 448 0 459 100 471 0 479 100 564 0 572 100 685 0
13 22 0 100 4 0 19 100 51 0 58 100 88 0 98 100 118 0 127 100 151 0 160 100 187 0 196 100 289 0 301 100 372 0 384 100 444 0 456 100 580 0 588 100 685 0
14 22 0 100 27 0 38 100 48 0 56 100 179 0 189 100 218 0 225 100 241 0 253 100 330 0 340 100 421 0 433 100 470 0 480 100 628 0 637 100 674 0 682 100 685 0
15 18 0 100 1 0 13 100 34 0 45 100 49 0 59 100 81 0 88 100 118 0 126 100 208 0 218 100 233 0 241 100 261 0 273 100 685 0
16 20 0 100 6 0 16 100 18 0 23 100 44 0 53 100 67 0 79 100 143 0 153 100 280 0 291 100 295 0 305 100 414 0 426 100 625 0 635 100 685 0
17 20 0 100 3 0 10 100 16 0 18 100 35 0 45 100 48 0 58 100 120 0 127 100 159 0 167 100 171 0 183 100 232 0 239 100 664 0 676 100 685 0
18 18 0 100 6 0 14 100 22 0 30 100 44 0 56 100 75 0 87 100 96 0 108 100 136 0 148 100 321 0 328 100 639 0 646 100 685 0
19 20 0 100 3 0 13 100 16 0 27 100 29 0 38 100 90 0 98 100 108 0 120 100 126 0 138 100 218 0 226 100 396 0 408 100 562 0 572 100 685 0
20 22 0 100 51 0 60 100 190 0 197 100 248 0 257 100 264 0 275 100 305 0 317 100 323 0 334 100 394 0 406 100 473 0 480 100 626 0 636 100 642 0 649 100 685 0
21 20 0 100 2 0 14 100 30 0 39 100 42 0 49 100 81 0 90 100 157 0 164 100 203 0 213 100 222 0 233 100 255 0 267 100 475 0 482 100 685 0
22 18 0 100 9 0 18 100 77 0 89 100 114 0 121 100 164 0 171 100 190 0 197 100 417 0 426 100 540 0 551 100 659 0 669 100 685 0
23 22 0 100 6 0 16 100 54 0 62 100 116 0 126 100 165 0 175 100 238 0 250 100 264 0 273 100 322 0 332 100 430 0 438 100 458 0 468 100 594 0 605 100 685 0
24 24 0 100 73 0 83 100 156 0 166 100 227 0 237 100 349 0 358 100 414 0 421 100 441 0 449 100 462 0 472 100 499 0 509 100 517 0 525 100 540 0 551 100 577 0 588 100 685 0
25 22 0 100 3 0 10 100 24 0 32 100 70 0 78 100 155 0 162 100 189 0 200 100 232 0 244 100 276 0 287 100 324 0 331 100 363 0 372 100 409 0 417 100 685 0
26 20 0 100 7 0 14 100 16 0 24 100 45 0 54 100 222 0 230 100 232 0 235 100 513 0 521 100 548 0 559 100 613 0 625 100 630 0 637 100 685 0
27 18 0 100 4 0 14 100 28 0 36 100 53 0 63 100 178 0 190 100 336 0 343 100 380 0 387 100 468 0 478 100 632 0 639 100 685 0
28 20 0 100 2 0 14 100 31 0 40 100 49 0 60 100 77 0 88 100 138 0 147 100 173 0 181 100 258 0 268 100 415 0 427 100 543 0 553 100 685 0
29 20 0 100 25 0 34 100 40 0 51 100 68 0 76 100 98 0 108 100 256 0 266 100 318 0 329 100 407 0 414 100 534 0 544 100 643 0 653 100 685 0
30 22 0 100 20 0 31 100 32 0 43 100 48 0 50 100 54 0 58 100 114 0 122 100 135 0 142 100 182 0 193 100 376 0 384 100 586 0 593 100 615 0 625 100 685 0
31 18 0 100 2 0 11 100 37 0 49 100 58 0 65 100 102 0 111 100 148 0 160 100 254 0 261 100 316 0 326 100 459 0 471 100 685 0
32 22 0 100 40 0 51 100 112 0 119 100 129 0 137 100 139 0 151 100 247 0 259 100 464 0 472 100 508 0 515 100 550 0 562 100 563 0 574 100 668 0 675 100 685 0
33 20 0 100 7 0 16 100 37 0 49 100 63 0 75 100 92 0 104 100 158 0 166 100 227 0 235 100 384 0 392 100 439 0 446 100 479 0 491 100 685 0
34 20 0 100 8 0 20 100 21 0 24 100 132 0 139 100 141 0 150 100 155 0 163 100 220 0 227 100 244 0 256 100 309 0 318 100 588 0 595 100 685 0
35 22 0 100 1 0 11 100 51 0 63 100 67 0 79 100 140 0 151 100 153 0 164 100 201 0 210 100 257 0 265 100 479 0 491 100 582 0 594 100 633 0 644 100 685 0
36 18 0 100 7 0 18 100 42 0 52 100 88 0 96 100 98 0 106 100 131 0 141 100 143 0 155 100 262 0 269 100 381 0 393 100 685 0
37 20 0 100 1 0 10 100 21 0 30 100 31 0 43 100 135 0 146 100 150 0 157 100 243 0 250 100 325 0 336 100 453 0 465 100 659 0 666 100 685 0
38 16 0 100 4 0 22 100 52 0 64 100 144 0 153 100 232 0 240 100 384 0 395 100 432 0 440 100 652 0 660 100 685 0
39 22 0 100 1 0 10 100 17 0 25 100 61 0 69 100 130 0 137 100 161 0 173 100 185 0 192 100 216 0 224 100 396 0 408 100 568 0 577 100 627 0 636 100 685 0
40 20 0 100 13 0 22 100 137 0 147 100 173 0 181 100 193 0 204 100 230 0 238 100 264 0 271 100 457 0 465 100 501 0 512 100 642 0 653 100 685 0
41 22 0 100 1 0 8 100 14 0 22 100 30 0 38 100 113 0 123 100 152 0 161 100 398 0 408 100 442 0 449 100 570 0 581 100 590 0 601 100 650 0 661 100 685 0
42 20 0 100 2 0 10 100 26 0 34 100 103 0 110 100 190 0 197 100 246 0 254 100 304 0 315 100 409 0 417 100 514 0 523 100 578 0 587 100 685 0
43 22 0 100 75 0 83 100 123 0 131 100 289 0 297 100 384 0 392 100 410 0 420 100 430 0 441 100 448 0 459 100 505 0 515 100 587 0 598 100 611 0 621 100 685 0
44 16 0 100 1 0 9 100 48 0 58 100 78 0 86 100 147 0 154 100 280 0 289 100 293 0 303 100 500 0 512 100 685 0
45 18 0 100 12 0 21 100 53 0 65 100 68 0 78 100 111 0 121 100 169 0 181 100 211 0 221 100 363 0 371 100 625 0 634 100 685 0

# TASKS
# Format: <task_id> <size> <num_reqs>
# Then for each requirement: <type_id> <qty>
0 0 6
 0 0
 1 0
 2 0
 3 0
 4 0
 5 0
1 15 6
 0 0
 1 1
 2 2
 3 0
 4 0
 5 1
2 8 6
 0 1
 1 1
 2 3
 3 2
 4 2
 5 2
3 13 6
 0 0
 1 0
 2 3
 3 3
 4 2
 5 3
4 15 6
 0 2
 1 0
 2 3
 3 3
 4 0
 5 1
5 5 6
 0 2
 1 0
 2 1
 3 1
 4 2
 5 1
6 5 6
 0 0
 1 0
 2 2
 3 1
 4 2
 5 2
7 7 6
 0 0
 1 3
 2 0
 3 0
 4 2
 5 0
8 3 6
 0 1
 1 2
 2 2
 3 1
 4 3
 5 0
9 7 6
 0 1
 1 3
 2 0
 3 3
 4 2
 5 1
10 8 6
 0 2
 1 0
 2 1
 3 0
 4 3
 5 2
11 5 6
 0 2
 1 1
 2 0
 3 3
 4 2
 5 1
12 8 6
 0 0
 1 3
 2 1
 3 3
 4 0
 5 2
13 8 6
 0 0
 1 3
 2 2
 3 0
 4 3
 5 0
14 5 6
 0 0
 1 0
 2 1
 3 0
 4 3
 5 1
15 4 6
 0 1
 1 0
 2 1
 3 0
 4 3
 5 1
16 13 6
 0 3
 1 3
 2 1
 3 2
 4 1
 5 1
17 10 6
 0 1
 1 3
 2 1
 3 3
 4 1
 5 2
18 9 6
 0 3
 1 0
 2 0
 3 1
 4 3
 5 0
19 10 6
 0 2
 1 1
 2 1
 3 2
 4 1
 5 3
20 11 6
 0 2
 1 0
 2 2
 3 1
 4 1
 5 2
21 6 6
 0 2
 1 3
 2 1
 3 1
 4 3
 5 2
22 5 6
 0 0
 1 0
 2 3
 3 3
 4 0
 5 0
23 14 6
 0 3
 1 0
 2 1
 3 1
 4 1
 5 2
24 14 6
 0 2
 1 0
 2 3
 3 1
 4 3
 5 1
25 7 6
 0 1
 1 0
 2 0
 3 0
 4 2
 5 0
26 5 6
 0 3
 1 2
 2 3
 3 3
 4 2
 5 2
27 13 6
 0 0
 1 1
 2 3
 3 2
 4 2
 5 1
28 10 6
 0 2
 1 1
 2 2
 3 3
 4 3
 5 3
29 4 6
 0 3
 1 1
 2 2
 3 3
 4 2
 5 1
30 15 6
 0 3
 1 0
 2 0
 3 3
 4 3
 5 0
31 11 6
 0 3
 1 0
 2 1
 3 0
 4 1
 5 1
32 4 6
 0 3
 1 1
 2 0
 3 3
 4 0
 5 2
33 11 6
 0 0
 1 1
 2 2
 3 3
 4 2
 5 0
34 8 6
 0 2
 1 3
 2 2
 3 0
 4 3
 5 0
35 6 6
 0 3
 1 2
 2 0
 3 3
 4 1
 5 0
36 7 6
 0 2
 1 1
 2 0
 3 2
 4 0
 5 2
37 13 6
 0 0
 1 2
 2 3
 3 2
 4 1
 5 2
38 14 6
 0 0
 1 2
 2 2
 3 0
 4 1
 5 2
39 6 6
 0 3
 1 0
 2 0
 3 2
 4 3
 5 3
40 3 6
 0 0
 1 3
 2 0
 3 2
 4 3
 5 1
41 12 6
 0 1
 1 0
 2 2
 3 3
 4 3
 5 0
42 15 6
 0 3
 1 3
 2 0
 3 0
 4 2
 5 3
43 5 6
 0 0
 1 1
 2 0
 3 3
 4 3
 5 0
44 14 6
 0 1
 1 3
 2 1
 3 0
 4 1
 5 3
45 11 6
 0 0
 1 0
 2 3
 3 3
 4 0
 5 0
46 5 6
 0 1
 1 2
 2 1
 3 0
 4 1
 5 0
47 7 6
 0 1
 1 1
 2 0
 3 3
 4 3
 5 2
48 5 6
 0 1
 1 2
 2 0
 3 0
 4 2
 5 1
49 15 6
 0 0
 1 2
 2 1
 3 0
 4 3
 5 0
50 7 6
 0 3
 1 3
 2 0
 3 3
 4 0
 5 0
51 3 6
 0 2
 1 3
 2 1
 3 3
 4 3
 5 0
52 6 6
 0 2
 1 0
 2 0
 3 0
 4 0
 5 1
53 3 6
 0 2
 1 0
 2 2
 3 2
 4 2
 5 0
54 14 6
 0 1
 1 3
 2 3
 3 3
 4 1
 5 3
55 12 6
 0 3
 1 3
 2 1
 3 0
 4 3
 5 3
56 3 6
 0 1
 1 0
 2 2
 3 2
 4 0
 5 2
57 7 6
 0 0
 1 0
 2 0
 3 1
 4 1
 5 2
58 4 6
 0 3
 1 0
 2 1
 3 0
 4 0
 5 3
59 8 6
 0 2
 1 0
 2 3
 3 1
 4 2
 5 0
60 7 6
 0 1
 1 0
 2 0
 3 0
 4 2
 5 0
61 3 6
 0 0
 1 1
 2 0
 3 2
 4 1
 5 2
62 15 6
 0 1
 1 3
 2 0
 3 2
 4 0
 5 2
63 11 6
 0 1
 1 1
 2 1
 3 0
 4 2
 5 0
64 11 6
 0 3
 1 0
 2 3
 3 3
 4 3
 5 3
65 11 6
 0 0
 1 3
 2 0
 3 2
 4 2
 5 0
66 9 6
 0 3
 1 2
 2 1
 3 0
 4 0
 5 0
67 3 6
 0 2
 1 0
 2 1
 3 1
 4 0
 5 3
68 6 6
 0 1
 1 0
 2 2
 3 0
 4 2
 5 2
69 7 6
 0 0
 1 2
 2 2
 3 3
 4 1
 5 3
70 14 6
 0 1
 1 2
 2 0
 3 2
 4 2
 5 2
71 6 6
 0 1
 1 2
 2 0
 3 0
 4 0
 5 3
72 10 6
 0 3
 1 2
 2 0
 3 3
 4 2
 5 2
73 10 6
 0 0
 1 3
 2 2
 3 3
 4 0
 5 3
74 13 6
 0 2
 1 3
 2 0
 3 1
 4 3
 5 0
75 4 6
 0 1
 1 2
 2 3
 3 0
 4 0
 5 2
76 13 6
 0 2
 1 1
 2 0
 3 1
 4 1
 5 0
77 9 6
 0 0
 1 1
 2 0
 3 0
 4 0
 5 1
78 14 6
 0 2
 1 3
 2 0
 3 0
 4 1
 5 1
79 5 6
 0 3
 1 0
 2 0
 3 1
 4 0
 5 0
80 10 6
 0 3
 1 1
 2 2
 3 3
 4 3
 5 3
81 3 6
 0 0
 1 1
 2 0
 3 0
 4 0
 5 0
82 6 6
 0 0
 1 1
 2 1
 3 0
 4 0
 5 3
83 10 6
 0 0
 1 2
 2 1
 3 3
 4 0
 5 1
84 3 6
 0 2
 1 0
 2 0
 3 0
 4 2
 5 3
85 5 6
 0 2
 1 2
 2 0
 3 3
 4 1
 5 2
86 15 6
 0 1
 1 2
 2 1
 3 2
 4 0
 5 1
87 4 6
 0 2
 1 1
 2 3
 3 0
 4 0
 5 0
88 8 6
 0 0
 1 2
 2 0
 3 0
 4 0
 5 3
89 9 6
 0 0
 1 2
 2 0
 3 2
 4 1
 5 2
90 4 6
 0 0
 1 1
 2 1
 3 2
 4 3
 5 1
91 13 6
 0 1
 1 3
 2 2
 3 0
 4 1
 5 2
92 4 6
 0 3
 1 2
 2 2
 3 1
 4 0
 5 0
93 4 6
 0 3
 1 0
 2 3
 3 3
 4 0
 5 3
94 6 6
 0 0
 1 1
 2 1
 3 1
 4 2
 5 3
95 9 6
 0 1
 1 2
 2 3
 3 0
 4 1
 5 2
96 9 6
 0 3
 1 2
 2 2
 3 0
 4 3
 5 3
97 14 6
 0 0
 1 0
 2 0
 3 2
 4 2
 5 1
98 12 6
 0 0
 1 2
 2 3
 3 0
 4 0
 5 2
99 5 6
 0 0
 1 3
 2 3
 3 0
 4 2
 5 0
100 10 6
 0 2
 1 1
 2 1
 3 1
 4 3
 5 2
101 4 6
 0 2
 1 1
 2 0
 3 0
 4 3
 5 1
102 15 6
 0 3
 1 0
 2 3
 3 2
 4 2
 5 0
103 6 6
 0 2
 1 0
 2 2
 3 3
 4 3
 5 3
104 9 6
 0 0
 1 1
 2 1
 3 1
 4 3
 5 2
105 7 6
 0 2
 1 0
 2 0
 3 2
 4 3
 5 3
106 12 6
 0 0
 1 0
 2 3
 3 0
 4 2
 5 1
107 14 6
 0 3
 1 2
 2 1
 3 1
 4 3
 5 2
108 6 6
 0 2
 1 0
 2 0
 3 1
 4 3
 5 0
109 4 6
 0 0
 1 2
 2 0
 3 1
 4 3
 5 2
110 8 6
 0 0
 1 1
 2 2
 3 1
 4 2
 5 1
111 8 6
 0 2
 1 3
 2 2
 3 2
 4 3
 5 0
112 7 6
 0 3
 1 0
 2 0
 3 2
 4 0
 5 0
113 9 6
 0 3
 1 0
 2 1
 3 2
 4 0
 5 0
114 6 6
 0 2
 1 3
 2 2
 3 3
 4 0
 5 3
115 13 6
 0 0
 1 1
 2 1
 3 0
 4 2
 5 1
116 5 6
 0 2
 1 1
 2 2
 3 3
 4 2
 5 0
117 15 6
 0 3
 1 1
 2 1
 3 1
 4 3
 5 1
118 4 6
 0 0
 1 1
 2 2
 3 0
 4 2
 5 2
119 7 6
 0 0
 1 2
 2 0
 3 0
 4 1
 5 2
120 11 6
 0 2
 1 2
 2 0
 3 1
 4 2
 5 0
121 10 6
 0 3
 1 1
 2 3
 3 1
 4 2
 5 3
122 12 6
 0 1
 1 3
 2 0
 3 2
 4 1
 5 3
123 15 6
 0 3
 1 0
 2 2
 3 3
 4 2
 5 2
124 11 6
 0 0
 1 2
 2 2
 3 2
 4 1
 5 2
125 14 6
 0 3
 1 0
 2 0
 3 0
 4 3
 5 3
126 3 6
 0 3
 1 2
 2 3
 3 1
 4 2
 5 3
127 14 6
 0 0
 1 0
 2 1
 3 0
 4 2
 5 0
128 11 6
 0 3
 1 0
 2 2
 3 0
 4 2
 5 1
129 9 6
 0 2
 1 0
 2 0
 3 2
 4 1
 5 0
130 10 6
 0 0
 1 0
 2 3
 3 2
 4 1
 5 3
131 15 6
 0 0
 1 3
 2 3
 3 2
 4 0
 5 0
132 8 6
 0 1
 1 1
 2 1
 3 3
 4 0
 5 0
133 6 6
 0 3
 1 3
 2 1
 3 2
 4 0
 5 1
134 7 6
 0 1
 1 2
 2 1
 3 3
 4 1
 5 1
135 3 6
 0 3
 1 0
 2 1
 3 3
 4 0
 5 1
136 4 6
 0 2
 1 2
 2 2
 3 1
 4 0
 5 2
137 12 6
 0 0
 1 0
 2 3
 3 0
 4 2
 5 3
138 3 6
 0 1
 1 0
 2 0
 3 0
 4 1
 5 3
139 13 6
 0 2
 1 2
 2 1
 3 1
 4 2
 5 2
140 14 6
 0 2
 1 0
 2 1
 3 3
 4 2
 5 0
141 10 6
 0 1
 1 0
 2 2
 3 1
 4 0
 5 0
142 5 6
 0 0
 1 2
 2 0
 3 1
 4 3
 5 3
143 13 6
 0 3
 1 0
 2 0
 3 2
 4 0
 5 0
144 9 6
 0 2
 1 2
 2 2
 3 3
 4 0
 5 0
145 15 6
 0 0
 1 3
 2 0
 3 0
 4 1
 5 1
146 13 6
 0 1
 1 2
 2 3
 3 2
 4 2
 5 0
147 14 6
 0 1
 1 0
 2 0
 3 0
 4 3
 5 3
148 13 6
 0 0
 1 1
 2 0
 3 0
 4 3
 5 3
149 0 6
 0 0
 1 0
 2 0
 3 0
 4 0
 5 0

# PRECEDENCES
1677
12 123
4 119
96 122
0 5
11 14
33 38
25 34
50 127
10 54
0 126
72 114
107 108
13 101
70 77
22 149
28 80
6 61
132 137
58 108
49 139
50 104
101 149
102 114
0 103
39 94
51 68
35 60
1 67
52 149
12 113
53 114
36 61
9 44
37 142
3 149
50 81
27 97
79 144
30 102
82 149
2 40
29 143
8 120
0 116
11 125
13 55
108 143
33 149
45 123
76 110
68 106
109 144
18 105
71 117
8 97
0 93
31 80
63 149
83 127
75 123
94 136
135 137
60 143
33 126
34 91
25 122
53 104
93 140
64 113
28 47
68 83
14 112
34 127
97 146
50 71
55 149
61 80
0 70
30 92
110 121
29 133
21 129
0 106
6 149
22 93
33 139
34 104
85 149
37 109
56 122
57 87
3 116
49 83
27 64
36 149
48 123
0 83
40 119
11 92
63 139
24 31
115 149
25 112
53 94
65 68
10 132
7 63
66 149
30 46
89 132
36 126
48 100
0 60
18 108
12 34
112 121
17 149
82 129
13 35
25 89
64 80
105 118
10 109
127 136
93 143
109 124
8 41
27 54
0 37
111 133
90 110
36 139
28 135
47 148
0 73
80 145
60 87
22 60
41 110
33 106
53 84
39 149
5 7
51 123
3 83
9 14
22 96
118 149
70 109
17 103
36 116
82 83
0 50
40 86
104 107
69 149
41 87
81 123
37 53
16 30
137 140
74 120
20 149
13 110
32 123
78 90
35 128
47 102
27 44
0 27
99 149
71 87
9 112
41 64
50 149
0 148
39 139
45 70
31 135
47 79
0 4
99 126
0 40
58 130
42 122
62 100
73 109
62 136
15 24
7 20
72 149
64 145
43 122
28 79
48 57
0 17
6 60
11 26
71 77
92 100
63 73
49 138
77 120
69 116
60 67
42 135
102 149
0 138
32 90
3 63
67 84
53 149
9 79
132 149
10 43
110 130
27 132
0 115
125 146
32 67
83 149
75 145
18 19
23 134
56 131
117 147
55 86
68 105
96 124
34 149
0 7
49 128
62 67
113 149
25 36
11 101
63 148
91 130
0 128
74 77
20 106
13 67
23 111
64 112
95 136
46 100
6 27
77 87
129 134
21 43
61 79
140 143
113 126
79 133
10 33
110 120
0 105
73 89
60 119
4 75
3 30
135 149
72 129
86 149
69 96
2 6
80 105
0 82
39 73
71 142
0 118
4 88
43 79
116 149
46 90
9 59
22 141
21 33
7 98
67 149
26 111
19 72
71 119
82 128
29 122
0 95
19 108
146 149
6 138
51 60
41 132
127 135
34 93
72 119
76 89
136 140
128 136
15 79
139 145
79 100
97 148
70 131
101 118
0 72
79 136
12 46
30 94
71 132
23 55
12 82
45 79
22 95
32 145
7 88
47 124
26 101
0 49
119 149
79 113
63 105
23 32
9 134
82 118
8 89
0 85
32 37
72 73
23 68
62 145
87 89
33 118
25 114
93 132
45 92
57 66
138 140
43 131
76 79
120 122
18 74
71 86
42 59
47 137
0 62
100 149
112 123
23 45
81 135
1 26
56 78
15 46
85 141
86 106
3 108
130 149
43 144
35 140
89 111
0 39
59 125
70 134
30 61
41 76
104 132
22 62
122 149
34 73
51 125
43 121
49 52
59 102
19 29
24 144
65 145
9 101
48 92
0 52
40 88
41 53
58 142
50 138
33 85
45 59
103 149
66 118
12 147
38 56
51 138
96 146
47 104
48 69
88 142
0 29
69 128
133 149
52 75
22 52
32 102
84 149
15 49
47 81
0 6
59 92
118 141
36 108
0 42
40 78
0 127
30 149
3 52
84 126
20 141
26 35
18 31
29 46
0 19
99 141
31 91
10 68
2 64
83 138
0 140
11 149
12 114
4 110
24 88
136 149
96 113
65 125
68 130
121 142
26 133
50 118
0 117
30 139
4 123
117 149
14 136
88 122
0 9
15 137
80 117
26 146
27 111
0 94
73 78
11 103
0 130
12 104
64 114
10 143
17 39
53 141
45 137
3 140
14 149
121 132
132 141
2 31
8 111
0 107
4 77
23 90
124 142
103 119
35 64
1 71
106 124
44 149
64 127
65 92
57 88
3 117
28 61
14 126
15 91
26 100
5 77
18 96
50 85
8 88
27 101
0 84
18 132
113 141
63 140
24 32
9 25
28 38
47 51
25 149
97 137
98 102
49 97
22 143
113 118
131 135
2 21
83 95
0 97
20 75
64 81
84 96
124 132
95 105
33 130
5 31
57 78
76 91
49 74
59 124
78 137
47 149
8 78
0 74
39 65
37 77
16 54
66 140
32 147
42 48
8 55
26 103
0 51
39 42
30 73
71 111
17 140
63 107
28 149
29 114
75 81
48 127
0 87
33 84
64 71
56 67
108 114
87 91
33 120
37 90
55 107
67 118
27 45
13 147
59 114
55 143
0 64
31 51
112 125
9 149
3 74
108 127
85 143
78 104
70 100
43 146
89 113
36 107
28 103
1 149
48 81
0 41
11 50
63 97
23 24
48 117
80 149
40 113
41 78
60 91
13 16
112 138
74 111
20 140
31 149
32 114
51 127
57 58
1 126
26 70
0 18
99 140
90 91
63 74
82 87
21 77
0 54
123 124
10 67
42 136
61 149
0 139
33 87
73 123
25 83
53 65
23 122
15 38
55 74
87 143
12 149
24 123
48 71
0 31
9 116
77 134
40 103
44 73
42 149
103 128
122 141
20 130
106 133
13 91
55 87
96 125
8 12
0 8
5 86
18 141
0 129
45 51
85 87
64 149
24 113
56 145
130 131
14 148
21 44
0 21
92 104
38 133
57 146
69 120
15 149
61 116
20 84
30 128
91 144
51 71
94 149
0 142
128 147
99 120
45 149
118 133
129 148
7 122
0 119
11 128
30 141
84 118
75 149
15 18
7 14
47 50
18 23
16 99
36 77
69 74
5 89
10 24
2 20
81 84
27 113
0 96
32 48
94 139
14 30
0 132
1 60
12 106
136 141
28 50
128 137
34 130
37 135
97 149
50 74
29 51
8 77
26 125
18 121
110 124
48 149
0 109
11 118
84 108
127 149
45 116
6 8
37 112
65 94
56 125
68 99
109 137
15 93
59 136
78 149
42 83
28 148
0 86
24 34
29 149
21 145
41 123
87 90
13 61
56 102
108 149
109 114
88 91
67 117
90 100
15 106
101 109
0 63
59 149
71 123
90 136
131 137
23 46
83 97
0 99
40 135
41 100
20 77
12 73
72 87
74 133
44 141
45 106
51 149
117 131
9 40
22 122
109 127
26 92
27 57
71 100
0 76
13 15
40 148
81 149
72 100
85 119
10 125
56 92
17 21
28 30
26 69
59 103
32 149
78 116
42 50
15 96
28 115
8 57
0 53
12 27
111 149
83 87
40 125
116 120
62 149
22 76
14 72
93 136
78 93
68 79
47 105
13 149
0 30
18 78
11 39
77 133
101 112
0 66
5 144
92 149
112 127
44 72
42 148
73 135
105 124
51 116
7 46
66 132
107 133
13 126
126 146
24 135
28 105
47 118
0 43
71 103
4 13
17 132
73 112
56 59
114 149
4 134
38 47
24 112
89 92
96 137
1 128
8 24
0 20
65 149
63 76
77 123
144 149
62 116
81 129
0 141
25 85
93 103
31 128
95 149
55 76
67 87
99 119
78 96
76 135
1 141
47 108
88 146
0 33
46 149
111 129
81 106
33 66
125 149
2 78
95 126
74 103
20 132
66 99
12 128
13 93
17 63
7 49
0 10
6 53
9 95
26 147
4 16
8 135
94 138
0 131
20 109
11 140
85 89
4 101
43 92
3 56
7 26
47 62
147 149
106 148
13 106
3 141
77 90
28 85
68 121
48 63
0 23
121 133
26 124
38 135
98 149
50 109
90 145
42 105
0 108
22 46
75 138
14 42
0 144
66 89
24 92
16 88
76 102
28 62
128 149
120 145
99 122
65 129
38 112
61 95
121 146
79 149
91 123
83 119
102 132
94 128
0 121
20 99
24 69
34 119
109 149
92 96
10 26
62 73
0 98
125 129
12 72
143 146
13 73
56 114
36 56
47 65
128 139
86 142
49 111
77 93
68 124
80 98
8 79
0 75
131 149
63 131
0 111
64 95
64 131
56 127
49 88
7 91
6 46
82 121
101 134
94 95
0 88
71 148
112 149
72 76
116 119
21 147
13 63
53 99
5 22
16 68
57 69
120 125
86 132
6 23
70 124
3 134
142 149
47 140
0 65
11 74
63 121
91 103
41 102
4 71
105 123
116 132
108 128
45 108
5 35
97 118
27 59
42 75
29 105
0 78
112 139
23 61
25 107
46 50
37 81
74 148
38 82
78 118
79 83
89 127
0 55
40 91
71 115
44 97
145 149
26 48
86 99
37 94
96 149
0 32
100 119
28 130
0 68
80 140
52 78
54 124
122 142
34 66
74 102
25 97
45 75
85 111
99 131
78 108
118 144
70 104
16 133
55 124
48 85
0 45
41 46
52 55
4 15
21 104
34 43
31 117
2 90
86 89
32 118
78 85
23 149
97 98
118 121
130 132
8 26
148 149
0 22
59 108
119 122
57 147
41 59
27 124
92 141
10 71
2 67
8 147
81 131
0 143
73 127
12 117
32 95
51 108
47 74
26 51
4 149
129 149
0 35
80 107
121 145
58 125
0 120
33 68
31 107
10 84
3 45
95 128
15 19
114 141
87 124
12 130
59 62
0 12
6 55
49 133
15 140
61 107
7 136
26 149
73 81
19 110
44 54
0 133
66 78
23 116
15 32
65 118
56 149
16 113
29 52
50 111
7 149
0 110
19 123
12 84
31 97
51 75
53 121
72 134
96 119
0 2
37 149
65 131
50 88
61 97
3 12
0 123
23 106
105 145
10 136
84 122
99 101
38 91
49 100
50 65
7 103
110 115
101 146
102 111
48 140
94 107
27 117
0 100
39 91
12 74
30 122
91 138
51 65
135 144
34 98
53 111
37 103
10 149
3 110
36 58
117 132
136 145
26 93
6 35
78 140
58 82
98 118
89 149
36 143
101 123
27 94
0 77
18 125
113 134
79 141
91 115
29 140
40 149
0 113
13 52
24 61
56 93
9 18
22 100
45 120
58 59
117 145
8 58
27 71
59 140
70 149
0 90
6 133
43 51
35 47
21 149
38 58
57 71
117 122
109 118
6 25
0 67
31 54
48 143
21 126
25 96
24 51
16 47
127 143
37 106
43 149
35 145
27 61
0 44
11 53
12 18
23 27
0 80
44 86
21 139
62 140
73 149
33 113
38 48
49 57
26 73
67 111
119 121
24 149
30 43
82 90
8 61
0 57
123 127
21 116
53 68
44 99
105 115
54 149
14 76
26 50
24 126
43 139
0 34
19 47
119 134
11 43
9 119
28 132
48 110
81 107
25 63
81 143
34 68
25 99
23 138
55 90
67 101
0 11
18 59
19 24
99 133
35 148
76 149
63 67
0 47
52 57
41 84
27 149
85 90
23 115
15 31
7 27
106 149
67 78
130 134
88 137
0 24
100 111
6 67
71 84
57 149
58 114
63 80
133 144
39 100
104 117
91 147
8 149
0 145
66 90
106 126
13 84
96 118
87 149
7 40
0 1
13 120
18 49
37 148
57 126
36 103
49 122
38 149
110 137
27 139
0 122
66 67
15 21
53 133
17 67
35 115
0 14
5 92
92 97
132 133
38 126
80 122
8 103
31 86
54 106
0 135
74 84
60 149
36 57
87 139
139 149
69 90
40 63
26 128
92 110
90 149
110 127
54 83
0 112
31 99
24 60
3 37
43 73
84 111
41 149
53 123
72 136
65 97
21 27
120 149
77 107
113 146
0 89
25 33
71 149
51 54
95 97
0 125
20 103
52 135
84 124
47 56
53 136
45 132
38 93
110 117
0 102
60 116
23 85
24 50
135 146
106 119
93 149
57 83
78 142
28 141
0 79
79 143
123 149
83 113
29 142
108 142
74 149
26 72
0 56
71 116
48 132
0 92
40 128
104 149
24 40
116 123
5 26
65 77
56 108
57 73
27 50
98 110
47 144
134 149
48 109
0 69
39 60
112 130
131 143
29 132
75 99
81 142
13 44
39 145
105 127
127 145
74 139
26 62
126 149
5 39
18 58
59 96
78 109
16 134
8 50
0 46
5 124
79 110
12 20
63 102
77 149
40 118
52 92
53 57
45 53
93 129
5 16
32 119
107 149
98 100
101 105
8 63
48 99
0 59
6 102
112 120
58 149
1 23
25 88
93 106
31 131
137 149
66 125
67 90
130 146
17 89
88 149
0 36
19 49
11 45
21 95
40 108
80 144
30 143
5 6
18 25
4 127
7 52
27 30
0 13
68 147
100 136
60 63
6 92
58 139
110 149
61 144
122 123
0 134
43 95
95 142
18 38
4 140
32 122
59 76
24 118
17 79
76 128
47 101
48 66
88 139
0 26
40 62
140 149
5 104
63 82
80 134
125 142
91 149
2 71
122 136
14 45
0 147
96 120
0 3
5 81
68 137
21 62
121 149
92 122
91 126
8 128
0 124
12 98
31 111
4 94
37 42
36 46
67 70
99 102
56 140
77 83
129 130
0 16
121 126
5 94
42 98
0 101
18 149
144 145
3 26
43 62
143 149
84 100
94 144
102 148
0 137
103 113
13 76
4 107
44 143
72 125
56 117
35 94
128 142
5 71
86 145
49 114
50 79
21 52
61 88
39 69
63 134
0 114
19 127
11 123
12 88
13 53
23 97
124 149
35 71
1 78
25 143
17 59
109 142
29 33
40 42
26 107
79 119
98 132
42 88
61 101
8 95
0 91
18 139
51 56
43 52
84 90
105 149
56 107
22 114
47 58
88 96
38 95
49 104
50 69
77 86
14 146
101 114
26 120
27 85
113 125
91 106
42 101
2 28
21 127
0 104
13 43
4 74
105 126
34 102
57 85
2 149
3 114
49 81
36 147
0 81
4 51
94 124
1 45
72 105
9 22
6 16
27 75
0 58
113 115
100 145
91 96
40 130
12 68
135 138
34 92
85 137
32 131
37 97
38 62
138 149
9 35
35 136
68 84
71 95
17 124
29 98
0 71
5 149
11 80
21 130
81 144
1 35
34 69
39 147
10 120
116 138
15 55
35 149
36 114
48 88
27 65
0 48
19 61
92 131
58 138
9 133
61 143
52 94
13 23
64 68
105 106
56 64
20 147
93 131
26 41
67 79
46 56
70 84
36 91
26 77
0 25
16 149
36 127
77 128
0 61
141 149
4 31
42 143
22 48
0 146
74 95
20 124
15 45
67 92
107 128
13 121
86 105
0 38
100 125
9 123
52 84
25 67
10 87
2 83
72 147
70 74
0 15
5 93
92 98
30 37
77 118
82 84
68 149
40 87
102 147
14 34
0 136
114 121
19 149
11 145
45 58
85 94
137 141
84 135
55 71
36 94
1 136
21 51
0 28
38 140
58 118
49 149
110 128
8 117
125 144
103 125
