# Tier 6 (Large) - Instance 98
# Generated with config: N=204, K=4, topology=random_dag, calendar=staggered

# HEADER: <num_tasks> <num_types> <num_units>
206 4 21

# RESOURCE TYPES
# Format: <type_id> <num_units> <unit_id1> <unit_id2> ...
0 5 0 1 2 3 4
1 7 5 6 7 8 9 10 11
2 6 12 13 14 15 16 17
3 3 18 19 20

# RESOURCE UNITS (Calendars)
# Format: <unit_id> <num_steps> <t1> <v1> <t2> <v2> ...
0 26 0 100 1 0 21 100 148 0 169 100 292 0 314 100 437 0 459 100 582 0 602 100 725 0 747 100 873 0 892 100 1015 0 1036 100 1162 0 1184 100 1308 0 1327 100 1454 0 1473 100 1599 0 1621 100 1891 0
1 26 0 100 8 0 23 100 151 0 167 100 294 0 308 100 435 0 451 100 580 0 594 100 726 0 741 100 872 0 887 100 1014 0 1031 100 1163 0 1179 100 1309 0 1324 100 1454 0 1469 100 1598 0 1614 100 1891 0
2 26 0 100 14 0 34 100 155 0 178 100 301 0 324 100 449 0 470 100 595 0 615 100 737 0 758 100 883 0 902 100 1026 0 1046 100 1170 0 1190 100 1311 0 1333 100 1456 0 1476 100 1603 0 1622 100 1891 0
3 26 0 100 21 0 44 100 164 0 187 100 307 0 330 100 452 0 475 100 594 0 617 100 737 0 759 100 879 0 904 100 1024 0 1047 100 1166 0 1189 100 1311 0 1334 100 1459 0 1481 100 1603 0 1624 100 1891 0
4 26 0 100 26 0 39 100 174 0 185 100 316 0 328 100 462 0 474 100 609 0 619 100 749 0 760 100 890 0 902 100 1034 0 1046 100 1175 0 1188 100 1322 0 1335 100 1465 0 1479 100 1609 0 1623 100 1891 0
5 26 0 100 34 0 52 100 181 0 199 100 328 0 345 100 474 0 493 100 620 0 637 100 765 0 781 100 907 0 925 100 1053 0 1070 100 1194 0 1211 100 1340 0 1357 100 1487 0 1505 100 1632 0 1648 100 1891 0
6 26 0 100 40 0 58 100 189 0 204 100 332 0 346 100 475 0 492 100 620 0 637 100 764 0 778 100 909 0 924 100 1054 0 1071 100 1200 0 1217 100 1347 0 1363 100 1490 0 1507 100 1634 0 1651 100 1891 0
7 26 0 100 48 0 68 100 193 0 216 100 339 0 358 100 482 0 505 100 630 0 650 100 776 0 799 100 925 0 944 100 1067 0 1090 100 1214 0 1234 100 1360 0 1382 100 1508 0 1527 100 1652 0 1673 100 1891 0
8 26 0 100 55 0 78 100 199 0 223 100 345 0 369 100 488 0 510 100 632 0 657 100 780 0 806 100 925 0 947 100 1066 0 1088 100 1211 0 1235 100 1357 0 1380 100 1499 0 1522 100 1645 0 1669 100 1891 0
9 26 0 100 61 0 78 100 205 0 220 100 346 0 365 100 494 0 511 100 639 0 655 100 782 0 798 100 924 0 940 100 1065 0 1080 100 1205 0 1221 100 1349 0 1367 100 1498 0 1516 100 1641 0 1656 100 1891 0
10 26 0 100 68 0 82 100 217 0 229 100 363 0 374 100 507 0 519 100 652 0 663 100 794 0 806 100 935 0 946 100 1081 0 1095 100 1225 0 1237 100 1368 0 1381 100 1515 0 1529 100 1659 0 1671 100 1891 0
11 26 0 100 75 0 90 100 219 0 234 100 367 0 380 100 511 0 525 100 659 0 671 100 805 0 818 100 951 0 966 100 1094 0 1110 100 1244 0 1257 100 1386 0 1399 100 1532 0 1544 100 1672 0 1684 100 1891 0
12 26 0 100 83 0 106 100 226 0 250 100 373 0 397 100 515 0 538 100 660 0 683 100 806 0 830 100 952 0 975 100 1095 0 1121 100 1239 0 1262 100 1384 0 1406 100 1529 0 1552 100 1672 0 1695 100 1891 0
13 26 0 100 90 0 113 100 234 0 259 100 378 0 403 100 527 0 550 100 668 0 692 100 812 0 833 100 952 0 977 100 1097 0 1120 100 1239 0 1262 100 1382 0 1404 100 1525 0 1548 100 1668 0 1690 100 1891 0
14 26 0 100 97 0 114 100 243 0 262 100 391 0 407 100 535 0 554 100 679 0 699 100 824 0 842 100 968 0 985 100 1114 0 1134 100 1259 0 1279 100 1408 0 1426 100 1552 0 1569 100 1694 0 1711 100 1891 0
15 26 0 100 104 0 120 100 248 0 262 100 389 0 403 100 530 0 546 100 678 0 693 100 820 0 833 100 961 0 974 100 1101 0 1115 100 1244 0 1259 100 1391 0 1406 100 1534 0 1550 100 1677 0 1693 100 1891 0
16 26 0 100 111 0 125 100 259 0 274 100 403 0 415 100 545 0 558 100 686 0 698 100 832 0 845 100 979 0 991 100 1123 0 1137 100 1270 0 1281 100 1413 0 1424 100 1557 0 1571 100 1703 0 1717 100 1891 0
17 26 0 100 117 0 135 100 261 0 280 100 405 0 423 100 546 0 566 100 689 0 709 100 834 0 852 100 977 0 998 100 1125 0 1144 100 1268 0 1288 100 1415 0 1434 100 1562 0 1582 100 1707 0 1727 100 1891 0
18 26 0 100 124 0 150 100 268 0 291 100 410 0 436 100 554 0 579 100 700 0 727 100 844 0 868 100 986 0 1011 100 1128 0 1154 100 1273 0 1296 100 1413 0 1438 100 1555 0 1578 100 1696 0 1720 100 1891 0
19 26 0 100 131 0 148 100 275 0 294 100 421 0 441 100 569 0 589 100 713 0 731 100 858 0 874 100 999 0 1017 100 1145 0 1163 100 1287 0 1304 100 1430 0 1450 100 1579 0 1598 100 1726 0 1742 100 1891 0
20 26 0 100 139 0 165 100 283 0 307 100 428 0 452 100 573 0 597 100 715 0 739 100 860 0 886 100 1002 0 1026 100 1146 0 1173 100 1290 0 1316 100 1437 0 1464 100 1583 0 1607 100 1724 0 1750 100 1891 0

# TASKS
# Format: <task_id> <size> <num_reqs>
# Then for each requirement: <type_id> <qty>
0 0 4
 0 0
 1 0
 2 0
 3 0
1 19 4
 0 3
 1 0
 2 0
 3 0
2 20 4
 0 3
 1 2
 2 0
 3 0
3 13 4
 0 0
 1 1
 2 2
 3 0
4 12 4
 0 1
 1 3
 2 1
 3 2
5 14 4
 0 0
 1 3
 2 3
 3 0
6 1 4
 0 3
 1 1
 2 1
 3 1
7 7 4
 0 1
 1 1
 2 0
 3 2
8 5 4
 0 0
 1 0
 2 1
 3 2
9 7 4
 0 3
 1 0
 2 0
 3 0
10 19 4
 0 2
 1 0
 2 1
 3 1
11 16 4
 0 2
 1 1
 2 3
 3 0
12 4 4
 0 2
 1 1
 2 0
 3 0
13 4 4
 0 0
 1 0
 2 0
 3 1
14 15 4
 0 1
 1 2
 2 0
 3 0
15 2 4
 0 1
 1 3
 2 2
 3 2
16 4 4
 0 1
 1 2
 2 0
 3 1
17 11 4
 0 3
 1 0
 2 1
 3 0
18 7 4
 0 1
 1 0
 2 0
 3 0
19 8 4
 0 0
 1 2
 2 1
 3 0
20 14 4
 0 1
 1 3
 2 0
 3 3
21 15 4
 0 1
 1 2
 2 2
 3 0
22 11 4
 0 0
 1 0
 2 0
 3 3
23 18 4
 0 2
 1 2
 2 0
 3 2
24 18 4
 0 0
 1 1
 2 0
 3 0
25 18 4
 0 2
 1 3
 2 1
 3 0
26 12 4
 0 0
 1 0
 2 1
 3 0
27 12 4
 0 0
 1 2
 2 1
 3 3
28 8 4
 0 0
 1 3
 2 0
 3 2
29 19 4
 0 3
 1 1
 2 0
 3 0
30 19 4
 0 3
 1 0
 2 0
 3 2
31 2 4
 0 0
 1 1
 2 0
 3 0
32 18 4
 0 1
 1 1
 2 1
 3 3
33 3 4
 0 1
 1 0
 2 0
 3 0
34 5 4
 0 1
 1 3
 2 1
 3 0
35 8 4
 0 2
 1 3
 2 3
 3 2
36 6 4
 0 0
 1 2
 2 0
 3 3
37 15 4
 0 3
 1 1
 2 1
 3 0
38 12 4
 0 0
 1 0
 2 0
 3 3
39 11 4
 0 3
 1 0
 2 0
 3 0
40 1 4
 0 2
 1 3
 2 0
 3 0
41 13 4
 0 3
 1 1
 2 1
 3 1
42 13 4
 0 1
 1 2
 2 0
 3 0
43 10 4
 0 0
 1 1
 2 0
 3 2
44 9 4
 0 3
 1 1
 2 0
 3 1
45 13 4
 0 3
 1 3
 2 0
 3 3
46 11 4
 0 2
 1 0
 2 0
 3 3
47 18 4
 0 0
 1 3
 2 0
 3 0
48 19 4
 0 3
 1 0
 2 0
 3 3
49 14 4
 0 0
 1 3
 2 3
 3 2
50 1 4
 0 0
 1 0
 2 2
 3 3
51 19 4
 0 3
 1 1
 2 0
 3 0
52 7 4
 0 3
 1 1
 2 0
 3 2
53 2 4
 0 1
 1 0
 2 0
 3 0
54 3 4
 0 0
 1 2
 2 3
 3 1
55 7 4
 0 0
 1 1
 2 0
 3 0
56 16 4
 0 0
 1 0
 2 3
 3 2
57 10 4
 0 2
 1 0
 2 0
 3 0
58 3 4
 0 1
 1 2
 2 3
 3 1
59 17 4
 0 2
 1 1
 2 0
 3 2
60 15 4
 0 3
 1 3
 2 1
 3 0
61 18 4
 0 3
 1 0
 2 2
 3 3
62 18 4
 0 2
 1 3
 2 1
 3 0
63 4 4
 0 1
 1 0
 2 0
 3 3
64 13 4
 0 0
 1 0
 2 2
 3 0
65 6 4
 0 0
 1 0
 2 2
 3 1
66 12 4
 0 2
 1 1
 2 0
 3 3
67 16 4
 0 3
 1 2
 2 1
 3 0
68 17 4
 0 2
 1 0
 2 1
 3 3
69 10 4
 0 3
 1 2
 2 2
 3 0
70 11 4
 0 0
 1 0
 2 3
 3 2
71 4 4
 0 0
 1 2
 2 3
 3 3
72 7 4
 0 0
 1 2
 2 2
 3 0
73 8 4
 0 1
 1 0
 2 0
 3 2
74 13 4
 0 0
 1 1
 2 1
 3 2
75 13 4
 0 3
 1 0
 2 1
 3 1
76 10 4
 0 3
 1 3
 2 1
 3 2
77 9 4
 0 2
 1 0
 2 0
 3 2
78 16 4
 0 1
 1 0
 2 1
 3 0
79 20 4
 0 3
 1 0
 2 2
 3 0
80 7 4
 0 0
 1 0
 2 2
 3 2
81 11 4
 0 2
 1 1
 2 3
 3 3
82 11 4
 0 0
 1 0
 2 0
 3 3
83 5 4
 0 0
 1 2
 2 3
 3 0
84 15 4
 0 3
 1 0
 2 0
 3 2
85 14 4
 0 3
 1 2
 2 3
 3 1
86 10 4
 0 0
 1 0
 2 0
 3 2
87 4 4
 0 0
 1 0
 2 1
 3 0
88 10 4
 0 2
 1 2
 2 2
 3 0
89 13 4
 0 0
 1 1
 2 0
 3 0
90 5 4
 0 3
 1 0
 2 2
 3 2
91 1 4
 0 0
 1 1
 2 3
 3 3
92 20 4
 0 0
 1 0
 2 3
 3 3
93 6 4
 0 3
 1 1
 2 1
 3 1
94 5 4
 0 0
 1 2
 2 0
 3 0
95 11 4
 0 0
 1 0
 2 1
 3 2
96 17 4
 0 2
 1 0
 2 0
 3 3
97 9 4
 0 3
 1 0
 2 0
 3 2
98 12 4
 0 0
 1 1
 2 0
 3 0
99 11 4
 0 2
 1 0
 2 2
 3 0
100 8 4
 0 2
 1 3
 2 3
 3 2
101 5 4
 0 3
 1 0
 2 0
 3 2
102 11 4
 0 2
 1 2
 2 2
 3 2
103 8 4
 0 2
 1 0
 2 1
 3 0
104 15 4
 0 0
 1 1
 2 0
 3 0
105 17 4
 0 3
 1 0
 2 0
 3 2
106 13 4
 0 1
 1 0
 2 1
 3 1
107 19 4
 0 0
 1 2
 2 1
 3 2
108 4 4
 0 2
 1 2
 2 2
 3 1
109 2 4
 0 0
 1 2
 2 3
 3 0
110 1 4
 0 3
 1 2
 2 0
 3 3
111 19 4
 0 1
 1 1
 2 3
 3 2
112 10 4
 0 2
 1 0
 2 0
 3 3
113 18 4
 0 0
 1 0
 2 0
 3 1
114 20 4
 0 3
 1 0
 2 0
 3 3
115 9 4
 0 0
 1 0
 2 2
 3 0
116 8 4
 0 0
 1 3
 2 0
 3 0
117 3 4
 0 1
 1 3
 2 3
 3 0
118 12 4
 0 3
 1 1
 2 1
 3 3
119 14 4
 0 1
 1 0
 2 2
 3 1
120 20 4
 0 3
 1 3
 2 1
 3 2
121 18 4
 0 2
 1 1
 2 3
 3 0
122 7 4
 0 2
 1 3
 2 1
 3 0
123 9 4
 0 2
 1 2
 2 1
 3 3
124 4 4
 0 2
 1 2
 2 3
 3 3
125 10 4
 0 1
 1 0
 2 0
 3 0
126 19 4
 0 3
 1 1
 2 3
 3 0
127 12 4
 0 1
 1 2
 2 0
 3 0
128 16 4
 0 2
 1 2
 2 0
 3 1
129 14 4
 0 1
 1 2
 2 1
 3 1
130 13 4
 0 0
 1 0
 2 2
 3 2
131 16 4
 0 3
 1 0
 2 0
 3 2
132 8 4
 0 0
 1 0
 2 1
 3 2
133 19 4
 0 3
 1 0
 2 0
 3 2
134 12 4
 0 0
 1 2
 2 2
 3 3
135 13 4
 0 3
 1 0
 2 2
 3 2
136 14 4
 0 3
 1 2
 2 2
 3 0
137 18 4
 0 2
 1 3
 2 1
 3 3
138 20 4
 0 2
 1 0
 2 2
 3 3
139 9 4
 0 2
 1 0
 2 1
 3 0
140 14 4
 0 2
 1 2
 2 2
 3 3
141 14 4
 0 2
 1 0
 2 3
 3 2
142 6 4
 0 3
 1 2
 2 0
 3 3
143 5 4
 0 1
 1 3
 2 2
 3 0
144 2 4
 0 2
 1 0
 2 2
 3 0
145 14 4
 0 0
 1 0
 2 1
 3 0
146 18 4
 0 0
 1 3
 2 0
 3 0
147 2 4
 0 1
 1 1
 2 1
 3 0
148 4 4
 0 0
 1 0
 2 0
 3 3
149 1 4
 0 1
 1 1
 2 1
 3 1
150 12 4
 0 3
 1 3
 2 2
 3 2
151 1 4
 0 3
 1 2
 2 0
 3 0
152 1 4
 0 3
 1 2
 2 1
 3 3
153 2 4
 0 3
 1 2
 2 3
 3 0
154 11 4
 0 0
 1 0
 2 1
 3 0
155 5 4
 0 0
 1 1
 2 1
 3 2
156 15 4
 0 0
 1 0
 2 0
 3 2
157 20 4
 0 3
 1 0
 2 0
 3 2
158 14 4
 0 1
 1 1
 2 2
 3 3
159 12 4
 0 0
 1 3
 2 1
 3 3
160 1 4
 0 1
 1 1
 2 1
 3 2
161 7 4
 0 2
 1 2
 2 0
 3 0
162 3 4
 0 1
 1 2
 2 3
 3 3
163 11 4
 0 2
 1 3
 2 0
 3 2
164 2 4
 0 0
 1 2
 2 0
 3 2
165 4 4
 0 2
 1 0
 2 0
 3 3
166 2 4
 0 0
 1 3
 2 3
 3 1
167 6 4
 0 3
 1 1
 2 3
 3 3
168 18 4
 0 1
 1 1
 2 3
 3 1
169 14 4
 0 0
 1 3
 2 3
 3 1
170 10 4
 0 0
 1 1
 2 2
 3 0
171 5 4
 0 2
 1 1
 2 1
 3 0
172 3 4
 0 1
 1 0
 2 3
 3 0
173 10 4
 0 0
 1 3
 2 0
 3 3
174 9 4
 0 3
 1 1
 2 0
 3 1
175 12 4
 0 0
 1 0
 2 3
 3 3
176 8 4
 0 0
 1 0
 2 0
 3 3
177 10 4
 0 3
 1 2
 2 1
 3 3
178 5 4
 0 1
 1 0
 2 3
 3 2
179 12 4
 0 0
 1 0
 2 0
 3 2
180 16 4
 0 0
 1 0
 2 0
 3 1
181 1 4
 0 2
 1 3
 2 2
 3 0
182 10 4
 0 3
 1 0
 2 2
 3 3
183 12 4
 0 0
 1 1
 2 1
 3 3
184 3 4
 0 1
 1 1
 2 0
 3 2
185 19 4
 0 1
 1 0
 2 0
 3 1
186 18 4
 0 0
 1 1
 2 0
 3 0
187 7 4
 0 0
 1 0
 2 0
 3 1
188 18 4
 0 2
 1 0
 2 0
 3 3
189 1 4
 0 3
 1 0
 2 2
 3 0
190 13 4
 0 0
 1 1
 2 0
 3 3
191 8 4
 0 0
 1 0
 2 1
 3 3
192 8 4
 0 1
 1 2
 2 0
 3 1
193 12 4
 0 1
 1 0
 2 3
 3 3
194 2 4
 0 1
 1 3
 2 3
 3 3
195 7 4
 0 2
 1 1
 2 1
 3 3
196 10 4
 0 2
 1 0
 2 1
 3 1
197 19 4
 0 2
 1 3
 2 1
 3 0
198 12 4
 0 0
 1 1
 2 2
 3 2
199 13 4
 0 0
 1 3
 2 1
 3 0
200 9 4
 0 2
 1 3
 2 0
 3 0
201 17 4
 0 0
 1 3
 2 3
 3 2
202 20 4
 0 0
 1 3
 2 1
 3 0
203 20 4
 0 0
 1 3
 2 2
 3 3
204 14 4
 0 2
 1 0
 2 1
 3 0
205 0 4
 0 0
 1 0
 2 0
 3 0

# PRECEDENCES
1577
0 6
0 7
0 24
0 28
0 38
0 40
0 41
0 48
0 55
0 56
0 66
0 67
0 69
0 76
0 78
0 79
0 80
0 94
0 99
0 106
0 110
0 111
0 113
0 117
0 127
0 137
0 146
0 152
0 158
0 159
0 170
0 171
0 173
0 185
0 186
0 188
0 199
0 201
1 8
1 45
1 85
1 139
1 154
1 157
1 168
1 180
1 195
1 196
2 20
2 33
2 49
2 83
2 136
2 140
2 168
3 1
3 44
3 109
3 179
3 180
3 196
4 3
4 11
4 15
4 49
4 59
4 72
4 92
4 128
4 143
4 195
5 8
5 59
5 85
5 139
5 154
5 157
5 172
5 180
5 195
5 196
6 47
6 53
6 64
6 66
6 88
6 166
6 204
7 51
7 54
7 122
7 141
7 163
7 167
7 193
8 205
9 36
9 59
9 89
9 104
9 105
9 132
9 140
9 141
9 196
10 34
10 36
10 61
10 96
10 178
10 200
11 1
11 12
11 72
11 75
11 109
11 138
11 161
11 164
12 8
12 45
12 59
12 154
12 168
12 172
12 196
13 25
13 59
13 68
13 89
13 92
13 128
13 139
13 154
13 179
13 196
14 12
14 68
14 84
14 88
14 116
14 123
14 132
14 135
14 181
15 100
15 112
15 130
15 136
15 165
15 166
16 15
16 44
16 50
16 65
16 92
16 164
16 179
17 15
17 27
17 45
17 86
17 90
17 114
17 115
17 139
17 140
17 157
18 1
18 30
18 100
18 163
18 176
18 184
19 12
19 45
19 61
19 89
19 96
19 145
19 157
19 204
20 12
20 72
20 87
20 104
20 115
20 120
20 129
21 5
21 8
21 61
21 68
21 105
21 142
21 161
21 184
21 194
22 1
22 34
22 45
22 63
22 150
22 179
23 18
23 33
23 42
23 43
23 47
23 96
23 203
24 53
24 66
24 98
24 130
24 134
24 139
24 164
25 5
25 57
25 85
25 126
25 138
25 155
25 164
25 165
26 5
26 45
26 75
26 85
26 100
26 135
26 136
26 140
26 157
26 180
27 11
27 34
27 109
27 114
27 138
27 166
27 180
27 195
28 20
28 43
28 73
28 115
28 134
28 174
28 197
29 1
29 138
29 155
29 165
29 175
29 198
30 45
30 85
30 139
30 154
30 157
30 168
30 180
30 195
30 196
31 5
31 25
31 27
31 49
31 126
31 151
31 154
31 160
31 202
32 25
32 30
32 59
32 63
32 86
32 90
32 125
32 128
32 141
32 165
33 8
33 45
33 59
33 109
33 114
33 139
33 151
33 168
33 172
33 180
34 3
34 5
34 57
34 82
34 115
34 126
34 141
34 155
35 8
35 49
35 60
35 89
35 129
35 175
35 180
36 8
36 12
36 85
36 109
36 114
36 136
36 139
36 157
36 168
37 61
37 63
37 84
37 85
37 125
37 128
37 156
37 178
37 202
38 26
38 44
38 91
38 130
38 131
38 136
38 148
38 156
38 191
39 14
39 31
39 61
39 68
39 138
39 150
39 175
40 17
40 92
40 104
40 109
40 116
40 169
41 20
41 36
41 65
41 87
41 134
41 145
41 164
41 184
42 21
42 29
42 30
42 49
42 59
42 75
42 89
42 181
43 5
43 21
43 53
43 103
43 109
43 121
43 136
43 194
44 8
44 45
44 59
44 139
44 154
44 157
44 172
44 180
44 195
44 196
45 205
46 13
46 50
46 52
46 86
46 121
46 129
46 136
46 164
46 165
46 194
47 22
47 29
47 33
47 64
47 84
47 160
47 172
47 181
48 8
48 34
48 63
48 92
48 138
48 143
48 166
48 181
48 195
49 1
49 30
49 57
49 114
49 126
49 154
49 155
49 195
50 33
50 36
50 52
50 54
50 59
50 75
50 85
50 115
50 129
50 175
51 30
51 46
51 58
51 62
51 83
51 118
51 119
51 164
51 180
52 5
52 44
52 59
52 77
52 114
52 138
52 145
52 155
52 164
52 180
53 27
53 104
53 120
53 125
53 138
53 141
53 151
53 172
53 202
54 12
54 49
54 57
54 109
54 133
54 136
55 32
55 37
55 54
55 59
55 71
55 108
55 122
55 150
55 198
56 6
56 8
56 31
56 59
56 100
56 129
56 133
56 139
56 172
56 182
57 8
57 59
57 139
57 154
57 157
57 172
57 195
57 196
58 49
58 60
58 151
58 168
58 175
58 180
59 205
60 12
60 33
60 45
60 57
60 65
60 85
61 49
61 64
61 114
61 126
61 129
61 155
61 175
62 13
62 65
62 90
62 133
62 135
62 139
62 157
62 166
62 194
63 72
63 112
63 114
63 135
63 145
63 165
64 5
64 8
64 33
64 57
64 92
64 100
64 114
64 136
64 140
65 1
65 5
65 8
65 12
65 30
65 57
65 59
65 109
65 114
65 179
66 22
66 52
66 60
66 83
66 103
66 105
66 114
66 164
66 168
66 184
67 3
67 10
67 27
67 36
67 46
67 131
67 180
68 1
68 44
68 82
68 129
68 161
68 198
69 46
69 107
69 113
69 169
69 173
69 196
70 31
70 45
70 85
70 131
70 133
70 134
71 12
71 43
71 105
71 156
71 157
71 195
72 8
72 36
72 49
72 59
72 129
72 136
72 141
72 157
72 165
73 29
73 64
73 115
73 132
73 143
73 196
74 32
74 49
74 82
74 92
74 172
74 204
75 44
75 82
75 114
75 126
75 154
75 196
76 16
76 44
76 129
76 164
76 182
76 183
76 204
77 12
77 44
77 57
77 59
77 75
77 139
77 140
77 151
77 172
77 180
78 25
78 95
78 101
78 102
78 153
78 169
78 191
78 193
79 23
79 29
79 75
79 122
79 133
79 173
79 176
79 177
80 6
80 23
80 43
80 134
80 157
80 178
81 14
81 15
81 26
81 34
81 42
81 45
81 62
81 101
81 126
81 187
82 8
82 45
82 59
82 85
82 139
82 168
82 172
82 180
82 195
82 196
83 1
83 30
83 85
83 139
83 151
83 157
83 172
83 179
84 5
84 17
84 52
84 72
84 86
84 105
84 115
84 150
85 205
86 12
86 92
86 100
86 109
86 112
86 115
86 133
86 135
86 136
87 8
87 44
87 60
87 65
87 77
87 114
87 161
87 196
88 26
88 35
88 45
88 47
88 85
88 120
88 134
88 167
88 178
88 184
89 26
89 34
89 44
89 57
89 60
89 100
89 141
89 151
89 155
89 180
90 30
90 36
90 64
90 83
90 112
90 115
90 140
90 165
90 180
90 195
91 8
91 11
91 25
91 34
91 45
91 52
91 109
91 164
91 165
92 12
92 44
92 45
92 85
92 126
92 157
92 172
93 25
93 50
93 59
93 63
93 154
93 162
93 175
94 33
94 50
94 70
94 73
94 129
94 204
95 23
95 42
95 73
95 77
95 89
95 92
95 104
95 180
96 36
96 61
96 77
96 142
96 151
96 179
97 17
97 42
97 85
97 123
97 191
97 196
97 204
98 20
98 45
98 77
98 96
98 132
98 194
99 30
99 44
99 118
99 123
99 138
99 178
100 30
100 44
100 82
100 114
100 136
100 139
100 155
100 157
100 172
101 20
101 114
101 118
101 131
101 140
101 155
101 168
102 3
102 11
102 86
102 92
102 138
102 175
103 3
103 54
103 65
103 92
103 141
103 164
104 8
104 45
104 57
104 59
104 172
104 195
104 196
105 8
105 12
105 45
105 49
105 60
105 120
105 168
105 172
106 19
106 85
106 91
106 104
106 179
106 183
107 21
107 30
107 36
107 150
107 179
107 194
108 22
108 53
108 102
108 121
108 136
108 202
109 45
109 59
109 85
109 154
109 168
109 172
109 180
109 195
109 196
110 42
110 71
110 72
110 88
110 96
110 169
110 180
111 16
111 39
111 54
111 61
111 91
111 100
111 104
111 172
111 190
111 198
112 12
112 109
112 135
112 139
112 157
112 165
112 172
113 29
113 30
113 36
113 96
113 103
113 118
113 126
113 128
113 178
114 8
114 45
114 59
114 85
114 154
114 168
114 172
114 180
114 196
115 12
115 45
115 82
115 126
115 139
115 155
115 168
116 30
116 36
116 63
116 91
116 109
116 112
116 126
116 151
116 154
116 196
117 23
117 29
117 62
117 98
117 104
117 107
117 130
117 136
117 138
117 175
118 4
118 30
118 60
118 82
118 84
118 140
118 141
118 166
118 196
119 35
119 45
119 58
119 91
119 140
119 154
119 165
120 5
120 12
120 44
120 82
120 109
120 196
121 77
121 92
121 128
121 151
121 155
121 164
122 8
122 12
122 21
122 35
122 57
122 119
122 135
122 142
122 151
123 17
123 58
123 59
123 68
123 87
123 125
123 134
123 139
123 142
123 196
124 9
124 26
124 50
124 63
124 83
124 87
124 109
124 129
124 140
124 151
125 1
125 3
125 30
125 59
125 165
125 172
125 198
126 8
126 59
126 85
126 154
126 157
126 168
126 180
126 195
126 196
127 13
127 31
127 51
127 88
127 120
127 129
127 163
127 194
128 26
128 59
128 115
128 130
128 133
128 161
129 8
129 12
129 57
129 114
129 126
129 168
129 172
130 8
130 12
130 57
130 100
130 104
130 115
130 120
130 141
130 151
130 180
131 2
131 12
131 30
131 46
131 86
131 104
131 130
131 132
131 139
132 52
132 54
132 68
132 83
132 86
132 92
132 126
132 129
132 135
132 142
133 12
133 65
133 75
133 126
133 129
133 135
133 151
133 155
133 196
134 8
134 12
134 54
134 77
134 109
134 115
134 128
134 130
134 145
134 155
135 1
135 30
135 45
135 57
135 82
135 85
135 109
135 136
135 196
136 8
136 85
136 139
136 154
136 157
136 172
137 43
137 49
137 64
137 65
137 103
137 106
137 167
138 1
138 36
138 65
138 75
138 82
138 85
138 100
138 126
139 205
140 30
140 45
140 59
140 82
140 136
140 139
140 151
140 168
140 172
140 179
141 44
141 57
141 82
141 85
141 109
141 179
141 180
141 195
142 33
142 44
142 59
142 83
142 120
142 161
142 168
143 5
143 36
143 59
143 114
143 126
143 145
143 165
143 168
143 172
143 179
144 1
144 11
144 75
144 90
144 96
144 120
144 126
144 198
145 5
145 8
145 57
145 92
145 139
145 168
145 196
146 30
146 41
146 50
146 102
146 129
146 134
146 138
146 144
146 169
146 194
147 3
147 11
147 13
147 15
147 35
147 126
147 133
147 150
147 175
147 184
148 17
148 52
148 68
148 116
148 126
148 168
149 9
149 59
149 62
149 116
149 156
149 164
149 203
150 36
150 112
150 115
150 129
150 141
150 151
150 161
151 45
151 59
151 85
151 139
151 154
151 157
151 168
151 172
151 195
151 196
152 45
152 58
152 64
152 86
152 92
152 109
152 120
152 187
153 11
153 16
153 84
153 101
153 103
153 131
153 192
154 205
155 8
155 45
155 59
155 139
155 154
155 157
155 168
155 180
156 13
156 32
156 61
156 96
156 103
156 125
156 181
156 196
157 205
158 1
158 36
158 77
158 83
158 121
158 124
158 149
158 153
158 189
158 193
159 74
159 81
159 83
159 96
159 97
159 115
159 123
159 125
159 128
159 189
160 26
160 27
160 44
160 60
160 83
160 145
161 5
161 59
161 82
161 83
161 92
161 115
161 180
162 3
162 16
162 29
162 31
162 46
162 96
162 109
162 133
162 140
163 128
163 129
163 134
163 154
163 180
163 194
164 33
164 36
164 49
164 92
164 114
164 120
164 139
164 140
164 141
164 157
165 45
165 57
165 139
165 151
165 155
165 157
165 180
165 195
166 3
166 57
166 92
166 135
166 139
166 140
166 195
167 58
167 60
167 63
167 114
167 116
167 136
167 182
167 195
167 204
168 205
169 42
169 60
169 63
169 77
169 125
169 136
169 164
169 167
170 20
170 21
170 46
170 75
170 89
170 133
170 147
170 166
170 182
170 183
171 31
171 43
171 52
171 66
171 99
171 124
171 126
171 144
171 184
172 205
173 36
173 72
173 83
173 87
173 123
173 141
173 157
173 176
173 182
174 10
174 14
174 15
174 49
174 144
174 192
174 202
175 36
175 49
175 82
175 85
175 130
175 133
175 165
175 196
176 17
176 27
176 29
176 49
176 87
176 92
176 115
176 141
176 147
176 157
177 16
177 45
177 50
177 125
177 143
177 178
177 194
178 2
178 11
178 13
178 104
178 123
178 141
178 144
178 150
178 164
178 179
179 8
179 85
179 168
179 172
179 180
179 196
180 205
181 5
181 26
181 30
181 75
181 82
181 104
181 130
181 145
181 157
181 175
182 36
182 89
182 133
182 150
182 151
182 161
183 8
183 45
183 49
183 57
183 60
183 63
183 85
183 151
183 157
184 3
184 34
184 59
184 72
184 109
184 126
184 196
185 1
185 10
185 138
185 142
185 183
185 197
186 11
186 29
186 93
186 104
186 118
186 151
186 187
187 11
187 12
187 96
187 121
187 142
187 168
187 191
188 53
188 61
188 102
188 165
188 183
188 195
189 9
189 19
189 37
189 133
189 148
189 202
190 63
190 82
190 139
190 155
190 160
190 198
191 1
191 13
191 91
191 125
191 130
191 165
191 204
192 2
192 60
192 68
192 82
192 97
192 98
192 101
192 126
192 155
193 5
193 20
193 60
193 83
193 84
193 85
193 115
193 118
193 140
193 143
194 8
194 12
194 36
194 59
194 64
194 135
194 164
194 168
195 205
196 205
197 42
197 87
197 121
197 130
197 161
197 177
198 5
198 109
198 114
198 129
198 157
198 179
199 17
199 44
199 66
199 68
199 129
199 167
200 12
200 61
200 64
200 87
200 104
200 136
200 139
200 154
200 196
201 62
201 71
201 109
201 126
201 151
201 174
202 59
202 60
202 100
202 114
202 130
202 140
202 180
203 1
203 8
203 34
203 101
203 128
203 134
203 164
203 187
203 195
203 204
204 12
204 44
204 57
204 83
204 103
204 133
204 135
204 140
204 198
