# Tier 6 (Large) - Instance 86
# Generated with config: N=217, K=4, topology=grid, calendar=staggered

# HEADER: <num_tasks> <num_types> <num_units>
219 4 18

# RESOURCE TYPES
# Format: <type_id> <num_units> <unit_id1> <unit_id2> ...
0 5 0 1 2 3 4
1 5 5 6 7 8 9
2 5 10 11 12 13 14
3 3 15 16 17

# RESOURCE UNITS (Calendars)
# Format: <unit_id> <num_steps> <t1> <v1> <t2> <v2> ...
0 29 0 100 1 0 23 100 155 0 176 100 307 0 327 100 459 0 481 100 616 0 635 100 768 0 789 100 920 0 942 100 1076 0 1098 100 1230 0 1251 100 1382 0 1401 100 1536 0 1558 100 1691 0 1712 100 1844 0 1865 100 1997 0 2153 0
1 29 0 100 7 0 23 100 162 0 178 100 318 0 331 100 468 0 483 100 622 0 637 100 776 0 791 100 928 0 942 100 1078 0 1093 100 1229 0 1244 100 1381 0 1395 100 1536 0 1549 100 1685 0 1698 100 1839 0 1853 100 1989 0 2153 0
2 29 0 100 18 0 38 100 171 0 190 100 326 0 344 100 478 0 496 100 627 0 647 100 781 0 801 100 934 0 952 100 1087 0 1108 100 1241 0 1260 100 1393 0 1412 100 1545 0 1563 100 1694 0 1713 100 1848 0 1868 100 1999 0 2153 0
3 29 0 100 25 0 47 100 180 0 200 100 335 0 355 100 486 0 508 100 639 0 660 100 795 0 816 100 947 0 967 100 1099 0 1121 100 1253 0 1272 100 1406 0 1428 100 1562 0 1584 100 1716 0 1737 100 1867 0 1887 100 2020 0 2153 0
4 29 0 100 32 0 45 100 186 0 198 100 339 0 352 100 493 0 507 100 649 0 664 100 804 0 816 100 955 0 969 100 1110 0 1123 100 1263 0 1278 100 1417 0 1429 100 1568 0 1580 100 1722 0 1735 100 1872 0 1887 100 2024 0 2153 0
5 29 0 100 41 0 58 100 194 0 211 100 350 0 368 100 504 0 522 100 661 0 679 100 813 0 830 100 965 0 984 100 1118 0 1136 100 1274 0 1290 100 1426 0 1444 100 1578 0 1596 100 1730 0 1748 100 1885 0 1902 100 2037 0 2153 0
6 29 0 100 49 0 76 100 203 0 230 100 354 0 381 100 509 0 537 100 663 0 689 100 813 0 839 100 968 0 995 100 1119 0 1147 100 1271 0 1298 100 1427 0 1452 100 1576 0 1601 100 1728 0 1756 100 1882 0 1908 100 2033 0 2153 0
7 29 0 100 61 0 83 100 215 0 236 100 369 0 389 100 523 0 544 100 680 0 699 100 834 0 854 100 984 0 1003 100 1137 0 1155 100 1285 0 1305 100 1439 0 1461 100 1591 0 1613 100 1747 0 1767 100 1900 0 1921 100 2055 0 2153 0
8 29 0 100 70 0 91 100 221 0 243 100 373 0 395 100 526 0 546 100 675 0 695 100 823 0 844 100 976 0 998 100 1128 0 1149 100 1279 0 1301 100 1432 0 1455 100 1587 0 1611 100 1739 0 1760 100 1889 0 1912 100 2044 0 2153 0
9 29 0 100 75 0 98 100 228 0 249 100 380 0 403 100 531 0 553 100 683 0 708 100 838 0 863 100 993 0 1018 100 1147 0 1171 100 1299 0 1324 100 1452 0 1477 100 1608 0 1630 100 1762 0 1784 100 1914 0 1938 100 2067 0 2153 0
10 29 0 100 84 0 100 100 236 0 248 100 385 0 400 100 540 0 556 100 694 0 707 100 844 0 858 100 997 0 1010 100 1147 0 1163 100 1300 0 1315 100 1455 0 1471 100 1612 0 1625 100 1761 0 1775 100 1915 0 1931 100 2069 0 2153 0
11 29 0 100 95 0 111 100 247 0 264 100 401 0 419 100 558 0 574 100 707 0 724 100 859 0 877 100 1011 0 1026 100 1163 0 1178 100 1315 0 1331 100 1468 0 1484 100 1619 0 1638 100 1776 0 1794 100 1932 0 1949 100 2084 0 2153 0
12 29 0 100 101 0 127 100 253 0 277 100 404 0 430 100 556 0 581 100 710 0 737 100 862 0 888 100 1013 0 1040 100 1168 0 1195 100 1323 0 1349 100 1479 0 1504 100 1629 0 1656 100 1785 0 1811 100 1940 0 1966 100 2092 0 2153 0
13 29 0 100 112 0 123 100 263 0 277 100 416 0 428 100 569 0 581 100 722 0 735 100 877 0 889 100 1028 0 1039 100 1177 0 1189 100 1331 0 1343 100 1484 0 1498 100 1641 0 1655 100 1794 0 1805 100 1947 0 1958 100 2097 0 2153 0
14 29 0 100 121 0 138 100 272 0 290 100 426 0 444 100 581 0 597 100 735 0 751 100 890 0 907 100 1042 0 1058 100 1194 0 1210 100 1343 0 1361 100 1495 0 1510 100 1644 0 1662 100 1799 0 1815 100 1949 0 1968 100 2102 0 2153 0
15 29 0 100 127 0 155 100 279 0 304 100 430 0 455 100 581 0 606 100 730 0 755 100 883 0 909 100 1035 0 1063 100 1188 0 1213 100 1338 0 1367 100 1493 0 1522 100 1647 0 1673 100 1799 0 1825 100 1949 0 1975 100 2104 0 2153 0
16 29 0 100 137 0 163 100 292 0 315 100 445 0 471 100 600 0 624 100 755 0 778 100 904 0 930 100 1058 0 1084 100 1212 0 1236 100 1366 0 1389 100 1515 0 1541 100 1667 0 1690 100 1822 0 1847 100 1978 0 2000 100 2131 0 2153 0
17 29 0 100 144 0 169 100 294 0 321 100 447 0 474 100 598 0 623 100 749 0 776 100 901 0 927 100 1053 0 1080 100 1206 0 1232 100 1359 0 1385 100 1511 0 1538 100 1664 0 1689 100 1815 0 1841 100 1967 0 1995 100 2121 0 2153 0

# TASKS
# Format: <task_id> <size> <num_reqs>
# Then for each requirement: <type_id> <qty>
0 0 4
 0 0
 1 0
 2 0
 3 0
1 17 4
 0 0
 1 3
 2 0
 3 0
2 2 4
 0 0
 1 3
 2 1
 3 0
3 3 4
 0 1
 1 2
 2 0
 3 2
4 8 4
 0 3
 1 2
 2 0
 3 1
5 14 4
 0 3
 1 0
 2 0
 3 3
6 11 4
 0 2
 1 2
 2 0
 3 3
7 16 4
 0 2
 1 0
 2 0
 3 1
8 9 4
 0 2
 1 3
 2 0
 3 3
9 6 4
 0 3
 1 0
 2 0
 3 0
10 2 4
 0 1
 1 2
 2 2
 3 0
11 16 4
 0 2
 1 2
 2 1
 3 2
12 14 4
 0 0
 1 2
 2 1
 3 0
13 17 4
 0 0
 1 1
 2 0
 3 1
14 18 4
 0 1
 1 1
 2 0
 3 1
15 16 4
 0 0
 1 0
 2 1
 3 0
16 3 4
 0 1
 1 2
 2 3
 3 3
17 5 4
 0 2
 1 3
 2 0
 3 2
18 6 4
 0 2
 1 0
 2 1
 3 0
19 15 4
 0 2
 1 3
 2 2
 3 0
20 10 4
 0 1
 1 2
 2 0
 3 0
21 15 4
 0 3
 1 0
 2 0
 3 1
22 19 4
 0 0
 1 2
 2 0
 3 1
23 16 4
 0 2
 1 2
 2 3
 3 0
24 13 4
 0 0
 1 1
 2 0
 3 0
25 12 4
 0 3
 1 0
 2 2
 3 0
26 7 4
 0 1
 1 1
 2 3
 3 0
27 17 4
 0 0
 1 0
 2 2
 3 1
28 19 4
 0 1
 1 0
 2 0
 3 0
29 17 4
 0 3
 1 3
 2 0
 3 3
30 9 4
 0 0
 1 3
 2 2
 3 0
31 19 4
 0 0
 1 0
 2 0
 3 3
32 13 4
 0 0
 1 2
 2 0
 3 0
33 18 4
 0 0
 1 3
 2 2
 3 1
34 20 4
 0 3
 1 1
 2 1
 3 2
35 4 4
 0 0
 1 2
 2 1
 3 1
36 6 4
 0 2
 1 0
 2 0
 3 0
37 4 4
 0 1
 1 3
 2 1
 3 0
38 7 4
 0 0
 1 0
 2 2
 3 0
39 16 4
 0 3
 1 2
 2 1
 3 3
40 7 4
 0 0
 1 0
 2 1
 3 3
41 19 4
 0 3
 1 0
 2 0
 3 0
42 1 4
 0 0
 1 2
 2 2
 3 3
43 8 4
 0 2
 1 3
 2 1
 3 1
44 4 4
 0 3
 1 0
 2 0
 3 3
45 1 4
 0 2
 1 0
 2 3
 3 2
46 19 4
 0 2
 1 0
 2 2
 3 1
47 16 4
 0 3
 1 1
 2 1
 3 1
48 5 4
 0 2
 1 0
 2 2
 3 0
49 7 4
 0 3
 1 2
 2 3
 3 1
50 15 4
 0 0
 1 0
 2 1
 3 0
51 8 4
 0 0
 1 2
 2 0
 3 1
52 17 4
 0 0
 1 0
 2 3
 3 2
53 7 4
 0 1
 1 0
 2 0
 3 1
54 19 4
 0 2
 1 2
 2 1
 3 2
55 4 4
 0 0
 1 1
 2 0
 3 0
56 5 4
 0 2
 1 2
 2 0
 3 0
57 18 4
 0 0
 1 1
 2 0
 3 3
58 5 4
 0 3
 1 2
 2 3
 3 2
59 15 4
 0 3
 1 0
 2 2
 3 0
60 3 4
 0 0
 1 1
 2 1
 3 2
61 8 4
 0 0
 1 3
 2 0
 3 2
62 17 4
 0 1
 1 2
 2 3
 3 2
63 9 4
 0 0
 1 0
 2 1
 3 0
64 3 4
 0 0
 1 0
 2 2
 3 1
65 5 4
 0 2
 1 2
 2 2
 3 0
66 13 4
 0 0
 1 3
 2 3
 3 3
67 7 4
 0 3
 1 0
 2 1
 3 2
68 11 4
 0 0
 1 0
 2 0
 3 3
69 18 4
 0 0
 1 3
 2 0
 3 0
70 15 4
 0 0
 1 0
 2 1
 3 1
71 4 4
 0 2
 1 0
 2 0
 3 1
72 16 4
 0 2
 1 0
 2 0
 3 1
73 8 4
 0 2
 1 2
 2 1
 3 3
74 5 4
 0 1
 1 2
 2 0
 3 1
75 12 4
 0 2
 1 1
 2 0
 3 1
76 20 4
 0 0
 1 0
 2 0
 3 1
77 5 4
 0 2
 1 3
 2 3
 3 1
78 15 4
 0 0
 1 1
 2 1
 3 1
79 10 4
 0 3
 1 0
 2 2
 3 3
80 1 4
 0 3
 1 3
 2 0
 3 0
81 7 4
 0 0
 1 1
 2 2
 3 2
82 8 4
 0 0
 1 0
 2 0
 3 2
83 4 4
 0 3
 1 0
 2 0
 3 0
84 15 4
 0 0
 1 2
 2 0
 3 0
85 13 4
 0 1
 1 0
 2 1
 3 0
86 19 4
 0 3
 1 0
 2 1
 3 0
87 6 4
 0 0
 1 1
 2 3
 3 2
88 4 4
 0 0
 1 3
 2 0
 3 0
89 20 4
 0 0
 1 1
 2 2
 3 0
90 18 4
 0 3
 1 1
 2 0
 3 2
91 3 4
 0 0
 1 0
 2 3
 3 0
92 3 4
 0 0
 1 3
 2 0
 3 0
93 18 4
 0 2
 1 0
 2 2
 3 1
94 1 4
 0 0
 1 1
 2 0
 3 1
95 11 4
 0 2
 1 1
 2 3
 3 0
96 16 4
 0 0
 1 2
 2 0
 3 3
97 15 4
 0 2
 1 2
 2 0
 3 0
98 10 4
 0 1
 1 0
 2 1
 3 2
99 16 4
 0 2
 1 3
 2 2
 3 0
100 6 4
 0 1
 1 0
 2 0
 3 0
101 19 4
 0 3
 1 3
 2 1
 3 3
102 10 4
 0 1
 1 0
 2 0
 3 0
103 18 4
 0 1
 1 3
 2 2
 3 0
104 7 4
 0 2
 1 3
 2 1
 3 3
105 10 4
 0 1
 1 1
 2 3
 3 3
106 14 4
 0 0
 1 0
 2 0
 3 1
107 14 4
 0 0
 1 1
 2 0
 3 2
108 5 4
 0 2
 1 2
 2 0
 3 2
109 20 4
 0 3
 1 0
 2 2
 3 1
110 15 4
 0 0
 1 1
 2 2
 3 0
111 14 4
 0 0
 1 0
 2 1
 3 2
112 7 4
 0 3
 1 2
 2 3
 3 0
113 20 4
 0 3
 1 1
 2 0
 3 1
114 18 4
 0 1
 1 0
 2 0
 3 2
115 4 4
 0 0
 1 1
 2 3
 3 0
116 3 4
 0 0
 1 2
 2 0
 3 0
117 1 4
 0 2
 1 0
 2 2
 3 2
118 8 4
 0 0
 1 2
 2 3
 3 0
119 19 4
 0 2
 1 3
 2 2
 3 2
120 9 4
 0 1
 1 3
 2 0
 3 2
121 19 4
 0 3
 1 2
 2 3
 3 3
122 13 4
 0 0
 1 3
 2 3
 3 0
123 16 4
 0 2
 1 0
 2 0
 3 0
124 6 4
 0 2
 1 1
 2 0
 3 0
125 10 4
 0 3
 1 1
 2 2
 3 1
126 5 4
 0 0
 1 0
 2 1
 3 0
127 14 4
 0 1
 1 1
 2 2
 3 2
128 20 4
 0 3
 1 1
 2 2
 3 0
129 1 4
 0 2
 1 0
 2 1
 3 3
130 11 4
 0 1
 1 2
 2 3
 3 1
131 11 4
 0 0
 1 1
 2 1
 3 0
132 7 4
 0 2
 1 3
 2 1
 3 1
133 10 4
 0 0
 1 2
 2 2
 3 1
134 1 4
 0 1
 1 1
 2 1
 3 2
135 8 4
 0 0
 1 2
 2 0
 3 0
136 1 4
 0 0
 1 0
 2 1
 3 1
137 7 4
 0 0
 1 2
 2 1
 3 3
138 20 4
 0 0
 1 0
 2 0
 3 3
139 14 4
 0 3
 1 3
 2 0
 3 2
140 18 4
 0 3
 1 0
 2 0
 3 0
141 19 4
 0 0
 1 0
 2 1
 3 0
142 20 4
 0 2
 1 0
 2 1
 3 0
143 10 4
 0 1
 1 3
 2 0
 3 1
144 2 4
 0 2
 1 0
 2 1
 3 0
145 8 4
 0 3
 1 0
 2 2
 3 1
146 12 4
 0 1
 1 1
 2 2
 3 3
147 16 4
 0 0
 1 0
 2 0
 3 1
148 4 4
 0 0
 1 1
 2 1
 3 0
149 13 4
 0 0
 1 3
 2 2
 3 1
150 9 4
 0 0
 1 2
 2 3
 3 0
151 11 4
 0 2
 1 3
 2 1
 3 3
152 4 4
 0 2
 1 3
 2 3
 3 3
153 2 4
 0 0
 1 0
 2 1
 3 0
154 6 4
 0 2
 1 2
 2 2
 3 1
155 15 4
 0 0
 1 2
 2 0
 3 0
156 4 4
 0 2
 1 0
 2 0
 3 3
157 10 4
 0 3
 1 1
 2 0
 3 1
158 11 4
 0 2
 1 0
 2 3
 3 0
159 13 4
 0 3
 1 3
 2 0
 3 0
160 7 4
 0 2
 1 2
 2 0
 3 0
161 9 4
 0 0
 1 3
 2 0
 3 1
162 3 4
 0 1
 1 0
 2 0
 3 1
163 1 4
 0 0
 1 0
 2 3
 3 1
164 10 4
 0 3
 1 0
 2 2
 3 2
165 20 4
 0 0
 1 0
 2 3
 3 0
166 4 4
 0 0
 1 2
 2 1
 3 3
167 11 4
 0 2
 1 2
 2 0
 3 2
168 18 4
 0 0
 1 1
 2 0
 3 0
169 5 4
 0 0
 1 0
 2 0
 3 3
170 17 4
 0 1
 1 0
 2 1
 3 3
171 6 4
 0 3
 1 0
 2 0
 3 3
172 18 4
 0 2
 1 1
 2 0
 3 3
173 5 4
 0 0
 1 3
 2 0
 3 2
174 4 4
 0 0
 1 2
 2 0
 3 0
175 2 4
 0 1
 1 2
 2 2
 3 3
176 7 4
 0 0
 1 1
 2 1
 3 1
177 6 4
 0 0
 1 1
 2 3
 3 0
178 17 4
 0 1
 1 2
 2 1
 3 0
179 17 4
 0 2
 1 0
 2 2
 3 0
180 6 4
 0 0
 1 0
 2 2
 3 1
181 18 4
 0 0
 1 3
 2 3
 3 3
182 2 4
 0 2
 1 2
 2 3
 3 1
183 14 4
 0 3
 1 1
 2 2
 3 0
184 8 4
 0 2
 1 2
 2 0
 3 0
185 18 4
 0 0
 1 1
 2 2
 3 0
186 16 4
 0 0
 1 1
 2 0
 3 0
187 11 4
 0 0
 1 1
 2 1
 3 0
188 10 4
 0 2
 1 3
 2 2
 3 3
189 14 4
 0 3
 1 1
 2 0
 3 1
190 9 4
 0 3
 1 2
 2 0
 3 0
191 17 4
 0 0
 1 0
 2 3
 3 3
192 15 4
 0 3
 1 0
 2 1
 3 2
193 4 4
 0 0
 1 0
 2 3
 3 1
194 13 4
 0 0
 1 0
 2 1
 3 0
195 11 4
 0 0
 1 0
 2 3
 3 1
196 5 4
 0 0
 1 0
 2 3
 3 2
197 9 4
 0 0
 1 2
 2 2
 3 0
198 1 4
 0 1
 1 0
 2 3
 3 0
199 18 4
 0 0
 1 0
 2 1
 3 0
200 5 4
 0 1
 1 3
 2 1
 3 0
201 16 4
 0 3
 1 0
 2 1
 3 0
202 14 4
 0 3
 1 3
 2 0
 3 0
203 7 4
 0 3
 1 0
 2 0
 3 0
204 10 4
 0 1
 1 3
 2 2
 3 0
205 19 4
 0 1
 1 0
 2 2
 3 3
206 13 4
 0 0
 1 0
 2 0
 3 1
207 1 4
 0 3
 1 2
 2 1
 3 0
208 20 4
 0 2
 1 0
 2 0
 3 2
209 2 4
 0 0
 1 0
 2 0
 3 1
210 2 4
 0 1
 1 1
 2 2
 3 3
211 8 4
 0 2
 1 3
 2 0
 3 2
212 1 4
 0 0
 1 3
 2 0
 3 0
213 16 4
 0 0
 1 1
 2 3
 3 0
214 6 4
 0 0
 1 1
 2 3
 3 1
215 4 4
 0 0
 1 0
 2 3
 3 0
216 13 4
 0 3
 1 1
 2 0
 3 1
217 14 4
 0 0
 1 0
 2 0
 3 3
218 0 4
 0 0
 1 0
 2 0
 3 0

# PRECEDENCES
504
0 1
0 21
0 41
0 61
0 81
0 101
0 121
0 141
0 161
0 181
0 201
1 2
1 21
2 3
2 22
3 4
3 23
3 24
4 5
4 24
5 6
5 25
6 7
6 26
7 8
7 27
8 9
8 28
9 10
9 29
10 11
10 30
11 12
11 31
12 13
12 32
13 14
13 33
14 15
14 34
15 16
15 35
16 17
16 36
17 18
17 37
17 38
18 19
18 38
18 39
19 20
19 39
20 40
20 218
21 22
21 41
22 23
22 42
23 24
23 43
23 44
24 25
24 44
25 26
25 45
26 27
26 46
27 28
27 47
28 29
28 48
29 30
29 49
29 50
30 31
30 50
30 51
31 32
31 51
31 52
32 33
32 52
33 34
33 53
34 35
34 54
35 36
35 55
35 56
36 37
36 56
37 38
37 57
38 39
38 58
39 40
39 59
39 60
40 60
40 218
41 42
41 61
41 62
42 43
42 62
42 63
43 44
43 63
43 64
44 45
44 64
44 65
45 46
45 65
46 47
46 66
47 48
47 67
48 49
48 68
48 69
49 50
49 69
49 70
50 51
50 70
51 52
51 71
51 72
52 53
52 72
52 73
53 54
53 73
54 55
54 74
55 56
55 75
56 57
56 76
57 58
57 77
57 78
58 59
58 78
59 60
59 79
60 80
60 218
61 62
61 81
61 82
62 63
62 82
62 83
63 64
63 83
64 65
64 84
64 85
65 66
65 85
66 67
66 86
66 87
67 68
67 87
68 69
68 88
68 89
69 70
69 89
70 71
70 90
71 72
71 91
71 92
72 73
72 92
72 93
73 74
73 93
74 75
74 94
75 76
75 95
75 96
76 77
76 96
77 78
77 97
77 98
78 79
78 98
79 80
79 99
79 100
80 100
80 218
81 82
81 101
81 102
82 83
82 102
83 84
83 103
83 104
84 85
84 104
85 86
85 105
86 87
86 106
87 88
87 107
88 89
88 108
89 90
89 109
90 91
90 110
91 92
91 111
92 93
92 112
93 94
93 113
94 95
94 114
95 96
95 115
96 97
96 116
97 98
97 117
98 99
98 118
99 100
99 119
100 120
100 218
101 102
101 121
102 103
102 122
103 104
103 123
103 124
104 105
104 124
104 125
105 106
105 125
106 107
106 126
107 108
107 127
108 109
108 128
108 129
109 110
109 129
110 111
110 130
110 131
111 112
111 131
111 132
112 113
112 132
112 133
113 114
113 133
113 134
114 115
114 134
115 116
115 135
115 136
116 117
116 136
117 118
117 137
117 138
118 119
118 138
119 120
119 139
120 140
120 218
121 122
121 141
121 142
122 123
122 142
123 124
123 143
123 144
124 125
124 144
125 126
125 145
126 127
126 146
127 128
127 147
128 129
128 148
129 130
129 149
130 131
130 150
131 132
131 151
132 133
132 152
133 134
133 153
134 135
134 154
135 136
135 155
136 137
136 156
137 138
137 157
137 158
138 139
138 158
139 140
139 159
140 160
140 218
141 142
141 161
141 162
142 143
142 162
142 163
143 144
143 163
143 164
144 145
144 164
144 165
145 146
145 165
146 147
146 166
147 148
147 167
147 168
148 149
148 168
148 169
149 150
149 169
150 151
150 170
150 171
151 152
151 171
151 172
152 153
152 172
153 154
153 173
154 155
154 174
155 156
155 175
156 157
156 176
157 158
157 177
158 159
158 178
159 160
159 179
159 180
160 180
160 218
161 162
161 181
161 182
162 163
162 182
163 164
163 183
164 165
164 184
164 185
165 166
165 185
166 167
166 186
167 168
167 187
168 169
168 188
168 189
169 170
169 189
170 171
170 190
170 191
171 172
171 191
172 173
172 192
172 193
173 174
173 193
174 175
174 194
175 176
175 195
176 177
176 196
176 197
177 178
177 197
177 198
178 179
178 198
179 180
179 199
180 200
180 218
181 182
181 201
182 183
182 202
183 184
183 203
184 185
184 204
184 205
185 186
185 205
186 187
186 206
187 188
187 207
187 208
188 189
188 208
189 190
189 209
190 191
190 210
190 211
191 192
191 211
192 193
192 212
193 194
193 213
194 195
194 214
194 215
195 196
195 215
196 197
196 216
196 217
197 198
197 217
198 199
199 200
200 218
201 202
201 218
202 203
202 218
203 204
203 218
204 205
204 218
205 206
205 218
206 207
206 218
207 208
207 218
208 209
208 218
209 210
209 218
210 211
210 218
211 212
211 218
212 213
212 218
213 214
213 218
214 215
214 218
215 216
215 218
216 217
216 218
217 218
