# Tier 6 (Large) - Instance 35
# Generated with config: N=146, K=6, topology=grid, calendar=random

# HEADER: <num_tasks> <num_types> <num_units>
148 6 48

# RESOURCE TYPES
# Format: <type_id> <num_units> <unit_id1> <unit_id2> ...
0 6 0 1 2 3 4 5
1 7 6 7 8 9 10 11 12
2 8 13 14 15 16 17 18 19 20
3 8 21 22 23 24 25 26 27 28
4 9 29 30 31 32 33 34 35 36 37
5 10 38 39 40 41 42 43 44 45 46 47

# RESOURCE UNITS (Calendars)
# Format: <unit_id> <num_steps> <t1> <v1> <t2> <v2> ...
0 26 0 100 53 0 63 100 72 0 81 100 203 0 214 100 422 0 431 100 596 0 608 100 635 0 648 100 668 0 678 100 692 0 700 100 758 0 769 100 792 0 800 100 931 0 944 100 967 0 978 100 990 0
1 26 0 100 55 0 65 100 156 0 164 100 171 0 183 100 204 0 213 100 215 0 228 100 430 0 441 100 466 0 479 100 497 0 505 100 524 0 533 100 629 0 641 100 855 0 866 100 895 0 904 100 990 0
2 24 0 100 68 0 77 100 226 0 234 100 380 0 388 100 444 0 452 100 472 0 480 100 560 0 569 100 668 0 676 100 754 0 762 100 791 0 799 100 905 0 914 100 921 0 930 100 990 0
3 26 0 100 94 0 105 100 176 0 188 100 260 0 269 100 395 0 406 100 415 0 423 100 504 0 516 100 659 0 668 100 702 0 711 100 726 0 736 100 788 0 796 100 903 0 916 100 958 0 971 100 990 0
4 22 0 100 13 0 25 100 30 0 40 100 186 0 194 100 461 0 471 100 516 0 527 100 714 0 725 100 803 0 813 100 814 0 825 100 834 0 859 100 861 0 870 100 990 0
5 18 0 100 52 0 61 100 65 0 76 100 115 0 125 100 145 0 154 100 250 0 260 100 354 0 373 100 387 0 397 100 703 0 712 100 990 0
6 26 0 100 117 0 130 100 168 0 177 100 243 0 255 100 261 0 271 100 396 0 407 100 440 0 451 100 474 0 487 100 497 0 508 100 509 0 520 100 717 0 728 100 734 0 743 100 758 0 768 100 990 0
7 24 0 100 17 0 28 100 112 0 121 100 286 0 299 100 329 0 340 100 378 0 389 100 401 0 413 100 454 0 467 100 501 0 511 100 636 0 649 100 831 0 841 100 969 0 978 100 990 0
8 24 0 100 42 0 51 100 117 0 127 100 355 0 366 100 380 0 389 100 395 0 404 100 468 0 478 100 492 0 505 100 560 0 573 100 693 0 701 100 805 0 814 100 838 0 847 100 990 0
9 22 0 100 82 0 94 100 168 0 177 100 223 0 234 100 352 0 364 100 444 0 455 100 508 0 520 100 735 0 748 100 763 0 773 100 858 0 868 100 873 0 881 100 990 0
10 24 0 100 31 0 41 100 63 0 73 100 86 0 99 100 127 0 139 100 184 0 195 100 219 0 230 100 245 0 257 100 286 0 297 100 302 0 311 100 440 0 453 100 931 0 944 100 990 0
11 26 0 100 121 0 130 100 169 0 178 100 186 0 197 100 390 0 400 100 467 0 480 100 509 0 520 100 616 0 626 100 698 0 708 100 862 0 874 100 888 0 901 100 909 0 918 100 976 0 988 100 990 0
12 26 0 100 279 0 290 100 294 0 307 100 380 0 392 100 409 0 420 100 423 0 432 100 486 0 494 100 522 0 535 100 597 0 607 100 817 0 827 100 848 0 856 100 906 0 914 100 949 0 957 100 990 0
13 24 0 100 86 0 95 100 246 0 255 100 280 0 290 100 392 0 403 100 535 0 546 100 613 0 624 100 714 0 723 100 743 0 756 100 768 0 776 100 892 0 901 100 975 0 988 100 990 0
14 24 0 100 37 0 47 100 112 0 122 100 138 0 150 100 151 0 159 100 180 0 190 100 208 0 216 100 250 0 262 100 574 0 586 100 600 0 608 100 675 0 686 100 696 0 707 100 990 0
15 24 0 100 223 0 234 100 268 0 281 100 298 0 307 100 320 0 333 100 335 0 343 100 480 0 488 100 560 0 570 100 637 0 647 100 832 0 840 100 843 0 851 100 932 0 944 100 990 0
16 26 0 100 19 0 27 100 164 0 172 100 393 0 401 100 416 0 425 100 447 0 457 100 503 0 512 100 540 0 548 100 584 0 593 100 647 0 659 100 686 0 697 100 867 0 878 100 901 0 909 100 990 0
17 20 0 100 55 0 64 100 86 0 96 100 234 0 246 100 340 0 349 100 703 0 716 100 790 0 802 100 833 0 854 100 921 0 930 100 948 0 961 100 990 0
18 24 0 100 78 0 86 100 171 0 183 100 305 0 313 100 418 0 430 100 456 0 468 100 538 0 546 100 573 0 583 100 656 0 666 100 678 0 686 100 731 0 739 100 887 0 898 100 990 0
19 24 0 100 183 0 196 100 558 0 570 100 589 0 599 100 692 0 700 100 724 0 736 100 739 0 742 100 792 0 804 100 837 0 849 100 851 0 863 100 868 0 881 100 921 0 930 100 990 0
20 24 0 100 17 0 25 100 143 0 154 100 164 0 173 100 220 0 230 100 283 0 291 100 369 0 377 100 412 0 425 100 471 0 480 100 620 0 629 100 634 0 642 100 780 0 789 100 990 0
21 24 0 100 29 0 37 100 174 0 182 100 236 0 244 100 447 0 457 100 531 0 542 100 627 0 635 100 642 0 651 100 686 0 697 100 702 0 715 100 729 0 742 100 864 0 874 100 990 0
22 24 0 100 1 0 12 100 83 0 95 100 192 0 201 100 336 0 344 100 401 0 411 100 464 0 474 100 534 0 543 100 789 0 802 100 804 0 816 100 856 0 865 100 881 0 894 100 990 0
23 20 0 100 101 0 114 100 233 0 242 100 262 0 272 100 286 0 296 100 421 0 429 100 517 0 525 100 634 0 645 100 710 0 718 100 781 0 792 100 990 0
24 26 0 100 89 0 101 100 200 0 208 100 210 0 221 100 492 0 505 100 600 0 612 100 653 0 663 100 715 0 728 100 736 0 747 100 802 0 815 100 900 0 911 100 923 0 934 100 943 0 956 100 990 0
25 22 0 100 29 0 39 100 48 0 60 100 111 0 119 100 489 0 498 100 530 0 542 100 548 0 556 100 685 0 693 100 728 0 737 100 824 0 833 100 905 0 917 100 990 0
26 24 0 100 71 0 80 100 121 0 134 100 146 0 158 100 204 0 216 100 387 0 397 100 513 0 523 100 525 0 535 100 562 0 572 100 606 0 615 100 728 0 737 100 897 0 908 100 990 0
27 20 0 100 160 0 172 100 179 0 191 100 213 0 221 100 278 0 286 100 395 0 405 100 412 0 422 100 521 0 530 100 635 0 643 100 966 0 974 100 990 0
28 26 0 100 32 0 42 100 110 0 122 100 191 0 202 100 307 0 315 100 368 0 376 100 497 0 510 100 517 0 530 100 540 0 550 100 621 0 632 100 729 0 742 100 755 0 765 100 879 0 892 100 990 0
29 24 0 100 52 0 63 100 96 0 109 100 130 0 143 100 245 0 257 100 285 0 296 100 384 0 392 100 402 0 410 100 471 0 481 100 691 0 700 100 817 0 830 100 849 0 860 100 990 0
30 26 0 100 13 0 25 100 107 0 119 100 213 0 221 100 317 0 329 100 391 0 403 100 411 0 419 100 499 0 510 100 586 0 595 100 602 0 613 100 831 0 839 100 915 0 926 100 977 0 987 100 990 0
31 22 0 100 78 0 89 100 153 0 166 100 380 0 392 100 586 0 596 100 670 0 680 100 747 0 756 100 804 0 813 100 915 0 926 100 943 0 953 100 971 0 983 100 990 0
32 26 0 100 5 0 18 100 55 0 68 100 72 0 81 100 102 0 115 100 146 0 154 100 187 0 195 100 285 0 298 100 307 0 316 100 693 0 702 100 767 0 780 100 790 0 799 100 849 0 858 100 990 0
33 22 0 100 28 0 38 100 131 0 142 100 193 0 206 100 226 0 239 100 330 0 340 100 445 0 454 100 515 0 527 100 554 0 563 100 845 0 856 100 865 0 874 100 990 0
34 24 0 100 5 0 15 100 270 0 281 100 508 0 521 100 557 0 565 100 652 0 664 100 693 0 703 100 731 0 739 100 758 0 767 100 848 0 857 100 867 0 876 100 902 0 915 100 990 0
35 24 0 100 18 0 28 100 118 0 128 100 253 0 262 100 302 0 313 100 443 0 456 100 549 0 559 100 620 0 631 100 658 0 666 100 743 0 755 100 847 0 860 100 950 0 960 100 990 0
36 20 0 100 107 0 120 100 147 0 157 100 173 0 182 100 269 0 281 100 398 0 411 100 683 0 694 100 840 0 851 100 859 0 869 100 917 0 930 100 990 0
37 22 0 100 39 0 51 100 198 0 210 100 245 0 254 100 287 0 300 100 310 0 323 100 433 0 443 100 579 0 587 100 725 0 733 100 759 0 767 100 950 0 960 100 990 0
38 22 0 100 9 0 18 100 83 0 93 100 475 0 486 100 536 0 545 100 549 0 559 100 601 0 610 100 620 0 631 100 843 0 852 100 881 0 889 100 894 0 902 100 990 0
39 22 0 100 10 0 21 100 33 0 42 100 75 0 85 100 171 0 179 100 207 0 215 100 316 0 324 100 436 0 444 100 466 0 474 100 880 0 888 100 934 0 943 100 990 0
40 18 0 100 416 0 426 100 511 0 519 100 674 0 686 100 765 0 777 100 810 0 821 100 832 0 846 100 932 0 943 100 957 0 968 100 990 0
41 24 0 100 15 0 26 100 43 0 54 100 107 0 115 100 287 0 295 100 452 0 461 100 583 0 591 100 686 0 697 100 698 0 700 100 808 0 820 100 860 0 868 100 879 0 891 100 990 0
42 24 0 100 27 0 37 100 231 0 240 100 321 0 331 100 377 0 389 100 429 0 442 100 474 0 486 100 524 0 532 100 645 0 658 100 675 0 686 100 773 0 786 100 860 0 870 100 990 0
43 22 0 100 324 0 336 100 418 0 430 100 509 0 518 100 608 0 621 100 750 0 761 100 783 0 791 100 812 0 824 100 881 0 890 100 894 0 902 100 951 0 970 100 990 0
44 24 0 100 150 0 162 100 242 0 255 100 493 0 501 100 505 0 515 100 580 0 589 100 781 0 792 100 828 0 840 100 852 0 860 100 921 0 931 100 934 0 947 100 952 0 963 100 990 0
45 22 0 100 120 0 133 100 209 0 222 100 251 0 259 100 472 0 481 100 603 0 611 100 679 0 687 100 697 0 705 100 754 0 764 100 792 0 800 100 961 0 974 100 990 0
46 24 0 100 158 0 168 100 194 0 203 100 309 0 318 100 328 0 337 100 360 0 369 100 494 0 507 100 586 0 595 100 611 0 621 100 822 0 832 100 833 0 842 100 964 0 974 100 990 0
47 20 0 100 178 0 190 100 360 0 371 100 604 0 616 100 688 0 696 100 727 0 738 100 750 0 760 100 764 0 777 100 857 0 870 100 928 0 941 100 990 0

# TASKS
# Format: <task_id> <size> <num_reqs>
# Then for each requirement: <type_id> <qty>
0 0 6
 0 0
 1 0
 2 0
 3 0
 4 0
 5 0
1 15 6
 0 1
 1 2
 2 3
 3 0
 4 0
 5 0
2 14 6
 0 3
 1 3
 2 3
 3 1
 4 2
 5 1
3 8 6
 0 0
 1 0
 2 2
 3 1
 4 3
 5 1
4 7 6
 0 1
 1 2
 2 0
 3 2
 4 1
 5 0
5 10 6
 0 0
 1 2
 2 1
 3 1
 4 3
 5 2
6 14 6
 0 2
 1 2
 2 3
 3 1
 4 0
 5 1
7 14 6
 0 0
 1 1
 2 0
 3 0
 4 2
 5 1
8 13 6
 0 2
 1 0
 2 3
 3 0
 4 1
 5 0
9 8 6
 0 0
 1 0
 2 3
 3 2
 4 2
 5 0
10 5 6
 0 3
 1 2
 2 3
 3 2
 4 0
 5 2
11 14 6
 0 0
 1 1
 2 0
 3 0
 4 0
 5 0
12 15 6
 0 0
 1 3
 2 1
 3 1
 4 1
 5 1
13 8 6
 0 3
 1 1
 2 3
 3 0
 4 3
 5 3
14 11 6
 0 0
 1 3
 2 0
 3 0
 4 1
 5 2
15 11 6
 0 2
 1 2
 2 2
 3 0
 4 0
 5 1
16 14 6
 0 0
 1 2
 2 2
 3 0
 4 1
 5 0
17 4 6
 0 0
 1 1
 2 3
 3 1
 4 0
 5 1
18 14 6
 0 3
 1 1
 2 0
 3 3
 4 3
 5 1
19 12 6
 0 0
 1 1
 2 1
 3 3
 4 1
 5 2
20 8 6
 0 3
 1 0
 2 3
 3 0
 4 0
 5 2
21 6 6
 0 3
 1 2
 2 1
 3 1
 4 1
 5 0
22 4 6
 0 3
 1 1
 2 1
 3 1
 4 2
 5 3
23 9 6
 0 3
 1 2
 2 1
 3 0
 4 1
 5 0
24 3 6
 0 3
 1 3
 2 3
 3 3
 4 2
 5 1
25 3 6
 0 1
 1 0
 2 0
 3 2
 4 0
 5 1
26 5 6
 0 0
 1 3
 2 0
 3 0
 4 3
 5 2
27 6 6
 0 2
 1 3
 2 2
 3 1
 4 1
 5 0
28 7 6
 0 3
 1 3
 2 0
 3 3
 4 0
 5 1
29 9 6
 0 1
 1 3
 2 0
 3 2
 4 2
 5 0
30 7 6
 0 1
 1 1
 2 3
 3 0
 4 0
 5 1
31 15 6
 0 3
 1 0
 2 0
 3 1
 4 2
 5 3
32 15 6
 0 3
 1 3
 2 1
 3 0
 4 0
 5 0
33 9 6
 0 2
 1 0
 2 0
 3 0
 4 2
 5 1
34 5 6
 0 1
 1 2
 2 3
 3 2
 4 1
 5 2
35 5 6
 0 3
 1 2
 2 3
 3 3
 4 2
 5 1
36 14 6
 0 2
 1 2
 2 3
 3 2
 4 3
 5 1
37 10 6
 0 0
 1 1
 2 3
 3 1
 4 1
 5 1
38 13 6
 0 0
 1 2
 2 0
 3 2
 4 0
 5 2
39 4 6
 0 2
 1 0
 2 3
 3 0
 4 1
 5 2
40 4 6
 0 3
 1 3
 2 1
 3 0
 4 0
 5 3
41 8 6
 0 0
 1 0
 2 0
 3 2
 4 1
 5 2
42 12 6
 0 0
 1 3
 2 2
 3 0
 4 1
 5 3
43 10 6
 0 1
 1 2
 2 2
 3 2
 4 2
 5 0
44 10 6
 0 3
 1 1
 2 0
 3 3
 4 0
 5 1
45 13 6
 0 0
 1 0
 2 0
 3 3
 4 0
 5 0
46 3 6
 0 0
 1 2
 2 0
 3 3
 4 3
 5 1
47 15 6
 0 1
 1 3
 2 3
 3 3
 4 3
 5 0
48 7 6
 0 0
 1 3
 2 1
 3 3
 4 0
 5 0
49 3 6
 0 0
 1 0
 2 0
 3 0
 4 3
 5 0
50 6 6
 0 3
 1 1
 2 3
 3 2
 4 3
 5 3
51 5 6
 0 1
 1 3
 2 3
 3 2
 4 3
 5 0
52 9 6
 0 2
 1 0
 2 2
 3 3
 4 0
 5 1
53 10 6
 0 0
 1 1
 2 3
 3 0
 4 3
 5 3
54 10 6
 0 3
 1 0
 2 1
 3 0
 4 1
 5 3
55 5 6
 0 1
 1 2
 2 3
 3 3
 4 2
 5 2
56 4 6
 0 2
 1 0
 2 0
 3 3
 4 1
 5 3
57 12 6
 0 2
 1 1
 2 0
 3 1
 4 2
 5 1
58 10 6
 0 0
 1 1
 2 3
 3 2
 4 1
 5 2
59 5 6
 0 3
 1 3
 2 0
 3 0
 4 0
 5 3
60 6 6
 0 2
 1 1
 2 0
 3 3
 4 0
 5 3
61 11 6
 0 2
 1 3
 2 2
 3 0
 4 1
 5 1
62 14 6
 0 2
 1 3
 2 2
 3 0
 4 3
 5 3
63 12 6
 0 1
 1 3
 2 0
 3 3
 4 0
 5 0
64 15 6
 0 0
 1 0
 2 1
 3 0
 4 0
 5 3
65 5 6
 0 3
 1 0
 2 3
 3 0
 4 1
 5 3
66 7 6
 0 1
 1 3
 2 1
 3 0
 4 3
 5 2
67 4 6
 0 1
 1 1
 2 3
 3 3
 4 1
 5 1
68 4 6
 0 0
 1 3
 2 2
 3 0
 4 3
 5 3
69 10 6
 0 2
 1 2
 2 2
 3 0
 4 0
 5 3
70 11 6
 0 1
 1 2
 2 1
 3 3
 4 3
 5 0
71 3 6
 0 0
 1 2
 2 2
 3 3
 4 1
 5 0
72 14 6
 0 0
 1 0
 2 1
 3 3
 4 2
 5 1
73 11 6
 0 0
 1 3
 2 2
 3 0
 4 2
 5 1
74 12 6
 0 0
 1 0
 2 2
 3 3
 4 1
 5 0
75 7 6
 0 2
 1 0
 2 0
 3 3
 4 3
 5 0
76 15 6
 0 0
 1 1
 2 3
 3 3
 4 2
 5 0
77 3 6
 0 3
 1 0
 2 1
 3 0
 4 1
 5 3
78 9 6
 0 3
 1 0
 2 2
 3 1
 4 0
 5 1
79 11 6
 0 3
 1 3
 2 2
 3 1
 4 0
 5 2
80 7 6
 0 0
 1 2
 2 1
 3 2
 4 1
 5 1
81 9 6
 0 3
 1 2
 2 2
 3 2
 4 2
 5 0
82 10 6
 0 1
 1 0
 2 3
 3 2
 4 0
 5 2
83 12 6
 0 0
 1 2
 2 0
 3 0
 4 2
 5 2
84 12 6
 0 3
 1 2
 2 2
 3 0
 4 3
 5 0
85 6 6
 0 1
 1 2
 2 2
 3 1
 4 2
 5 1
86 3 6
 0 0
 1 1
 2 0
 3 0
 4 0
 5 0
87 6 6
 0 0
 1 2
 2 1
 3 3
 4 1
 5 0
88 4 6
 0 0
 1 0
 2 0
 3 3
 4 0
 5 1
89 8 6
 0 0
 1 1
 2 0
 3 0
 4 2
 5 0
90 15 6
 0 2
 1 2
 2 0
 3 3
 4 0
 5 0
91 13 6
 0 0
 1 1
 2 3
 3 0
 4 2
 5 0
92 7 6
 0 3
 1 1
 2 1
 3 1
 4 0
 5 3
93 13 6
 0 1
 1 1
 2 1
 3 3
 4 1
 5 0
94 12 6
 0 2
 1 3
 2 1
 3 1
 4 2
 5 2
95 7 6
 0 3
 1 3
 2 0
 3 2
 4 1
 5 3
96 5 6
 0 0
 1 3
 2 0
 3 0
 4 2
 5 3
97 6 6
 0 1
 1 3
 2 2
 3 1
 4 2
 5 2
98 11 6
 0 0
 1 1
 2 2
 3 2
 4 2
 5 1
99 13 6
 0 3
 1 3
 2 2
 3 1
 4 1
 5 2
100 5 6
 0 3
 1 3
 2 0
 3 0
 4 3
 5 0
101 10 6
 0 0
 1 1
 2 0
 3 0
 4 3
 5 3
102 10 6
 0 3
 1 3
 2 2
 3 0
 4 0
 5 3
103 11 6
 0 0
 1 0
 2 2
 3 3
 4 2
 5 3
104 8 6
 0 2
 1 3
 2 3
 3 0
 4 2
 5 3
105 4 6
 0 2
 1 0
 2 0
 3 0
 4 3
 5 2
106 3 6
 0 0
 1 1
 2 1
 3 1
 4 0
 5 2
107 14 6
 0 0
 1 1
 2 1
 3 1
 4 1
 5 0
108 3 6
 0 3
 1 3
 2 0
 3 1
 4 1
 5 3
109 12 6
 0 0
 1 3
 2 0
 3 1
 4 0
 5 3
110 9 6
 0 1
 1 1
 2 1
 3 3
 4 2
 5 0
111 7 6
 0 3
 1 2
 2 2
 3 0
 4 2
 5 3
112 10 6
 0 0
 1 3
 2 3
 3 2
 4 3
 5 0
113 12 6
 0 3
 1 1
 2 1
 3 0
 4 2
 5 3
114 8 6
 0 2
 1 1
 2 1
 3 1
 4 2
 5 0
115 11 6
 0 1
 1 0
 2 0
 3 1
 4 2
 5 0
116 10 6
 0 0
 1 1
 2 2
 3 2
 4 0
 5 2
117 6 6
 0 1
 1 2
 2 3
 3 0
 4 2
 5 1
118 5 6
 0 0
 1 1
 2 1
 3 1
 4 2
 5 0
119 4 6
 0 2
 1 2
 2 0
 3 2
 4 3
 5 3
120 8 6
 0 2
 1 0
 2 1
 3 2
 4 0
 5 1
121 15 6
 0 0
 1 0
 2 0
 3 1
 4 0
 5 0
122 7 6
 0 0
 1 3
 2 3
 3 3
 4 1
 5 3
123 7 6
 0 1
 1 1
 2 3
 3 1
 4 1
 5 0
124 11 6
 0 2
 1 0
 2 0
 3 0
 4 1
 5 1
125 3 6
 0 2
 1 1
 2 2
 3 2
 4 2
 5 1
126 9 6
 0 2
 1 0
 2 3
 3 0
 4 1
 5 3
127 6 6
 0 2
 1 0
 2 3
 3 2
 4 0
 5 3
128 5 6
 0 3
 1 0
 2 3
 3 2
 4 2
 5 0
129 9 6
 0 2
 1 3
 2 1
 3 2
 4 2
 5 3
130 8 6
 0 2
 1 0
 2 2
 3 0
 4 0
 5 0
131 5 6
 0 2
 1 1
 2 0
 3 2
 4 3
 5 2
132 3 6
 0 2
 1 3
 2 3
 3 2
 4 1
 5 1
133 6 6
 0 0
 1 3
 2 1
 3 1
 4 0
 5 3
134 15 6
 0 3
 1 3
 2 0
 3 0
 4 3
 5 0
135 10 6
 0 2
 1 1
 2 2
 3 0
 4 2
 5 3
136 11 6
 0 3
 1 1
 2 1
 3 3
 4 0
 5 2
137 9 6
 0 2
 1 0
 2 3
 3 2
 4 3
 5 0
138 13 6
 0 1
 1 1
 2 1
 3 0
 4 3
 5 3
139 14 6
 0 3
 1 0
 2 1
 3 3
 4 1
 5 3
140 9 6
 0 2
 1 3
 2 2
 3 3
 4 0
 5 0
141 15 6
 0 2
 1 3
 2 2
 3 2
 4 0
 5 3
142 10 6
 0 3
 1 0
 2 3
 3 1
 4 2
 5 0
143 10 6
 0 3
 1 0
 2 1
 3 2
 4 0
 5 0
144 5 6
 0 1
 1 3
 2 3
 3 1
 4 3
 5 2
145 10 6
 0 3
 1 0
 2 2
 3 0
 4 0
 5 3
146 4 6
 0 3
 1 2
 2 0
 3 2
 4 0
 5 1
147 0 6
 0 0
 1 0
 2 0
 3 0
 4 0
 5 0

# PRECEDENCES
280
72 73
67 68
16 29
44 45
99 100
26 39
81 94
108 121
8 9
118 131
12 25
0 5
40 41
22 35
77 90
17 30
100 101
49 62
132 133
114 127
109 122
137 138
13 26
41 42
96 97
18 19
73 74
55 68
110 123
50 63
105 118
133 134
82 95
14 15
51 64
9 10
0 7
46 59
74 75
129 130
23 36
106 107
83 96
111 112
115 128
15 16
19 32
47 48
42 43
24 37
79 92
107 108
56 69
134 135
116 129
144 145
38 39
20 33
48 49
103 104
0 9
80 81
75 76
57 70
85 86
112 125
89 102
122 135
140 141
16 17
71 72
53 66
81 82
136 137
30 43
25 38
108 109
90 103
118 119
12 13
22 23
77 78
0 2
21 34
49 50
31 44
86 99
114 115
109 110
113 126
123 136
45 46
27 40
55 56
110 111
50 51
105 106
54 67
82 83
64 77
119 132
51 52
142 143
46 47
23 24
5 18
60 73
83 84
138 139
87 100
115 116
97 110
19 20
1 14
24 25
79 80
28 41
56 57
93 106
88 101
116 117
120 133
20 21
29 42
57 58
84 97
61 74
89 90
112 113
126 139
121 134
53 54
2 15
30 31
25 26
62 75
90 91
117 130
94 107
145 146
21 22
3 16
31 32
58 71
35 48
86 87
141 142
113 114
95 108
123 124
17 18
127 140
27 28
0 11
132 145
54 55
36 49
64 65
91 104
68 81
119 120
63 76
128 141
32 45
5 6
60 61
4 17
59 72
87 88
69 82
97 98
124 137
101 114
1 2
0 4
106 119
0 13
28 29
10 23
65 78
93 94
88 89
37 50
92 105
120 121
102 115
6 19
29 30
84 85
33 46
61 62
43 56
98 111
126 127
121 122
70 83
125 138
80 93
0 6
2 3
39 52
122 123
130 143
34 47
62 63
11 24
66 79
94 95
76 89
131 144
71 84
3 4
58 59
7 20
35 36
72 85
67 80
95 96
44 57
99 112
127 128
104 117
0 8
8 21
36 37
40 53
68 69
63 64
45 58
100 113
128 129
32 33
4 5
59 60
41 54
69 70
96 109
18 31
73 86
101 102
124 125
78 91
133 146
0 1
10 11
0 10
14 27
9 22
37 38
92 93
74 87
102 103
129 142
6 7
111 124
139 140
33 34
15 28
43 44
98 99
47 60
42 55
70 71
125 126
52 65
107 120
135 136
0 3
34 35
38 51
0 12
11 12
48 61
66 67
76 77
103 116
131 132
75 88
85 98
7 8
