# Tier 6 (Large) - Instance 85
# Generated with config: N=273, K=4, topology=grid, calendar=staggered

# HEADER: <num_tasks> <num_types> <num_units>
275 4 18

# RESOURCE TYPES
# Format: <type_id> <num_units> <unit_id1> <unit_id2> ...
0 5 0 1 2 3 4
1 4 5 6 7 8
2 4 9 10 11 12
3 5 13 14 15 16 17

# RESOURCE UNITS (Calendars)
# Format: <unit_id> <num_steps> <t1> <v1> <t2> <v2> ...
0 25 0 100 1 0 22 100 203 0 224 100 410 0 431 100 613 0 636 100 821 0 842 100 1025 0 1047 100 1231 0 1255 100 1438 0 1462 100 1647 0 1670 100 1855 0 1875 100 2061 0 2084 100 2268 0 2480 0
1 25 0 100 10 0 37 100 217 0 245 100 422 0 449 100 627 0 654 100 831 0 857 100 1035 0 1062 100 1238 0 1265 100 1441 0 1468 100 1647 0 1675 100 1855 0 1882 100 2061 0 2090 100 2266 0 2480 0
2 25 0 100 22 0 55 100 226 0 259 100 428 0 461 100 634 0 667 100 842 0 876 100 1047 0 1080 100 1250 0 1283 100 1458 0 1492 100 1665 0 1699 100 1874 0 1906 100 2081 0 2113 100 2288 0 2480 0
3 25 0 100 34 0 58 100 242 0 264 100 448 0 469 100 653 0 674 100 857 0 879 100 1061 0 1081 100 1266 0 1289 100 1474 0 1498 100 1684 0 1707 100 1888 0 1911 100 2097 0 2117 100 2300 0 2480 0
4 25 0 100 46 0 63 100 248 0 267 100 453 0 470 100 655 0 674 100 858 0 878 100 1063 0 1080 100 1269 0 1286 100 1472 0 1489 100 1673 0 1692 100 1880 0 1897 100 2084 0 2105 100 2289 0 2480 0
5 25 0 100 58 0 75 100 261 0 280 100 465 0 484 100 673 0 692 100 879 0 896 100 1083 0 1101 100 1290 0 1309 100 1496 0 1515 100 1705 0 1722 100 1909 0 1929 100 2117 0 2136 100 2323 0 2480 0
6 25 0 100 70 0 90 100 275 0 295 100 481 0 504 100 688 0 708 100 891 0 914 100 1099 0 1120 100 1305 0 1328 100 1513 0 1534 100 1716 0 1738 100 1923 0 1944 100 2128 0 2148 100 2332 0 2480 0
7 25 0 100 78 0 95 100 281 0 298 100 484 0 503 100 693 0 710 100 896 0 912 100 1103 0 1121 100 1310 0 1326 100 1516 0 1534 100 1720 0 1738 100 1924 0 1943 100 2130 0 2147 100 2335 0 2480 0
8 25 0 100 93 0 110 100 300 0 317 100 503 0 522 100 712 0 731 100 920 0 936 100 1121 0 1138 100 1328 0 1347 100 1534 0 1552 100 1738 0 1756 100 1944 0 1961 100 2151 0 2167 100 2353 0 2480 0
9 25 0 100 101 0 130 100 305 0 335 100 510 0 540 100 716 0 745 100 923 0 955 100 1130 0 1162 100 1337 0 1368 100 1544 0 1573 100 1746 0 1777 100 1950 0 1981 100 2154 0 2183 100 2357 0 2480 0
10 25 0 100 114 0 138 100 320 0 345 100 523 0 550 100 733 0 761 100 940 0 964 100 1145 0 1172 100 1353 0 1378 100 1560 0 1587 100 1767 0 1794 100 1972 0 1997 100 2176 0 2201 100 2382 0 2480 0
11 25 0 100 128 0 164 100 332 0 367 100 539 0 575 100 744 0 779 100 947 0 980 100 1151 0 1185 100 1354 0 1391 100 1559 0 1593 100 1762 0 1797 100 1967 0 2002 100 2175 0 2212 100 2382 0 2480 0
12 25 0 100 136 0 158 100 342 0 365 100 546 0 568 100 754 0 774 100 959 0 981 100 1166 0 1188 100 1369 0 1390 100 1575 0 1599 100 1784 0 1806 100 1989 0 2010 100 2195 0 2216 100 2398 0 2480 0
13 25 0 100 147 0 172 100 352 0 379 100 559 0 586 100 762 0 789 100 968 0 994 100 1175 0 1202 100 1378 0 1406 100 1583 0 1609 100 1785 0 1813 100 1994 0 2020 100 2198 0 2224 100 2403 0 2480 0
14 25 0 100 159 0 196 100 366 0 402 100 572 0 608 100 778 0 814 100 985 0 1021 100 1191 0 1225 100 1395 0 1430 100 1602 0 1637 100 1810 0 1847 100 2020 0 2055 100 2226 0 2261 100 2432 0 2480 0
15 25 0 100 172 0 193 100 376 0 396 100 581 0 602 100 787 0 810 100 992 0 1013 100 1198 0 1218 100 1403 0 1424 100 1606 0 1628 100 1811 0 1834 100 2016 0 2037 100 2222 0 2242 100 2428 0 2480 0
16 25 0 100 182 0 201 100 389 0 407 100 598 0 616 100 802 0 820 100 1007 0 1025 100 1211 0 1227 100 1418 0 1434 100 1621 0 1639 100 1827 0 1843 100 2034 0 2052 100 2242 0 2261 100 2446 0 2480 0
17 25 0 100 195 0 219 100 402 0 423 100 604 0 627 100 812 0 833 100 1017 0 1040 100 1224 0 1247 100 1433 0 1456 100 1637 0 1662 100 1846 0 1869 100 2053 0 2075 100 2259 0 2280 100 2464 0 2480 0

# TASKS
# Format: <task_id> <size> <num_reqs>
# Then for each requirement: <type_id> <qty>
0 0 4
 0 0
 1 0
 2 0
 3 0
1 11 4
 0 1
 1 0
 2 0
 3 0
2 2 4
 0 1
 1 3
 2 3
 3 0
3 17 4
 0 0
 1 3
 2 0
 3 3
4 2 4
 0 1
 1 2
 2 0
 3 1
5 15 4
 0 0
 1 1
 2 1
 3 3
6 14 4
 0 3
 1 2
 2 3
 3 3
7 18 4
 0 0
 1 3
 2 2
 3 0
8 7 4
 0 2
 1 0
 2 0
 3 1
9 1 4
 0 2
 1 0
 2 3
 3 2
10 14 4
 0 3
 1 0
 2 0
 3 1
11 13 4
 0 3
 1 0
 2 3
 3 2
12 8 4
 0 0
 1 3
 2 0
 3 3
13 14 4
 0 1
 1 0
 2 0
 3 0
14 15 4
 0 1
 1 0
 2 1
 3 3
15 7 4
 0 1
 1 3
 2 3
 3 0
16 4 4
 0 2
 1 1
 2 0
 3 0
17 3 4
 0 2
 1 2
 2 0
 3 3
18 7 4
 0 0
 1 0
 2 0
 3 1
19 8 4
 0 0
 1 0
 2 3
 3 0
20 3 4
 0 1
 1 0
 2 0
 3 0
21 11 4
 0 1
 1 2
 2 0
 3 0
22 7 4
 0 3
 1 0
 2 0
 3 2
23 18 4
 0 1
 1 0
 2 0
 3 2
24 10 4
 0 0
 1 0
 2 1
 3 1
25 3 4
 0 1
 1 1
 2 3
 3 0
26 2 4
 0 0
 1 1
 2 0
 3 0
27 5 4
 0 0
 1 2
 2 0
 3 0
28 8 4
 0 1
 1 3
 2 0
 3 1
29 20 4
 0 0
 1 0
 2 1
 3 0
30 10 4
 0 0
 1 1
 2 2
 3 1
31 8 4
 0 0
 1 1
 2 3
 3 0
32 2 4
 0 3
 1 2
 2 1
 3 2
33 11 4
 0 0
 1 1
 2 2
 3 0
34 10 4
 0 0
 1 0
 2 0
 3 3
35 16 4
 0 3
 1 0
 2 1
 3 0
36 2 4
 0 3
 1 2
 2 1
 3 2
37 14 4
 0 0
 1 0
 2 0
 3 2
38 1 4
 0 2
 1 0
 2 1
 3 0
39 12 4
 0 0
 1 3
 2 0
 3 0
40 3 4
 0 2
 1 0
 2 1
 3 1
41 10 4
 0 0
 1 0
 2 0
 3 1
42 8 4
 0 3
 1 1
 2 1
 3 2
43 12 4
 0 3
 1 1
 2 1
 3 0
44 15 4
 0 2
 1 0
 2 1
 3 0
45 6 4
 0 3
 1 3
 2 0
 3 0
46 7 4
 0 0
 1 0
 2 3
 3 1
47 20 4
 0 3
 1 0
 2 0
 3 3
48 20 4
 0 3
 1 2
 2 3
 3 1
49 17 4
 0 2
 1 3
 2 0
 3 3
50 5 4
 0 3
 1 1
 2 0
 3 3
51 2 4
 0 3
 1 3
 2 2
 3 3
52 3 4
 0 2
 1 3
 2 3
 3 2
53 9 4
 0 0
 1 2
 2 1
 3 0
54 6 4
 0 0
 1 1
 2 1
 3 2
55 19 4
 0 3
 1 3
 2 0
 3 0
56 20 4
 0 0
 1 0
 2 0
 3 1
57 11 4
 0 2
 1 0
 2 3
 3 0
58 8 4
 0 3
 1 0
 2 0
 3 3
59 18 4
 0 3
 1 2
 2 0
 3 0
60 20 4
 0 0
 1 0
 2 0
 3 2
61 20 4
 0 0
 1 2
 2 1
 3 1
62 18 4
 0 1
 1 1
 2 2
 3 0
63 7 4
 0 3
 1 0
 2 0
 3 0
64 12 4
 0 1
 1 0
 2 3
 3 3
65 9 4
 0 1
 1 1
 2 3
 3 2
66 1 4
 0 1
 1 2
 2 0
 3 0
67 4 4
 0 2
 1 2
 2 0
 3 3
68 3 4
 0 0
 1 0
 2 0
 3 1
69 17 4
 0 0
 1 0
 2 1
 3 0
70 8 4
 0 2
 1 0
 2 0
 3 0
71 16 4
 0 2
 1 3
 2 3
 3 0
72 20 4
 0 2
 1 3
 2 0
 3 3
73 14 4
 0 3
 1 1
 2 0
 3 2
74 4 4
 0 3
 1 0
 2 0
 3 2
75 11 4
 0 0
 1 3
 2 0
 3 0
76 16 4
 0 3
 1 0
 2 2
 3 2
77 20 4
 0 0
 1 2
 2 2
 3 0
78 4 4
 0 0
 1 0
 2 3
 3 2
79 19 4
 0 0
 1 0
 2 0
 3 1
80 19 4
 0 3
 1 0
 2 2
 3 3
81 19 4
 0 0
 1 0
 2 1
 3 0
82 11 4
 0 0
 1 1
 2 3
 3 0
83 13 4
 0 2
 1 3
 2 3
 3 3
84 8 4
 0 2
 1 3
 2 0
 3 2
85 12 4
 0 3
 1 1
 2 3
 3 0
86 14 4
 0 2
 1 1
 2 1
 3 0
87 10 4
 0 0
 1 1
 2 1
 3 2
88 18 4
 0 1
 1 0
 2 0
 3 3
89 6 4
 0 1
 1 0
 2 0
 3 0
90 1 4
 0 2
 1 1
 2 0
 3 0
91 20 4
 0 3
 1 0
 2 0
 3 1
92 4 4
 0 0
 1 0
 2 1
 3 2
93 11 4
 0 1
 1 0
 2 0
 3 3
94 12 4
 0 1
 1 0
 2 3
 3 0
95 14 4
 0 2
 1 3
 2 2
 3 1
96 7 4
 0 1
 1 1
 2 0
 3 2
97 16 4
 0 1
 1 0
 2 2
 3 1
98 13 4
 0 1
 1 3
 2 0
 3 0
99 3 4
 0 2
 1 3
 2 2
 3 0
100 13 4
 0 0
 1 0
 2 0
 3 3
101 20 4
 0 3
 1 1
 2 0
 3 0
102 15 4
 0 2
 1 2
 2 1
 3 2
103 19 4
 0 1
 1 2
 2 3
 3 0
104 7 4
 0 0
 1 1
 2 2
 3 1
105 17 4
 0 0
 1 0
 2 3
 3 0
106 12 4
 0 0
 1 0
 2 1
 3 0
107 12 4
 0 0
 1 2
 2 2
 3 3
108 2 4
 0 0
 1 2
 2 1
 3 2
109 9 4
 0 0
 1 0
 2 3
 3 1
110 19 4
 0 2
 1 1
 2 0
 3 2
111 5 4
 0 1
 1 2
 2 0
 3 1
112 14 4
 0 0
 1 1
 2 0
 3 3
113 8 4
 0 3
 1 1
 2 2
 3 0
114 1 4
 0 0
 1 1
 2 2
 3 2
115 3 4
 0 2
 1 3
 2 3
 3 0
116 2 4
 0 3
 1 3
 2 1
 3 0
117 9 4
 0 3
 1 3
 2 0
 3 1
118 17 4
 0 3
 1 1
 2 3
 3 3
119 13 4
 0 3
 1 2
 2 1
 3 2
120 6 4
 0 3
 1 0
 2 0
 3 0
121 7 4
 0 0
 1 0
 2 0
 3 1
122 2 4
 0 1
 1 2
 2 1
 3 3
123 10 4
 0 0
 1 3
 2 0
 3 0
124 1 4
 0 0
 1 1
 2 0
 3 2
125 7 4
 0 0
 1 2
 2 3
 3 0
126 14 4
 0 0
 1 0
 2 0
 3 1
127 17 4
 0 1
 1 1
 2 2
 3 1
128 16 4
 0 1
 1 0
 2 0
 3 0
129 19 4
 0 1
 1 1
 2 2
 3 0
130 1 4
 0 0
 1 2
 2 2
 3 2
131 11 4
 0 1
 1 2
 2 3
 3 2
132 19 4
 0 1
 1 0
 2 0
 3 3
133 10 4
 0 0
 1 0
 2 0
 3 1
134 3 4
 0 0
 1 1
 2 1
 3 2
135 2 4
 0 3
 1 1
 2 3
 3 2
136 14 4
 0 3
 1 0
 2 1
 3 2
137 2 4
 0 3
 1 1
 2 1
 3 0
138 1 4
 0 2
 1 0
 2 0
 3 0
139 17 4
 0 3
 1 3
 2 0
 3 3
140 5 4
 0 3
 1 3
 2 0
 3 2
141 5 4
 0 2
 1 0
 2 3
 3 3
142 2 4
 0 1
 1 3
 2 1
 3 1
143 13 4
 0 0
 1 0
 2 3
 3 3
144 2 4
 0 0
 1 2
 2 2
 3 3
145 18 4
 0 2
 1 0
 2 0
 3 0
146 17 4
 0 0
 1 3
 2 3
 3 3
147 11 4
 0 0
 1 0
 2 3
 3 2
148 8 4
 0 0
 1 3
 2 0
 3 3
149 9 4
 0 1
 1 0
 2 2
 3 0
150 3 4
 0 1
 1 1
 2 3
 3 0
151 20 4
 0 3
 1 1
 2 2
 3 0
152 18 4
 0 1
 1 0
 2 3
 3 3
153 17 4
 0 0
 1 2
 2 2
 3 3
154 20 4
 0 2
 1 3
 2 0
 3 3
155 12 4
 0 3
 1 0
 2 0
 3 2
156 18 4
 0 1
 1 2
 2 3
 3 0
157 20 4
 0 1
 1 0
 2 0
 3 1
158 18 4
 0 3
 1 3
 2 2
 3 0
159 10 4
 0 0
 1 2
 2 0
 3 1
160 15 4
 0 1
 1 2
 2 0
 3 1
161 13 4
 0 2
 1 1
 2 3
 3 2
162 14 4
 0 0
 1 0
 2 2
 3 0
163 13 4
 0 3
 1 0
 2 0
 3 1
164 5 4
 0 2
 1 0
 2 0
 3 2
165 9 4
 0 1
 1 0
 2 0
 3 1
166 9 4
 0 2
 1 0
 2 3
 3 0
167 2 4
 0 0
 1 2
 2 2
 3 2
168 3 4
 0 2
 1 1
 2 2
 3 0
169 19 4
 0 2
 1 3
 2 0
 3 0
170 6 4
 0 3
 1 0
 2 0
 3 1
171 12 4
 0 2
 1 0
 2 0
 3 1
172 19 4
 0 0
 1 3
 2 2
 3 1
173 13 4
 0 0
 1 3
 2 0
 3 0
174 17 4
 0 0
 1 0
 2 0
 3 2
175 6 4
 0 2
 1 0
 2 1
 3 2
176 11 4
 0 1
 1 0
 2 3
 3 0
177 6 4
 0 3
 1 0
 2 0
 3 0
178 20 4
 0 1
 1 0
 2 0
 3 2
179 12 4
 0 0
 1 1
 2 1
 3 0
180 12 4
 0 0
 1 1
 2 0
 3 0
181 11 4
 0 2
 1 1
 2 1
 3 1
182 20 4
 0 1
 1 3
 2 1
 3 3
183 16 4
 0 3
 1 0
 2 0
 3 0
184 9 4
 0 3
 1 0
 2 3
 3 3
185 5 4
 0 2
 1 0
 2 0
 3 0
186 13 4
 0 0
 1 1
 2 0
 3 2
187 5 4
 0 2
 1 1
 2 3
 3 1
188 11 4
 0 2
 1 0
 2 2
 3 0
189 6 4
 0 3
 1 3
 2 0
 3 1
190 9 4
 0 3
 1 2
 2 0
 3 3
191 9 4
 0 1
 1 0
 2 1
 3 3
192 18 4
 0 0
 1 1
 2 2
 3 0
193 17 4
 0 0
 1 0
 2 3
 3 0
194 7 4
 0 3
 1 0
 2 0
 3 0
195 11 4
 0 2
 1 2
 2 1
 3 0
196 13 4
 0 2
 1 0
 2 0
 3 2
197 4 4
 0 0
 1 0
 2 0
 3 1
198 1 4
 0 0
 1 3
 2 0
 3 1
199 2 4
 0 2
 1 1
 2 1
 3 0
200 20 4
 0 0
 1 1
 2 2
 3 0
201 2 4
 0 1
 1 0
 2 1
 3 3
202 15 4
 0 2
 1 2
 2 0
 3 3
203 18 4
 0 0
 1 3
 2 2
 3 0
204 7 4
 0 3
 1 2
 2 3
 3 1
205 20 4
 0 0
 1 0
 2 2
 3 0
206 1 4
 0 1
 1 0
 2 2
 3 0
207 4 4
 0 3
 1 3
 2 0
 3 2
208 12 4
 0 3
 1 3
 2 1
 3 3
209 2 4
 0 2
 1 3
 2 0
 3 3
210 10 4
 0 0
 1 0
 2 2
 3 2
211 5 4
 0 1
 1 2
 2 0
 3 1
212 16 4
 0 0
 1 1
 2 1
 3 1
213 1 4
 0 1
 1 1
 2 3
 3 2
214 11 4
 0 3
 1 3
 2 3
 3 3
215 5 4
 0 2
 1 0
 2 3
 3 2
216 15 4
 0 3
 1 0
 2 0
 3 0
217 11 4
 0 0
 1 0
 2 2
 3 0
218 15 4
 0 0
 1 0
 2 3
 3 0
219 18 4
 0 0
 1 0
 2 3
 3 0
220 20 4
 0 3
 1 0
 2 0
 3 2
221 5 4
 0 2
 1 3
 2 0
 3 3
222 7 4
 0 3
 1 1
 2 0
 3 0
223 4 4
 0 3
 1 1
 2 1
 3 1
224 17 4
 0 1
 1 1
 2 0
 3 0
225 3 4
 0 2
 1 2
 2 1
 3 3
226 11 4
 0 1
 1 1
 2 2
 3 3
227 10 4
 0 2
 1 0
 2 0
 3 0
228 1 4
 0 3
 1 0
 2 1
 3 0
229 7 4
 0 0
 1 0
 2 0
 3 2
230 2 4
 0 0
 1 1
 2 0
 3 0
231 18 4
 0 1
 1 2
 2 3
 3 0
232 20 4
 0 0
 1 0
 2 3
 3 0
233 10 4
 0 0
 1 0
 2 0
 3 1
234 3 4
 0 0
 1 2
 2 2
 3 0
235 19 4
 0 0
 1 0
 2 0
 3 1
236 2 4
 0 0
 1 3
 2 2
 3 3
237 9 4
 0 1
 1 1
 2 2
 3 2
238 10 4
 0 2
 1 2
 2 0
 3 2
239 18 4
 0 2
 1 0
 2 2
 3 1
240 12 4
 0 1
 1 2
 2 1
 3 0
241 7 4
 0 1
 1 0
 2 0
 3 2
242 16 4
 0 2
 1 3
 2 0
 3 3
243 14 4
 0 1
 1 3
 2 2
 3 0
244 18 4
 0 0
 1 3
 2 3
 3 0
245 6 4
 0 3
 1 0
 2 0
 3 3
246 3 4
 0 3
 1 3
 2 2
 3 2
247 1 4
 0 3
 1 2
 2 0
 3 1
248 2 4
 0 3
 1 0
 2 3
 3 3
249 13 4
 0 0
 1 0
 2 0
 3 2
250 1 4
 0 3
 1 0
 2 0
 3 0
251 1 4
 0 1
 1 0
 2 2
 3 2
252 19 4
 0 1
 1 2
 2 0
 3 1
253 14 4
 0 3
 1 1
 2 2
 3 1
254 2 4
 0 3
 1 1
 2 2
 3 0
255 4 4
 0 2
 1 0
 2 0
 3 0
256 3 4
 0 3
 1 0
 2 2
 3 3
257 10 4
 0 0
 1 2
 2 1
 3 2
258 13 4
 0 0
 1 3
 2 1
 3 0
259 2 4
 0 0
 1 1
 2 0
 3 2
260 10 4
 0 2
 1 0
 2 1
 3 3
261 11 4
 0 0
 1 0
 2 2
 3 1
262 15 4
 0 3
 1 0
 2 3
 3 2
263 12 4
 0 0
 1 2
 2 0
 3 0
264 20 4
 0 1
 1 0
 2 3
 3 3
265 18 4
 0 0
 1 0
 2 1
 3 0
266 13 4
 0 2
 1 2
 2 0
 3 0
267 10 4
 0 3
 1 3
 2 2
 3 1
268 10 4
 0 0
 1 3
 2 1
 3 0
269 16 4
 0 1
 1 1
 2 1
 3 1
270 4 4
 0 3
 1 0
 2 0
 3 0
271 11 4
 0 1
 1 1
 2 2
 3 2
272 6 4
 0 0
 1 3
 2 3
 3 2
273 4 4
 0 3
 1 1
 2 0
 3 1
274 0 4
 0 0
 1 0
 2 0
 3 0

# PRECEDENCES
619
0 1
0 24
0 47
0 70
0 93
0 116
0 139
0 162
0 185
0 208
0 231
0 254
1 2
1 24
2 3
2 25
2 26
3 4
3 26
4 5
4 27
5 6
5 28
6 7
6 29
6 30
7 8
7 30
8 9
8 31
9 10
9 32
9 33
10 11
10 33
10 34
11 12
11 34
12 13
12 35
13 14
13 36
14 15
14 37
14 38
15 16
15 38
16 17
16 39
17 18
17 40
18 19
18 41
19 20
19 42
20 21
20 43
21 22
21 44
22 23
22 45
23 46
23 274
24 25
24 47
25 26
25 48
26 27
26 49
27 28
27 50
27 51
28 29
28 51
28 52
29 30
29 52
29 53
30 31
30 53
31 32
31 54
32 33
32 55
32 56
33 34
33 56
33 57
34 35
34 57
34 58
35 36
35 58
36 37
36 59
37 38
37 60
38 39
38 61
39 40
39 62
39 63
40 41
40 63
41 42
41 64
41 65
42 43
42 65
43 44
43 66
44 45
44 67
45 46
45 68
45 69
46 69
46 274
47 48
47 70
48 49
48 71
49 50
49 72
50 51
50 73
51 52
51 74
52 53
52 75
52 76
53 54
53 76
54 55
54 77
55 56
55 78
56 57
56 79
57 58
57 80
57 81
58 59
58 81
59 60
59 82
60 61
60 83
61 62
61 84
62 63
62 85
62 86
63 64
63 86
64 65
64 87
64 88
65 66
65 88
65 89
66 67
66 89
67 68
67 90
68 69
68 91
68 92
69 92
69 274
70 71
70 93
71 72
71 94
72 73
72 95
72 96
73 74
73 96
73 97
74 75
74 97
75 76
75 98
76 77
76 99
77 78
77 100
78 79
78 101
78 102
79 80
79 102
80 81
80 103
80 104
81 82
81 104
81 105
82 83
82 105
83 84
83 106
83 107
84 85
84 107
85 86
85 108
86 87
86 109
87 88
87 110
87 111
88 89
88 111
88 112
89 90
89 112
89 113
90 91
90 113
91 92
91 114
91 115
92 115
92 274
93 94
93 116
93 117
94 95
94 117
95 96
95 118
95 119
96 97
96 119
97 98
97 120
98 99
98 121
99 100
99 122
100 101
100 123
100 124
101 102
101 124
102 103
102 125
103 104
103 126
103 127
104 105
104 127
105 106
105 128
105 129
106 107
106 129
107 108
107 130
108 109
108 131
109 110
109 132
110 111
110 133
111 112
111 134
112 113
112 135
113 114
113 136
114 115
114 137
115 138
115 274
116 117
116 139
117 118
117 140
118 119
118 141
118 142
119 120
119 142
120 121
120 143
120 144
121 122
121 144
122 123
122 145
123 124
123 146
124 125
124 147
125 126
125 148
126 127
126 149
126 150
127 128
127 150
128 129
128 151
129 130
129 152
130 131
130 153
131 132
131 154
132 133
132 155
132 156
133 134
133 156
134 135
134 157
135 136
135 158
136 137
136 159
137 138
137 160
137 161
138 161
138 274
139 140
139 162
139 163
140 141
140 163
141 142
141 164
141 165
142 143
142 165
142 166
143 144
143 166
144 145
144 167
145 146
145 168
146 147
146 169
147 148
147 170
147 171
148 149
148 171
149 150
149 172
150 151
150 173
151 152
151 174
151 175
152 153
152 175
152 176
153 154
153 176
154 155
154 177
154 178
155 156
155 178
156 157
156 179
157 158
157 180
157 181
158 159
158 181
159 160
159 182
160 161
160 183
161 184
161 274
162 163
162 185
163 164
163 186
164 165
164 187
165 166
165 188
165 189
166 167
166 189
166 190
167 168
167 190
168 169
168 191
169 170
169 192
170 171
170 193
171 172
171 194
172 173
172 195
173 174
173 196
174 175
174 197
175 176
175 198
176 177
176 199
176 200
177 178
177 200
178 179
178 201
178 202
179 180
179 202
180 181
180 203
181 182
181 204
181 205
182 183
182 205
183 184
183 206
184 207
184 274
185 186
185 208
186 187
186 209
186 210
187 188
187 210
188 189
188 211
189 190
189 212
190 191
190 213
190 214
191 192
191 214
191 215
192 193
192 215
193 194
193 216
194 195
194 217
195 196
195 218
196 197
196 219
197 198
197 220
198 199
198 221
199 200
199 222
200 201
200 223
200 224
201 202
201 224
202 203
202 225
203 204
203 226
203 227
204 205
204 227
204 228
205 206
205 228
206 207
206 229
207 230
207 274
208 209
208 231
209 210
209 232
210 211
210 233
211 212
211 234
212 213
212 235
213 214
213 236
214 215
214 237
215 216
215 238
216 217
216 239
217 218
217 240
218 219
218 241
219 220
219 242
220 221
220 243
221 222
221 244
222 223
222 245
222 246
223 224
223 246
224 225
224 247
225 226
225 248
225 249
226 227
226 249
227 228
227 250
228 229
228 251
229 230
229 252
229 253
230 253
230 274
231 232
231 254
232 233
232 255
232 256
233 234
233 256
234 235
234 257
235 236
235 258
236 237
236 259
237 238
237 260
238 239
238 261
239 240
239 262
240 241
240 263
241 242
241 264
242 243
242 265
243 244
243 266
244 245
244 267
244 268
245 246
245 268
246 247
246 269
247 248
247 270
248 249
248 271
248 272
249 250
249 272
250 251
250 273
251 252
252 253
253 274
254 255
254 274
255 256
255 274
256 257
256 274
257 258
257 274
258 259
258 274
259 260
259 274
260 261
260 274
261 262
261 274
262 263
262 274
263 264
263 274
264 265
264 274
265 266
265 274
266 267
266 274
267 268
267 274
268 269
268 274
269 270
269 274
270 271
270 274
271 272
271 274
272 273
272 274
273 274
