# Tier 6 (Large) - Instance 97
# Generated with config: N=239, K=3, topology=grid, calendar=staggered

# HEADER: <num_tasks> <num_types> <num_units>
241 3 17

# RESOURCE TYPES
# Format: <type_id> <num_units> <unit_id1> <unit_id2> ...
0 4 0 1 2 3
1 6 4 5 6 7 8 9
2 7 10 11 12 13 14 15 16

# RESOURCE UNITS (Calendars)
# Format: <unit_id> <num_steps> <t1> <v1> <t2> <v2> ...
0 20 0 100 1 0 26 100 248 0 272 100 495 0 521 100 745 0 771 100 995 0 1020 100 1242 0 1267 100 1488 0 1512 100 1733 0 1756 100 1976 0 2001 100 2478 0
1 20 0 100 13 0 36 100 260 0 283 100 510 0 534 100 760 0 784 100 1009 0 1033 100 1254 0 1275 100 1497 0 1519 100 1742 0 1764 100 1990 0 2011 100 2478 0
2 20 0 100 29 0 66 100 274 0 311 100 519 0 557 100 766 0 805 100 1015 0 1052 100 1261 0 1299 100 1508 0 1546 100 1758 0 1797 100 2007 0 2044 100 2478 0
3 20 0 100 42 0 79 100 286 0 324 100 532 0 571 100 783 0 820 100 1027 0 1063 100 1271 0 1311 100 1522 0 1560 100 1767 0 1804 100 2011 0 2049 100 2478 0
4 20 0 100 57 0 89 100 302 0 335 100 550 0 583 100 797 0 830 100 1044 0 1078 100 1293 0 1326 100 1542 0 1576 100 1789 0 1822 100 2036 0 2067 100 2478 0
5 20 0 100 72 0 102 100 318 0 351 100 567 0 598 100 814 0 847 100 1063 0 1096 100 1313 0 1345 100 1562 0 1594 100 1810 0 1843 100 2057 0 2090 100 2478 0
6 20 0 100 89 0 109 100 338 0 359 100 586 0 604 100 831 0 852 100 1077 0 1096 100 1324 0 1345 100 1573 0 1592 100 1817 0 1835 100 2064 0 2085 100 2478 0
7 20 0 100 101 0 126 100 348 0 371 100 596 0 621 100 846 0 870 100 1097 0 1120 100 1344 0 1367 100 1589 0 1612 100 1837 0 1858 100 2085 0 2107 100 2478 0
8 20 0 100 117 0 144 100 361 0 388 100 606 0 632 100 849 0 877 100 1097 0 1124 100 1343 0 1369 100 1588 0 1617 100 1836 0 1865 100 2086 0 2113 100 2478 0
9 20 0 100 130 0 173 100 378 0 422 100 626 0 669 100 874 0 919 100 1121 0 1165 100 1368 0 1412 100 1616 0 1658 100 1864 0 1905 100 2109 0 2153 100 2478 0
10 20 0 100 146 0 182 100 393 0 425 100 636 0 670 100 881 0 915 100 1128 0 1160 100 1370 0 1406 100 1616 0 1648 100 1862 0 1896 100 2106 0 2140 100 2478 0
11 20 0 100 160 0 199 100 408 0 447 100 655 0 692 100 900 0 937 100 1143 0 1180 100 1389 0 1428 100 1639 0 1676 100 1884 0 1923 100 2132 0 2170 100 2478 0
12 20 0 100 176 0 197 100 423 0 445 100 672 0 693 100 918 0 940 100 1165 0 1185 100 1412 0 1434 100 1659 0 1679 100 1905 0 1925 100 2151 0 2173 100 2478 0
13 20 0 100 187 0 222 100 433 0 467 100 678 0 711 100 926 0 962 100 1176 0 1210 100 1422 0 1456 100 1667 0 1702 100 1913 0 1947 100 2160 0 2196 100 2478 0
14 20 0 100 205 0 242 100 449 0 488 100 696 0 736 100 945 0 984 100 1192 0 1229 100 1437 0 1475 100 1684 0 1721 100 1930 0 1967 100 2175 0 2214 100 2478 0
15 20 0 100 216 0 251 100 460 0 497 100 711 0 747 100 959 0 995 100 1207 0 1243 100 1455 0 1492 100 1703 0 1739 100 1948 0 1982 100 2193 0 2227 100 2478 0
16 20 0 100 235 0 259 100 483 0 506 100 730 0 753 100 976 0 998 100 1224 0 1247 100 1474 0 1495 100 1717 0 1740 100 1964 0 1986 100 2212 0 2233 100 2478 0

# TASKS
# Format: <task_id> <size> <num_reqs>
# Then for each requirement: <type_id> <qty>
0 0 3
 0 0
 1 0
 2 0
1 3 3
 0 0
 1 0
 2 3
2 14 3
 0 1
 1 2
 2 0
3 13 3
 0 1
 1 0
 2 0
4 14 3
 0 0
 1 1
 2 1
5 20 3
 0 3
 1 1
 2 2
6 17 3
 0 2
 1 0
 2 1
7 3 3
 0 0
 1 3
 2 3
8 10 3
 0 1
 1 0
 2 0
9 5 3
 0 1
 1 1
 2 1
10 16 3
 0 0
 1 3
 2 1
11 8 3
 0 0
 1 2
 2 2
12 17 3
 0 0
 1 0
 2 2
13 5 3
 0 0
 1 2
 2 2
14 9 3
 0 2
 1 1
 2 2
15 13 3
 0 3
 1 2
 2 3
16 4 3
 0 2
 1 0
 2 3
17 14 3
 0 0
 1 3
 2 0
18 1 3
 0 0
 1 3
 2 0
19 9 3
 0 0
 1 0
 2 2
20 1 3
 0 0
 1 1
 2 0
21 1 3
 0 1
 1 1
 2 3
22 19 3
 0 0
 1 3
 2 3
23 7 3
 0 1
 1 2
 2 0
24 1 3
 0 1
 1 1
 2 0
25 5 3
 0 0
 1 1
 2 0
26 1 3
 0 0
 1 0
 2 2
27 12 3
 0 2
 1 0
 2 0
28 4 3
 0 0
 1 1
 2 0
29 19 3
 0 2
 1 0
 2 0
30 3 3
 0 1
 1 0
 2 0
31 19 3
 0 0
 1 3
 2 3
32 12 3
 0 2
 1 0
 2 3
33 11 3
 0 2
 1 3
 2 0
34 3 3
 0 2
 1 0
 2 3
35 17 3
 0 1
 1 0
 2 0
36 5 3
 0 0
 1 1
 2 0
37 12 3
 0 1
 1 0
 2 2
38 14 3
 0 3
 1 0
 2 0
39 7 3
 0 0
 1 1
 2 0
40 13 3
 0 0
 1 1
 2 0
41 6 3
 0 0
 1 1
 2 0
42 8 3
 0 2
 1 2
 2 1
43 4 3
 0 0
 1 0
 2 3
44 10 3
 0 0
 1 3
 2 2
45 18 3
 0 3
 1 1
 2 0
46 17 3
 0 1
 1 3
 2 1
47 4 3
 0 3
 1 1
 2 3
48 13 3
 0 3
 1 3
 2 0
49 5 3
 0 0
 1 1
 2 0
50 3 3
 0 0
 1 0
 2 1
51 6 3
 0 3
 1 0
 2 3
52 3 3
 0 3
 1 3
 2 0
53 15 3
 0 3
 1 0
 2 2
54 8 3
 0 3
 1 2
 2 2
55 11 3
 0 2
 1 0
 2 3
56 14 3
 0 0
 1 3
 2 2
57 19 3
 0 3
 1 2
 2 1
58 7 3
 0 3
 1 3
 2 3
59 12 3
 0 0
 1 0
 2 1
60 3 3
 0 0
 1 0
 2 1
61 10 3
 0 0
 1 1
 2 2
62 18 3
 0 1
 1 0
 2 2
63 8 3
 0 2
 1 2
 2 1
64 10 3
 0 2
 1 0
 2 1
65 10 3
 0 3
 1 1
 2 0
66 14 3
 0 1
 1 0
 2 2
67 7 3
 0 0
 1 2
 2 0
68 15 3
 0 3
 1 2
 2 0
69 5 3
 0 1
 1 1
 2 0
70 8 3
 0 0
 1 0
 2 2
71 16 3
 0 0
 1 1
 2 0
72 5 3
 0 0
 1 2
 2 2
73 8 3
 0 0
 1 1
 2 2
74 5 3
 0 3
 1 2
 2 2
75 4 3
 0 1
 1 0
 2 0
76 5 3
 0 1
 1 3
 2 3
77 14 3
 0 0
 1 0
 2 2
78 20 3
 0 1
 1 3
 2 0
79 6 3
 0 2
 1 1
 2 0
80 1 3
 0 0
 1 1
 2 2
81 3 3
 0 1
 1 2
 2 2
82 10 3
 0 2
 1 0
 2 0
83 11 3
 0 3
 1 0
 2 3
84 10 3
 0 3
 1 0
 2 2
85 18 3
 0 1
 1 3
 2 3
86 19 3
 0 1
 1 0
 2 2
87 10 3
 0 3
 1 2
 2 1
88 4 3
 0 1
 1 0
 2 3
89 2 3
 0 0
 1 1
 2 0
90 1 3
 0 0
 1 2
 2 3
91 9 3
 0 1
 1 2
 2 1
92 10 3
 0 1
 1 1
 2 0
93 19 3
 0 0
 1 1
 2 0
94 6 3
 0 3
 1 2
 2 0
95 4 3
 0 1
 1 0
 2 1
96 6 3
 0 3
 1 0
 2 2
97 20 3
 0 1
 1 3
 2 2
98 16 3
 0 2
 1 3
 2 3
99 3 3
 0 0
 1 0
 2 2
100 2 3
 0 3
 1 2
 2 0
101 13 3
 0 1
 1 1
 2 1
102 11 3
 0 0
 1 1
 2 0
103 5 3
 0 1
 1 1
 2 0
104 10 3
 0 3
 1 3
 2 0
105 16 3
 0 3
 1 1
 2 0
106 8 3
 0 0
 1 0
 2 2
107 3 3
 0 1
 1 0
 2 3
108 15 3
 0 3
 1 0
 2 0
109 17 3
 0 0
 1 0
 2 2
110 14 3
 0 2
 1 2
 2 0
111 3 3
 0 1
 1 0
 2 0
112 12 3
 0 2
 1 1
 2 0
113 6 3
 0 2
 1 2
 2 0
114 7 3
 0 2
 1 0
 2 2
115 17 3
 0 3
 1 0
 2 3
116 6 3
 0 3
 1 0
 2 0
117 13 3
 0 0
 1 2
 2 0
118 18 3
 0 1
 1 0
 2 1
119 7 3
 0 1
 1 1
 2 1
120 3 3
 0 3
 1 3
 2 0
121 4 3
 0 2
 1 2
 2 3
122 10 3
 0 2
 1 0
 2 3
123 7 3
 0 0
 1 0
 2 2
124 10 3
 0 3
 1 3
 2 3
125 6 3
 0 0
 1 3
 2 3
126 6 3
 0 1
 1 0
 2 0
127 12 3
 0 0
 1 1
 2 2
128 8 3
 0 3
 1 0
 2 1
129 10 3
 0 0
 1 2
 2 1
130 15 3
 0 3
 1 0
 2 0
131 6 3
 0 0
 1 1
 2 0
132 3 3
 0 1
 1 0
 2 2
133 6 3
 0 1
 1 1
 2 1
134 10 3
 0 2
 1 0
 2 2
135 9 3
 0 0
 1 0
 2 1
136 12 3
 0 1
 1 2
 2 0
137 20 3
 0 0
 1 3
 2 0
138 3 3
 0 0
 1 3
 2 3
139 8 3
 0 3
 1 1
 2 2
140 5 3
 0 2
 1 2
 2 3
141 7 3
 0 1
 1 3
 2 1
142 11 3
 0 2
 1 3
 2 2
143 12 3
 0 0
 1 3
 2 0
144 3 3
 0 1
 1 0
 2 0
145 16 3
 0 3
 1 2
 2 1
146 4 3
 0 2
 1 0
 2 2
147 1 3
 0 1
 1 0
 2 0
148 14 3
 0 2
 1 0
 2 0
149 14 3
 0 0
 1 2
 2 0
150 12 3
 0 0
 1 1
 2 1
151 6 3
 0 1
 1 3
 2 0
152 14 3
 0 3
 1 0
 2 1
153 3 3
 0 3
 1 0
 2 3
154 9 3
 0 3
 1 2
 2 3
155 1 3
 0 0
 1 0
 2 3
156 17 3
 0 0
 1 0
 2 2
157 20 3
 0 1
 1 2
 2 3
158 19 3
 0 0
 1 0
 2 3
159 13 3
 0 1
 1 0
 2 0
160 12 3
 0 0
 1 1
 2 1
161 20 3
 0 0
 1 2
 2 1
162 17 3
 0 1
 1 0
 2 0
163 2 3
 0 1
 1 0
 2 0
164 13 3
 0 0
 1 2
 2 0
165 17 3
 0 0
 1 1
 2 3
166 16 3
 0 2
 1 3
 2 0
167 17 3
 0 1
 1 0
 2 0
168 12 3
 0 1
 1 0
 2 0
169 19 3
 0 0
 1 1
 2 0
170 20 3
 0 2
 1 0
 2 1
171 20 3
 0 2
 1 0
 2 0
172 18 3
 0 0
 1 2
 2 2
173 12 3
 0 3
 1 1
 2 0
174 4 3
 0 0
 1 2
 2 0
175 10 3
 0 2
 1 2
 2 1
176 10 3
 0 3
 1 2
 2 0
177 11 3
 0 3
 1 1
 2 3
178 13 3
 0 3
 1 2
 2 1
179 15 3
 0 2
 1 2
 2 3
180 17 3
 0 0
 1 0
 2 3
181 14 3
 0 0
 1 1
 2 1
182 11 3
 0 1
 1 3
 2 1
183 1 3
 0 2
 1 2
 2 2
184 6 3
 0 1
 1 2
 2 3
185 14 3
 0 0
 1 0
 2 3
186 8 3
 0 0
 1 1
 2 3
187 14 3
 0 2
 1 3
 2 1
188 11 3
 0 3
 1 3
 2 3
189 18 3
 0 2
 1 0
 2 2
190 7 3
 0 2
 1 2
 2 0
191 13 3
 0 3
 1 1
 2 0
192 6 3
 0 1
 1 1
 2 0
193 11 3
 0 0
 1 3
 2 2
194 5 3
 0 0
 1 1
 2 1
195 14 3
 0 2
 1 0
 2 0
196 11 3
 0 3
 1 1
 2 2
197 16 3
 0 3
 1 2
 2 0
198 12 3
 0 3
 1 0
 2 2
199 6 3
 0 0
 1 0
 2 1
200 9 3
 0 0
 1 2
 2 1
201 2 3
 0 1
 1 0
 2 0
202 5 3
 0 0
 1 2
 2 2
203 8 3
 0 0
 1 2
 2 1
204 15 3
 0 1
 1 1
 2 0
205 12 3
 0 2
 1 0
 2 0
206 18 3
 0 2
 1 1
 2 1
207 10 3
 0 0
 1 1
 2 0
208 5 3
 0 0
 1 0
 2 1
209 4 3
 0 1
 1 0
 2 0
210 10 3
 0 1
 1 1
 2 1
211 1 3
 0 0
 1 0
 2 1
212 4 3
 0 1
 1 3
 2 0
213 14 3
 0 1
 1 0
 2 2
214 10 3
 0 3
 1 1
 2 0
215 10 3
 0 0
 1 1
 2 0
216 11 3
 0 0
 1 1
 2 1
217 4 3
 0 0
 1 1
 2 0
218 5 3
 0 0
 1 2
 2 0
219 14 3
 0 1
 1 0
 2 0
220 8 3
 0 0
 1 0
 2 2
221 15 3
 0 3
 1 2
 2 3
222 16 3
 0 0
 1 2
 2 3
223 18 3
 0 0
 1 0
 2 1
224 17 3
 0 1
 1 1
 2 3
225 4 3
 0 1
 1 0
 2 3
226 19 3
 0 3
 1 0
 2 0
227 16 3
 0 0
 1 1
 2 3
228 8 3
 0 3
 1 1
 2 1
229 4 3
 0 2
 1 2
 2 1
230 11 3
 0 3
 1 1
 2 3
231 11 3
 0 0
 1 0
 2 1
232 8 3
 0 0
 1 0
 2 2
233 10 3
 0 3
 1 2
 2 3
234 8 3
 0 1
 1 0
 2 2
235 4 3
 0 2
 1 0
 2 3
236 16 3
 0 1
 1 3
 2 2
237 13 3
 0 1
 1 0
 2 0
238 19 3
 0 1
 1 0
 2 0
239 15 3
 0 0
 1 3
 2 0
240 0 3
 0 0
 1 0
 2 0

# PRECEDENCES
532
0 1
0 22
0 43
0 64
0 85
0 106
0 127
0 148
0 169
0 190
0 211
0 232
1 2
1 22
1 23
2 3
2 23
2 24
3 4
3 24
3 25
4 5
4 25
5 6
5 26
6 7
6 27
7 8
7 28
8 9
8 29
9 10
9 30
9 31
10 11
10 31
11 12
11 32
11 33
12 13
12 33
13 14
13 34
13 35
14 15
14 35
14 36
15 16
15 36
16 17
16 37
17 18
17 38
18 19
18 39
19 20
19 40
19 41
20 21
20 41
21 42
21 240
22 23
22 43
23 24
23 44
24 25
24 45
25 26
25 46
25 47
26 27
26 47
27 28
27 48
28 29
28 49
29 30
29 50
30 31
30 51
31 32
31 52
32 33
32 53
33 34
33 54
34 35
34 55
35 36
35 56
36 37
36 57
37 38
37 58
38 39
38 59
39 40
39 60
39 61
40 41
40 61
41 42
41 62
42 63
42 240
43 44
43 64
44 45
44 65
44 66
45 46
45 66
46 47
46 67
47 48
47 68
48 49
48 69
49 50
49 70
50 51
50 71
51 52
51 72
52 53
52 73
52 74
53 54
53 74
54 55
54 75
55 56
55 76
56 57
56 77
57 58
57 78
58 59
58 79
59 60
59 80
60 61
60 81
61 62
61 82
62 63
62 83
63 84
63 240
64 65
64 85
64 86
65 66
65 86
66 67
66 87
67 68
67 88
68 69
68 89
68 90
69 70
69 90
70 71
70 91
71 72
71 92
72 73
72 93
73 74
73 94
73 95
74 75
74 95
75 76
75 96
75 97
76 77
76 97
76 98
77 78
77 98
77 99
78 79
78 99
79 80
79 100
79 101
80 81
80 101
81 82
81 102
82 83
82 103
83 84
83 104
84 105
84 240
85 86
85 106
86 87
86 107
87 88
87 108
87 109
88 89
88 109
89 90
89 110
90 91
90 111
90 112
91 92
91 112
92 93
92 113
93 94
93 114
93 115
94 95
94 115
95 96
95 116
95 117
96 97
96 117
97 98
97 118
98 99
98 119
99 100
99 120
100 101
100 121
101 102
101 122
101 123
102 103
102 123
103 104
103 124
104 105
104 125
105 126
105 240
106 107
106 127
107 108
107 128
108 109
108 129
109 110
109 130
110 111
110 131
110 132
111 112
111 132
112 113
112 133
112 134
113 114
113 134
114 115
114 135
115 116
115 136
116 117
116 137
117 118
117 138
118 119
118 139
118 140
119 120
119 140
120 121
120 141
121 122
121 142
122 123
122 143
123 124
123 144
123 145
124 125
124 145
124 146
125 126
125 146
126 147
126 240
127 128
127 148
128 129
128 149
129 130
129 150
130 131
130 151
131 132
131 152
132 133
132 153
133 134
133 154
134 135
134 155
134 156
135 136
135 156
135 157
136 137
136 157
137 138
137 158
138 139
138 159
138 160
139 140
139 160
140 141
140 161
141 142
141 162
142 143
142 163
143 144
143 164
143 165
144 145
144 165
145 146
145 166
145 167
146 147
146 167
147 168
147 240
148 149
148 169
149 150
149 170
150 151
150 171
151 152
151 172
152 153
152 173
153 154
153 174
154 155
154 175
155 156
155 176
155 177
156 157
156 177
156 178
157 158
157 178
158 159
158 179
158 180
159 160
159 180
160 161
160 181
161 162
161 182
162 163
162 183
163 164
163 184
164 165
164 185
164 186
165 166
165 186
165 187
166 167
166 187
167 168
167 188
168 189
168 240
169 170
169 190
170 171
170 191
171 172
171 192
172 173
172 193
173 174
173 194
174 175
174 195
174 196
175 176
175 196
176 177
176 197
176 198
177 178
177 198
177 199
178 179
178 199
179 180
179 200
180 181
180 201
181 182
181 202
182 183
182 203
182 204
183 184
183 204
184 185
184 205
184 206
185 186
185 206
186 187
186 207
186 208
187 188
187 208
188 189
188 209
189 210
189 240
190 191
190 211
191 192
191 212
192 193
192 213
192 214
193 194
193 214
194 195
194 215
195 196
195 216
195 217
196 197
196 217
197 198
197 218
197 219
198 199
198 219
199 200
199 220
199 221
200 201
200 221
201 202
201 222
201 223
202 203
202 223
203 204
203 224
204 205
204 225
205 206
205 226
206 207
206 227
207 208
207 228
207 229
208 209
208 229
208 230
209 210
209 230
210 231
210 240
211 212
211 232
212 213
212 233
212 234
213 214
213 234
214 215
214 235
215 216
215 236
215 237
216 217
216 237
216 238
217 218
217 238
217 239
218 219
218 239
219 220
220 221
221 222
222 223
223 224
224 225
225 226
226 227
227 228
228 229
229 230
230 231
231 240
232 233
232 240
233 234
233 240
234 235
234 240
235 236
235 240
236 237
236 240
237 238
237 240
238 239
238 240
239 240
