# Tier 6 (Large) - Instance 48
# Generated with config: N=81, K=5, topology=grid, calendar=heavy_end

# HEADER: <num_tasks> <num_types> <num_units>
83 5 42

# RESOURCE TYPES
# Format: <type_id> <num_units> <unit_id1> <unit_id2> ...
0 8 0 1 2 3 4 5 6 7
1 9 8 9 10 11 12 13 14 15 16
2 7 17 18 19 20 21 22 23
3 10 24 25 26 27 28 29 30 31 32 33
4 8 34 35 36 37 38 39 40 41

# RESOURCE UNITS (Calendars)
# Format: <unit_id> <num_steps> <t1> <v1> <t2> <v2> ...
0 20 0 100 136 0 140 100 251 0 254 100 344 0 346 100 376 0 378 100 406 0 408 100 507 0 511 100 542 0 545 100 576 0 581 100 609 0 611 100 652 0
1 20 0 100 87 0 91 100 107 0 111 100 149 0 153 100 244 0 246 100 349 0 353 100 414 0 419 100 455 0 457 100 485 0 490 100 634 0 637 100 652 0
2 24 0 100 69 0 74 100 358 0 363 100 419 0 423 100 493 0 496 100 513 0 518 100 560 0 564 100 566 0 569 100 577 0 579 100 615 0 619 100 630 0 634 100 642 0 644 100 652 0
3 20 0 100 115 0 118 100 122 0 126 100 184 0 187 100 256 0 260 100 307 0 310 100 347 0 351 100 363 0 368 100 538 0 543 100 580 0 584 100 652 0
4 22 0 100 39 0 43 100 111 0 116 100 187 0 189 100 310 0 314 100 344 0 349 100 412 0 417 100 431 0 433 100 592 0 597 100 617 0 619 100 647 0 649 100 652 0
5 24 0 100 8 0 12 100 65 0 67 100 94 0 97 100 243 0 246 100 408 0 412 100 449 0 454 100 476 0 479 100 559 0 562 100 610 0 614 100 641 0 643 100 647 0 651 100 652 0
6 20 0 100 73 0 78 100 133 0 137 100 429 0 431 100 440 0 442 100 460 0 465 100 501 0 505 100 506 0 511 100 629 0 632 100 636 0 639 100 652 0
7 22 0 100 103 0 107 100 159 0 161 100 169 0 173 100 224 0 226 100 353 0 355 100 480 0 483 100 491 0 494 100 516 0 521 100 562 0 567 100 647 0 650 100 652 0
8 18 0 100 434 0 438 100 451 0 454 100 460 0 463 100 569 0 572 100 600 0 602 100 612 0 616 100 626 0 630 100 647 0 649 100 652 0
9 20 0 100 337 0 340 100 377 0 380 100 438 0 440 100 493 0 495 100 535 0 539 100 568 0 571 100 614 0 621 100 625 0 630 100 647 0 651 100 652 0
10 22 0 100 71 0 76 100 81 0 84 100 388 0 391 100 479 0 481 100 517 0 520 100 523 0 525 100 554 0 556 100 570 0 572 100 582 0 584 100 587 0 588 100 652 0
11 24 0 100 57 0 62 100 73 0 77 100 220 0 223 100 238 0 242 100 303 0 308 100 344 0 348 100 351 0 354 100 467 0 470 100 599 0 604 100 622 0 624 100 647 0 651 100 652 0
12 20 0 100 14 0 17 100 243 0 246 100 501 0 506 100 528 0 531 100 540 0 544 100 552 0 555 100 624 0 627 100 634 0 638 100 647 0 649 100 652 0
13 20 0 100 130 0 135 100 183 0 185 100 234 0 236 100 264 0 266 100 303 0 307 100 427 0 430 100 478 0 482 100 592 0 597 100 636 0 641 100 652 0
14 20 0 100 50 0 52 100 65 0 69 100 148 0 150 100 274 0 278 100 406 0 408 100 432 0 436 100 530 0 533 100 641 0 645 100 647 0 649 100 652 0
15 20 0 100 50 0 54 100 257 0 260 100 366 0 369 100 372 0 377 100 384 0 386 100 415 0 417 100 429 0 433 100 537 0 540 100 626 0 635 100 652 0
16 22 0 100 254 0 256 100 269 0 273 100 314 0 319 100 335 0 339 100 344 0 347 100 463 0 468 100 560 0 563 100 606 0 610 100 636 0 638 100 645 0 648 100 652 0
17 22 0 100 95 0 98 100 111 0 114 100 159 0 161 100 211 0 213 100 226 0 230 100 259 0 262 100 335 0 339 100 456 0 459 100 487 0 490 100 632 0 637 100 652 0
18 22 0 100 13 0 15 100 47 0 52 100 126 0 130 100 173 0 176 100 270 0 275 100 331 0 336 100 345 0 350 100 539 0 541 100 621 0 624 100 647 0 651 100 652 0
19 22 0 100 117 0 121 100 332 0 334 100 339 0 341 100 469 0 473 100 483 0 487 100 490 0 495 100 531 0 536 100 557 0 561 100 566 0 569 100 617 0 620 100 652 0
20 20 0 100 82 0 85 100 337 0 340 100 397 0 400 100 404 0 406 100 411 0 416 100 524 0 526 100 529 0 532 100 626 0 632 100 643 0 647 100 652 0
21 24 0 100 22 0 24 100 41 0 45 100 101 0 103 100 213 0 218 100 240 0 242 100 273 0 278 100 409 0 414 100 447 0 451 100 471 0 473 100 551 0 556 100 647 0 649 100 652 0
22 22 0 100 28 0 33 100 249 0 252 100 347 0 352 100 362 0 366 100 402 0 404 100 407 0 412 100 417 0 422 100 489 0 493 100 590 0 594 100 612 0 616 100 652 0
23 24 0 100 137 0 139 100 173 0 177 100 243 0 247 100 350 0 355 100 368 0 370 100 395 0 398 100 406 0 409 100 440 0 443 100 450 0 453 100 548 0 551 100 647 0 650 100 652 0
24 22 0 100 27 0 31 100 40 0 43 100 306 0 310 100 379 0 383 100 506 0 508 100 528 0 532 100 606 0 608 100 621 0 624 100 627 0 630 100 647 0 649 100 652 0
25 22 0 100 28 0 33 100 152 0 154 100 259 0 263 100 466 0 470 100 471 0 474 100 490 0 493 100 607 0 610 100 616 0 619 100 640 0 642 100 647 0 650 100 652 0
26 20 0 100 5 0 8 100 175 0 178 100 266 0 270 100 337 0 342 100 368 0 373 100 470 0 475 100 592 0 594 100 626 0 630 100 643 0 650 100 652 0
27 20 0 100 140 0 144 100 208 0 210 100 271 0 274 100 282 0 284 100 287 0 290 100 415 0 418 100 596 0 601 100 629 0 632 100 647 0 649 100 652 0
28 24 0 100 238 0 241 100 381 0 386 100 433 0 437 100 442 0 446 100 463 0 466 100 494 0 499 100 500 0 505 100 517 0 520 100 576 0 581 100 584 0 589 100 647 0 649 100 652 0
29 24 0 100 57 0 59 100 192 0 196 100 199 0 203 100 386 0 389 100 411 0 413 100 481 0 484 100 490 0 494 100 498 0 502 100 632 0 635 100 641 0 645 100 647 0 650 100 652 0
30 24 0 100 147 0 151 100 187 0 189 100 284 0 287 100 289 0 293 100 328 0 331 100 362 0 366 100 453 0 457 100 462 0 465 100 547 0 551 100 557 0 560 100 647 0 649 100 652 0
31 24 0 100 30 0 33 100 160 0 164 100 214 0 216 100 350 0 353 100 487 0 489 100 569 0 571 100 604 0 606 100 619 0 623 100 624 0 628 100 630 0 633 100 642 0 647 100 652 0
32 24 0 100 379 0 381 100 415 0 418 100 526 0 528 100 532 0 535 100 545 0 548 100 553 0 555 100 592 0 596 100 598 0 603 100 610 0 612 100 620 0 623 100 642 0 646 100 652 0
33 20 0 100 166 0 168 100 270 0 275 100 334 0 337 100 414 0 416 100 420 0 423 100 491 0 494 100 576 0 578 100 593 0 596 100 647 0 650 100 652 0
34 18 0 100 40 0 42 100 189 0 192 100 311 0 315 100 365 0 370 100 424 0 429 100 516 0 521 100 560 0 565 100 634 0 639 100 652 0
35 22 0 100 269 0 271 100 403 0 406 100 438 0 443 100 471 0 474 100 496 0 499 100 510 0 514 100 561 0 564 100 575 0 577 100 591 0 594 100 646 0 649 100 652 0
36 20 0 100 86 0 88 100 152 0 155 100 271 0 276 100 301 0 303 100 324 0 328 100 409 0 412 100 427 0 431 100 636 0 640 100 647 0 649 100 652 0
37 24 0 100 135 0 138 100 142 0 145 100 182 0 186 100 212 0 216 100 258 0 261 100 430 0 435 100 489 0 494 100 499 0 501 100 559 0 563 100 582 0 585 100 647 0 650 100 652 0
38 24 0 100 147 0 152 100 227 0 230 100 448 0 452 100 468 0 471 100 472 0 474 100 595 0 600 100 608 0 613 100 621 0 624 100 633 0 635 100 637 0 639 100 647 0 649 100 652 0
39 20 0 100 95 0 97 100 123 0 128 100 192 0 197 100 269 0 273 100 481 0 485 100 541 0 544 100 601 0 603 100 634 0 639 100 647 0 649 100 652 0
40 22 0 100 253 0 255 100 310 0 312 100 368 0 371 100 419 0 424 100 516 0 521 100 531 0 534 100 571 0 576 100 592 0 597 100 634 0 639 100 647 0 651 100 652 0
41 20 0 100 44 0 49 100 119 0 122 100 230 0 232 100 293 0 297 100 324 0 326 100 586 0 589 100 601 0 603 100 613 0 615 100 647 0 649 100 652 0

# TASKS
# Format: <task_id> <size> <num_reqs>
# Then for each requirement: <type_id> <qty>
0 0 5
 0 0
 1 0
 2 0
 3 0
 4 0
1 13 5
 0 2
 1 0
 2 3
 3 2
 4 3
2 4 5
 0 3
 1 1
 2 0
 3 2
 4 1
3 13 5
 0 1
 1 3
 2 0
 3 1
 4 1
4 6 5
 0 3
 1 3
 2 3
 3 0
 4 0
5 15 5
 0 2
 1 1
 2 2
 3 3
 4 3
6 7 5
 0 0
 1 2
 2 0
 3 0
 4 0
7 10 5
 0 0
 1 3
 2 3
 3 3
 4 3
8 8 5
 0 0
 1 3
 2 1
 3 0
 4 1
9 8 5
 0 3
 1 2
 2 1
 3 2
 4 0
10 11 5
 0 3
 1 0
 2 2
 3 0
 4 1
11 14 5
 0 3
 1 2
 2 1
 3 0
 4 2
12 13 5
 0 3
 1 0
 2 0
 3 0
 4 1
13 14 5
 0 0
 1 0
 2 2
 3 3
 4 0
14 3 5
 0 3
 1 3
 2 0
 3 3
 4 0
15 3 5
 0 0
 1 2
 2 3
 3 0
 4 1
16 9 5
 0 0
 1 0
 2 2
 3 0
 4 3
17 11 5
 0 0
 1 2
 2 1
 3 1
 4 1
18 10 5
 0 0
 1 3
 2 0
 3 0
 4 0
19 15 5
 0 3
 1 1
 2 1
 3 3
 4 2
20 9 5
 0 0
 1 3
 2 2
 3 2
 4 1
21 6 5
 0 2
 1 1
 2 2
 3 2
 4 2
22 6 5
 0 1
 1 0
 2 2
 3 3
 4 2
23 11 5
 0 3
 1 1
 2 2
 3 2
 4 3
24 7 5
 0 0
 1 1
 2 0
 3 3
 4 3
25 13 5
 0 1
 1 3
 2 0
 3 1
 4 3
26 15 5
 0 1
 1 0
 2 3
 3 0
 4 2
27 10 5
 0 0
 1 0
 2 2
 3 1
 4 3
28 7 5
 0 3
 1 2
 2 1
 3 3
 4 3
29 4 5
 0 3
 1 2
 2 3
 3 1
 4 2
30 8 5
 0 3
 1 3
 2 2
 3 1
 4 2
31 12 5
 0 3
 1 0
 2 1
 3 3
 4 1
32 12 5
 0 3
 1 2
 2 1
 3 1
 4 1
33 4 5
 0 0
 1 3
 2 2
 3 2
 4 0
34 5 5
 0 0
 1 2
 2 1
 3 1
 4 0
35 5 5
 0 0
 1 1
 2 2
 3 2
 4 2
36 4 5
 0 3
 1 1
 2 1
 3 3
 4 3
37 14 5
 0 3
 1 0
 2 0
 3 1
 4 1
38 7 5
 0 0
 1 2
 2 2
 3 2
 4 2
39 5 5
 0 1
 1 2
 2 3
 3 1
 4 1
40 13 5
 0 0
 1 0
 2 1
 3 3
 4 0
41 14 5
 0 0
 1 2
 2 2
 3 3
 4 2
42 8 5
 0 1
 1 0
 2 1
 3 3
 4 0
43 6 5
 0 0
 1 3
 2 0
 3 2
 4 0
44 12 5
 0 3
 1 0
 2 0
 3 2
 4 3
45 8 5
 0 2
 1 3
 2 1
 3 0
 4 1
46 4 5
 0 1
 1 3
 2 3
 3 1
 4 0
47 9 5
 0 3
 1 0
 2 0
 3 3
 4 0
48 4 5
 0 3
 1 0
 2 1
 3 3
 4 2
49 3 5
 0 1
 1 3
 2 1
 3 0
 4 0
50 15 5
 0 2
 1 0
 2 0
 3 0
 4 1
51 14 5
 0 0
 1 3
 2 0
 3 2
 4 0
52 14 5
 0 1
 1 3
 2 2
 3 1
 4 0
53 12 5
 0 1
 1 2
 2 3
 3 3
 4 2
54 9 5
 0 1
 1 2
 2 3
 3 3
 4 1
55 4 5
 0 2
 1 3
 2 0
 3 0
 4 0
56 3 5
 0 2
 1 0
 2 0
 3 0
 4 2
57 4 5
 0 0
 1 0
 2 1
 3 2
 4 3
58 9 5
 0 0
 1 0
 2 2
 3 3
 4 3
59 3 5
 0 3
 1 2
 2 2
 3 3
 4 3
60 10 5
 0 1
 1 1
 2 3
 3 0
 4 0
61 3 5
 0 0
 1 1
 2 1
 3 1
 4 0
62 12 5
 0 2
 1 0
 2 1
 3 2
 4 1
63 13 5
 0 3
 1 0
 2 3
 3 1
 4 3
64 4 5
 0 0
 1 0
 2 3
 3 2
 4 3
65 9 5
 0 0
 1 3
 2 1
 3 0
 4 1
66 15 5
 0 0
 1 1
 2 1
 3 3
 4 3
67 10 5
 0 3
 1 2
 2 0
 3 1
 4 1
68 5 5
 0 3
 1 2
 2 0
 3 2
 4 1
69 13 5
 0 2
 1 0
 2 0
 3 3
 4 0
70 12 5
 0 1
 1 3
 2 0
 3 1
 4 3
71 15 5
 0 2
 1 1
 2 3
 3 3
 4 0
72 3 5
 0 0
 1 0
 2 3
 3 3
 4 0
73 4 5
 0 3
 1 2
 2 0
 3 1
 4 1
74 15 5
 0 1
 1 0
 2 0
 3 0
 4 2
75 8 5
 0 1
 1 3
 2 1
 3 1
 4 3
76 12 5
 0 0
 1 0
 2 0
 3 0
 4 1
77 10 5
 0 0
 1 3
 2 3
 3 1
 4 0
78 10 5
 0 3
 1 3
 2 3
 3 3
 4 0
79 6 5
 0 3
 1 2
 2 2
 3 0
 4 3
80 14 5
 0 2
 1 0
 2 2
 3 1
 4 0
81 7 5
 0 1
 1 0
 2 3
 3 2
 4 3
82 0 5
 0 0
 1 0
 2 0
 3 0
 4 0

# PRECEDENCES
162
24 33
67 68
44 45
61 70
20 29
8 9
0 5
40 41
2 11
57 66
74 82
53 62
41 42
30 39
73 74
25 34
35 44
14 15
0 7
31 40
74 75
68 77
27 36
15 16
47 48
42 43
64 73
59 68
38 39
5 14
48 49
60 69
0 9
80 81
75 76
1 10
16 17
71 72
81 82
33 42
12 13
22 23
77 78
0 2
29 38
49 50
66 75
13 14
55 56
7 16
50 51
62 71
72 81
51 52
3 12
46 47
58 67
23 24
78 79
40 49
19 20
36 45
24 25
79 80
56 57
63 72
73 82
32 41
20 21
52 53
4 13
77 82
14 23
57 58
69 78
75 82
10 19
53 54
65 74
30 31
79 82
37 46
25 26
47 56
6 15
26 27
21 22
43 52
31 32
38 47
70 79
17 18
39 48
34 43
11 20
64 65
71 80
5 6
60 61
12 21
67 76
44 53
80 82
1 2
0 4
8 17
28 29
45 54
41 50
29 30
18 27
51 60
61 62
0 6
2 3
9 18
19 28
62 63
56 65
15 24
3 4
58 59
35 36
42 51
52 61
0 8
48 57
68 69
76 82
32 33
16 25
4 5
59 60
26 35
69 70
21 30
78 82
0 1
22 31
10 11
65 66
17 26
49 58
37 38
54 63
6 7
13 22
33 34
55 64
43 44
50 59
70 71
39 40
0 3
46 55
34 35
23 32
11 12
66 67
76 77
28 37
7 8
