# Tier 6 (Large) - Instance 12
# Generated with config: N=138, K=5, topology=random_dag, calendar=staggered

# HEADER: <num_tasks> <num_types> <num_units>
140 5 34

# RESOURCE TYPES
# Format: <type_id> <num_units> <unit_id1> <unit_id2> ...
0 6 0 1 2 3 4 5
1 6 6 7 8 9 10 11
2 10 12 13 14 15 16 17 18 19 20 21
3 6 22 23 24 25 26 27
4 6 28 29 30 31 32 33

# RESOURCE UNITS (Calendars)
# Format: <unit_id> <num_steps> <t1> <v1> <t2> <v2> ...
0 20 0 100 67 0 79 100 134 0 146 100 201 0 210 100 268 0 276 100 335 0 342 100 402 0 409 100 469 0 476 100 536 0 546 100 603 0 614 100 674 0
1 20 0 100 86 0 96 100 153 0 164 100 220 0 228 100 287 0 299 100 354 0 365 100 421 0 433 100 488 0 495 100 555 0 567 100 622 0 629 100 674 0
2 20 0 100 105 0 112 100 172 0 181 100 239 0 250 100 306 0 315 100 373 0 385 100 440 0 450 100 507 0 518 100 574 0 582 100 641 0 651 100 674 0
3 20 0 100 124 0 136 100 191 0 200 100 258 0 269 100 325 0 337 100 392 0 404 100 459 0 469 100 526 0 535 100 593 0 605 100 660 0 670 100 674 0
4 20 0 100 5 0 14 100 143 0 155 100 210 0 221 100 277 0 289 100 344 0 354 100 411 0 420 100 478 0 488 100 545 0 552 100 612 0 620 100 674 0
5 20 0 100 24 0 34 100 162 0 171 100 229 0 239 100 296 0 303 100 363 0 375 100 430 0 442 100 497 0 508 100 564 0 576 100 631 0 641 100 674 0
6 20 0 100 43 0 50 100 181 0 193 100 248 0 260 100 315 0 323 100 382 0 394 100 449 0 461 100 516 0 523 100 583 0 593 100 650 0 658 100 674 0
7 18 0 100 62 0 73 100 200 0 208 100 267 0 277 100 334 0 346 100 401 0 409 100 468 0 477 100 535 0 543 100 602 0 612 100 674 0
8 20 0 100 14 0 24 100 81 0 89 100 219 0 227 100 286 0 296 100 353 0 362 100 420 0 430 100 487 0 494 100 554 0 565 100 621 0 628 100 674 0
9 20 0 100 33 0 44 100 100 0 109 100 238 0 248 100 305 0 313 100 372 0 384 100 439 0 450 100 506 0 516 100 573 0 583 100 640 0 647 100 674 0
10 20 0 100 52 0 61 100 119 0 131 100 257 0 268 100 324 0 331 100 391 0 401 100 458 0 470 100 525 0 536 100 592 0 601 100 659 0 670 100 674 0
11 20 0 100 4 0 11 100 71 0 79 100 138 0 150 100 276 0 283 100 343 0 355 100 410 0 419 100 477 0 488 100 544 0 551 100 611 0 623 100 674 0
12 20 0 100 23 0 32 100 90 0 100 100 157 0 165 100 295 0 303 100 362 0 372 100 429 0 441 100 496 0 503 100 563 0 574 100 630 0 638 100 674 0
13 20 0 100 42 0 50 100 109 0 118 100 176 0 188 100 314 0 323 100 381 0 388 100 448 0 460 100 515 0 525 100 582 0 590 100 649 0 657 100 674 0
14 18 0 100 61 0 73 100 128 0 139 100 195 0 207 100 333 0 344 100 400 0 409 100 467 0 476 100 534 0 541 100 601 0 611 100 674 0
15 20 0 100 13 0 23 100 80 0 89 100 147 0 156 100 214 0 224 100 352 0 363 100 419 0 431 100 486 0 493 100 553 0 565 100 620 0 631 100 674 0
16 20 0 100 32 0 41 100 99 0 107 100 166 0 178 100 233 0 241 100 371 0 382 100 438 0 449 100 505 0 516 100 572 0 583 100 639 0 650 100 674 0
17 20 0 100 51 0 58 100 118 0 127 100 185 0 194 100 252 0 262 100 390 0 398 100 457 0 469 100 524 0 536 100 591 0 600 100 658 0 669 100 674 0
18 20 0 100 3 0 15 100 70 0 79 100 137 0 144 100 204 0 211 100 271 0 281 100 409 0 416 100 476 0 483 100 543 0 550 100 610 0 620 100 674 0
19 20 0 100 22 0 29 100 89 0 96 100 156 0 163 100 223 0 232 100 290 0 299 100 428 0 435 100 495 0 503 100 562 0 569 100 629 0 639 100 674 0
20 20 0 100 41 0 49 100 108 0 115 100 175 0 185 100 242 0 251 100 309 0 321 100 447 0 458 100 514 0 522 100 581 0 589 100 648 0 659 100 674 0
21 18 0 100 60 0 70 100 127 0 137 100 194 0 202 100 261 0 273 100 328 0 339 100 466 0 475 100 533 0 544 100 600 0 607 100 674 0
22 20 0 100 12 0 22 100 79 0 86 100 146 0 155 100 213 0 221 100 280 0 290 100 347 0 355 100 485 0 495 100 552 0 562 100 619 0 627 100 674 0
23 20 0 100 31 0 41 100 98 0 107 100 165 0 173 100 232 0 244 100 299 0 310 100 366 0 378 100 504 0 514 100 571 0 578 100 638 0 648 100 674 0
24 20 0 100 50 0 61 100 117 0 126 100 184 0 192 100 251 0 258 100 318 0 328 100 385 0 395 100 523 0 531 100 590 0 597 100 657 0 666 100 674 0
25 20 0 100 2 0 11 100 69 0 78 100 136 0 147 100 203 0 215 100 270 0 282 100 337 0 345 100 404 0 414 100 542 0 553 100 609 0 617 100 674 0
26 20 0 100 21 0 31 100 88 0 99 100 155 0 165 100 222 0 229 100 289 0 297 100 356 0 368 100 423 0 431 100 561 0 568 100 628 0 637 100 674 0
27 20 0 100 40 0 49 100 107 0 117 100 174 0 182 100 241 0 248 100 308 0 315 100 375 0 386 100 442 0 452 100 580 0 592 100 647 0 658 100 674 0
28 20 0 100 59 0 66 100 126 0 133 100 193 0 201 100 260 0 271 100 327 0 339 100 394 0 402 100 461 0 470 100 599 0 609 100 666 0 673 100 674 0
29 20 0 100 11 0 23 100 78 0 85 100 145 0 155 100 212 0 220 100 279 0 290 100 346 0 353 100 413 0 425 100 480 0 491 100 618 0 627 100 674 0
30 20 0 100 30 0 37 100 97 0 109 100 164 0 172 100 231 0 238 100 298 0 308 100 365 0 373 100 432 0 443 100 499 0 509 100 637 0 645 100 674 0
31 20 0 100 49 0 56 100 116 0 123 100 183 0 192 100 250 0 257 100 317 0 324 100 384 0 392 100 451 0 459 100 518 0 530 100 656 0 664 100 674 0
32 20 0 100 1 0 12 100 68 0 76 100 135 0 145 100 202 0 210 100 269 0 279 100 336 0 346 100 403 0 412 100 470 0 482 100 537 0 545 100 674 0
33 20 0 100 20 0 32 100 87 0 99 100 154 0 165 100 221 0 231 100 288 0 296 100 355 0 364 100 422 0 429 100 489 0 496 100 556 0 566 100 674 0

# TASKS
# Format: <task_id> <size> <num_reqs>
# Then for each requirement: <type_id> <qty>
0 0 5
 0 0
 1 0
 2 0
 3 0
 4 0
1 10 5
 0 1
 1 0
 2 1
 3 1
 4 2
2 8 5
 0 1
 1 1
 2 0
 3 2
 4 0
3 10 5
 0 3
 1 0
 2 3
 3 1
 4 3
4 10 5
 0 1
 1 3
 2 2
 3 1
 4 2
5 7 5
 0 0
 1 3
 2 2
 3 2
 4 3
6 6 5
 0 0
 1 0
 2 2
 3 1
 4 0
7 4 5
 0 3
 1 2
 2 3
 3 0
 4 3
8 4 5
 0 3
 1 3
 2 2
 3 2
 4 1
9 12 5
 0 3
 1 1
 2 3
 3 0
 4 2
10 12 5
 0 3
 1 1
 2 0
 3 0
 4 2
11 12 5
 0 1
 1 1
 2 1
 3 0
 4 3
12 4 5
 0 3
 1 1
 2 2
 3 0
 4 2
13 8 5
 0 1
 1 0
 2 0
 3 1
 4 3
14 5 5
 0 0
 1 1
 2 2
 3 0
 4 3
15 15 5
 0 2
 1 3
 2 0
 3 0
 4 1
16 11 5
 0 0
 1 2
 2 1
 3 2
 4 0
17 12 5
 0 0
 1 3
 2 2
 3 1
 4 3
18 4 5
 0 3
 1 3
 2 2
 3 0
 4 0
19 9 5
 0 1
 1 2
 2 0
 3 3
 4 0
20 11 5
 0 1
 1 0
 2 3
 3 3
 4 0
21 9 5
 0 3
 1 0
 2 3
 3 1
 4 1
22 14 5
 0 0
 1 1
 2 0
 3 3
 4 0
23 9 5
 0 2
 1 3
 2 0
 3 1
 4 3
24 6 5
 0 3
 1 1
 2 2
 3 2
 4 1
25 13 5
 0 2
 1 2
 2 3
 3 1
 4 2
26 9 5
 0 1
 1 1
 2 0
 3 2
 4 2
27 5 5
 0 3
 1 3
 2 2
 3 3
 4 1
28 6 5
 0 1
 1 1
 2 0
 3 0
 4 0
29 12 5
 0 3
 1 0
 2 3
 3 1
 4 0
30 5 5
 0 1
 1 3
 2 2
 3 2
 4 1
31 10 5
 0 0
 1 0
 2 1
 3 3
 4 3
32 14 5
 0 3
 1 3
 2 1
 3 1
 4 2
33 11 5
 0 1
 1 1
 2 3
 3 3
 4 1
34 13 5
 0 0
 1 2
 2 3
 3 2
 4 0
35 9 5
 0 0
 1 0
 2 3
 3 3
 4 2
36 13 5
 0 0
 1 1
 2 2
 3 2
 4 1
37 12 5
 0 2
 1 1
 2 3
 3 0
 4 0
38 14 5
 0 1
 1 0
 2 1
 3 0
 4 1
39 7 5
 0 3
 1 1
 2 3
 3 0
 4 1
40 3 5
 0 1
 1 2
 2 1
 3 3
 4 3
41 3 5
 0 1
 1 3
 2 0
 3 0
 4 3
42 13 5
 0 3
 1 0
 2 2
 3 2
 4 3
43 7 5
 0 0
 1 2
 2 0
 3 3
 4 3
44 15 5
 0 2
 1 1
 2 3
 3 0
 4 0
45 4 5
 0 1
 1 0
 2 0
 3 1
 4 1
46 12 5
 0 0
 1 3
 2 3
 3 2
 4 3
47 11 5
 0 2
 1 1
 2 2
 3 1
 4 1
48 4 5
 0 1
 1 2
 2 2
 3 3
 4 2
49 9 5
 0 2
 1 3
 2 1
 3 1
 4 1
50 10 5
 0 2
 1 2
 2 3
 3 2
 4 1
51 15 5
 0 3
 1 0
 2 1
 3 0
 4 1
52 14 5
 0 0
 1 0
 2 0
 3 1
 4 0
53 15 5
 0 3
 1 3
 2 3
 3 1
 4 1
54 3 5
 0 1
 1 1
 2 2
 3 0
 4 0
55 10 5
 0 2
 1 2
 2 3
 3 2
 4 3
56 15 5
 0 3
 1 0
 2 2
 3 0
 4 0
57 8 5
 0 1
 1 1
 2 0
 3 0
 4 2
58 15 5
 0 3
 1 0
 2 1
 3 3
 4 0
59 13 5
 0 0
 1 3
 2 3
 3 1
 4 1
60 10 5
 0 1
 1 0
 2 2
 3 1
 4 0
61 4 5
 0 3
 1 3
 2 1
 3 2
 4 0
62 7 5
 0 0
 1 3
 2 1
 3 3
 4 1
63 9 5
 0 0
 1 3
 2 3
 3 0
 4 2
64 4 5
 0 3
 1 3
 2 3
 3 0
 4 2
65 4 5
 0 2
 1 3
 2 2
 3 3
 4 1
66 11 5
 0 1
 1 3
 2 3
 3 2
 4 1
67 10 5
 0 2
 1 1
 2 3
 3 1
 4 0
68 12 5
 0 0
 1 3
 2 1
 3 1
 4 3
69 10 5
 0 1
 1 1
 2 0
 3 0
 4 0
70 5 5
 0 3
 1 2
 2 0
 3 3
 4 3
71 13 5
 0 1
 1 0
 2 1
 3 0
 4 0
72 4 5
 0 1
 1 1
 2 0
 3 0
 4 2
73 10 5
 0 0
 1 1
 2 2
 3 0
 4 2
74 5 5
 0 2
 1 2
 2 1
 3 3
 4 0
75 13 5
 0 2
 1 1
 2 2
 3 2
 4 2
76 9 5
 0 1
 1 0
 2 0
 3 0
 4 1
77 3 5
 0 2
 1 1
 2 0
 3 2
 4 2
78 15 5
 0 2
 1 0
 2 0
 3 0
 4 2
79 12 5
 0 2
 1 0
 2 1
 3 2
 4 0
80 5 5
 0 3
 1 3
 2 2
 3 3
 4 3
81 7 5
 0 3
 1 1
 2 3
 3 2
 4 0
82 11 5
 0 1
 1 2
 2 3
 3 3
 4 3
83 14 5
 0 2
 1 1
 2 3
 3 1
 4 0
84 3 5
 0 2
 1 0
 2 3
 3 1
 4 2
85 7 5
 0 0
 1 2
 2 1
 3 2
 4 0
86 5 5
 0 3
 1 0
 2 0
 3 3
 4 0
87 10 5
 0 0
 1 2
 2 2
 3 1
 4 3
88 7 5
 0 1
 1 3
 2 1
 3 1
 4 0
89 11 5
 0 0
 1 3
 2 3
 3 3
 4 2
90 14 5
 0 3
 1 2
 2 3
 3 0
 4 1
91 13 5
 0 0
 1 3
 2 1
 3 1
 4 2
92 6 5
 0 1
 1 1
 2 0
 3 1
 4 3
93 11 5
 0 0
 1 2
 2 0
 3 1
 4 1
94 14 5
 0 1
 1 1
 2 1
 3 2
 4 1
95 14 5
 0 2
 1 1
 2 1
 3 2
 4 1
96 7 5
 0 2
 1 2
 2 0
 3 2
 4 0
97 9 5
 0 0
 1 2
 2 3
 3 2
 4 3
98 7 5
 0 0
 1 1
 2 1
 3 0
 4 2
99 5 5
 0 0
 1 3
 2 3
 3 3
 4 2
100 13 5
 0 3
 1 1
 2 0
 3 0
 4 1
101 12 5
 0 3
 1 0
 2 1
 3 3
 4 2
102 7 5
 0 2
 1 3
 2 0
 3 3
 4 0
103 6 5
 0 0
 1 1
 2 3
 3 1
 4 1
104 13 5
 0 1
 1 0
 2 0
 3 1
 4 0
105 15 5
 0 1
 1 0
 2 3
 3 3
 4 3
106 8 5
 0 1
 1 2
 2 1
 3 0
 4 0
107 6 5
 0 0
 1 1
 2 0
 3 2
 4 2
108 10 5
 0 3
 1 3
 2 3
 3 0
 4 1
109 14 5
 0 3
 1 1
 2 0
 3 3
 4 3
110 13 5
 0 3
 1 2
 2 0
 3 2
 4 0
111 13 5
 0 1
 1 0
 2 3
 3 1
 4 2
112 11 5
 0 2
 1 3
 2 2
 3 3
 4 1
113 8 5
 0 2
 1 1
 2 2
 3 3
 4 2
114 6 5
 0 2
 1 0
 2 3
 3 3
 4 0
115 13 5
 0 1
 1 1
 2 0
 3 3
 4 1
116 11 5
 0 0
 1 0
 2 0
 3 3
 4 1
117 11 5
 0 1
 1 0
 2 0
 3 2
 4 0
118 12 5
 0 3
 1 2
 2 3
 3 2
 4 1
119 5 5
 0 1
 1 3
 2 1
 3 3
 4 3
120 6 5
 0 0
 1 1
 2 2
 3 2
 4 3
121 13 5
 0 0
 1 2
 2 0
 3 0
 4 0
122 8 5
 0 2
 1 3
 2 0
 3 3
 4 2
123 3 5
 0 3
 1 0
 2 2
 3 1
 4 1
124 4 5
 0 3
 1 0
 2 1
 3 3
 4 3
125 5 5
 0 2
 1 0
 2 1
 3 3
 4 1
126 13 5
 0 2
 1 1
 2 0
 3 0
 4 1
127 10 5
 0 1
 1 1
 2 2
 3 2
 4 1
128 12 5
 0 3
 1 0
 2 0
 3 2
 4 1
129 5 5
 0 0
 1 0
 2 0
 3 3
 4 0
130 3 5
 0 0
 1 1
 2 1
 3 3
 4 1
131 3 5
 0 1
 1 2
 2 1
 3 3
 4 1
132 12 5
 0 1
 1 2
 2 0
 3 2
 4 1
133 14 5
 0 0
 1 2
 2 3
 3 0
 4 3
134 11 5
 0 2
 1 3
 2 0
 3 2
 4 3
135 9 5
 0 2
 1 2
 2 0
 3 3
 4 1
136 7 5
 0 3
 1 1
 2 2
 3 2
 4 2
137 5 5
 0 2
 1 3
 2 0
 3 2
 4 3
138 14 5
 0 2
 1 0
 2 0
 3 0
 4 2
139 0 5
 0 0
 1 0
 2 0
 3 0
 4 0

# PRECEDENCES
1706
96 122
0 5
49 126
68 139
29 68
80 113
27 107
10 54
0 126
19 139
31 113
16 70
35 83
55 61
47 57
107 108
13 101
18 30
53 137
21 41
5 96
49 139
10 31
110 118
2 27
0 103
32 55
114 124
45 110
56 119
28 57
68 93
47 70
99 117
38 107
69 94
42 77
0 116
60 130
31 103
4 86
72 104
84 115
35 73
6 15
97 133
58 62
22 139
40 44
101 139
48 133
94 100
0 93
12 67
13 32
30 115
24 41
35 50
33 126
52 139
37 96
16 73
128 134
26 86
6 28
38 97
3 139
36 136
69 84
80 93
0 70
11 79
39 61
30 92
31 57
23 53
82 139
0 106
53 81
105 128
33 139
46 78
86 114
38 74
57 87
3 116
117 138
15 90
8 51
27 64
11 56
10 11
2 7
8 87
0 83
12 57
63 139
64 67
75 113
72 107
51 133
17 28
68 73
7 63
26 76
67 114
86 127
36 126
55 139
15 103
28 122
101 106
0 60
20 38
11 69
91 98
83 94
75 90
40 132
81 133
6 139
44 102
37 63
124 131
108 123
66 126
26 53
85 139
24 129
89 109
15 80
27 54
0 37
30 59
36 139
9 122
0 73
112 134
115 139
41 110
45 80
38 41
51 123
3 83
14 92
66 139
18 62
30 36
0 50
5 128
17 139
9 135
50 136
41 87
105 108
16 30
116 117
74 120
66 116
51 136
27 44
0 27
21 86
22 50
14 46
20 126
93 110
39 139
43 109
35 105
0 4
32 136
118 139
11 13
65 133
68 138
0 40
40 76
6 83
69 139
41 77
39 116
3 50
103 137
20 139
7 20
13 100
70 76
55 96
8 21
0 17
99 139
6 60
21 76
81 90
27 119
60 67
6 96
133 137
50 139
0 138
34 51
20 116
85 96
23 121
84 137
15 37
47 69
118 129
17 83
9 79
61 125
27 132
0 115
12 89
30 137
23 98
84 114
22 53
114 136
72 139
32 103
96 124
28 69
0 7
61 102
80 115
27 109
102 139
54 99
0 128
66 73
106 109
4 98
43 89
136 137
87 132
47 59
53 139
38 96
68 118
69 83
129 134
7 108
121 130
113 126
132 139
50 106
42 102
82 138
62 80
102 116
27 122
0 105
125 136
31 92
32 57
83 139
114 126
24 89
16 85
117 137
34 139
5 75
77 100
69 96
7 121
113 139
0 82
30 104
0 118
32 70
44 124
23 101
43 79
35 75
9 23
22 105
29 37
63 115
0 95
19 108
12 69
32 47
51 60
135 139
87 99
46 67
16 75
56 111
67 126
86 139
38 99
82 105
113 129
0 72
79 136
12 46
30 94
21 131
12 82
13 47
25 101
53 83
16 52
116 139
14 91
34 106
38 76
67 139
0 49
20 27
63 105
29 112
0 85
13 24
32 37
64 69
75 115
35 42
25 114
53 96
22 108
68 75
26 78
98 103
30 48
36 128
42 59
0 62
60 76
104 119
123 132
10 111
116 129
34 96
38 66
49 75
89 111
8 43
26 91
67 129
0 39
119 139
112 136
4 45
2 84
62 135
34 73
93 122
5 9
51 125
43 121
22 98
35 117
15 59
8 20
86 119
18 64
78 115
70 111
89 124
28 114
0 52
100 139
92 135
9 137
10 65
74 86
64 72
37 55
51 102
3 62
66 118
59 79
32 125
130 139
89 101
28 91
47 104
0 29
100 116
5 107
77 132
69 128
33 62
44 71
2 74
122 139
34 63
114 135
93 112
66 95
12 124
0 6
11 15
24 134
28 104
21 65
0 42
92 125
4 12
44 48
2 51
62 102
0 127
34 40
11 136
56 58
43 88
84 126
103 139
7 22
12 137
16 107
17 72
0 19
5 97
6 62
11 28
29 82
21 78
133 139
52 65
31 91
22 42
54 111
20 118
85 98
84 139
59 82
46 112
77 99
69 95
61 91
50 118
10 45
110 132
3 6
81 105
0 117
30 139
24 65
43 78
35 74
1 81
18 21
65 102
9 58
0 9
80 81
5 87
10 22
0 94
11 103
30 116
2 54
75 124
14 28
0 130
114 115
106 111
11 139
44 136
23 113
136 139
34 128
65 115
68 120
29 49
69 85
7 110
121 132
18 119
42 104
0 107
73 91
31 94
51 72
84 106
106 124
56 123
117 139
67 138
61 94
7 123
0 84
12 58
30 106
31 71
91 122
1 48
87 88
25 113
72 108
1 84
120 121
45 127
38 88
98 102
3 130
89 133
14 139
27 78
39 52
83 95
94 104
0 97
32 49
72 85
16 41
35 54
95 105
34 95
74 131
44 139
57 78
14 116
128 138
6 32
98 115
0 74
12 48
30 96
71 134
63 130
83 108
1 38
25 103
4 80
64 94
5 44
0 51
20 29
71 111
21 110
0 87
52 97
13 26
53 62
66 117
32 124
38 55
37 90
2 132
89 100
14 106
26 80
79 92
119 128
63 84
29 91
47 139
0 64
12 38
52 74
31 51
41 101
93 111
31 136
2 109
3 74
13 124
32 137
27 58
0 41
18 89
19 54
11 50
63 97
82 110
28 139
41 78
60 91
34 39
25 70
45 48
10 90
2 86
62 137
54 133
3 87
43 123
49 54
55 97
8 22
0 18
11 27
71 78
90 91
9 103
0 54
20 32
42 136
21 113
53 65
22 77
74 124
32 127
36 97
55 110
1 139
0 31
61 126
80 139
33 64
19 129
20 130
31 139
18 20
51 117
36 74
88 121
0 8
65 137
17 97
36 110
9 93
42 126
61 139
0 129
74 78
32 81
37 47
12 139
59 71
24 113
65 114
17 74
28 83
0 21
5 99
77 124
54 77
19 119
25 50
42 139
2 66
106 123
32 94
28 60
47 73
99 120
76 136
77 101
2 43
14 17
0 119
19 132
11 128
23 102
16 63
95 127
15 18
18 23
5 53
64 139
37 122
9 60
14 138
80 83
26 112
6 54
98 137
10 24
15 139
0 96
20 74
12 70
94 139
95 104
0 132
41 133
33 129
13 71
32 84
16 76
36 54
68 86
128 137
45 139
50 74
7 112
8 77
121 134
42 106
0 109
20 87
52 119
72 97
64 93
75 139
17 18
35 66
6 8
17 54
7 89
79 114
30 72
61 96
0 86
30 108
31 73
52 132
46 94
97 139
42 60
15 106
47 138
26 115
0 63
91 101
29 126
48 139
54 70
94 106
0 99
32 51
44 105
72 87
24 47
105 121
16 43
127 139
76 93
9 40
49 76
68 89
14 118
15 83
55 119
67 130
18 88
78 139
71 100
0 76
23 59
29 139
33 109
45 83
5 10
17 21
108 139
79 81
36 119
61 63
0 53
59 139
18 101
79 117
39 44
4 23
94 96
13 28
10 102
56 69
2 98
108 116
51 139
35 131
14 108
7 69
8 34
27 47
0 30
111 126
28 128
101 112
21 89
0 66
20 44
112 127
123 136
81 139
93 113
31 138
26 59
86 110
18 55
32 139
78 106
36 109
0 43
20 21
111 139
50 129
34 41
53 54
39 119
45 50
104 136
2 88
62 139
74 113
26 36
85 122
86 87
32 116
78 83
51 129
13 139
0 20
36 122
82 89
60 70
92 139
12 30
62 116
54 112
74 90
20 119
25 85
66 86
85 99
3 66
7 36
107 123
76 135
21 56
0 33
100 120
5 111
42 115
73 102
25 62
3 43
95 126
15 17
114 139
12 128
13 93
4 124
23 137
1 118
48 50
0 10
65 139
77 113
28 108
69 109
7 134
52 56
44 52
91 133
14 29
0 131
32 83
51 96
95 139
17 76
76 125
68 121
129 137
0 23
46 139
92 106
50 109
0 108
33 56
19 121
125 139
30 130
2 68
122 133
32 96
24 92
64 128
55 79
88 113
57 125
77 103
69 99
26 137
42 118
0 121
60 135
11 130
51 86
16 65
36 43
95 129
47 52
65 106
49 98
77 80
29 40
80 85
27 79
6 56
92 96
98 139
102 109
27 115
0 98
125 129
43 59
14 32
65 83
17 43
28 52
128 139
6 33
78 138
57 115
21 49
26 127
0 75
19 88
79 139
29 138
0 111
12 85
38 79
57 92
17 56
76 105
50 53
109 139
21 26
79 116
82 121
0 88
12 62
4 58
72 76
23 71
84 87
75 118
41 125
87 92
60 138
33 121
127 128
37 91
3 98
9 29
22 111
26 81
18 77
49 101
15 108
113 122
0 65
131 139
82 134
29 128
94 108
60 115
4 71
10 114
2 110
45 108
46 73
57 82
8 46
27 59
18 90
59 128
79 106
70 137
30 64
17 131
63 98
90 115
0 78
11 87
52 88
112 139
24 26
62 138
41 115
37 81
2 123
15 62
26 71
6 13
18 67
70 114
47 130
27 72
0 55
5 133
39 46
112 116
63 111
13 30
25 84
72 79
3 65
22 78
34 89
67 86
85 134
37 94
57 72
43 137
67 122
0 32
71 92
9 117
82 101
29 95
0 68
33 65
4 38
62 128
54 124
33 101
93 115
66 98
37 71
35 110
15 52
96 126
67 99
89 117
63 65
0 45
11 54
52 55
58 135
23 28
2 90
22 68
95 138
7 25
85 124
38 49
118 121
96 139
7 61
27 39
0 22
11 31
17 111
9 107
69 121
60 72
7 38
59 85
28 97
68 133
21 58
0 35
58 125
0 120
73 104
20 98
2 80
3 45
95 128
23 139
0 12
99 134
50 98
69 111
81 85
6 91
83 131
0 133
31 120
35 90
28 51
126 128
65 118
29 52
129 139
21 48
80 97
26 126
5 103
110 125
2 34
0 110
73 94
25 54
31 97
51 75
23 93
24 58
3 35
35 67
87 114
25 139
24 94
64 130
14 129
0 2
46 118
38 114
58 92
77 105
7 126
26 139
33 35
25 31
30 109
31 74
23 70
84 86
8 127
0 123
11 132
23 106
1 87
34 121
45 130
46 95
56 139
3 133
76 117
113 121
132 134
19 77
110 115
62 75
7 139
102 111
0 100
32 52
25 129
57 81
9 41
49 77
67 131
37 139
38 104
27 94
0 77
30 99
91 115
23 60
102 124
75 107
0 113
53 88
4 83
34 111
45 120
42 51
55 133
27 71
30 76
90 127
9 139
8 94
0 90
10 139
76 84
6 25
38 94
89 139
36 133
7 106
0 67
19 80
30 89
40 139
105 125
37 70
22 90
25 132
67 98
46 75
78 107
57 84
15 87
8 48
0 44
20 22
70 139
29 107
21 103
0 80
20 58
52 90
24 28
2 89
21 139
35 37
1 44
89 93
14 99
86 124
59 107
70 116
30 43
89 129
17 110
9 106
0 57
31 44
25 86
2 102
22 80
14 76
32 130
38 61
43 139
0 34
59 120
79 98
30 56
82 103
6 113
25 63
73 139
66 100
24 103
3 80
67 101
27 28
0 11
18 59
24 139
11 20
9 96
28 109
0 47
60 61
6 90
52 57
4 17
50 133
10 60
62 107
8 136
81 120
33 80
34 45
73 116
20 110
53 58
93 94
54 139
14 66
66 113
26 40
18 36
59 74
43 129
1 132
0 24
119 124
92 107
69 123
61 119
80 132
41 61
114 130
20 123
106 126
43 106
16 89
35 102
7 40
107 127
0 1
59 87
70 96
16 125
76 139
49 122
29 64
81 110
27 139
0 122
19 135
11 131
31 109
106 139
66 103
36 80
76 116
21 37
0 14
11 23
132 133
57 139
77 117
50 100
125 130
30 121
10 63
51 64
3 24
43 60
75 129
8 139
0 135
20 113
4 105
23 118
87 139
118 126
58 81
49 112
69 90
15 119
80 99
6 70
38 139
71 136
110 127
0 112
73 96
51 77
84 111
103 124
1 76
4 118
21 27
57 129
0 89
11 98
23 72
51 54
0 125
60 139
33 122
52 135
84 124
2 134
34 123
45 132
5 59
6 24
68 115
69 80
27 83
113 123
18 114
90 139
63 122
110 117
2 26
29 129
62 77
0 102
52 112
13 41
23 85
24 50
51 67
43 63
41 139
45 109
38 70
22 125
109 130
14 121
120 139
67 133
18 91
90 116
15 122
61 89
0 79
20 57
12 53
71 139
30 101
83 113
24 63
57 60
9 20
34 113
90 93
69 70
47 131
8 60
0 56
19 69
90 129
0 92
23 75
56 72
87 96
127 132
93 139
38 60
56 108
17 37
97 109
3 102
14 111
15 76
7 72
26 85
18 81
0 69
6 112
71 129
63 125
123 139
73 138
34 67
53 80
16 49
116 136
15 53
74 139
26 62
13 129
42 43
0 46
23 29
41 83
52 92
104 139
16 26
22 69
66 112
5 16
37 85
51 132
89 95
130 133
27 40
19 36
30 45
42 56
134 139
0 59
12 33
131 133
123 129
115 125
73 128
39 135
56 75
43 105
126 139
89 108
35 137
48 76
0 36
40 72
11 45
71 96
77 139
41 73
52 82
37 39
22 59
66 102
16 101
36 79
15 56
55 92
47 88
107 139
0 13
18 61
11 22
70 108
21 72
80 121
58 139
62 109
81 122
0 134
39 125
137 139
55 69
86 93
59 76
32 122
126 129
16 114
55 105
88 139
0 26
119 126
92 109
42 108
21 85
41 63
33 59
44 68
54 118
14 45
66 92
13 86
72 135
35 104
88 116
0 3
65 132
17 92
28 101
21 62
27 105
6 82
10 52
110 139
3 13
22 26
8 128
94 131
0 124
39 115
51 89
15 23
7 19
47 55
67 70
24 108
77 83
0 16
5 94
46 132
10 29
42 98
2 25
80 124
0 101
19 114
125 132
31 88
91 139
51 66
54 108
0 137
41 138
72 125
64 121
43 98
56 117
84 136
35 94
76 95
9 42
120 138
46 109
49 114
69 92
121 139
39 69
42 111
2 38
110 129
0 114
28 32
34 112
5 48
46 86
49 91
15 98
26 107
46 122
18 103
90 128
42 88
15 134
82 124
0 91
18 139
11 100
52 137
13 66
24 75
56 107
76 85
117 123
46 99
49 104
129 133
7 107
30 90
71 128
91 106
110 119
102 115
0 104
4 74
124 139
87 108
33 137
74 138
3 114
42 78
0 81
20 59
6 124
60 131
5 15
105 139
64 101
3 91
6 16
78 121
70 117
36 124
55 137
27 75
0 58
18 106
30 80
123 128
53 69
64 78
66 124
2 139
15 78
27 52
59 121
19 48
119 135
70 130
98 112
63 91
82 104
0 71
41 72
11 80
63 127
29 134
62 131
33 104
53 82
85 114
38 39
3 81
14 90
15 55
7 51
30 34
0 48
59 134
11 57
23 31
21 107
60 98
6 127
4 54
64 68
74 118
66 114
4 139
138 139
0 25
11 34
70 120
30 47
63 81
0 61
40 97
41 62
5 139
123 131
62 121
1 25
45 68
32 98
23 129
66 127
86 105
17 91
35 139
55 117
0 38
63 94
81 111
22 61
54 130
66 104
13 98
4 129
16 103
36 81
55 94
27 32
0 15
59 101
99 137
16 139
40 87
41 52
60 65
6 94
92 134
104 108
0 136
34 49
73 120
20 114
25 80
12 110
23 119
55 71
78 91
118 127
65 121
70 87
0 28
111 124
50 114
8 117
25 57
10 77
51 78
3 38
43 74
114 134
106 130
