# Tier 6 (Large) - Instance 65
# Generated with config: N=260, K=3, topology=random_dag, calendar=random

# HEADER: <num_tasks> <num_types> <num_units>
262 3 23

# RESOURCE TYPES
# Format: <type_id> <num_units> <unit_id1> <unit_id2> ...
0 8 0 1 2 3 4 5 6 7
1 8 8 9 10 11 12 13 14 15
2 7 16 17 18 19 20 21 22

# RESOURCE UNITS (Calendars)
# Format: <unit_id> <num_steps> <t1> <v1> <t2> <v2> ...
0 29 0 0 12 100 177 0 189 100 301 0 305 100 388 0 400 100 556 0 567 100 709 0 719 100 806 0 817 100 858 0 872 100 908 0 919 100 1006 0 1008 100 1171 0 1175 100 1204 0 1211 100 1319 0 1327 100 1453 0 1455 100 2641 0
1 29 0 0 7 100 48 0 56 100 152 0 162 100 329 0 336 100 390 0 394 100 499 0 509 100 590 0 600 100 656 0 667 100 815 0 829 100 931 0 935 100 1089 0 1103 100 1172 0 1182 100 1320 0 1325 100 1376 0 1382 100 2641 0
2 29 0 100 71 0 81 100 151 0 163 100 315 0 325 100 417 0 426 100 542 0 552 100 586 0 595 100 752 0 766 100 924 0 929 100 1048 0 1057 100 1177 0 1189 100 1323 0 1332 100 1410 0 1415 100 1523 0 1525 100 1685 0 2641 0
3 29 0 0 3 100 93 0 95 100 201 0 213 100 327 0 340 100 484 0 495 100 611 0 620 100 695 0 697 100 803 0 814 100 949 0 952 100 1016 0 1021 100 1122 0 1135 100 1225 0 1229 100 1351 0 1356 100 1477 0 1482 100 2641 0
4 29 0 100 166 0 174 100 303 0 313 100 437 0 440 100 501 0 513 100 580 0 588 100 693 0 705 100 797 0 802 100 923 0 935 100 1014 0 1018 100 1095 0 1102 100 1162 0 1170 100 1314 0 1324 100 1356 0 1370 100 1445 0 2641 0
5 29 0 0 13 100 73 0 84 100 152 0 156 100 236 0 249 100 383 0 394 100 558 0 569 100 624 0 634 100 709 0 713 100 749 0 762 100 894 0 899 100 1056 0 1067 100 1119 0 1124 100 1231 0 1243 100 1323 0 1327 100 2641 0
6 29 0 100 58 0 66 100 173 0 177 100 258 0 264 100 334 0 346 100 468 0 478 100 628 0 640 100 787 0 801 100 899 0 901 100 982 0 985 100 1055 0 1061 100 1091 0 1102 100 1262 0 1270 100 1429 0 1443 100 1478 0 2641 0
7 29 0 100 34 0 44 100 158 0 161 100 213 0 225 100 332 0 339 100 493 0 495 100 590 0 597 100 659 0 661 100 713 0 715 100 866 0 870 100 946 0 956 100 1080 0 1085 100 1217 0 1229 100 1316 0 1323 100 1430 0 2641 0
8 29 0 100 156 0 166 100 322 0 331 100 483 0 486 100 579 0 588 100 684 0 692 100 825 0 832 100 902 0 909 100 951 0 956 100 1077 0 1082 100 1203 0 1207 100 1244 0 1247 100 1361 0 1366 100 1503 0 1513 100 1659 0 2641 0
9 29 0 0 14 100 106 0 118 100 205 0 210 100 365 0 375 100 485 0 495 100 654 0 663 100 714 0 717 100 830 0 834 100 924 0 938 100 1015 0 1027 100 1123 0 1134 100 1196 0 1200 100 1266 0 1277 100 1332 0 1334 100 2641 0
10 29 0 0 2 100 96 0 98 100 214 0 225 100 293 0 296 100 459 0 470 100 512 0 517 100 653 0 655 100 775 0 780 100 825 0 830 100 870 0 874 100 938 0 952 100 1095 0 1098 100 1236 0 1248 100 1335 0 1348 100 2641 0
11 29 0 100 134 0 145 100 284 0 297 100 387 0 399 100 498 0 510 100 636 0 650 100 695 0 702 100 745 0 755 100 913 0 924 100 1058 0 1064 100 1162 0 1167 100 1260 0 1266 100 1352 0 1354 100 1498 0 1500 100 1569 0 2641 0
12 29 0 100 146 0 159 100 189 0 197 100 360 0 362 100 454 0 456 100 623 0 627 100 759 0 765 100 875 0 877 100 1022 0 1024 100 1132 0 1134 100 1283 0 1290 100 1411 0 1420 100 1553 0 1567 100 1623 0 1635 100 1771 0 2641 0
13 29 0 0 2 100 142 0 151 100 192 0 194 100 242 0 247 100 318 0 329 100 433 0 443 100 576 0 589 100 711 0 724 100 768 0 772 100 882 0 890 100 999 0 1005 100 1062 0 1076 100 1208 0 1215 100 1382 0 1395 100 2641 0
14 29 0 0 12 100 137 0 146 100 211 0 221 100 260 0 270 100 422 0 435 100 512 0 516 100 668 0 675 100 771 0 780 100 842 0 850 100 894 0 901 100 1032 0 1045 100 1075 0 1078 100 1209 0 1221 100 1298 0 1301 100 2641 0
15 29 0 100 52 0 54 100 102 0 107 100 206 0 214 100 253 0 260 100 343 0 352 100 519 0 526 100 583 0 588 100 669 0 683 100 806 0 820 100 965 0 969 100 1032 0 1042 100 1170 0 1178 100 1308 0 1322 100 1367 0 2641 0
16 29 0 0 8 100 61 0 63 100 134 0 145 100 195 0 203 100 262 0 270 100 384 0 388 100 546 0 559 100 720 0 728 100 867 0 881 100 972 0 985 100 1146 0 1152 100 1190 0 1200 100 1292 0 1294 100 1450 0 1454 100 2641 0
17 29 0 100 30 0 42 100 74 0 82 100 185 0 198 100 283 0 293 100 406 0 417 100 481 0 494 100 565 0 569 100 619 0 632 100 795 0 800 100 907 0 911 100 990 0 998 100 1130 0 1134 100 1206 0 1216 100 1378 0 2641 0
18 29 0 100 59 0 72 100 224 0 235 100 333 0 339 100 423 0 431 100 552 0 561 100 625 0 639 100 726 0 736 100 869 0 883 100 996 0 1009 100 1102 0 1112 100 1167 0 1169 100 1321 0 1324 100 1446 0 1454 100 1578 0 2641 0
19 29 0 0 6 100 152 0 162 100 201 0 208 100 368 0 374 100 428 0 432 100 488 0 500 100 545 0 550 100 673 0 681 100 810 0 824 100 950 0 964 100 999 0 1006 100 1093 0 1096 100 1143 0 1146 100 1216 0 1220 100 2641 0
20 29 0 100 103 0 109 100 179 0 183 100 312 0 325 100 490 0 497 100 649 0 654 100 688 0 700 100 736 0 750 100 794 0 806 100 844 0 857 100 905 0 911 100 1026 0 1040 100 1125 0 1138 100 1260 0 1270 100 1376 0 2641 0
21 29 0 0 14 100 47 0 57 100 121 0 131 100 269 0 273 100 392 0 398 100 497 0 511 100 628 0 636 100 713 0 716 100 817 0 820 100 901 0 904 100 974 0 983 100 1032 0 1045 100 1074 0 1083 100 1199 0 1202 100 2641 0
22 29 0 0 2 100 156 0 163 100 234 0 236 100 274 0 277 100 337 0 341 100 372 0 384 100 465 0 475 100 572 0 585 100 654 0 656 100 762 0 772 100 875 0 886 100 1039 0 1046 100 1087 0 1091 100 1229 0 1237 100 2641 0

# TASKS
# Format: <task_id> <size> <num_reqs>
# Then for each requirement: <type_id> <qty>
0 0 3
 0 0
 1 0
 2 0
1 8 3
 0 2
 1 0
 2 2
2 18 3
 0 0
 1 2
 2 3
3 9 3
 0 2
 1 0
 2 3
4 9 3
 0 3
 1 0
 2 0
5 7 3
 0 1
 1 3
 2 3
6 2 3
 0 0
 1 3
 2 3
7 1 3
 0 0
 1 0
 2 1
8 11 3
 0 3
 1 2
 2 2
9 19 3
 0 0
 1 3
 2 0
10 10 3
 0 1
 1 0
 2 0
11 20 3
 0 0
 1 3
 2 0
12 7 3
 0 0
 1 1
 2 1
13 7 3
 0 0
 1 3
 2 3
14 18 3
 0 2
 1 0
 2 1
15 1 3
 0 1
 1 0
 2 0
16 13 3
 0 0
 1 0
 2 1
17 17 3
 0 0
 1 3
 2 2
18 11 3
 0 3
 1 0
 2 0
19 20 3
 0 2
 1 1
 2 0
20 11 3
 0 0
 1 2
 2 3
21 9 3
 0 1
 1 2
 2 1
22 8 3
 0 0
 1 2
 2 2
23 3 3
 0 0
 1 1
 2 3
24 3 3
 0 0
 1 2
 2 3
25 3 3
 0 0
 1 0
 2 3
26 11 3
 0 0
 1 0
 2 1
27 19 3
 0 1
 1 0
 2 3
28 2 3
 0 1
 1 0
 2 0
29 18 3
 0 2
 1 3
 2 0
30 11 3
 0 0
 1 0
 2 2
31 19 3
 0 3
 1 1
 2 3
32 19 3
 0 0
 1 0
 2 1
33 13 3
 0 0
 1 0
 2 1
34 10 3
 0 0
 1 1
 2 0
35 12 3
 0 2
 1 2
 2 2
36 1 3
 0 0
 1 1
 2 1
37 8 3
 0 0
 1 0
 2 3
38 2 3
 0 0
 1 0
 2 2
39 8 3
 0 1
 1 1
 2 2
40 13 3
 0 2
 1 0
 2 1
41 8 3
 0 2
 1 2
 2 0
42 5 3
 0 0
 1 2
 2 3
43 15 3
 0 3
 1 0
 2 3
44 18 3
 0 0
 1 1
 2 0
45 1 3
 0 0
 1 1
 2 3
46 6 3
 0 0
 1 2
 2 2
47 19 3
 0 0
 1 0
 2 1
48 3 3
 0 2
 1 0
 2 2
49 10 3
 0 0
 1 1
 2 0
50 7 3
 0 0
 1 0
 2 2
51 2 3
 0 1
 1 0
 2 0
52 11 3
 0 1
 1 0
 2 0
53 20 3
 0 0
 1 3
 2 0
54 15 3
 0 1
 1 0
 2 0
55 12 3
 0 0
 1 0
 2 1
56 11 3
 0 2
 1 0
 2 1
57 4 3
 0 2
 1 0
 2 0
58 7 3
 0 0
 1 0
 2 1
59 18 3
 0 3
 1 1
 2 3
60 1 3
 0 2
 1 0
 2 0
61 9 3
 0 3
 1 2
 2 0
62 3 3
 0 3
 1 2
 2 0
63 4 3
 0 0
 1 1
 2 0
64 13 3
 0 0
 1 3
 2 3
65 15 3
 0 3
 1 0
 2 2
66 15 3
 0 0
 1 1
 2 3
67 17 3
 0 0
 1 1
 2 0
68 12 3
 0 1
 1 2
 2 0
69 10 3
 0 3
 1 3
 2 1
70 16 3
 0 3
 1 1
 2 1
71 11 3
 0 3
 1 1
 2 1
72 5 3
 0 0
 1 1
 2 2
73 13 3
 0 0
 1 2
 2 3
74 7 3
 0 1
 1 2
 2 0
75 11 3
 0 3
 1 0
 2 3
76 1 3
 0 1
 1 0
 2 2
77 19 3
 0 0
 1 0
 2 1
78 18 3
 0 0
 1 1
 2 0
79 9 3
 0 1
 1 2
 2 2
80 13 3
 0 1
 1 0
 2 0
81 17 3
 0 1
 1 0
 2 0
82 4 3
 0 2
 1 0
 2 2
83 16 3
 0 1
 1 2
 2 1
84 4 3
 0 2
 1 0
 2 0
85 11 3
 0 0
 1 1
 2 0
86 13 3
 0 1
 1 0
 2 0
87 16 3
 0 1
 1 3
 2 0
88 19 3
 0 1
 1 0
 2 0
89 17 3
 0 2
 1 1
 2 3
90 12 3
 0 1
 1 0
 2 2
91 5 3
 0 0
 1 1
 2 0
92 15 3
 0 2
 1 0
 2 2
93 17 3
 0 1
 1 0
 2 0
94 4 3
 0 0
 1 3
 2 0
95 6 3
 0 1
 1 1
 2 3
96 5 3
 0 0
 1 0
 2 1
97 17 3
 0 0
 1 1
 2 1
98 19 3
 0 2
 1 3
 2 3
99 5 3
 0 2
 1 2
 2 1
100 20 3
 0 3
 1 0
 2 3
101 16 3
 0 2
 1 2
 2 0
102 7 3
 0 1
 1 0
 2 0
103 1 3
 0 3
 1 0
 2 0
104 8 3
 0 3
 1 1
 2 0
105 6 3
 0 3
 1 3
 2 1
106 16 3
 0 2
 1 1
 2 1
107 12 3
 0 0
 1 3
 2 0
108 9 3
 0 0
 1 1
 2 2
109 9 3
 0 2
 1 1
 2 2
110 18 3
 0 0
 1 0
 2 2
111 3 3
 0 1
 1 0
 2 0
112 18 3
 0 3
 1 3
 2 0
113 4 3
 0 0
 1 1
 2 0
114 18 3
 0 1
 1 0
 2 0
115 9 3
 0 1
 1 0
 2 0
116 11 3
 0 0
 1 0
 2 1
117 20 3
 0 0
 1 2
 2 2
118 7 3
 0 0
 1 1
 2 2
119 15 3
 0 2
 1 1
 2 0
120 2 3
 0 3
 1 0
 2 3
121 19 3
 0 2
 1 3
 2 0
122 4 3
 0 1
 1 0
 2 3
123 4 3
 0 0
 1 0
 2 2
124 13 3
 0 0
 1 1
 2 0
125 6 3
 0 3
 1 0
 2 0
126 10 3
 0 1
 1 2
 2 2
127 8 3
 0 1
 1 3
 2 0
128 15 3
 0 0
 1 2
 2 3
129 3 3
 0 1
 1 1
 2 1
130 3 3
 0 0
 1 3
 2 0
131 7 3
 0 3
 1 0
 2 2
132 4 3
 0 1
 1 0
 2 1
133 17 3
 0 2
 1 3
 2 1
134 10 3
 0 2
 1 2
 2 0
135 10 3
 0 3
 1 0
 2 3
136 5 3
 0 2
 1 2
 2 0
137 14 3
 0 0
 1 0
 2 2
138 17 3
 0 0
 1 2
 2 1
139 19 3
 0 0
 1 2
 2 2
140 18 3
 0 0
 1 3
 2 0
141 6 3
 0 3
 1 0
 2 0
142 4 3
 0 1
 1 0
 2 3
143 16 3
 0 0
 1 2
 2 3
144 13 3
 0 0
 1 2
 2 2
145 2 3
 0 0
 1 0
 2 1
146 17 3
 0 3
 1 1
 2 0
147 9 3
 0 0
 1 2
 2 0
148 5 3
 0 3
 1 1
 2 2
149 1 3
 0 2
 1 0
 2 0
150 17 3
 0 1
 1 1
 2 2
151 20 3
 0 2
 1 0
 2 0
152 6 3
 0 2
 1 0
 2 0
153 6 3
 0 3
 1 2
 2 3
154 10 3
 0 2
 1 3
 2 1
155 13 3
 0 2
 1 2
 2 0
156 16 3
 0 1
 1 0
 2 2
157 15 3
 0 1
 1 1
 2 2
158 3 3
 0 3
 1 3
 2 2
159 13 3
 0 2
 1 0
 2 3
160 12 3
 0 3
 1 1
 2 2
161 17 3
 0 2
 1 0
 2 1
162 8 3
 0 2
 1 1
 2 0
163 17 3
 0 2
 1 0
 2 0
164 1 3
 0 0
 1 3
 2 3
165 9 3
 0 2
 1 3
 2 1
166 5 3
 0 0
 1 0
 2 1
167 18 3
 0 2
 1 0
 2 0
168 5 3
 0 0
 1 0
 2 2
169 5 3
 0 3
 1 0
 2 3
170 7 3
 0 3
 1 3
 2 0
171 13 3
 0 1
 1 2
 2 2
172 13 3
 0 3
 1 0
 2 1
173 2 3
 0 2
 1 1
 2 0
174 8 3
 0 0
 1 2
 2 1
175 16 3
 0 3
 1 0
 2 2
176 3 3
 0 0
 1 2
 2 2
177 6 3
 0 0
 1 2
 2 1
178 15 3
 0 2
 1 0
 2 1
179 15 3
 0 3
 1 3
 2 3
180 4 3
 0 0
 1 2
 2 0
181 17 3
 0 3
 1 3
 2 2
182 7 3
 0 3
 1 3
 2 1
183 10 3
 0 1
 1 1
 2 0
184 11 3
 0 1
 1 0
 2 2
185 19 3
 0 1
 1 2
 2 0
186 11 3
 0 2
 1 3
 2 2
187 6 3
 0 0
 1 3
 2 0
188 8 3
 0 1
 1 0
 2 1
189 20 3
 0 0
 1 1
 2 0
190 17 3
 0 0
 1 0
 2 3
191 8 3
 0 2
 1 2
 2 2
192 20 3
 0 3
 1 3
 2 2
193 17 3
 0 0
 1 0
 2 1
194 9 3
 0 0
 1 0
 2 2
195 3 3
 0 1
 1 0
 2 0
196 13 3
 0 3
 1 2
 2 0
197 2 3
 0 0
 1 1
 2 3
198 2 3
 0 0
 1 0
 2 1
199 8 3
 0 2
 1 3
 2 0
200 6 3
 0 2
 1 0
 2 0
201 12 3
 0 0
 1 3
 2 0
202 13 3
 0 0
 1 2
 2 1
203 19 3
 0 3
 1 1
 2 1
204 10 3
 0 3
 1 0
 2 2
205 18 3
 0 2
 1 3
 2 1
206 2 3
 0 2
 1 0
 2 0
207 7 3
 0 2
 1 2
 2 0
208 5 3
 0 0
 1 1
 2 0
209 14 3
 0 1
 1 1
 2 0
210 4 3
 0 1
 1 0
 2 2
211 18 3
 0 2
 1 0
 2 2
212 10 3
 0 3
 1 2
 2 0
213 17 3
 0 0
 1 0
 2 1
214 10 3
 0 0
 1 0
 2 1
215 20 3
 0 1
 1 0
 2 1
216 18 3
 0 3
 1 3
 2 0
217 11 3
 0 3
 1 0
 2 0
218 11 3
 0 1
 1 0
 2 3
219 10 3
 0 0
 1 1
 2 0
220 10 3
 0 0
 1 3
 2 1
221 14 3
 0 3
 1 0
 2 2
222 12 3
 0 2
 1 2
 2 2
223 16 3
 0 0
 1 1
 2 2
224 18 3
 0 0
 1 1
 2 0
225 8 3
 0 2
 1 0
 2 2
226 2 3
 0 0
 1 2
 2 0
227 2 3
 0 0
 1 2
 2 2
228 4 3
 0 3
 1 1
 2 2
229 15 3
 0 2
 1 3
 2 2
230 4 3
 0 0
 1 2
 2 3
231 8 3
 0 3
 1 0
 2 1
232 10 3
 0 0
 1 1
 2 2
233 1 3
 0 0
 1 3
 2 3
234 7 3
 0 1
 1 2
 2 0
235 12 3
 0 1
 1 2
 2 1
236 14 3
 0 3
 1 2
 2 1
237 16 3
 0 2
 1 3
 2 3
238 12 3
 0 0
 1 1
 2 0
239 3 3
 0 1
 1 0
 2 0
240 19 3
 0 1
 1 2
 2 1
241 2 3
 0 2
 1 1
 2 0
242 16 3
 0 0
 1 3
 2 0
243 4 3
 0 0
 1 0
 2 1
244 8 3
 0 3
 1 3
 2 0
245 16 3
 0 0
 1 0
 2 1
246 19 3
 0 0
 1 1
 2 0
247 17 3
 0 3
 1 3
 2 0
248 7 3
 0 2
 1 2
 2 0
249 16 3
 0 2
 1 0
 2 1
250 15 3
 0 0
 1 0
 2 1
251 8 3
 0 1
 1 3
 2 2
252 11 3
 0 1
 1 3
 2 2
253 1 3
 0 3
 1 2
 2 0
254 12 3
 0 0
 1 0
 2 1
255 5 3
 0 0
 1 3
 2 0
256 5 3
 0 1
 1 2
 2 0
257 1 3
 0 0
 1 2
 2 2
258 4 3
 0 2
 1 0
 2 1
259 11 3
 0 2
 1 1
 2 0
260 17 3
 0 0
 1 0
 2 2
261 0 3
 0 0
 1 0
 2 0

# PRECEDENCES
1589
0 1
0 6
0 10
0 11
0 12
0 22
0 23
0 24
0 25
0 28
0 32
0 34
0 35
0 43
0 47
0 48
0 53
0 57
0 64
0 68
0 74
0 75
0 78
0 84
0 87
0 96
0 99
0 101
0 105
0 106
0 108
0 112
0 113
0 116
0 122
0 125
0 126
0 128
0 134
0 135
0 136
0 137
0 148
0 153
0 154
0 159
0 161
0 163
0 164
0 165
0 168
0 175
0 176
0 179
0 181
0 183
0 184
0 187
0 191
0 192
0 193
0 202
0 203
0 204
0 219
0 232
0 234
0 237
0 239
0 244
0 247
0 255
0 256
1 21
1 93
1 150
1 206
2 261
3 38
3 63
3 141
3 143
3 248
3 259
4 67
4 102
4 120
4 123
5 61
5 144
5 185
5 211
5 242
6 89
6 115
6 198
6 220
6 246
7 2
7 185
7 221
7 240
7 251
7 253
7 260
8 29
8 115
8 149
8 173
9 56
9 166
9 226
9 231
9 236
9 253
10 67
10 85
10 205
10 224
11 20
11 30
11 171
11 177
12 35
12 66
12 185
12 198
13 73
13 102
13 185
13 231
13 240
13 260
14 7
14 66
14 88
14 89
14 90
14 111
14 198
15 7
15 45
15 141
15 177
15 180
15 253
15 258
16 88
16 171
16 223
16 253
17 13
17 66
17 79
17 150
17 156
17 190
18 9
18 63
18 88
18 220
18 246
19 9
19 30
19 89
19 131
19 158
19 224
19 238
19 249
20 16
20 39
20 56
20 90
20 94
20 258
21 2
21 223
21 251
21 253
22 13
22 21
22 66
22 73
22 85
22 90
22 196
23 46
23 140
23 160
23 245
24 63
24 147
24 212
24 221
24 236
24 254
24 257
24 259
25 19
25 85
25 90
25 142
25 236
25 252
26 83
26 121
26 132
26 141
26 147
26 248
26 250
27 2
27 30
27 103
27 114
27 221
27 240
27 252
27 253
28 30
28 61
28 90
28 171
28 196
28 222
28 242
28 251
29 50
29 65
29 83
29 86
29 151
29 194
29 195
29 214
30 2
30 103
30 185
30 221
30 223
30 240
30 251
30 253
31 14
31 51
31 115
31 119
31 140
31 197
31 236
32 190
32 205
32 242
32 246
33 5
33 45
33 58
33 61
33 85
33 160
33 162
33 222
34 72
34 198
34 225
34 245
35 3
35 33
35 99
35 111
36 67
36 141
36 160
36 196
36 228
36 233
37 65
37 70
37 76
37 117
37 213
38 21
38 63
38 89
38 166
38 231
38 246
39 2
39 73
39 103
39 221
39 223
39 240
39 251
39 260
40 3
40 5
40 21
40 211
40 259
41 73
41 82
41 151
41 155
41 178
41 224
41 233
41 258
42 5
42 107
42 117
42 171
42 216
42 221
42 223
43 15
43 37
43 63
43 94
43 118
43 216
43 228
44 19
44 29
44 86
44 88
44 111
44 129
45 39
45 73
45 90
45 200
45 240
45 246
45 251
46 5
46 61
46 97
46 169
46 197
46 198
46 222
47 132
47 141
47 144
47 146
47 150
47 180
48 40
48 171
48 190
48 211
48 243
49 9
49 58
49 169
49 227
49 230
50 7
50 20
50 61
50 73
50 227
50 236
50 246
51 15
51 21
51 39
51 144
51 149
51 209
51 216
52 123
52 143
52 149
52 249
52 258
53 15
53 26
53 144
53 160
53 202
54 3
54 50
54 72
54 167
54 216
54 236
55 36
55 92
55 95
55 170
55 177
55 178
55 226
55 246
56 30
56 39
56 185
56 221
56 259
57 44
57 155
57 157
57 183
58 73
58 89
58 140
58 198
58 231
58 258
59 40
59 104
59 208
59 236
59 252
59 257
60 54
60 91
60 92
60 123
60 196
61 30
61 39
61 114
61 120
61 257
61 259
62 114
62 118
62 233
62 241
63 21
63 111
63 198
63 214
64 39
64 56
64 61
64 76
65 9
65 98
65 150
65 170
65 216
65 230
65 257
66 21
66 39
66 102
66 231
66 246
67 27
67 30
67 111
67 200
67 216
67 246
67 248
68 29
68 48
68 118
68 177
69 20
69 103
69 115
69 151
69 155
69 223
70 38
70 85
70 114
70 182
70 205
70 238
70 252
70 259
71 13
71 15
71 21
71 72
71 103
71 115
71 166
71 240
72 39
72 67
72 115
72 174
72 200
72 253
73 261
74 38
74 41
74 109
74 157
74 215
75 18
75 39
75 71
75 86
75 143
75 185
76 141
76 160
76 182
76 231
76 241
77 5
77 33
77 85
77 174
77 197
77 230
78 2
78 25
78 75
78 81
78 82
79 16
79 27
79 56
79 140
79 174
79 198
79 243
79 258
80 27
80 60
80 132
80 174
80 195
80 196
80 242
80 246
81 2
81 20
81 103
81 104
81 132
81 227
81 254
81 259
82 16
82 79
82 200
82 209
82 218
82 223
82 224
82 248
83 27
83 51
83 56
83 61
83 72
83 144
83 240
83 246
84 60
84 103
84 148
84 184
85 56
85 58
85 61
85 119
85 167
85 258
85 260
86 89
86 123
86 144
86 160
86 169
86 230
86 257
87 8
87 28
87 92
87 94
87 150
87 205
87 234
87 238
88 90
88 103
88 185
88 223
88 253
88 260
89 73
89 88
89 90
89 171
89 200
89 221
90 261
91 61
91 66
91 111
91 143
91 198
91 243
91 245
92 45
92 71
92 97
92 115
92 149
92 150
92 194
92 257
93 46
93 98
93 158
93 167
93 169
93 188
93 199
93 210
94 45
94 103
94 143
94 200
94 218
94 221
94 258
95 45
95 129
95 131
95 214
95 223
95 227
96 44
96 71
96 133
96 138
96 160
96 178
96 195
96 209
97 61
97 63
97 150
97 221
97 253
97 259
97 260
98 97
98 115
98 151
98 185
98 249
98 251
98 252
98 259
99 49
99 54
99 58
99 102
99 157
99 171
99 178
99 195
100 56
100 95
100 131
100 138
100 208
100 249
101 9
101 42
101 66
101 90
101 145
101 154
101 188
101 217
102 73
102 185
102 240
102 251
102 253
103 261
104 13
104 88
104 169
104 178
104 230
105 9
105 15
105 62
105 72
105 216
105 254
106 6
106 38
106 85
106 226
106 231
106 260
107 60
107 65
107 109
107 132
107 141
107 211
107 248
107 253
108 97
108 138
108 140
108 151
108 162
108 199
109 20
109 51
109 166
109 171
109 216
109 233
110 15
110 77
110 90
110 111
110 133
110 149
110 172
110 186
111 7
111 21
111 171
111 177
111 259
111 260
112 23
112 38
112 46
112 95
112 166
112 216
112 228
113 22
113 23
113 40
113 141
113 151
113 170
113 225
114 73
114 90
114 185
114 221
114 240
114 251
114 253
114 260
115 15
115 89
115 174
115 218
115 240
115 246
115 249
116 16
116 42
116 103
116 133
116 194
116 258
117 31
117 120
117 198
117 251
118 52
118 56
118 119
118 214
119 7
119 72
119 141
119 160
119 198
119 222
119 227
119 238
120 45
120 66
120 90
120 149
121 4
121 60
121 63
121 69
121 140
121 177
121 233
122 5
122 54
122 61
122 62
122 76
122 111
123 13
123 90
123 170
123 248
124 13
124 18
124 36
124 46
124 120
124 167
124 177
125 50
125 92
125 94
125 150
125 162
125 196
125 233
125 241
126 20
126 22
126 62
126 70
126 88
126 121
127 45
127 79
127 139
127 143
127 182
127 238
128 38
128 51
128 56
128 88
128 178
129 21
129 38
129 177
129 185
129 252
130 18
130 21
130 39
130 44
130 197
130 222
131 30
131 149
131 171
131 227
131 236
131 241
131 242
132 51
132 144
132 169
132 178
132 198
132 220
132 221
133 49
133 52
133 66
133 77
133 151
134 50
134 77
134 152
134 218
135 42
135 125
135 146
135 174
135 183
135 228
136 113
136 160
136 193
136 216
136 220
137 18
137 97
137 114
137 129
137 143
137 211
137 238
138 79
138 111
138 170
138 222
138 253
139 14
139 15
139 119
139 231
139 243
139 248
140 2
140 90
140 111
140 251
141 30
141 162
141 218
141 259
142 111
142 149
142 160
142 240
143 102
143 114
143 221
143 246
143 253
144 58
144 217
144 251
144 259
145 5
145 27
145 77
145 91
145 107
145 259
146 30
146 86
146 115
146 226
146 238
147 41
147 81
147 118
147 150
147 220
148 44
148 66
148 81
148 97
148 140
148 149
148 162
148 251
149 2
149 7
149 88
149 185
149 200
149 246
149 259
150 7
150 13
150 66
150 88
150 90
150 177
150 251
151 88
151 162
151 197
151 227
151 236
151 248
151 252
152 79
152 82
152 95
152 115
152 242
152 253
153 22
153 23
153 67
153 73
153 76
153 131
153 152
153 233
154 3
154 129
154 190
154 193
154 198
154 244
155 14
155 27
155 45
155 149
155 233
156 45
156 89
156 142
156 233
157 2
157 27
157 143
157 180
157 218
158 39
158 98
158 151
158 194
158 224
158 245
159 15
159 18
159 72
159 76
159 86
159 221
159 223
159 242
160 149
160 209
160 216
160 223
161 38
161 55
161 82
161 83
161 171
161 190
162 2
162 73
162 185
162 221
162 240
162 253
162 260
163 26
163 88
163 130
163 162
163 170
163 246
164 18
164 30
164 143
164 177
164 216
164 233
165 13
165 23
165 127
165 144
165 218
165 249
165 252
166 7
166 66
166 162
166 171
166 218
166 231
166 248
167 45
167 94
167 102
167 120
167 174
167 251
167 257
167 260
168 40
168 66
168 156
168 176
168 190
168 228
168 258
169 7
169 66
169 115
169 177
169 223
170 7
170 21
170 66
170 103
170 214
171 2
171 223
171 251
171 253
172 45
172 71
172 89
172 117
172 162
172 174
172 200
172 258
173 73
173 89
173 185
173 198
173 209
174 21
174 39
174 102
174 185
174 198
174 231
174 252
175 91
175 97
175 230
175 231
175 233
176 63
176 100
176 199
176 242
177 103
177 221
177 223
177 251
177 260
178 56
178 67
178 120
178 123
179 42
179 64
179 66
179 89
179 165
179 172
179 245
180 7
180 88
180 171
180 240
181 59
181 86
181 90
181 188
181 217
181 228
182 16
182 38
182 94
182 241
183 102
183 142
183 171
183 184
183 214
183 226
184 39
184 90
184 216
184 220
184 241
184 246
184 251
184 260
185 261
186 82
186 104
186 173
186 182
186 209
186 214
186 221
186 251
187 19
187 42
187 118
187 129
187 177
187 220
187 241
188 8
188 36
188 71
188 89
188 143
188 146
188 252
188 257
189 33
189 55
189 80
189 118
189 127
189 142
189 171
189 231
190 39
190 65
190 66
190 92
190 152
190 167
191 15
191 52
191 75
191 123
191 216
191 249
192 9
192 15
192 132
192 162
192 240
193 30
193 52
193 111
193 155
193 217
193 226
194 7
194 102
194 120
194 141
194 177
194 248
194 258
195 9
195 197
195 214
195 217
196 14
196 94
196 102
196 103
196 166
196 209
196 221
196 230
197 27
197 140
197 177
197 223
197 242
197 246
197 248
197 259
198 177
198 218
198 259
198 260
199 67
199 157
199 160
199 260
200 103
200 185
200 223
200 251
200 260
201 79
201 162
201 173
201 186
202 20
202 40
202 77
202 85
202 88
202 171
202 220
202 229
203 45
203 71
203 100
203 102
203 207
203 229
203 248
203 258
204 14
204 66
204 110
204 144
204 162
204 235
205 45
205 115
205 120
205 123
205 178
205 259
206 16
206 62
206 97
206 156
206 225
206 248
207 90
207 114
207 131
207 147
207 188
207 245
208 3
208 45
208 160
208 211
209 66
209 88
209 114
209 141
209 149
209 218
209 223
209 251
210 83
210 109
210 129
210 151
210 245
211 39
211 111
211 120
211 174
211 242
211 252
212 26
212 124
212 157
212 201
212 241
213 2
213 58
213 71
213 102
213 231
213 240
214 2
214 73
214 88
214 102
214 162
214 185
215 7
215 46
215 138
215 151
215 196
215 233
215 240
216 21
216 30
216 39
216 90
216 200
216 252
216 259
217 7
217 13
217 39
217 143
217 166
217 198
217 214
217 253
218 2
218 103
218 185
218 221
218 223
218 260
219 45
219 46
219 97
219 186
219 211
219 217
219 224
219 231
220 2
220 66
220 141
220 180
221 261
222 21
222 115
222 150
222 242
222 243
223 261
224 103
224 200
224 236
224 243
224 251
225 61
225 91
225 198
225 216
226 13
226 88
226 166
226 198
226 216
226 220
227 2
227 7
227 16
227 73
227 141
227 177
227 214
228 71
228 89
228 198
228 230
229 132
229 182
229 198
229 217
229 230
229 243
230 90
230 140
230 198
230 242
230 259
231 90
231 103
231 185
231 221
231 223
231 251
232 90
232 123
232 133
232 238
232 254
232 259
233 21
233 88
233 89
233 115
233 120
233 150
233 171
233 236
234 7
234 27
234 86
234 103
234 162
234 231
234 241
234 243
235 66
235 90
235 241
235 246
236 2
236 166
236 180
236 185
236 242
236 252
237 17
237 111
237 145
237 156
238 39
238 88
238 174
238 209
238 245
238 249
238 259
239 66
239 89
239 107
239 170
240 261
241 21
241 73
241 111
241 149
241 185
241 214
241 231
241 259
242 180
242 200
242 216
242 221
242 252
242 260
243 16
243 120
243 185
243 253
244 29
244 39
244 58
244 174
244 196
244 205
244 216
244 243
245 143
245 180
245 200
245 223
245 248
245 257
246 90
246 221
246 223
246 253
247 3
247 15
247 142
247 189
247 218
248 39
248 88
248 114
248 177
248 185
248 221
248 240
248 259
249 27
249 30
249 114
249 171
249 185
250 129
250 151
250 214
250 228
250 251
251 261
252 2
252 103
252 185
252 221
252 223
252 253
252 260
253 261
254 174
254 198
254 214
254 226
254 253
254 259
255 21
255 119
255 156
255 177
255 210
255 260
256 103
256 114
256 143
256 209
256 221
256 223
256 259
257 7
257 27
257 90
257 149
257 177
257 198
257 223
257 253
258 30
258 171
258 185
258 231
258 240
259 2
259 73
259 90
259 103
259 185
259 221
259 253
259 260
260 261
