# Tier 6 (Large) - Instance 0
# Generated with config: N=118, K=4, topology=grid, calendar=staggered

# HEADER: <num_tasks> <num_types> <num_units>
120 4 26

# RESOURCE TYPES
# Format: <type_id> <num_units> <unit_id1> <unit_id2> ...
0 6 0 1 2 3 4 5
1 6 6 7 8 9 10 11
2 6 12 13 14 15 16 17
3 8 18 19 20 21 22 23 24 25

# RESOURCE UNITS (Calendars)
# Format: <unit_id> <num_steps> <t1> <v1> <t2> <v2> ...
0 34 0 100 53 0 69 100 106 0 118 100 159 0 170 100 212 0 227 100 265 0 279 100 318 0 335 100 371 0 387 100 424 0 439 100 477 0 486 100 530 0 545 100 583 0 596 100 636 0 653 100 689 0 700 100 742 0 751 100 795 0 812 100 848 0 861 100 915 0
1 34 0 100 86 0 95 100 139 0 153 100 192 0 204 100 245 0 253 100 298 0 307 100 351 0 365 100 404 0 413 100 457 0 465 100 510 0 527 100 563 0 577 100 616 0 624 100 669 0 677 100 722 0 735 100 775 0 791 100 828 0 836 100 881 0 898 100 915 0
2 32 0 100 119 0 134 100 172 0 183 100 225 0 240 100 278 0 295 100 331 0 344 100 384 0 396 100 437 0 447 100 490 0 501 100 543 0 552 100 596 0 606 100 649 0 666 100 702 0 710 100 755 0 769 100 808 0 816 100 861 0 871 100 915 0
3 34 0 100 32 0 42 100 152 0 167 100 205 0 222 100 258 0 267 100 311 0 328 100 364 0 372 100 417 0 426 100 470 0 482 100 523 0 535 100 576 0 592 100 629 0 642 100 682 0 690 100 735 0 745 100 788 0 801 100 841 0 857 100 894 0 903 100 915 0
4 34 0 100 12 0 21 100 65 0 74 100 185 0 202 100 238 0 247 100 291 0 304 100 344 0 356 100 397 0 407 100 450 0 462 100 503 0 515 100 556 0 566 100 609 0 625 100 662 0 679 100 715 0 726 100 768 0 780 100 821 0 833 100 874 0 884 100 915 0
5 32 0 100 45 0 54 100 98 0 111 100 218 0 231 100 271 0 284 100 324 0 341 100 377 0 385 100 430 0 443 100 483 0 491 100 536 0 549 100 589 0 597 100 642 0 651 100 695 0 710 100 748 0 764 100 801 0 812 100 854 0 862 100 915 0
6 34 0 100 25 0 33 100 78 0 93 100 131 0 145 100 251 0 267 100 304 0 319 100 357 0 374 100 410 0 421 100 463 0 472 100 516 0 532 100 569 0 582 100 622 0 635 100 675 0 689 100 728 0 741 100 781 0 792 100 834 0 847 100 887 0 896 100 915 0
7 34 0 100 5 0 22 100 58 0 71 100 111 0 122 100 164 0 176 100 284 0 299 100 337 0 349 100 390 0 399 100 443 0 455 100 496 0 509 100 549 0 565 100 602 0 618 100 655 0 667 100 708 0 719 100 761 0 773 100 814 0 827 100 867 0 883 100 915 0
8 34 0 100 38 0 47 100 91 0 104 100 144 0 154 100 197 0 206 100 317 0 326 100 370 0 378 100 423 0 433 100 476 0 493 100 529 0 545 100 582 0 591 100 635 0 651 100 688 0 701 100 741 0 750 100 794 0 806 100 847 0 860 100 900 0 912 100 915 0
9 34 0 100 18 0 34 100 71 0 86 100 124 0 136 100 177 0 193 100 230 0 239 100 350 0 366 100 403 0 413 100 456 0 468 100 509 0 518 100 562 0 570 100 615 0 623 100 668 0 679 100 721 0 733 100 774 0 787 100 827 0 835 100 880 0 895 100 915 0
10 32 0 100 51 0 61 100 104 0 115 100 157 0 171 100 210 0 221 100 263 0 277 100 383 0 399 100 436 0 451 100 489 0 500 100 542 0 550 100 595 0 612 100 648 0 659 100 701 0 713 100 754 0 762 100 807 0 824 100 860 0 874 100 915 0
11 34 0 100 31 0 40 100 84 0 96 100 137 0 147 100 190 0 201 100 243 0 257 100 296 0 313 100 416 0 429 100 469 0 481 100 522 0 539 100 575 0 586 100 628 0 638 100 681 0 696 100 734 0 751 100 787 0 804 100 840 0 853 100 893 0 907 100 915 0
12 34 0 100 11 0 24 100 64 0 73 100 117 0 131 100 170 0 186 100 223 0 233 100 276 0 285 100 329 0 340 100 449 0 464 100 502 0 516 100 555 0 571 100 608 0 621 100 661 0 678 100 714 0 726 100 767 0 777 100 820 0 828 100 873 0 886 100 915 0
13 32 0 100 44 0 56 100 97 0 107 100 150 0 166 100 203 0 213 100 256 0 268 100 309 0 322 100 362 0 371 100 482 0 497 100 535 0 547 100 588 0 602 100 641 0 657 100 694 0 704 100 747 0 762 100 800 0 817 100 853 0 863 100 915 0
14 34 0 100 24 0 37 100 77 0 94 100 130 0 143 100 183 0 194 100 236 0 246 100 289 0 299 100 342 0 359 100 395 0 403 100 515 0 525 100 568 0 584 100 621 0 629 100 674 0 691 100 727 0 744 100 780 0 791 100 833 0 844 100 886 0 897 100 915 0
15 34 0 100 4 0 12 100 57 0 70 100 110 0 125 100 163 0 180 100 216 0 228 100 269 0 280 100 322 0 336 100 375 0 389 100 428 0 443 100 548 0 564 100 601 0 611 100 654 0 670 100 707 0 721 100 760 0 775 100 813 0 825 100 866 0 874 100 915 0
16 34 0 100 37 0 49 100 90 0 101 100 143 0 154 100 196 0 207 100 249 0 260 100 302 0 319 100 355 0 370 100 408 0 419 100 461 0 473 100 581 0 593 100 634 0 651 100 687 0 699 100 740 0 748 100 793 0 805 100 846 0 863 100 899 0 911 100 915 0
17 34 0 100 17 0 26 100 70 0 79 100 123 0 138 100 176 0 188 100 229 0 244 100 282 0 293 100 335 0 349 100 388 0 401 100 441 0 451 100 494 0 510 100 614 0 630 100 667 0 683 100 720 0 736 100 773 0 781 100 826 0 834 100 879 0 894 100 915 0
18 32 0 100 50 0 67 100 103 0 113 100 156 0 171 100 209 0 221 100 262 0 279 100 315 0 326 100 368 0 376 100 421 0 431 100 474 0 488 100 527 0 542 100 647 0 655 100 700 0 716 100 753 0 762 100 806 0 814 100 859 0 876 100 915 0
19 34 0 100 30 0 41 100 83 0 99 100 136 0 144 100 189 0 205 100 242 0 257 100 295 0 309 100 348 0 357 100 401 0 417 100 454 0 466 100 507 0 520 100 560 0 572 100 680 0 697 100 733 0 742 100 786 0 794 100 839 0 852 100 892 0 904 100 915 0
20 34 0 100 10 0 21 100 63 0 79 100 116 0 125 100 169 0 186 100 222 0 238 100 275 0 283 100 328 0 344 100 381 0 391 100 434 0 445 100 487 0 503 100 540 0 555 100 593 0 607 100 713 0 729 100 766 0 777 100 819 0 836 100 872 0 889 100 915 0
21 32 0 100 43 0 51 100 96 0 113 100 149 0 162 100 202 0 218 100 255 0 267 100 308 0 323 100 361 0 369 100 414 0 428 100 467 0 481 100 520 0 534 100 573 0 590 100 626 0 643 100 746 0 755 100 799 0 811 100 852 0 862 100 915 0
22 34 0 100 23 0 40 100 76 0 92 100 129 0 141 100 182 0 199 100 235 0 247 100 288 0 303 100 341 0 350 100 394 0 411 100 447 0 455 100 500 0 515 100 553 0 561 100 606 0 620 100 659 0 667 100 779 0 794 100 832 0 840 100 885 0 901 100 915 0
23 34 0 100 3 0 14 100 56 0 71 100 109 0 123 100 162 0 175 100 215 0 225 100 268 0 284 100 321 0 329 100 374 0 383 100 427 0 440 100 480 0 493 100 533 0 549 100 586 0 594 100 639 0 656 100 692 0 705 100 812 0 823 100 865 0 879 100 915 0
24 34 0 100 36 0 46 100 89 0 106 100 142 0 155 100 195 0 207 100 248 0 261 100 301 0 316 100 354 0 370 100 407 0 420 100 460 0 477 100 513 0 524 100 566 0 578 100 619 0 630 100 672 0 687 100 725 0 733 100 845 0 853 100 898 0 906 100 915 0
25 34 0 100 16 0 28 100 69 0 85 100 122 0 131 100 175 0 184 100 228 0 244 100 281 0 297 100 334 0 350 100 387 0 395 100 440 0 454 100 493 0 501 100 546 0 554 100 599 0 614 100 652 0 661 100 705 0 714 100 758 0 769 100 878 0 890 100 915 0

# TASKS
# Format: <task_id> <size> <num_reqs>
# Then for each requirement: <type_id> <qty>
0 0 4
 0 0
 1 0
 2 0
 3 0
1 12 4
 0 0
 1 1
 2 3
 3 3
2 3 4
 0 3
 1 1
 2 3
 3 1
3 7 4
 0 1
 1 0
 2 3
 3 3
4 11 4
 0 1
 1 2
 2 3
 3 0
5 5 4
 0 2
 1 0
 2 0
 3 0
6 7 4
 0 3
 1 0
 2 3
 3 2
7 14 4
 0 1
 1 3
 2 3
 3 0
8 9 4
 0 0
 1 2
 2 1
 3 3
9 14 4
 0 3
 1 0
 2 0
 3 0
10 8 4
 0 0
 1 3
 2 1
 3 1
11 9 4
 0 1
 1 2
 2 1
 3 3
12 6 4
 0 2
 1 1
 2 1
 3 0
13 6 4
 0 1
 1 1
 2 1
 3 1
14 13 4
 0 2
 1 1
 2 0
 3 2
15 11 4
 0 3
 1 2
 2 0
 3 3
16 11 4
 0 2
 1 1
 2 1
 3 3
17 15 4
 0 1
 1 2
 2 2
 3 1
18 12 4
 0 3
 1 0
 2 0
 3 1
19 8 4
 0 0
 1 1
 2 3
 3 0
20 13 4
 0 0
 1 2
 2 2
 3 3
21 7 4
 0 3
 1 0
 2 2
 3 1
22 13 4
 0 2
 1 1
 2 0
 3 2
23 15 4
 0 1
 1 1
 2 3
 3 1
24 9 4
 0 0
 1 0
 2 2
 3 3
25 15 4
 0 2
 1 0
 2 0
 3 2
26 4 4
 0 3
 1 1
 2 2
 3 3
27 3 4
 0 3
 1 3
 2 1
 3 0
28 10 4
 0 0
 1 0
 2 0
 3 3
29 5 4
 0 0
 1 0
 2 0
 3 1
30 14 4
 0 0
 1 3
 2 3
 3 0
31 6 4
 0 3
 1 0
 2 0
 3 0
32 8 4
 0 1
 1 3
 2 2
 3 1
33 8 4
 0 0
 1 3
 2 3
 3 2
34 11 4
 0 2
 1 0
 2 2
 3 1
35 9 4
 0 3
 1 0
 2 1
 3 2
36 8 4
 0 0
 1 3
 2 3
 3 0
37 13 4
 0 3
 1 2
 2 2
 3 2
38 11 4
 0 3
 1 0
 2 1
 3 1
39 6 4
 0 3
 1 0
 2 2
 3 3
40 9 4
 0 2
 1 1
 2 3
 3 1
41 11 4
 0 0
 1 3
 2 2
 3 0
42 9 4
 0 1
 1 0
 2 0
 3 3
43 12 4
 0 3
 1 2
 2 0
 3 3
44 7 4
 0 3
 1 0
 2 2
 3 3
45 13 4
 0 1
 1 0
 2 2
 3 0
46 3 4
 0 3
 1 2
 2 3
 3 3
47 6 4
 0 2
 1 2
 2 2
 3 2
48 7 4
 0 0
 1 2
 2 2
 3 3
49 11 4
 0 3
 1 3
 2 3
 3 2
50 9 4
 0 2
 1 2
 2 3
 3 0
51 10 4
 0 0
 1 3
 2 3
 3 3
52 7 4
 0 0
 1 0
 2 1
 3 2
53 11 4
 0 1
 1 2
 2 0
 3 3
54 15 4
 0 3
 1 1
 2 1
 3 1
55 14 4
 0 1
 1 0
 2 2
 3 0
56 6 4
 0 1
 1 3
 2 0
 3 0
57 3 4
 0 0
 1 2
 2 1
 3 2
58 8 4
 0 2
 1 3
 2 3
 3 2
59 15 4
 0 2
 1 2
 2 3
 3 3
60 4 4
 0 1
 1 3
 2 3
 3 3
61 11 4
 0 2
 1 0
 2 2
 3 0
62 9 4
 0 3
 1 3
 2 0
 3 2
63 5 4
 0 1
 1 3
 2 3
 3 0
64 15 4
 0 1
 1 0
 2 1
 3 3
65 11 4
 0 1
 1 1
 2 3
 3 1
66 13 4
 0 3
 1 3
 2 0
 3 2
67 5 4
 0 0
 1 0
 2 1
 3 1
68 15 4
 0 1
 1 2
 2 3
 3 0
69 11 4
 0 1
 1 1
 2 3
 3 0
70 14 4
 0 1
 1 1
 2 0
 3 3
71 9 4
 0 1
 1 3
 2 1
 3 0
72 11 4
 0 2
 1 3
 2 0
 3 3
73 3 4
 0 1
 1 2
 2 3
 3 3
74 15 4
 0 2
 1 3
 2 1
 3 0
75 4 4
 0 3
 1 0
 2 0
 3 0
76 15 4
 0 3
 1 3
 2 1
 3 2
77 15 4
 0 0
 1 1
 2 3
 3 0
78 11 4
 0 0
 1 3
 2 0
 3 2
79 5 4
 0 3
 1 2
 2 0
 3 0
80 4 4
 0 1
 1 3
 2 2
 3 2
81 10 4
 0 0
 1 3
 2 0
 3 2
82 10 4
 0 2
 1 0
 2 0
 3 0
83 7 4
 0 0
 1 2
 2 2
 3 1
84 6 4
 0 1
 1 2
 2 2
 3 1
85 6 4
 0 3
 1 3
 2 0
 3 0
86 12 4
 0 0
 1 2
 2 1
 3 2
87 11 4
 0 0
 1 0
 2 1
 3 0
88 9 4
 0 0
 1 2
 2 2
 3 3
89 3 4
 0 0
 1 0
 2 1
 3 0
90 9 4
 0 0
 1 0
 2 1
 3 1
91 10 4
 0 2
 1 0
 2 0
 3 3
92 10 4
 0 2
 1 3
 2 0
 3 2
93 3 4
 0 3
 1 3
 2 0
 3 0
94 5 4
 0 1
 1 1
 2 1
 3 3
95 14 4
 0 3
 1 3
 2 3
 3 2
96 13 4
 0 2
 1 3
 2 0
 3 2
97 10 4
 0 1
 1 3
 2 2
 3 2
98 7 4
 0 0
 1 3
 2 2
 3 0
99 10 4
 0 0
 1 3
 2 3
 3 0
100 4 4
 0 0
 1 3
 2 2
 3 2
101 10 4
 0 2
 1 1
 2 0
 3 0
102 7 4
 0 2
 1 3
 2 1
 3 0
103 8 4
 0 2
 1 0
 2 3
 3 0
104 9 4
 0 1
 1 1
 2 2
 3 0
105 7 4
 0 0
 1 2
 2 2
 3 2
106 4 4
 0 0
 1 0
 2 2
 3 2
107 15 4
 0 0
 1 1
 2 1
 3 0
108 4 4
 0 3
 1 3
 2 1
 3 0
109 14 4
 0 0
 1 3
 2 3
 3 0
110 11 4
 0 1
 1 0
 2 3
 3 0
111 4 4
 0 3
 1 0
 2 2
 3 0
112 8 4
 0 2
 1 0
 2 0
 3 1
113 13 4
 0 0
 1 0
 2 0
 3 1
114 3 4
 0 1
 1 3
 2 3
 3 3
115 14 4
 0 2
 1 0
 2 3
 3 2
116 12 4
 0 3
 1 3
 2 1
 3 2
117 6 4
 0 3
 1 2
 2 0
 3 0
118 7 4
 0 2
 1 1
 2 0
 3 2
119 0 4
 0 0
 1 0
 2 0
 3 0

# PRECEDENCES
233
72 73
55 66
67 68
50 61
105 116
82 93
8 9
51 62
0 5
40 41
46 57
23 34
100 101
83 94
111 119
41 42
96 97
18 19
24 35
73 74
79 90
56 67
14 15
20 31
9 10
0 7
74 75
106 107
57 68
117 119
89 100
115 119
111 112
15 16
94 105
47 48
53 64
30 41
42 43
107 108
25 36
90 101
38 39
48 49
21 32
103 104
0 9
31 42
80 81
86 97
75 76
85 86
68 79
27 38
16 17
71 72
81 82
54 65
64 75
108 109
59 70
118 119
12 13
101 112
0 2
5 16
60 71
49 50
104 105
114 115
87 98
97 108
109 110
1 12
13 14
92 103
45 46
28 39
50 51
93 104
105 106
82 83
33 44
88 99
51 52
46 47
23 24
29 40
78 79
84 95
61 72
83 84
113 119
115 116
66 77
19 20
2 13
24 25
79 80
56 57
62 73
116 117
20 21
99 110
52 53
3 14
58 69
35 46
57 58
112 113
89 90
40 51
95 106
114 119
53 54
30 31
36 47
91 102
25 26
90 91
63 74
73 84
26 27
32 43
21 22
31 32
4 15
86 87
14 25
69 80
113 114
17 18
27 28
0 11
106 117
10 21
65 76
54 55
64 65
37 48
47 58
102 113
6 17
5 6
60 61
43 54
98 109
87 88
38 49
97 98
70 81
1 2
0 4
80 91
39 50
28 29
34 45
93 94
11 22
76 87
71 82
7 18
29 30
72 83
84 85
61 62
12 23
67 78
44 55
112 119
104 115
0 6
2 3
8 19
62 63
117 118
94 95
45 56
100 111
3 4
58 59
35 36
41 52
96 107
18 29
116 119
95 96
78 89
0 8
36 37
9 20
91 92
68 69
19 30
74 85
63 64
32 33
15 26
4 5
59 60
69 70
42 53
101 102
52 63
107 118
0 1
10 11
65 66
0 10
48 59
103 114
37 38
92 93
102 103
75 86
6 7
85 96
43 44
16 27
98 99
26 37
81 92
70 71
39 40
0 3
22 33
34 35
77 88
17 28
76 77
49 60
7 8
13 24
