# Tier 6 (Large) - Instance 63
# Generated with config: N=280, K=3, topology=random_dag, calendar=random

# HEADER: <num_tasks> <num_types> <num_units>
282 3 20

# RESOURCE TYPES
# Format: <type_id> <num_units> <unit_id1> <unit_id2> ...
0 6 0 1 2 3 4 5
1 6 6 7 8 9 10 11
2 8 12 13 14 15 16 17 18 19

# RESOURCE UNITS (Calendars)
# Format: <unit_id> <num_steps> <t1> <v1> <t2> <v2> ...
0 25 0 0 10 100 140 0 147 100 189 0 200 100 390 0 393 100 566 0 574 100 629 0 644 100 739 0 747 100 850 0 863 100 1050 0 1062 100 1206 0 1214 100 1307 0 1320 100 1366 0 1381 100 2591 0
1 25 0 0 16 100 81 0 94 100 138 0 140 100 216 0 232 100 341 0 345 100 386 0 395 100 453 0 457 100 617 0 627 100 736 0 741 100 846 0 849 100 971 0 984 100 1101 0 1114 100 2591 0
2 25 0 100 135 0 139 100 241 0 255 100 369 0 379 100 497 0 512 100 560 0 564 100 672 0 674 100 856 0 859 100 1045 0 1061 100 1211 0 1215 100 1354 0 1356 100 1509 0 1516 100 1704 0 2591 0
3 25 0 100 69 0 75 100 213 0 223 100 302 0 309 100 434 0 436 100 532 0 545 100 690 0 697 100 816 0 829 100 888 0 904 100 998 0 1012 100 1182 0 1190 100 1262 0 1268 100 1300 0 2591 0
4 25 0 0 12 100 130 0 132 100 268 0 277 100 374 0 388 100 485 0 494 100 583 0 591 100 709 0 712 100 759 0 767 100 903 0 911 100 1016 0 1022 100 1167 0 1171 100 1298 0 1313 100 2591 0
5 25 0 0 2 100 141 0 147 100 230 0 244 100 347 0 356 100 398 0 412 100 521 0 526 100 565 0 567 100 718 0 734 100 860 0 869 100 931 0 944 100 1091 0 1093 100 1142 0 1153 100 2591 0
6 25 0 0 13 100 180 0 183 100 283 0 295 100 479 0 482 100 662 0 668 100 844 0 860 100 896 0 908 100 989 0 1000 100 1072 0 1076 100 1168 0 1180 100 1293 0 1307 100 1397 0 1411 100 2591 0
7 25 0 100 93 0 101 100 187 0 189 100 238 0 253 100 402 0 416 100 561 0 573 100 750 0 765 100 874 0 890 100 972 0 977 100 1091 0 1098 100 1189 0 1191 100 1237 0 1251 100 1440 0 2591 0
8 25 0 0 5 100 96 0 101 100 203 0 208 100 305 0 318 100 490 0 494 100 582 0 598 100 701 0 717 100 784 0 786 100 941 0 947 100 991 0 1003 100 1037 0 1049 100 1188 0 1192 100 2591 0
9 25 0 100 65 0 71 100 184 0 194 100 325 0 337 100 484 0 489 100 593 0 602 100 717 0 728 100 775 0 788 100 957 0 962 100 1094 0 1110 100 1190 0 1198 100 1238 0 1254 100 1423 0 2591 0
10 25 0 0 7 100 163 0 178 100 297 0 309 100 431 0 445 100 526 0 536 100 728 0 741 100 908 0 919 100 980 0 991 100 1156 0 1168 100 1289 0 1304 100 1400 0 1406 100 1551 0 1562 100 2591 0
11 25 0 0 16 100 114 0 124 100 202 0 216 100 384 0 393 100 560 0 563 100 710 0 724 100 892 0 902 100 941 0 947 100 1129 0 1136 100 1181 0 1185 100 1350 0 1356 100 1541 0 1548 100 2591 0
12 25 0 100 132 0 139 100 259 0 273 100 329 0 337 100 474 0 482 100 617 0 623 100 785 0 789 100 969 0 978 100 1037 0 1051 100 1219 0 1222 100 1343 0 1345 100 1463 0 1477 100 1583 0 2591 0
13 25 0 0 6 100 179 0 181 100 367 0 378 100 545 0 554 100 725 0 740 100 844 0 849 100 1003 0 1010 100 1132 0 1136 100 1271 0 1287 100 1335 0 1350 100 1400 0 1409 100 1465 0 1477 100 2591 0
14 25 0 0 13 100 106 0 121 100 232 0 241 100 281 0 285 100 402 0 411 100 522 0 526 100 692 0 706 100 815 0 831 100 888 0 890 100 1083 0 1097 100 1133 0 1136 100 1265 0 1268 100 2591 0
15 25 0 100 39 0 45 100 233 0 246 100 402 0 405 100 458 0 466 100 523 0 538 100 729 0 731 100 813 0 822 100 873 0 889 100 1028 0 1037 100 1154 0 1169 100 1244 0 1250 100 1402 0 2591 0
16 25 0 100 110 0 114 100 286 0 299 100 355 0 366 100 431 0 435 100 534 0 545 100 653 0 663 100 817 0 832 100 977 0 990 100 1063 0 1075 100 1250 0 1256 100 1397 0 1409 100 1539 0 2591 0
17 25 0 0 3 100 114 0 126 100 243 0 246 100 317 0 319 100 500 0 511 100 550 0 565 100 679 0 681 100 792 0 808 100 974 0 985 100 1079 0 1084 100 1125 0 1140 100 1188 0 1197 100 2591 0
18 25 0 100 55 0 70 100 148 0 164 100 317 0 328 100 420 0 422 100 459 0 471 100 644 0 660 100 766 0 773 100 847 0 850 100 1016 0 1030 100 1190 0 1206 100 1384 0 1387 100 1543 0 2591 0
19 25 0 0 14 100 164 0 170 100 251 0 256 100 429 0 432 100 499 0 501 100 600 0 606 100 785 0 787 100 933 0 943 100 1122 0 1133 100 1249 0 1258 100 1416 0 1426 100 1617 0 1626 100 2591 0

# TASKS
# Format: <task_id> <size> <num_reqs>
# Then for each requirement: <type_id> <qty>
0 0 3
 0 0
 1 0
 2 0
1 2 3
 0 3
 1 0
 2 2
2 11 3
 0 3
 1 3
 2 0
3 14 3
 0 2
 1 2
 2 1
4 10 3
 0 3
 1 3
 2 1
5 16 3
 0 0
 1 3
 2 2
6 3 3
 0 3
 1 0
 2 2
7 11 3
 0 3
 1 2
 2 1
8 18 3
 0 3
 1 0
 2 0
9 1 3
 0 3
 1 3
 2 0
10 15 3
 0 0
 1 0
 2 2
11 17 3
 0 1
 1 2
 2 0
12 6 3
 0 2
 1 1
 2 3
13 14 3
 0 2
 1 1
 2 0
14 10 3
 0 0
 1 0
 2 1
15 20 3
 0 0
 1 0
 2 1
16 13 3
 0 2
 1 1
 2 0
17 6 3
 0 0
 1 2
 2 2
18 5 3
 0 1
 1 1
 2 0
19 2 3
 0 0
 1 1
 2 2
20 5 3
 0 0
 1 0
 2 1
21 18 3
 0 1
 1 2
 2 2
22 11 3
 0 1
 1 0
 2 3
23 4 3
 0 2
 1 0
 2 2
24 20 3
 0 2
 1 0
 2 0
25 18 3
 0 3
 1 3
 2 1
26 10 3
 0 3
 1 2
 2 0
27 9 3
 0 0
 1 1
 2 0
28 6 3
 0 0
 1 3
 2 0
29 4 3
 0 3
 1 1
 2 1
30 19 3
 0 0
 1 3
 2 2
31 17 3
 0 0
 1 0
 2 1
32 15 3
 0 0
 1 1
 2 1
33 1 3
 0 0
 1 3
 2 3
34 2 3
 0 0
 1 1
 2 0
35 4 3
 0 1
 1 0
 2 0
36 7 3
 0 2
 1 3
 2 1
37 4 3
 0 2
 1 2
 2 3
38 20 3
 0 2
 1 1
 2 2
39 10 3
 0 3
 1 2
 2 0
40 12 3
 0 0
 1 2
 2 3
41 15 3
 0 1
 1 3
 2 3
42 6 3
 0 0
 1 2
 2 0
43 1 3
 0 1
 1 0
 2 2
44 10 3
 0 0
 1 3
 2 0
45 6 3
 0 0
 1 3
 2 1
46 20 3
 0 0
 1 0
 2 1
47 2 3
 0 0
 1 2
 2 2
48 3 3
 0 0
 1 1
 2 3
49 18 3
 0 0
 1 0
 2 1
50 18 3
 0 3
 1 0
 2 0
51 16 3
 0 0
 1 2
 2 0
52 12 3
 0 0
 1 0
 2 3
53 6 3
 0 3
 1 1
 2 0
54 4 3
 0 1
 1 2
 2 0
55 6 3
 0 2
 1 3
 2 1
56 4 3
 0 0
 1 1
 2 0
57 10 3
 0 2
 1 1
 2 2
58 8 3
 0 3
 1 3
 2 1
59 15 3
 0 0
 1 0
 2 1
60 5 3
 0 1
 1 3
 2 1
61 14 3
 0 2
 1 3
 2 0
62 1 3
 0 2
 1 0
 2 2
63 18 3
 0 1
 1 3
 2 0
64 7 3
 0 0
 1 0
 2 2
65 8 3
 0 1
 1 1
 2 0
66 2 3
 0 2
 1 0
 2 0
67 9 3
 0 1
 1 0
 2 3
68 15 3
 0 1
 1 0
 2 0
69 10 3
 0 2
 1 2
 2 1
70 5 3
 0 0
 1 3
 2 2
71 13 3
 0 3
 1 0
 2 2
72 3 3
 0 0
 1 1
 2 3
73 17 3
 0 0
 1 1
 2 0
74 14 3
 0 3
 1 1
 2 0
75 15 3
 0 0
 1 2
 2 2
76 10 3
 0 0
 1 1
 2 0
77 5 3
 0 2
 1 2
 2 1
78 11 3
 0 0
 1 3
 2 0
79 16 3
 0 0
 1 1
 2 0
80 20 3
 0 2
 1 0
 2 0
81 20 3
 0 1
 1 3
 2 0
82 2 3
 0 0
 1 0
 2 3
83 10 3
 0 0
 1 2
 2 3
84 14 3
 0 3
 1 0
 2 2
85 6 3
 0 1
 1 0
 2 0
86 16 3
 0 3
 1 0
 2 0
87 18 3
 0 0
 1 2
 2 3
88 12 3
 0 0
 1 2
 2 0
89 16 3
 0 2
 1 0
 2 2
90 9 3
 0 3
 1 0
 2 3
91 19 3
 0 0
 1 2
 2 1
92 3 3
 0 3
 1 0
 2 0
93 6 3
 0 2
 1 0
 2 3
94 19 3
 0 3
 1 0
 2 0
95 3 3
 0 3
 1 3
 2 1
96 9 3
 0 2
 1 0
 2 2
97 2 3
 0 3
 1 3
 2 2
98 13 3
 0 0
 1 1
 2 0
99 7 3
 0 1
 1 0
 2 0
100 20 3
 0 1
 1 0
 2 0
101 15 3
 0 3
 1 1
 2 3
102 19 3
 0 0
 1 0
 2 1
103 3 3
 0 1
 1 1
 2 0
104 20 3
 0 2
 1 2
 2 0
105 15 3
 0 0
 1 0
 2 3
106 16 3
 0 1
 1 1
 2 0
107 7 3
 0 1
 1 1
 2 2
108 1 3
 0 1
 1 0
 2 1
109 6 3
 0 3
 1 2
 2 0
110 3 3
 0 2
 1 0
 2 2
111 11 3
 0 2
 1 0
 2 0
112 20 3
 0 3
 1 0
 2 3
113 13 3
 0 0
 1 1
 2 0
114 11 3
 0 0
 1 0
 2 3
115 20 3
 0 0
 1 2
 2 0
116 7 3
 0 1
 1 0
 2 0
117 19 3
 0 0
 1 0
 2 2
118 12 3
 0 2
 1 2
 2 3
119 18 3
 0 3
 1 2
 2 0
120 1 3
 0 1
 1 0
 2 0
121 16 3
 0 0
 1 2
 2 0
122 9 3
 0 2
 1 0
 2 3
123 1 3
 0 3
 1 3
 2 2
124 16 3
 0 0
 1 0
 2 1
125 9 3
 0 0
 1 3
 2 0
126 2 3
 0 3
 1 2
 2 1
127 2 3
 0 0
 1 1
 2 0
128 17 3
 0 0
 1 2
 2 3
129 17 3
 0 0
 1 3
 2 3
130 16 3
 0 3
 1 3
 2 0
131 14 3
 0 0
 1 3
 2 0
132 1 3
 0 3
 1 0
 2 2
133 14 3
 0 2
 1 0
 2 3
134 13 3
 0 0
 1 3
 2 0
135 14 3
 0 3
 1 0
 2 1
136 2 3
 0 1
 1 1
 2 0
137 3 3
 0 0
 1 3
 2 0
138 19 3
 0 1
 1 0
 2 0
139 11 3
 0 2
 1 2
 2 2
140 7 3
 0 2
 1 2
 2 0
141 8 3
 0 0
 1 2
 2 2
142 8 3
 0 0
 1 2
 2 0
143 14 3
 0 0
 1 0
 2 2
144 7 3
 0 3
 1 0
 2 1
145 9 3
 0 3
 1 0
 2 2
146 10 3
 0 3
 1 2
 2 2
147 14 3
 0 1
 1 3
 2 1
148 5 3
 0 0
 1 1
 2 0
149 4 3
 0 1
 1 0
 2 0
150 7 3
 0 0
 1 3
 2 2
151 12 3
 0 0
 1 1
 2 1
152 13 3
 0 0
 1 1
 2 2
153 13 3
 0 0
 1 0
 2 1
154 4 3
 0 0
 1 2
 2 1
155 6 3
 0 2
 1 0
 2 0
156 17 3
 0 0
 1 3
 2 0
157 9 3
 0 0
 1 0
 2 3
158 5 3
 0 2
 1 0
 2 3
159 17 3
 0 0
 1 0
 2 1
160 2 3
 0 0
 1 0
 2 2
161 18 3
 0 0
 1 0
 2 1
162 18 3
 0 0
 1 3
 2 0
163 2 3
 0 0
 1 0
 2 1
164 18 3
 0 0
 1 0
 2 3
165 12 3
 0 3
 1 1
 2 1
166 14 3
 0 3
 1 3
 2 1
167 20 3
 0 3
 1 0
 2 1
168 2 3
 0 0
 1 1
 2 0
169 11 3
 0 1
 1 1
 2 2
170 10 3
 0 3
 1 1
 2 0
171 1 3
 0 3
 1 1
 2 1
172 1 3
 0 0
 1 1
 2 0
173 15 3
 0 3
 1 0
 2 1
174 15 3
 0 2
 1 3
 2 0
175 13 3
 0 0
 1 3
 2 0
176 15 3
 0 0
 1 2
 2 0
177 12 3
 0 2
 1 3
 2 0
178 16 3
 0 1
 1 0
 2 0
179 11 3
 0 1
 1 1
 2 1
180 2 3
 0 2
 1 0
 2 1
181 5 3
 0 1
 1 3
 2 0
182 13 3
 0 2
 1 3
 2 3
183 7 3
 0 1
 1 1
 2 0
184 8 3
 0 2
 1 0
 2 1
185 17 3
 0 1
 1 0
 2 0
186 16 3
 0 0
 1 1
 2 0
187 7 3
 0 2
 1 0
 2 0
188 5 3
 0 0
 1 0
 2 3
189 5 3
 0 1
 1 0
 2 3
190 7 3
 0 0
 1 2
 2 3
191 14 3
 0 0
 1 0
 2 2
192 20 3
 0 2
 1 3
 2 1
193 15 3
 0 0
 1 3
 2 0
194 7 3
 0 2
 1 0
 2 0
195 11 3
 0 0
 1 0
 2 2
196 13 3
 0 0
 1 0
 2 3
197 9 3
 0 0
 1 0
 2 3
198 10 3
 0 2
 1 1
 2 2
199 9 3
 0 1
 1 0
 2 2
200 7 3
 0 1
 1 2
 2 0
201 11 3
 0 0
 1 0
 2 1
202 11 3
 0 2
 1 0
 2 2
203 3 3
 0 1
 1 0
 2 2
204 17 3
 0 3
 1 3
 2 0
205 8 3
 0 3
 1 0
 2 0
206 4 3
 0 0
 1 0
 2 3
207 17 3
 0 1
 1 0
 2 1
208 4 3
 0 0
 1 0
 2 2
209 19 3
 0 1
 1 0
 2 2
210 4 3
 0 1
 1 2
 2 1
211 7 3
 0 1
 1 0
 2 2
212 6 3
 0 3
 1 3
 2 0
213 13 3
 0 1
 1 0
 2 3
214 14 3
 0 0
 1 3
 2 0
215 6 3
 0 0
 1 0
 2 1
216 9 3
 0 0
 1 2
 2 2
217 2 3
 0 1
 1 2
 2 2
218 15 3
 0 3
 1 0
 2 1
219 10 3
 0 1
 1 0
 2 0
220 10 3
 0 2
 1 3
 2 0
221 7 3
 0 2
 1 0
 2 1
222 5 3
 0 3
 1 1
 2 3
223 17 3
 0 3
 1 2
 2 1
224 16 3
 0 3
 1 3
 2 0
225 5 3
 0 0
 1 0
 2 3
226 17 3
 0 1
 1 3
 2 3
227 17 3
 0 0
 1 1
 2 2
228 16 3
 0 0
 1 2
 2 0
229 2 3
 0 0
 1 3
 2 2
230 17 3
 0 1
 1 2
 2 2
231 10 3
 0 3
 1 2
 2 3
232 12 3
 0 1
 1 1
 2 0
233 20 3
 0 0
 1 0
 2 1
234 3 3
 0 3
 1 0
 2 0
235 16 3
 0 0
 1 0
 2 2
236 19 3
 0 3
 1 0
 2 0
237 3 3
 0 3
 1 0
 2 2
238 20 3
 0 0
 1 0
 2 3
239 20 3
 0 1
 1 0
 2 0
240 13 3
 0 1
 1 2
 2 2
241 16 3
 0 0
 1 0
 2 3
242 5 3
 0 0
 1 1
 2 2
243 7 3
 0 1
 1 2
 2 3
244 5 3
 0 3
 1 0
 2 1
245 2 3
 0 1
 1 0
 2 2
246 17 3
 0 0
 1 2
 2 2
247 17 3
 0 3
 1 1
 2 1
248 3 3
 0 0
 1 0
 2 2
249 5 3
 0 0
 1 0
 2 2
250 8 3
 0 3
 1 1
 2 1
251 16 3
 0 2
 1 2
 2 0
252 16 3
 0 0
 1 1
 2 0
253 9 3
 0 1
 1 1
 2 1
254 20 3
 0 3
 1 0
 2 3
255 9 3
 0 2
 1 1
 2 1
256 12 3
 0 0
 1 0
 2 1
257 12 3
 0 0
 1 2
 2 0
258 1 3
 0 0
 1 2
 2 0
259 16 3
 0 0
 1 2
 2 0
260 6 3
 0 3
 1 1
 2 1
261 20 3
 0 0
 1 0
 2 1
262 14 3
 0 3
 1 2
 2 2
263 11 3
 0 0
 1 1
 2 3
264 8 3
 0 3
 1 3
 2 0
265 3 3
 0 3
 1 0
 2 2
266 11 3
 0 3
 1 2
 2 0
267 9 3
 0 3
 1 1
 2 0
268 14 3
 0 2
 1 3
 2 0
269 13 3
 0 0
 1 2
 2 0
270 10 3
 0 0
 1 1
 2 1
271 5 3
 0 1
 1 3
 2 0
272 16 3
 0 1
 1 0
 2 0
273 14 3
 0 0
 1 2
 2 0
274 14 3
 0 0
 1 1
 2 3
275 6 3
 0 1
 1 3
 2 3
276 14 3
 0 3
 1 2
 2 0
277 13 3
 0 2
 1 0
 2 3
278 15 3
 0 0
 1 2
 2 2
279 3 3
 0 1
 1 2
 2 0
280 8 3
 0 2
 1 0
 2 2
281 0 3
 0 0
 1 0
 2 0

# PRECEDENCES
1642
0 1
0 12
0 15
0 16
0 17
0 19
0 24
0 32
0 38
0 48
0 56
0 64
0 65
0 68
0 69
0 74
0 75
0 82
0 85
0 86
0 89
0 90
0 95
0 100
0 101
0 102
0 108
0 111
0 124
0 127
0 128
0 132
0 138
0 144
0 153
0 159
0 170
0 171
0 179
0 191
0 196
0 201
0 202
0 203
0 207
0 210
0 213
0 228
0 230
0 233
0 238
0 252
0 253
0 254
0 257
0 258
0 260
0 264
0 267
0 280
1 41
1 66
1 117
1 148
1 151
1 152
1 234
2 36
2 58
2 84
2 165
2 221
2 225
2 246
2 255
3 281
4 188
4 197
4 198
4 205
4 206
4 215
4 218
5 58
5 70
5 157
5 160
5 185
5 192
5 221
5 240
6 70
6 157
6 173
6 187
6 226
7 5
7 73
7 113
7 115
7 130
7 155
7 206
7 242
8 70
8 73
8 156
8 173
8 240
8 263
9 26
9 27
9 49
9 148
9 157
9 197
10 30
10 52
10 72
10 157
10 241
10 243
10 248
10 271
11 3
11 44
11 66
11 134
11 148
12 41
12 77
12 97
12 139
12 152
12 173
12 237
12 247
13 27
13 110
13 150
13 168
13 240
14 168
14 181
14 192
14 240
15 35
15 52
15 136
15 231
15 243
16 55
16 93
16 194
16 277
17 20
17 57
17 216
17 236
18 3
18 30
18 123
18 197
18 199
18 263
19 6
19 10
19 27
19 41
19 169
19 262
19 270
20 34
20 59
20 70
20 151
20 155
20 160
20 208
20 227
21 39
21 135
21 248
21 273
22 52
22 189
22 197
22 266
23 34
23 113
23 206
23 263
23 272
23 273
24 49
24 97
24 140
24 151
24 161
24 217
24 221
24 257
25 70
25 129
25 154
25 193
25 206
26 3
26 70
26 139
26 274
27 22
27 42
27 52
27 122
27 148
27 197
27 242
27 255
28 18
28 59
28 88
28 134
28 155
28 157
28 163
28 240
29 3
29 134
29 139
29 157
29 229
29 234
29 263
30 281
31 10
31 44
31 92
31 147
31 211
31 221
31 273
32 13
32 40
32 78
32 156
32 225
32 245
32 271
33 46
33 52
33 118
33 133
33 160
33 199
33 241
34 63
34 134
34 176
34 177
34 208
34 225
34 235
34 274
35 59
35 84
35 160
35 174
35 263
36 172
36 197
36 205
36 251
36 270
37 30
37 73
37 88
37 145
37 154
37 183
37 193
37 240
38 30
38 81
38 123
38 172
38 195
38 211
38 243
38 255
39 14
39 110
39 226
39 236
39 274
40 20
40 115
40 129
40 142
40 151
40 152
40 185
40 240
41 33
41 34
41 72
41 96
41 139
41 265
42 181
42 185
42 199
42 243
42 263
42 271
43 63
43 70
43 96
43 110
44 123
44 134
44 157
44 226
44 251
45 35
45 156
45 239
45 256
46 281
47 43
47 71
47 130
47 142
47 222
47 225
47 279
48 22
48 25
48 47
48 103
48 119
48 231
48 244
49 46
49 105
49 131
49 134
49 147
49 178
49 225
49 251
50 5
50 7
50 20
50 34
50 49
50 55
50 73
50 200
51 73
51 106
51 163
51 175
51 205
51 278
52 281
53 52
53 118
53 165
53 234
53 265
54 18
54 52
54 88
54 156
54 229
55 26
55 41
55 43
55 63
55 129
55 161
56 22
56 156
56 226
56 247
56 248
57 118
57 157
57 197
57 199
57 208
57 243
58 10
58 30
58 41
58 199
58 263
59 63
59 142
59 178
59 185
59 221
59 229
59 248
59 271
60 44
60 116
60 142
60 181
60 241
60 263
61 9
61 66
61 163
61 165
61 192
61 209
61 265
61 274
62 30
62 142
62 243
62 268
63 281
64 21
64 120
64 123
64 126
64 219
65 26
65 33
65 34
65 118
65 165
65 193
65 224
65 270
66 6
66 173
66 181
66 199
67 83
67 156
67 219
67 251
67 269
68 37
68 40
68 194
68 204
68 225
68 227
68 241
68 262
69 33
69 174
69 252
69 263
70 281
71 3
71 178
71 187
71 218
71 263
72 3
72 187
72 234
72 271
72 274
73 52
73 134
73 139
73 251
73 263
73 274
74 44
74 50
74 52
74 133
74 175
74 214
75 162
75 166
75 182
75 205
75 232
75 240
75 269
75 276
76 59
76 80
76 93
76 117
76 147
76 197
76 268
76 274
77 79
77 96
77 122
77 197
78 46
78 52
78 166
78 177
78 197
79 6
79 63
79 123
79 185
80 10
80 79
80 125
80 133
80 235
81 8
81 46
81 63
81 118
81 163
81 176
81 192
81 263
82 5
82 7
82 36
82 50
82 154
82 272
83 62
83 104
83 198
83 242
83 266
84 71
84 195
84 231
84 251
85 36
85 110
85 226
85 257
85 261
86 25
86 26
86 93
86 163
86 222
87 11
87 18
87 42
87 139
87 148
87 189
87 193
87 271
88 6
88 22
88 43
88 44
88 79
88 121
88 206
89 9
89 10
89 39
89 130
89 133
89 166
89 243
89 261
90 5
90 71
90 76
90 133
90 169
90 209
91 30
91 116
91 131
91 135
91 156
91 181
91 221
91 263
92 6
92 29
92 178
92 197
92 219
92 251
93 34
93 52
93 218
93 226
93 234
93 235
93 263
93 271
94 3
94 59
94 80
94 163
94 193
94 194
94 256
95 50
95 85
95 120
95 129
95 249
95 264
95 265
96 70
96 134
96 187
96 226
96 251
96 271
97 28
97 125
97 177
97 220
97 231
98 29
98 33
98 72
98 160
98 208
99 3
99 5
99 23
99 35
99 181
99 229
99 268
99 275
100 7
100 36
100 60
100 130
100 134
100 193
100 232
101 27
101 110
101 247
101 259
102 55
102 66
102 79
102 154
102 156
102 185
102 268
103 50
103 66
103 115
103 163
103 167
103 186
103 229
104 72
104 106
104 139
104 150
104 187
104 208
104 231
104 249
105 18
105 26
105 33
105 157
105 187
105 199
105 221
105 265
106 3
106 8
106 88
106 206
107 3
107 58
107 93
107 98
107 259
107 268
108 110
108 115
108 143
108 152
108 209
108 212
108 274
109 14
109 23
109 30
109 104
109 123
109 134
109 136
109 193
110 131
110 157
110 160
110 181
110 199
110 208
111 184
111 189
111 198
111 270
112 26
112 151
112 157
112 248
113 79
113 134
113 156
113 248
114 18
114 70
114 91
114 265
115 129
115 182
115 209
115 226
115 271
116 142
116 199
116 248
116 251
116 274
117 18
117 26
117 41
117 148
118 281
119 96
119 150
119 231
119 271
120 44
120 79
120 81
120 84
120 110
120 122
120 205
121 30
121 142
121 148
121 187
122 8
122 116
122 217
122 226
122 251
122 259
122 272
123 281
124 52
124 88
124 122
124 165
124 223
124 250
124 268
125 30
125 96
125 123
125 134
125 181
125 248
126 7
126 113
126 137
126 149
126 188
126 194
126 273
127 41
127 62
127 137
127 206
127 242
128 5
128 31
128 58
128 218
129 3
129 8
129 29
129 157
129 181
129 185
129 256
130 22
130 41
130 58
130 131
130 187
131 3
131 18
131 243
131 248
132 20
132 83
132 139
132 188
132 212
132 246
133 52
133 73
133 156
133 241
134 281
135 18
135 29
135 123
135 176
135 197
135 235
135 251
135 263
136 6
136 8
136 62
136 113
136 130
136 147
136 212
136 259
137 45
137 112
137 133
137 173
137 197
137 222
137 224
137 265
138 119
138 139
138 172
138 177
138 237
138 272
139 281
140 7
140 14
140 36
140 113
140 161
140 251
140 265
140 279
141 59
141 176
141 193
141 243
141 259
142 30
142 46
142 52
142 63
142 73
142 134
142 199
142 274
143 23
143 52
143 141
143 270
144 4
144 87
144 190
144 206
145 57
145 60
145 247
145 259
145 261
146 94
146 189
146 222
146 236
147 96
147 139
147 156
147 160
147 221
147 226
147 241
147 271
148 70
148 139
148 157
148 160
148 226
149 80
149 84
149 122
149 141
149 157
149 192
149 208
149 279
150 11
150 34
150 52
150 193
150 225
150 240
150 242
150 259
151 22
151 34
151 123
151 130
151 172
151 197
152 43
152 130
152 133
152 173
152 174
152 195
152 234
153 14
153 27
153 43
153 248
153 269
153 271
154 41
154 44
154 122
154 158
154 217
154 263
155 3
155 46
155 79
155 96
155 134
155 248
155 259
155 270
156 46
156 118
156 134
156 139
156 157
156 251
157 281
158 29
158 76
158 135
158 193
159 51
159 62
159 67
159 94
160 3
160 52
160 157
160 229
160 271
160 274
161 181
161 235
161 243
161 274
162 23
162 55
162 87
162 131
162 147
162 273
163 3
163 73
163 125
163 181
163 197
163 199
163 208
163 248
164 58
164 93
164 123
164 141
164 172
164 182
164 250
165 66
165 73
165 197
165 221
166 61
166 94
166 99
166 216
167 73
167 99
167 158
167 198
167 246
168 3
168 10
168 63
168 72
168 123
168 172
168 181
168 265
169 6
169 73
169 133
169 156
169 157
169 163
169 226
169 227
170 217
170 236
170 242
170 248
171 99
171 180
171 181
171 187
171 207
171 236
171 242
172 44
172 63
172 123
172 229
173 46
173 52
173 157
173 251
174 46
174 72
174 156
174 193
174 256
175 99
175 107
175 118
175 186
175 200
175 212
175 237
175 259
176 52
176 199
176 241
176 248
177 44
177 70
177 199
177 226
177 234
177 263
177 271
177 274
178 29
178 46
178 139
178 156
178 187
178 199
178 234
178 271
179 42
179 43
179 181
179 200
180 22
180 72
180 116
180 141
181 29
181 63
181 70
181 199
181 229
181 263
181 271
182 22
182 70
182 76
182 139
182 217
182 251
183 6
183 27
183 42
183 98
183 157
183 180
183 255
184 110
184 165
184 182
184 185
184 243
185 46
185 123
185 173
185 234
186 5
186 140
186 151
186 172
187 281
188 52
188 73
188 96
188 118
188 157
188 241
188 273
189 116
189 123
189 178
189 226
190 35
190 77
190 109
190 110
190 174
190 189
190 204
191 41
191 49
191 186
191 227
191 262
191 274
192 52
192 142
192 208
192 243
193 221
193 225
193 229
193 241
193 243
194 23
194 76
194 91
194 93
194 123
194 225
194 227
194 240
195 30
195 34
195 157
195 177
195 181
195 187
195 221
195 274
196 2
196 43
196 57
196 98
196 146
196 169
196 245
197 52
197 63
197 70
197 118
197 139
198 27
198 39
198 117
198 139
198 182
198 188
198 208
199 30
199 123
199 139
199 251
199 271
199 274
200 62
200 70
200 116
200 142
200 177
200 195
200 265
200 268
201 3
201 43
201 70
201 73
201 108
201 131
201 218
202 3
202 14
202 20
202 90
202 192
202 214
203 76
203 102
203 121
203 193
203 197
203 217
203 270
204 21
204 50
204 175
204 176
204 184
204 187
204 209
204 239
205 41
205 57
205 118
205 122
205 147
205 243
205 271
205 273
206 63
206 123
206 131
206 235
207 22
207 41
207 69
207 168
207 211
207 246
207 269
207 279
208 72
208 73
208 139
208 156
208 173
208 248
209 161
209 192
209 200
209 265
210 87
210 94
210 130
210 192
211 57
211 59
211 66
211 160
211 168
211 212
211 240
211 262
212 133
212 160
212 165
212 168
212 193
213 33
213 34
213 54
213 72
213 79
213 114
214 27
214 29
214 36
214 131
214 155
214 218
214 222
215 6
215 52
215 53
215 91
215 113
215 121
216 7
216 22
216 41
216 119
216 120
216 222
216 242
217 176
217 181
217 240
217 251
218 3
218 73
218 139
218 160
218 197
218 241
218 243
219 58
219 72
219 91
219 168
220 28
220 57
220 62
220 70
220 174
220 205
220 231
221 70
221 134
221 139
221 157
221 187
221 226
222 6
222 134
222 155
222 178
222 208
222 266
222 274
223 5
223 8
223 63
223 147
223 161
223 195
223 270
224 91
224 94
224 130
224 148
224 187
225 30
225 44
225 123
225 156
225 197
225 271
226 281
227 70
227 72
227 116
227 176
227 234
228 1
228 10
228 106
228 121
228 150
228 157
228 242
228 266
229 281
230 14
230 30
230 147
230 162
230 171
230 231
230 252
231 22
231 91
231 174
231 189
231 235
231 259
232 14
232 26
232 109
232 155
232 167
232 234
232 273
233 30
233 62
233 80
233 135
233 165
233 174
233 177
234 281
235 63
235 134
235 160
235 221
235 234
235 241
235 273
236 66
236 71
236 181
236 206
236 243
236 271
236 274
237 70
237 105
237 177
237 188
237 192
237 226
238 1
238 22
238 69
238 149
238 167
238 255
239 5
239 7
239 110
239 139
239 143
239 217
239 227
240 44
240 118
240 178
240 263
241 63
241 118
241 123
241 139
242 73
242 142
242 168
242 241
243 30
243 52
243 157
243 187
243 251
243 263
244 98
244 142
244 160
244 247
245 29
245 33
245 115
245 123
245 242
246 94
246 122
246 156
246 161
246 168
246 240
247 62
247 96
247 116
247 235
247 271
248 3
248 46
248 134
248 157
248 187
248 226
248 263
248 271
249 43
249 142
249 148
249 235
250 7
250 176
250 195
250 259
251 281
252 76
252 221
252 227
252 256
252 274
253 45
253 53
253 66
253 165
253 166
253 206
254 29
254 35
254 141
254 150
254 164
254 247
255 11
255 123
255 199
255 259
256 29
256 70
256 139
256 187
256 197
256 226
257 30
257 70
257 131
257 236
257 274
258 22
258 79
258 114
258 116
258 221
258 271
259 29
259 34
259 57
259 157
260 165
260 169
260 248
260 255
261 22
261 62
261 72
261 155
261 160
261 172
261 199
261 242
262 11
262 113
262 123
262 168
262 242
262 248
263 281
264 22
264 43
264 44
264 70
264 79
264 118
264 181
264 236
265 18
265 73
265 139
265 172
265 178
265 221
265 225
265 234
266 18
266 46
266 177
266 208
266 235
266 240
267 42
267 97
267 121
267 136
267 205
267 263
268 3
268 18
268 199
268 225
268 226
268 234
269 29
269 52
269 58
269 93
269 160
269 163
269 234
269 273
270 134
270 139
270 187
270 193
270 265
270 274
271 281
272 44
272 176
272 187
272 208
273 46
273 63
273 70
273 118
273 134
273 139
273 187
274 281
275 6
275 8
275 118
275 131
275 150
275 157
276 8
276 156
276 188
276 205
276 279
277 10
277 63
277 96
277 157
277 199
277 222
277 241
278 36
278 57
278 167
278 239
278 274
279 98
279 168
279 182
279 221
280 27
280 30
280 42
280 123
280 130
280 208
