# Tier 6 (Large) - Instance 30
# Generated with config: N=119, K=6, topology=grid, calendar=heavy_end

# HEADER: <num_tasks> <num_types> <num_units>
121 6 48

# RESOURCE TYPES
# Format: <type_id> <num_units> <unit_id1> <unit_id2> ...
0 10 0 1 2 3 4 5 6 7 8 9
1 7 10 11 12 13 14 15 16
2 10 17 18 19 20 21 22 23 24 25 26
3 8 27 28 29 30 31 32 33 34
4 7 35 36 37 38 39 40 41
5 6 42 43 44 45 46 47

# RESOURCE UNITS (Calendars)
# Format: <unit_id> <num_steps> <t1> <v1> <t2> <v2> ...
0 10 0 100 1 0 17 100 22 0 38 100 307 0 319 100 450 0 465 100 512 0
1 10 0 100 26 0 36 100 289 0 307 100 323 0 341 100 493 0 507 100 512 0
2 12 0 100 122 0 133 100 306 0 321 100 327 0 340 100 351 0 360 100 405 0 417 100 512 0
3 12 0 100 143 0 155 100 242 0 251 100 335 0 345 100 353 0 370 100 447 0 459 100 512 0
4 12 0 100 263 0 280 100 314 0 331 100 401 0 414 100 459 0 471 100 481 0 497 100 512 0
5 10 0 100 302 0 319 100 368 0 378 100 418 0 431 100 457 0 471 100 512 0
6 12 0 100 95 0 108 100 428 0 445 100 450 0 468 100 478 0 490 100 494 0 508 100 512 0
7 12 0 100 3 0 12 100 358 0 374 100 385 0 394 100 445 0 462 100 497 0 507 100 512 0
8 10 0 100 137 0 147 100 206 0 219 100 421 0 433 100 454 0 464 100 512 0
9 10 0 100 26 0 42 100 372 0 389 100 425 0 438 100 453 0 470 100 512 0
10 12 0 100 56 0 67 100 236 0 252 100 334 0 350 100 392 0 407 100 484 0 500 100 512 0
11 10 0 100 245 0 259 100 267 0 285 100 387 0 402 100 433 0 442 100 512 0
12 10 0 100 271 0 286 100 319 0 328 100 367 0 380 100 492 0 502 100 512 0
13 12 0 100 73 0 91 100 156 0 168 100 364 0 377 100 451 0 465 100 485 0 497 100 512 0
14 10 0 100 100 0 116 100 131 0 149 100 380 0 395 100 417 0 428 100 512 0
15 8 0 100 156 0 174 100 367 0 385 100 407 0 423 100 512 0
16 12 0 100 66 0 81 100 176 0 189 100 246 0 264 100 289 0 298 100 462 0 480 100 512 0
17 12 0 100 43 0 56 100 224 0 241 100 283 0 292 100 382 0 394 100 395 0 397 100 512 0
18 12 0 100 151 0 164 100 313 0 326 100 404 0 415 100 430 0 448 100 460 0 477 100 512 0
19 8 0 100 434 0 447 100 449 0 467 100 470 0 472 100 512 0
20 10 0 100 107 0 124 100 128 0 139 100 414 0 423 100 430 0 441 100 512 0
21 12 0 100 41 0 52 100 276 0 289 100 325 0 343 100 444 0 456 100 461 0 470 100 512 0
22 12 0 100 211 0 227 100 260 0 273 100 397 0 408 100 415 0 428 100 448 0 460 100 512 0
23 12 0 100 243 0 261 100 288 0 300 100 314 0 331 100 405 0 420 100 448 0 463 100 512 0
24 12 0 100 39 0 56 100 146 0 156 100 199 0 210 100 347 0 364 100 399 0 413 100 512 0
25 10 0 100 45 0 59 100 409 0 419 100 426 0 429 100 493 0 506 100 512 0
26 8 0 100 8 0 23 100 170 0 187 100 215 0 225 100 512 0
27 14 0 100 61 0 72 100 177 0 190 100 257 0 269 100 279 0 294 100 400 0 418 100 472 0 482 100 512 0
28 12 0 100 98 0 116 100 223 0 233 100 254 0 266 100 301 0 314 100 388 0 406 100 512 0
29 12 0 100 93 0 106 100 128 0 143 100 354 0 370 100 407 0 423 100 469 0 481 100 512 0
30 12 0 100 72 0 82 100 126 0 137 100 335 0 346 100 350 0 363 100 493 0 509 100 512 0
31 10 0 100 164 0 173 100 191 0 207 100 404 0 420 100 473 0 482 100 512 0
32 12 0 100 69 0 86 100 102 0 115 100 231 0 246 100 280 0 289 100 350 0 365 100 512 0
33 14 0 100 89 0 100 100 223 0 233 100 244 0 262 100 302 0 316 100 421 0 432 100 444 0 458 100 512 0
34 12 0 100 29 0 42 100 203 0 220 100 235 0 246 100 258 0 272 100 481 0 495 100 512 0
35 8 0 100 106 0 122 100 299 0 311 100 354 0 369 100 512 0
36 10 0 100 10 0 26 100 115 0 128 100 401 0 416 100 458 0 470 100 512 0
37 12 0 100 80 0 98 100 399 0 409 100 443 0 452 100 472 0 483 100 499 0 508 100 512 0
38 10 0 100 53 0 62 100 386 0 402 100 459 0 470 100 480 0 491 100 512 0
39 10 0 100 82 0 98 100 284 0 293 100 310 0 325 100 396 0 412 100 512 0
40 10 0 100 290 0 303 100 364 0 377 100 417 0 431 100 486 0 500 100 512 0
41 12 0 100 1 0 19 100 308 0 317 100 352 0 362 100 448 0 461 100 481 0 499 100 512 0
42 12 0 100 24 0 39 100 197 0 212 100 267 0 276 100 415 0 425 100 456 0 467 100 512 0
43 12 0 100 18 0 28 100 211 0 229 100 399 0 409 100 419 0 428 100 433 0 449 100 512 0
44 14 0 100 5 0 21 100 101 0 111 100 141 0 159 100 322 0 335 100 414 0 426 100 456 0 474 100 512 0
45 10 0 100 45 0 63 100 193 0 209 100 252 0 270 100 323 0 341 100 512 0
46 14 0 100 33 0 46 100 109 0 125 100 151 0 160 100 406 0 415 100 465 0 477 100 494 0 506 100 512 0
47 14 0 100 98 0 111 100 248 0 261 100 273 0 283 100 340 0 358 100 424 0 440 100 484 0 493 100 512 0

# TASKS
# Format: <task_id> <size> <num_reqs>
# Then for each requirement: <type_id> <qty>
0 0 6
 0 0
 1 0
 2 0
 3 0
 4 0
 5 0
1 12 6
 0 0
 1 0
 2 1
 3 1
 4 2
 5 3
2 9 6
 0 3
 1 1
 2 1
 3 2
 4 1
 5 3
3 11 6
 0 2
 1 1
 2 2
 3 3
 4 2
 5 0
4 13 6
 0 3
 1 2
 2 3
 3 2
 4 1
 5 0
5 9 6
 0 3
 1 2
 2 1
 3 0
 4 3
 5 3
6 13 6
 0 2
 1 1
 2 2
 3 0
 4 0
 5 0
7 6 6
 0 0
 1 3
 2 3
 3 3
 4 0
 5 0
8 11 6
 0 0
 1 2
 2 0
 3 0
 4 1
 5 0
9 5 6
 0 3
 1 1
 2 0
 3 0
 4 1
 5 0
10 6 6
 0 0
 1 0
 2 1
 3 2
 4 0
 5 1
11 8 6
 0 1
 1 1
 2 0
 3 3
 4 1
 5 3
12 12 6
 0 0
 1 2
 2 1
 3 3
 4 2
 5 2
13 6 6
 0 2
 1 1
 2 0
 3 1
 4 3
 5 2
14 6 6
 0 2
 1 2
 2 1
 3 0
 4 0
 5 2
15 4 6
 0 0
 1 1
 2 2
 3 0
 4 3
 5 1
16 3 6
 0 2
 1 3
 2 2
 3 2
 4 0
 5 1
17 5 6
 0 0
 1 1
 2 3
 3 1
 4 2
 5 0
18 12 6
 0 2
 1 0
 2 2
 3 0
 4 2
 5 3
19 13 6
 0 2
 1 0
 2 0
 3 1
 4 2
 5 2
20 3 6
 0 3
 1 1
 2 0
 3 3
 4 1
 5 0
21 3 6
 0 3
 1 0
 2 3
 3 0
 4 3
 5 2
22 10 6
 0 2
 1 1
 2 2
 3 0
 4 0
 5 2
23 14 6
 0 0
 1 3
 2 3
 3 0
 4 2
 5 0
24 9 6
 0 3
 1 2
 2 0
 3 3
 4 1
 5 0
25 3 6
 0 0
 1 3
 2 2
 3 0
 4 0
 5 0
26 12 6
 0 1
 1 0
 2 2
 3 1
 4 2
 5 1
27 10 6
 0 1
 1 3
 2 2
 3 3
 4 1
 5 3
28 5 6
 0 2
 1 2
 2 3
 3 2
 4 0
 5 2
29 3 6
 0 2
 1 3
 2 0
 3 3
 4 2
 5 1
30 5 6
 0 0
 1 3
 2 0
 3 2
 4 3
 5 1
31 11 6
 0 3
 1 1
 2 0
 3 3
 4 1
 5 2
32 6 6
 0 2
 1 0
 2 2
 3 3
 4 0
 5 0
33 14 6
 0 3
 1 2
 2 0
 3 3
 4 1
 5 3
34 14 6
 0 0
 1 0
 2 0
 3 0
 4 3
 5 3
35 12 6
 0 3
 1 0
 2 0
 3 1
 4 3
 5 0
36 10 6
 0 0
 1 1
 2 0
 3 2
 4 2
 5 0
37 5 6
 0 0
 1 1
 2 1
 3 0
 4 0
 5 2
38 14 6
 0 1
 1 1
 2 2
 3 1
 4 2
 5 0
39 4 6
 0 0
 1 1
 2 3
 3 3
 4 1
 5 0
40 11 6
 0 0
 1 3
 2 2
 3 0
 4 0
 5 2
41 14 6
 0 2
 1 1
 2 1
 3 3
 4 1
 5 0
42 6 6
 0 0
 1 3
 2 1
 3 3
 4 3
 5 1
43 11 6
 0 0
 1 3
 2 0
 3 3
 4 2
 5 3
44 15 6
 0 2
 1 0
 2 0
 3 1
 4 2
 5 1
45 14 6
 0 2
 1 1
 2 0
 3 1
 4 2
 5 3
46 14 6
 0 1
 1 2
 2 0
 3 3
 4 0
 5 3
47 11 6
 0 0
 1 0
 2 2
 3 1
 4 2
 5 1
48 5 6
 0 1
 1 0
 2 1
 3 1
 4 0
 5 3
49 14 6
 0 0
 1 1
 2 0
 3 2
 4 2
 5 2
50 9 6
 0 3
 1 0
 2 0
 3 0
 4 0
 5 0
51 15 6
 0 0
 1 1
 2 0
 3 0
 4 2
 5 0
52 12 6
 0 3
 1 2
 2 0
 3 1
 4 2
 5 0
53 12 6
 0 0
 1 0
 2 0
 3 2
 4 0
 5 0
54 6 6
 0 3
 1 2
 2 2
 3 2
 4 0
 5 3
55 12 6
 0 0
 1 0
 2 3
 3 3
 4 0
 5 1
56 15 6
 0 1
 1 1
 2 2
 3 1
 4 2
 5 0
57 15 6
 0 1
 1 3
 2 3
 3 2
 4 1
 5 2
58 8 6
 0 2
 1 0
 2 3
 3 0
 4 0
 5 3
59 4 6
 0 1
 1 2
 2 0
 3 0
 4 0
 5 0
60 6 6
 0 0
 1 0
 2 2
 3 2
 4 3
 5 1
61 9 6
 0 0
 1 2
 2 2
 3 3
 4 1
 5 3
62 9 6
 0 2
 1 2
 2 2
 3 3
 4 2
 5 0
63 14 6
 0 2
 1 3
 2 1
 3 1
 4 3
 5 3
64 6 6
 0 2
 1 2
 2 1
 3 3
 4 3
 5 1
65 7 6
 0 3
 1 2
 2 3
 3 3
 4 3
 5 2
66 10 6
 0 2
 1 2
 2 2
 3 3
 4 3
 5 0
67 3 6
 0 0
 1 1
 2 1
 3 0
 4 1
 5 0
68 9 6
 0 2
 1 3
 2 1
 3 0
 4 2
 5 2
69 3 6
 0 3
 1 0
 2 2
 3 2
 4 0
 5 0
70 13 6
 0 3
 1 1
 2 0
 3 2
 4 0
 5 3
71 4 6
 0 0
 1 2
 2 2
 3 3
 4 1
 5 0
72 12 6
 0 1
 1 0
 2 0
 3 1
 4 1
 5 3
73 6 6
 0 0
 1 2
 2 2
 3 2
 4 0
 5 3
74 9 6
 0 0
 1 1
 2 3
 3 0
 4 0
 5 1
75 7 6
 0 0
 1 0
 2 3
 3 1
 4 1
 5 1
76 13 6
 0 0
 1 1
 2 0
 3 2
 4 2
 5 0
77 5 6
 0 2
 1 0
 2 2
 3 1
 4 3
 5 1
78 6 6
 0 0
 1 1
 2 0
 3 1
 4 1
 5 1
79 5 6
 0 1
 1 0
 2 3
 3 1
 4 0
 5 2
80 13 6
 0 2
 1 0
 2 2
 3 2
 4 0
 5 3
81 11 6
 0 0
 1 0
 2 3
 3 3
 4 3
 5 0
82 3 6
 0 2
 1 0
 2 2
 3 0
 4 1
 5 0
83 8 6
 0 1
 1 3
 2 2
 3 1
 4 1
 5 3
84 9 6
 0 2
 1 0
 2 2
 3 3
 4 0
 5 2
85 4 6
 0 0
 1 1
 2 2
 3 3
 4 3
 5 1
86 10 6
 0 0
 1 2
 2 1
 3 3
 4 1
 5 3
87 6 6
 0 3
 1 1
 2 0
 3 0
 4 3
 5 2
88 14 6
 0 3
 1 2
 2 3
 3 3
 4 1
 5 1
89 8 6
 0 1
 1 0
 2 3
 3 0
 4 3
 5 0
90 14 6
 0 2
 1 3
 2 0
 3 1
 4 2
 5 1
91 5 6
 0 1
 1 0
 2 0
 3 0
 4 3
 5 1
92 6 6
 0 1
 1 3
 2 1
 3 1
 4 2
 5 0
93 5 6
 0 3
 1 1
 2 3
 3 0
 4 0
 5 0
94 15 6
 0 0
 1 1
 2 3
 3 3
 4 3
 5 0
95 6 6
 0 1
 1 0
 2 2
 3 3
 4 2
 5 2
96 12 6
 0 0
 1 1
 2 0
 3 2
 4 0
 5 3
97 9 6
 0 2
 1 1
 2 1
 3 2
 4 0
 5 1
98 11 6
 0 1
 1 3
 2 0
 3 1
 4 0
 5 2
99 15 6
 0 3
 1 1
 2 0
 3 3
 4 0
 5 0
100 7 6
 0 2
 1 2
 2 3
 3 2
 4 0
 5 0
101 13 6
 0 1
 1 3
 2 3
 3 0
 4 3
 5 3
102 3 6
 0 0
 1 0
 2 2
 3 1
 4 2
 5 2
103 11 6
 0 0
 1 3
 2 1
 3 0
 4 0
 5 1
104 8 6
 0 3
 1 3
 2 3
 3 2
 4 3
 5 0
105 13 6
 0 0
 1 0
 2 0
 3 0
 4 3
 5 0
106 12 6
 0 0
 1 2
 2 2
 3 3
 4 2
 5 1
107 11 6
 0 0
 1 1
 2 2
 3 2
 4 0
 5 0
108 6 6
 0 0
 1 0
 2 3
 3 3
 4 3
 5 2
109 6 6
 0 0
 1 1
 2 2
 3 2
 4 0
 5 3
110 4 6
 0 0
 1 0
 2 1
 3 2
 4 1
 5 1
111 14 6
 0 1
 1 3
 2 3
 3 1
 4 0
 5 3
112 3 6
 0 2
 1 0
 2 0
 3 2
 4 0
 5 0
113 14 6
 0 0
 1 0
 2 3
 3 2
 4 0
 5 2
114 10 6
 0 0
 1 2
 2 0
 3 2
 4 1
 5 0
115 5 6
 0 3
 1 0
 2 2
 3 3
 4 0
 5 2
116 12 6
 0 2
 1 2
 2 0
 3 0
 4 0
 5 1
117 10 6
 0 2
 1 0
 2 0
 3 2
 4 2
 5 1
118 11 6
 0 3
 1 3
 2 1
 3 1
 4 2
 5 1
119 9 6
 0 3
 1 0
 2 0
 3 1
 4 3
 5 2
120 0 6
 0 0
 1 0
 2 0
 3 0
 4 0
 5 0

# PRECEDENCES
236
72 73
55 66
67 68
50 61
105 116
82 93
8 9
51 62
0 5
40 41
46 57
23 34
100 101
83 94
41 42
96 97
18 19
24 35
73 74
79 90
56 67
14 15
20 31
9 10
0 7
74 75
106 107
57 68
114 120
89 100
111 112
15 16
94 105
47 48
53 64
30 41
42 43
107 108
25 36
90 101
116 120
38 39
48 49
21 32
103 104
0 9
31 42
80 81
86 97
75 76
85 86
68 79
27 38
16 17
71 72
81 82
54 65
64 75
108 109
59 70
118 119
12 13
101 112
0 2
5 16
60 71
49 50
104 105
114 115
87 98
97 108
109 110
1 12
13 14
92 103
45 46
28 39
50 51
93 104
105 106
82 83
33 44
88 99
51 52
46 47
23 24
29 40
78 79
84 95
61 72
83 84
112 120
115 116
66 77
19 20
2 13
24 25
79 80
56 57
62 73
116 117
20 21
99 110
52 53
3 14
58 69
35 46
57 58
112 113
89 90
40 51
95 106
53 54
30 31
36 47
91 102
25 26
90 91
63 74
73 84
26 27
32 43
21 22
31 32
4 15
86 87
14 25
69 80
113 114
17 18
115 120
27 28
0 11
106 117
10 21
65 76
54 55
64 65
37 48
119 120
47 58
102 113
6 17
5 6
60 61
43 54
98 109
87 88
38 49
97 98
70 81
1 2
0 4
80 91
39 50
28 29
34 45
93 94
11 22
76 87
71 82
7 18
29 30
72 83
84 85
61 62
12 23
67 78
44 55
104 115
0 6
2 3
8 19
62 63
117 118
94 95
45 56
100 111
111 120
3 4
58 59
35 36
41 52
96 107
18 29
95 96
78 89
113 120
0 8
36 37
9 20
91 92
68 69
19 30
74 85
117 120
63 64
32 33
15 26
4 5
59 60
69 70
42 53
101 102
52 63
107 118
0 1
10 11
65 66
0 10
48 59
103 114
37 38
92 93
102 103
75 86
6 7
85 96
43 44
16 27
98 99
26 37
81 92
70 71
118 120
108 119
39 40
0 3
22 33
34 35
77 88
17 28
76 77
49 60
7 8
13 24
