# Tier 6 (Large) - Instance 71
# Generated with config: N=216, K=4, topology=random_dag, calendar=staggered

# HEADER: <num_tasks> <num_types> <num_units>
218 4 17

# RESOURCE TYPES
# Format: <type_id> <num_units> <unit_id1> <unit_id2> ...
0 5 0 1 2 3 4
1 3 5 6 7
2 5 8 9 10 11 12
3 4 13 14 15 16

# RESOURCE UNITS (Calendars)
# Format: <unit_id> <num_steps> <t1> <v1> <t2> <v2> ...
0 20 0 100 1 0 23 100 190 0 211 100 382 0 404 100 571 0 594 100 766 0 786 100 954 0 976 100 1146 0 1165 100 1332 0 1353 100 1521 0 1542 100 1913 0
1 20 0 100 11 0 42 100 200 0 232 100 389 0 421 100 581 0 613 100 768 0 799 100 956 0 986 100 1143 0 1176 100 1335 0 1366 100 1524 0 1557 100 1913 0
2 20 0 100 22 0 51 100 210 0 241 100 404 0 434 100 593 0 621 100 782 0 810 100 974 0 1002 100 1164 0 1192 100 1353 0 1384 100 1546 0 1576 100 1913 0
3 20 0 100 32 0 65 100 222 0 253 100 408 0 439 100 595 0 626 100 784 0 817 100 973 0 1004 100 1159 0 1190 100 1346 0 1377 100 1532 0 1565 100 1913 0
4 20 0 100 44 0 76 100 233 0 265 100 422 0 454 100 614 0 645 100 803 0 834 100 991 0 1022 100 1178 0 1209 100 1364 0 1398 100 1553 0 1585 100 1913 0
5 20 0 100 56 0 81 100 246 0 269 100 435 0 457 100 623 0 648 100 812 0 837 100 1003 0 1027 100 1192 0 1215 100 1380 0 1405 100 1574 0 1597 100 1913 0
6 20 0 100 68 0 91 100 260 0 283 100 454 0 477 100 647 0 669 100 835 0 858 100 1027 0 1049 100 1216 0 1238 100 1410 0 1433 100 1601 0 1622 100 1913 0
7 20 0 100 77 0 96 100 269 0 288 100 458 0 476 100 649 0 665 100 838 0 858 100 1032 0 1052 100 1226 0 1245 100 1419 0 1437 100 1608 0 1625 100 1913 0
8 20 0 100 91 0 113 100 284 0 305 100 472 0 491 100 660 0 680 100 850 0 873 100 1043 0 1064 100 1232 0 1254 100 1423 0 1443 100 1612 0 1634 100 1913 0
9 20 0 100 101 0 126 100 294 0 318 100 484 0 506 100 673 0 697 100 863 0 885 100 1054 0 1076 100 1241 0 1265 100 1432 0 1454 100 1618 0 1642 100 1913 0
10 20 0 100 112 0 128 100 302 0 320 100 494 0 512 100 682 0 701 100 872 0 889 100 1064 0 1082 100 1251 0 1270 100 1441 0 1461 100 1633 0 1653 100 1913 0
11 20 0 100 122 0 139 100 316 0 333 100 509 0 524 100 700 0 714 100 891 0 909 100 1082 0 1097 100 1271 0 1285 100 1458 0 1474 100 1649 0 1664 100 1913 0
12 20 0 100 134 0 164 100 321 0 353 100 515 0 545 100 701 0 732 100 889 0 921 100 1081 0 1114 100 1272 0 1303 100 1465 0 1498 100 1659 0 1692 100 1913 0
13 20 0 100 147 0 170 100 338 0 361 100 526 0 550 100 716 0 740 100 904 0 929 100 1097 0 1121 100 1288 0 1312 100 1480 0 1505 100 1669 0 1691 100 1913 0
14 20 0 100 158 0 180 100 347 0 372 100 537 0 560 100 727 0 750 100 916 0 939 100 1109 0 1131 100 1301 0 1325 100 1495 0 1517 100 1685 0 1709 100 1913 0
15 20 0 100 170 0 186 100 359 0 377 100 549 0 565 100 739 0 757 100 929 0 948 100 1120 0 1136 100 1307 0 1325 100 1497 0 1516 100 1687 0 1704 100 1913 0
16 20 0 100 180 0 201 100 369 0 391 100 564 0 585 100 758 0 777 100 946 0 966 100 1137 0 1159 100 1330 0 1352 100 1524 0 1544 100 1716 0 1736 100 1913 0

# TASKS
# Format: <task_id> <size> <num_reqs>
# Then for each requirement: <type_id> <qty>
0 0 4
 0 0
 1 0
 2 0
 3 0
1 13 4
 0 2
 1 0
 2 1
 3 1
2 20 4
 0 2
 1 1
 2 3
 3 0
3 4 4
 0 2
 1 0
 2 1
 3 3
4 3 4
 0 0
 1 2
 2 1
 3 0
5 3 4
 0 2
 1 0
 2 0
 3 3
6 19 4
 0 0
 1 1
 2 0
 3 0
7 14 4
 0 3
 1 2
 2 2
 3 2
8 20 4
 0 3
 1 0
 2 3
 3 0
9 7 4
 0 1
 1 0
 2 2
 3 2
10 18 4
 0 0
 1 3
 2 2
 3 2
11 6 4
 0 1
 1 0
 2 0
 3 3
12 5 4
 0 3
 1 3
 2 2
 3 3
13 18 4
 0 1
 1 2
 2 2
 3 2
14 17 4
 0 3
 1 0
 2 1
 3 0
15 1 4
 0 0
 1 3
 2 1
 3 1
16 6 4
 0 0
 1 0
 2 3
 3 0
17 3 4
 0 0
 1 2
 2 3
 3 0
18 15 4
 0 0
 1 1
 2 1
 3 2
19 14 4
 0 0
 1 1
 2 1
 3 0
20 11 4
 0 0
 1 1
 2 3
 3 1
21 11 4
 0 0
 1 0
 2 0
 3 2
22 15 4
 0 3
 1 0
 2 2
 3 0
23 20 4
 0 0
 1 3
 2 0
 3 0
24 4 4
 0 0
 1 0
 2 3
 3 2
25 1 4
 0 2
 1 1
 2 2
 3 0
26 6 4
 0 1
 1 0
 2 0
 3 0
27 17 4
 0 0
 1 0
 2 1
 3 0
28 17 4
 0 1
 1 3
 2 0
 3 1
29 11 4
 0 0
 1 0
 2 2
 3 0
30 11 4
 0 1
 1 1
 2 1
 3 2
31 20 4
 0 1
 1 0
 2 0
 3 3
32 1 4
 0 0
 1 1
 2 0
 3 0
33 19 4
 0 0
 1 0
 2 0
 3 1
34 2 4
 0 3
 1 3
 2 1
 3 0
35 3 4
 0 0
 1 2
 2 2
 3 0
36 4 4
 0 0
 1 0
 2 2
 3 1
37 3 4
 0 0
 1 2
 2 0
 3 1
38 20 4
 0 2
 1 3
 2 1
 3 2
39 19 4
 0 1
 1 2
 2 0
 3 3
40 5 4
 0 3
 1 0
 2 2
 3 0
41 20 4
 0 1
 1 3
 2 2
 3 0
42 13 4
 0 0
 1 3
 2 0
 3 2
43 15 4
 0 3
 1 2
 2 3
 3 0
44 5 4
 0 0
 1 1
 2 0
 3 3
45 6 4
 0 0
 1 2
 2 3
 3 1
46 18 4
 0 1
 1 2
 2 0
 3 2
47 18 4
 0 1
 1 2
 2 2
 3 0
48 4 4
 0 0
 1 3
 2 0
 3 0
49 4 4
 0 0
 1 3
 2 3
 3 0
50 4 4
 0 1
 1 0
 2 0
 3 3
51 5 4
 0 3
 1 2
 2 2
 3 3
52 12 4
 0 0
 1 0
 2 0
 3 3
53 1 4
 0 3
 1 3
 2 1
 3 0
54 5 4
 0 0
 1 1
 2 2
 3 3
55 15 4
 0 1
 1 1
 2 0
 3 0
56 13 4
 0 0
 1 2
 2 0
 3 0
57 1 4
 0 0
 1 0
 2 3
 3 0
58 17 4
 0 1
 1 0
 2 0
 3 0
59 20 4
 0 3
 1 2
 2 1
 3 2
60 1 4
 0 3
 1 1
 2 0
 3 1
61 19 4
 0 3
 1 0
 2 0
 3 0
62 15 4
 0 0
 1 0
 2 1
 3 0
63 1 4
 0 1
 1 2
 2 0
 3 2
64 1 4
 0 0
 1 0
 2 2
 3 2
65 2 4
 0 0
 1 3
 2 1
 3 3
66 6 4
 0 2
 1 0
 2 0
 3 0
67 7 4
 0 3
 1 0
 2 1
 3 0
68 13 4
 0 2
 1 3
 2 2
 3 3
69 1 4
 0 0
 1 3
 2 0
 3 3
70 17 4
 0 0
 1 1
 2 0
 3 0
71 11 4
 0 0
 1 0
 2 3
 3 3
72 4 4
 0 3
 1 1
 2 1
 3 3
73 13 4
 0 0
 1 3
 2 0
 3 0
74 14 4
 0 1
 1 2
 2 3
 3 3
75 11 4
 0 2
 1 1
 2 2
 3 3
76 7 4
 0 2
 1 1
 2 0
 3 3
77 9 4
 0 1
 1 1
 2 2
 3 3
78 12 4
 0 2
 1 1
 2 0
 3 1
79 6 4
 0 3
 1 2
 2 2
 3 1
80 13 4
 0 3
 1 0
 2 3
 3 3
81 14 4
 0 0
 1 1
 2 0
 3 2
82 20 4
 0 3
 1 0
 2 0
 3 2
83 14 4
 0 2
 1 0
 2 2
 3 1
84 16 4
 0 2
 1 0
 2 0
 3 0
85 6 4
 0 0
 1 3
 2 3
 3 1
86 6 4
 0 2
 1 1
 2 3
 3 0
87 12 4
 0 1
 1 1
 2 0
 3 0
88 19 4
 0 3
 1 0
 2 0
 3 1
89 20 4
 0 1
 1 3
 2 3
 3 3
90 3 4
 0 2
 1 0
 2 2
 3 0
91 11 4
 0 0
 1 2
 2 2
 3 2
92 11 4
 0 0
 1 0
 2 0
 3 2
93 1 4
 0 0
 1 0
 2 0
 3 1
94 11 4
 0 0
 1 2
 2 3
 3 0
95 9 4
 0 0
 1 2
 2 3
 3 1
96 16 4
 0 2
 1 2
 2 0
 3 2
97 14 4
 0 0
 1 3
 2 1
 3 2
98 1 4
 0 3
 1 3
 2 3
 3 0
99 6 4
 0 0
 1 1
 2 2
 3 0
100 7 4
 0 3
 1 1
 2 2
 3 1
101 8 4
 0 0
 1 2
 2 0
 3 2
102 16 4
 0 3
 1 2
 2 3
 3 3
103 19 4
 0 0
 1 0
 2 0
 3 2
104 1 4
 0 3
 1 2
 2 3
 3 1
105 7 4
 0 3
 1 0
 2 0
 3 2
106 12 4
 0 1
 1 3
 2 0
 3 3
107 6 4
 0 1
 1 0
 2 1
 3 0
108 3 4
 0 3
 1 0
 2 0
 3 3
109 6 4
 0 2
 1 3
 2 3
 3 2
110 17 4
 0 1
 1 3
 2 1
 3 2
111 3 4
 0 1
 1 0
 2 3
 3 1
112 15 4
 0 0
 1 1
 2 0
 3 1
113 17 4
 0 3
 1 3
 2 2
 3 0
114 10 4
 0 0
 1 1
 2 2
 3 0
115 10 4
 0 1
 1 0
 2 0
 3 0
116 11 4
 0 0
 1 3
 2 1
 3 3
117 8 4
 0 3
 1 1
 2 2
 3 1
118 2 4
 0 3
 1 0
 2 0
 3 0
119 11 4
 0 0
 1 0
 2 1
 3 0
120 17 4
 0 3
 1 0
 2 0
 3 1
121 18 4
 0 3
 1 3
 2 0
 3 3
122 5 4
 0 0
 1 2
 2 2
 3 1
123 20 4
 0 3
 1 1
 2 0
 3 1
124 20 4
 0 1
 1 1
 2 0
 3 2
125 9 4
 0 1
 1 1
 2 3
 3 0
126 12 4
 0 0
 1 0
 2 0
 3 2
127 13 4
 0 2
 1 2
 2 0
 3 3
128 11 4
 0 0
 1 0
 2 2
 3 0
129 8 4
 0 0
 1 2
 2 1
 3 0
130 7 4
 0 1
 1 0
 2 0
 3 2
131 7 4
 0 2
 1 1
 2 0
 3 3
132 10 4
 0 1
 1 1
 2 0
 3 1
133 17 4
 0 0
 1 1
 2 0
 3 0
134 3 4
 0 1
 1 2
 2 0
 3 1
135 1 4
 0 2
 1 0
 2 0
 3 1
136 6 4
 0 2
 1 0
 2 3
 3 1
137 19 4
 0 0
 1 3
 2 2
 3 0
138 6 4
 0 1
 1 2
 2 1
 3 2
139 5 4
 0 0
 1 1
 2 1
 3 0
140 6 4
 0 1
 1 0
 2 1
 3 0
141 1 4
 0 2
 1 2
 2 0
 3 1
142 18 4
 0 3
 1 3
 2 2
 3 0
143 9 4
 0 1
 1 0
 2 0
 3 0
144 15 4
 0 1
 1 0
 2 2
 3 0
145 20 4
 0 2
 1 3
 2 0
 3 0
146 17 4
 0 2
 1 2
 2 3
 3 2
147 3 4
 0 1
 1 1
 2 3
 3 1
148 15 4
 0 1
 1 0
 2 1
 3 0
149 15 4
 0 2
 1 1
 2 3
 3 3
150 12 4
 0 1
 1 1
 2 3
 3 0
151 20 4
 0 0
 1 2
 2 1
 3 1
152 19 4
 0 0
 1 2
 2 0
 3 1
153 19 4
 0 0
 1 3
 2 2
 3 3
154 17 4
 0 0
 1 1
 2 2
 3 0
155 6 4
 0 1
 1 1
 2 2
 3 1
156 9 4
 0 2
 1 1
 2 1
 3 0
157 18 4
 0 1
 1 1
 2 2
 3 0
158 9 4
 0 1
 1 1
 2 1
 3 0
159 18 4
 0 3
 1 1
 2 0
 3 0
160 20 4
 0 2
 1 3
 2 1
 3 0
161 18 4
 0 0
 1 0
 2 1
 3 3
162 16 4
 0 2
 1 3
 2 2
 3 0
163 7 4
 0 1
 1 3
 2 3
 3 2
164 19 4
 0 1
 1 0
 2 1
 3 2
165 9 4
 0 0
 1 0
 2 1
 3 0
166 13 4
 0 1
 1 1
 2 0
 3 0
167 3 4
 0 0
 1 3
 2 0
 3 0
168 12 4
 0 0
 1 0
 2 1
 3 3
169 11 4
 0 3
 1 1
 2 3
 3 0
170 7 4
 0 2
 1 2
 2 0
 3 0
171 8 4
 0 3
 1 3
 2 3
 3 0
172 9 4
 0 1
 1 1
 2 1
 3 0
173 3 4
 0 2
 1 1
 2 0
 3 0
174 16 4
 0 3
 1 1
 2 2
 3 3
175 9 4
 0 3
 1 2
 2 0
 3 0
176 13 4
 0 0
 1 3
 2 0
 3 2
177 4 4
 0 3
 1 0
 2 0
 3 0
178 5 4
 0 0
 1 1
 2 0
 3 1
179 18 4
 0 2
 1 0
 2 1
 3 0
180 20 4
 0 0
 1 0
 2 2
 3 1
181 5 4
 0 0
 1 0
 2 1
 3 0
182 20 4
 0 2
 1 2
 2 3
 3 0
183 12 4
 0 3
 1 1
 2 1
 3 1
184 8 4
 0 3
 1 1
 2 0
 3 1
185 1 4
 0 3
 1 2
 2 0
 3 1
186 8 4
 0 3
 1 2
 2 3
 3 2
187 9 4
 0 2
 1 2
 2 3
 3 2
188 2 4
 0 3
 1 3
 2 0
 3 0
189 16 4
 0 0
 1 0
 2 0
 3 1
190 19 4
 0 0
 1 3
 2 3
 3 0
191 8 4
 0 3
 1 1
 2 1
 3 3
192 2 4
 0 1
 1 3
 2 0
 3 0
193 13 4
 0 1
 1 0
 2 2
 3 0
194 6 4
 0 1
 1 0
 2 3
 3 0
195 7 4
 0 0
 1 2
 2 3
 3 0
196 17 4
 0 3
 1 0
 2 0
 3 0
197 3 4
 0 0
 1 1
 2 2
 3 0
198 8 4
 0 2
 1 1
 2 0
 3 0
199 13 4
 0 1
 1 0
 2 0
 3 0
200 6 4
 0 3
 1 2
 2 1
 3 3
201 6 4
 0 3
 1 1
 2 3
 3 0
202 8 4
 0 0
 1 0
 2 2
 3 0
203 12 4
 0 0
 1 2
 2 2
 3 1
204 2 4
 0 2
 1 0
 2 0
 3 0
205 10 4
 0 0
 1 0
 2 0
 3 2
206 15 4
 0 0
 1 3
 2 1
 3 2
207 11 4
 0 3
 1 2
 2 1
 3 0
208 3 4
 0 0
 1 2
 2 0
 3 0
209 14 4
 0 0
 1 0
 2 0
 3 1
210 3 4
 0 3
 1 3
 2 0
 3 1
211 17 4
 0 3
 1 0
 2 3
 3 2
212 5 4
 0 2
 1 2
 2 0
 3 2
213 17 4
 0 1
 1 2
 2 0
 3 1
214 12 4
 0 0
 1 2
 2 0
 3 3
215 14 4
 0 0
 1 1
 2 3
 3 0
216 19 4
 0 0
 1 0
 2 0
 3 2
217 0 4
 0 0
 1 0
 2 0
 3 0

# PRECEDENCES
1095
0 1
0 4
0 7
0 8
0 9
0 10
0 13
0 19
0 23
0 29
0 31
0 34
0 35
0 36
0 37
0 46
0 51
0 57
0 58
0 59
0 67
0 74
0 76
0 80
0 82
0 85
0 87
0 88
0 90
0 95
0 99
0 105
0 117
0 118
0 120
0 121
0 122
0 124
0 126
0 128
0 129
0 131
0 137
0 138
0 144
0 145
0 155
0 160
0 161
0 165
0 174
0 177
0 180
0 181
0 188
0 189
0 190
0 191
0 202
0 203
0 207
0 210
0 211
0 214
1 20
1 29
1 78
1 89
1 102
1 130
1 159
2 83
2 132
2 201
3 15
3 81
3 116
3 179
3 195
4 14
4 81
4 134
4 148
4 192
4 193
4 201
5 20
5 39
5 55
5 66
5 68
5 136
5 197
6 14
6 47
6 78
6 139
6 141
6 170
7 41
7 103
7 196
7 212
8 153
8 194
8 208
9 27
9 84
9 92
9 102
9 104
9 141
10 18
10 49
10 93
10 172
11 41
11 127
11 150
12 48
12 50
12 100
12 111
12 114
12 116
12 199
13 17
13 30
13 52
13 162
14 217
15 20
15 71
15 97
15 196
16 55
16 64
16 103
16 164
16 185
17 27
17 40
17 100
17 127
18 217
19 42
19 75
19 98
19 197
20 71
20 72
20 83
20 100
20 102
20 143
21 14
21 102
21 132
21 139
21 149
21 154
22 47
22 48
22 78
22 139
22 163
23 102
23 133
23 164
23 175
24 26
24 27
24 77
24 93
24 139
24 141
24 196
25 20
25 100
25 133
25 141
26 55
26 65
26 75
26 103
26 130
26 149
27 18
27 47
27 77
27 141
28 48
28 100
28 115
28 168
28 209
29 25
29 28
29 115
29 158
30 17
30 22
30 132
30 215
31 96
31 111
31 156
31 203
32 14
32 47
32 75
32 77
32 79
32 83
32 130
33 217
34 54
34 72
34 140
34 146
34 147
35 66
35 114
35 192
36 47
36 106
36 107
36 119
36 184
37 111
37 115
37 172
37 176
37 187
38 40
38 55
38 79
38 132
38 141
38 193
39 30
39 53
39 149
39 192
40 14
40 47
40 78
40 132
40 135
40 139
41 83
41 127
41 158
41 215
41 216
42 17
42 98
42 108
42 125
42 141
43 18
43 53
43 98
43 135
43 164
43 185
44 38
44 79
44 101
44 204
45 6
45 22
45 125
45 212
46 52
46 109
46 139
46 170
47 217
48 14
48 47
48 72
48 78
48 89
48 100
48 132
49 28
49 113
49 178
49 196
50 18
50 159
50 196
50 212
51 63
51 130
51 136
51 176
52 40
52 53
52 68
52 182
52 198
53 47
53 78
53 132
53 141
53 163
54 14
54 28
54 101
54 140
55 18
55 48
55 113
55 132
55 135
55 212
55 215
56 50
56 71
56 108
56 135
56 169
57 77
57 102
57 114
57 179
57 195
58 16
58 26
58 30
58 45
58 107
58 116
58 183
59 20
59 58
59 63
59 96
59 142
60 49
60 65
60 103
60 159
60 170
60 176
60 212
61 24
61 48
61 141
61 179
61 186
61 205
62 21
62 33
62 39
62 69
62 79
62 106
62 192
63 14
63 32
63 79
63 135
63 215
64 32
64 100
64 141
64 172
65 14
65 83
65 101
65 159
65 164
65 172
66 6
66 33
66 48
66 78
66 115
66 172
66 209
67 9
67 63
67 77
67 78
67 124
67 130
67 156
68 50
68 64
68 185
68 209
69 20
69 115
69 164
69 172
69 184
70 40
70 100
70 115
70 139
70 164
71 14
71 142
71 169
71 170
71 215
72 217
73 66
73 141
73 163
74 15
74 98
74 178
74 197
75 217
76 72
76 73
76 98
76 116
76 166
76 193
76 213
77 33
77 79
77 172
77 196
78 217
79 217
80 12
80 63
80 96
80 108
80 144
81 55
81 89
81 108
81 163
81 170
82 26
82 63
82 108
82 159
82 170
82 206
83 14
83 18
83 47
83 72
83 75
83 100
83 132
84 73
84 94
84 106
84 147
84 156
84 163
85 94
85 103
85 108
85 135
85 141
85 147
86 38
86 140
86 212
87 62
87 85
87 118
87 127
87 146
87 154
87 167
88 18
88 27
88 72
88 113
88 206
89 217
90 14
90 31
90 94
90 167
90 168
91 6
91 103
91 115
91 159
92 79
92 94
92 115
92 139
92 182
93 18
93 48
93 164
94 83
94 103
94 185
94 196
94 206
95 62
95 111
95 212
96 18
96 72
96 77
96 83
96 141
96 170
96 172
97 47
97 75
97 96
98 18
98 100
98 103
98 135
98 196
99 94
99 115
99 146
99 193
99 204
99 209
100 217
101 33
101 164
101 172
101 196
102 79
102 93
102 100
102 159
102 172
102 215
103 18
103 72
103 83
103 130
103 170
104 14
104 47
104 107
104 115
104 132
104 206
104 209
105 28
105 33
105 61
105 86
105 127
106 43
106 47
106 55
106 63
106 91
106 93
106 96
107 169
107 176
107 184
108 16
108 73
108 75
108 91
108 100
108 119
108 176
109 6
109 16
109 91
109 139
110 22
110 66
110 136
111 64
111 176
111 193
112 24
112 64
112 94
112 96
112 110
112 113
112 200
113 48
113 75
113 89
114 69
114 78
114 97
114 109
114 113
114 149
115 79
115 89
115 141
115 172
116 20
116 73
116 125
116 130
116 154
116 170
116 185
117 20
117 164
117 177
118 20
118 32
118 41
118 62
119 14
119 77
119 79
119 89
119 115
119 127
119 176
120 17
120 18
120 68
120 173
120 176
121 17
121 55
121 77
121 103
121 185
121 197
122 66
122 75
122 89
122 132
122 142
122 154
122 191
123 17
123 158
123 205
124 53
124 70
124 92
124 211
124 212
125 16
125 55
125 135
125 142
125 169
125 212
125 215
126 6
126 17
126 136
126 144
126 169
126 200
127 14
127 47
127 78
127 79
127 164
128 24
128 89
128 115
129 47
129 53
129 84
129 97
129 144
129 156
129 186
130 78
130 100
130 164
130 172
131 20
131 24
131 43
131 151
131 195
131 216
132 217
133 20
133 65
133 70
133 71
133 91
134 6
134 92
134 93
134 112
134 119
134 194
134 201
135 48
135 77
135 83
135 115
135 164
135 170
135 172
136 53
136 139
136 143
136 163
136 169
137 60
137 91
137 109
138 2
138 45
138 68
138 93
138 109
138 136
138 179
139 33
139 72
139 78
139 89
139 100
139 164
139 196
140 16
140 18
140 32
140 48
140 64
140 163
140 176
141 217
142 14
142 72
142 83
142 141
143 48
143 93
143 115
143 127
143 163
143 172
144 6
144 24
144 25
144 130
144 167
144 197
144 216
145 20
145 115
145 164
146 16
146 101
146 196
147 64
147 66
147 89
147 132
147 133
147 140
147 154
148 20
148 28
148 108
148 141
148 157
148 201
149 6
149 53
149 79
149 93
149 132
149 170
150 20
150 78
150 98
150 125
151 5
151 106
151 167
152 68
152 169
152 204
153 22
153 166
153 167
153 183
154 48
154 63
154 83
154 172
154 175
155 20
155 50
155 168
155 198
156 21
156 33
156 68
156 101
156 133
156 216
157 14
157 116
157 146
157 175
157 185
158 75
158 139
158 170
159 33
159 78
159 176
159 196
160 74
160 81
160 109
160 111
160 166
161 111
161 172
161 175
162 14
162 93
162 192
163 18
163 33
163 47
163 132
163 172
163 196
164 217
165 10
165 28
165 58
165 83
165 94
165 119
165 164
166 110
166 135
166 168
166 215
167 24
167 28
167 55
167 71
167 136
167 142
167 149
168 33
168 48
168 64
168 66
168 100
168 159
169 18
169 75
169 77
169 79
169 100
169 176
170 47
170 78
170 89
170 141
171 62
171 86
171 107
171 136
171 212
172 217
173 6
173 63
173 64
173 130
173 142
173 215
174 68
174 109
174 143
174 168
174 178
174 196
174 198
175 83
175 89
175 163
175 170
175 172
176 47
176 72
176 132
176 196
177 68
177 81
177 133
178 14
178 89
178 127
178 184
179 33
179 93
179 110
179 147
180 3
180 11
180 12
180 21
180 185
180 206
181 17
181 49
181 93
181 101
182 26
182 48
182 63
182 125
182 127
183 66
183 141
183 143
183 204
184 72
184 93
184 113
184 169
184 212
185 78
185 141
185 142
185 158
185 176
185 215
186 52
186 111
186 113
186 123
186 164
186 200
187 66
187 108
187 127
187 176
187 216
188 72
188 82
188 97
188 125
188 184
188 186
189 135
189 146
189 152
189 171
189 173
189 212
189 216
190 41
190 65
190 79
190 103
190 163
190 203
190 211
191 102
191 107
191 212
192 89
192 96
192 178
192 215
193 27
193 89
193 93
193 164
194 39
194 84
194 92
195 25
195 43
195 50
195 78
195 93
196 217
197 26
197 27
197 32
197 98
197 185
198 22
198 40
198 47
198 63
198 163
198 170
198 209
199 73
199 178
199 187
199 192
199 197
199 205
199 212
200 33
200 89
200 98
200 107
200 158
200 184
201 18
201 50
201 65
201 135
201 215
202 66
202 97
202 162
202 182
203 77
203 127
203 142
204 68
204 104
204 109
204 139
204 187
204 209
205 22
205 70
205 73
205 135
205 139
205 175
206 16
206 27
206 96
207 49
207 56
207 81
207 147
208 44
208 101
208 141
208 213
209 14
209 33
209 47
209 77
209 132
209 172
209 176
210 40
210 41
210 88
210 178
210 191
210 212
211 139
211 140
211 169
211 197
212 33
212 77
212 141
212 163
213 49
213 71
213 72
213 108
213 156
213 162
214 21
214 22
214 81
214 211
215 33
215 47
215 75
215 77
215 132
215 172
215 176
216 64
216 65
216 169
216 175
