# Tier 6 (Large) - Instance 89
# Generated with config: N=287, K=4, topology=grid, calendar=random

# HEADER: <num_tasks> <num_types> <num_units>
289 4 17

# RESOURCE TYPES
# Format: <type_id> <num_units> <unit_id1> <unit_id2> ...
0 4 0 1 2 3
1 4 4 5 6 7
2 5 8 9 10 11 12
3 4 13 14 15 16

# RESOURCE UNITS (Calendars)
# Format: <unit_id> <num_steps> <t1> <v1> <t2> <v2> ...
0 26 0 100 168 0 176 100 217 0 226 100 312 0 317 100 511 0 517 100 631 0 643 100 768 0 776 100 923 0 925 100 1042 0 1047 100 1208 0 1210 100 1261 0 1272 100 1329 0 1336 100 1528 0 1531 100 2813 0
1 26 0 0 12 100 146 0 148 100 325 0 333 100 402 0 414 100 553 0 557 100 737 0 743 100 900 0 907 100 1014 0 1017 100 1128 0 1135 100 1292 0 1295 100 1339 0 1355 100 1546 0 1558 100 1706 0 2813 0
2 26 0 100 68 0 73 100 233 0 239 100 278 0 289 100 349 0 352 100 470 0 475 100 605 0 618 100 807 0 819 100 1012 0 1025 100 1111 0 1120 100 1222 0 1230 100 1296 0 1311 100 1491 0 1500 100 2813 0
3 26 0 100 143 0 149 100 257 0 260 100 320 0 331 100 485 0 498 100 595 0 603 100 805 0 817 100 1006 0 1012 100 1187 0 1193 100 1316 0 1323 100 1482 0 1484 100 1548 0 1561 100 1693 0 1705 100 2813 0
4 26 0 100 99 0 104 100 213 0 227 100 378 0 383 100 520 0 532 100 659 0 667 100 846 0 860 100 1009 0 1012 100 1085 0 1095 100 1288 0 1291 100 1406 0 1417 100 1544 0 1546 100 1708 0 1719 100 2813 0
5 26 0 0 9 100 155 0 158 100 306 0 315 100 429 0 436 100 577 0 585 100 625 0 636 100 683 0 686 100 819 0 834 100 917 0 931 100 972 0 988 100 1048 0 1059 100 1220 0 1235 100 1270 0 2813 0
6 26 0 100 68 0 77 100 162 0 175 100 298 0 308 100 500 0 513 100 554 0 568 100 705 0 711 100 805 0 815 100 985 0 1000 100 1075 0 1088 100 1144 0 1158 100 1232 0 1247 100 1440 0 1443 100 2813 0
7 26 0 100 55 0 60 100 250 0 263 100 378 0 386 100 578 0 590 100 637 0 652 100 757 0 766 100 872 0 881 100 1068 0 1080 100 1223 0 1230 100 1358 0 1364 100 1502 0 1509 100 1693 0 1707 100 2813 0
8 26 0 0 8 100 194 0 197 100 302 0 318 100 497 0 502 100 637 0 641 100 769 0 773 100 838 0 842 100 929 0 941 100 1109 0 1125 100 1261 0 1276 100 1414 0 1422 100 1620 0 1629 100 1740 0 2813 0
9 26 0 0 8 100 121 0 129 100 212 0 226 100 287 0 300 100 334 0 350 100 505 0 512 100 647 0 655 100 757 0 768 100 847 0 859 100 1003 0 1018 100 1190 0 1201 100 1296 0 1309 100 1493 0 2813 0
10 26 0 0 6 100 139 0 152 100 351 0 367 100 549 0 558 100 609 0 621 100 766 0 779 100 897 0 908 100 1019 0 1034 100 1087 0 1100 100 1209 0 1212 100 1300 0 1309 100 1359 0 1368 100 1413 0 2813 0
11 26 0 0 8 100 114 0 127 100 252 0 264 100 371 0 376 100 553 0 562 100 674 0 682 100 865 0 876 100 1046 0 1059 100 1097 0 1113 100 1162 0 1170 100 1333 0 1336 100 1518 0 1533 100 1597 0 2813 0
12 26 0 0 7 100 131 0 144 100 232 0 238 100 343 0 346 100 534 0 538 100 609 0 615 100 686 0 695 100 786 0 800 100 974 0 987 100 1096 0 1109 100 1253 0 1257 100 1316 0 1318 100 1393 0 2813 0
13 26 0 0 3 100 61 0 67 100 158 0 163 100 346 0 358 100 434 0 440 100 533 0 542 100 732 0 735 100 899 0 909 100 969 0 974 100 1017 0 1020 100 1118 0 1129 100 1251 0 1253 100 1317 0 2813 0
14 26 0 0 3 100 64 0 69 100 157 0 166 100 346 0 349 100 402 0 412 100 596 0 605 100 793 0 799 100 926 0 939 100 1066 0 1077 100 1156 0 1162 100 1343 0 1354 100 1404 0 1418 100 1544 0 2813 0
15 26 0 0 3 100 117 0 127 100 216 0 226 100 367 0 373 100 564 0 577 100 727 0 729 100 872 0 878 100 1051 0 1055 100 1106 0 1108 100 1227 0 1236 100 1360 0 1370 100 1561 0 1563 100 1687 0 2813 0
16 26 0 100 73 0 86 100 282 0 288 100 329 0 340 100 533 0 538 100 705 0 715 100 877 0 892 100 934 0 945 100 999 0 1014 100 1104 0 1115 100 1258 0 1265 100 1339 0 1352 100 1554 0 1557 100 2813 0

# TASKS
# Format: <task_id> <size> <num_reqs>
# Then for each requirement: <type_id> <qty>
0 0 4
 0 0
 1 0
 2 0
 3 0
1 6 4
 0 0
 1 0
 2 0
 3 1
2 18 4
 0 3
 1 2
 2 2
 3 1
3 6 4
 0 3
 1 0
 2 2
 3 3
4 5 4
 0 3
 1 3
 2 1
 3 1
5 17 4
 0 3
 1 2
 2 1
 3 0
6 11 4
 0 1
 1 3
 2 0
 3 0
7 19 4
 0 0
 1 2
 2 0
 3 2
8 9 4
 0 2
 1 2
 2 2
 3 1
9 15 4
 0 2
 1 0
 2 2
 3 2
10 2 4
 0 2
 1 0
 2 2
 3 3
11 15 4
 0 3
 1 3
 2 3
 3 0
12 18 4
 0 0
 1 3
 2 1
 3 2
13 13 4
 0 2
 1 2
 2 2
 3 3
14 19 4
 0 3
 1 2
 2 0
 3 0
15 16 4
 0 1
 1 2
 2 0
 3 3
16 9 4
 0 2
 1 0
 2 0
 3 1
17 15 4
 0 2
 1 0
 2 0
 3 2
18 10 4
 0 3
 1 2
 2 0
 3 0
19 18 4
 0 0
 1 3
 2 0
 3 0
20 14 4
 0 1
 1 3
 2 2
 3 1
21 18 4
 0 0
 1 0
 2 3
 3 3
22 11 4
 0 0
 1 2
 2 0
 3 0
23 10 4
 0 2
 1 0
 2 0
 3 0
24 15 4
 0 0
 1 3
 2 0
 3 0
25 8 4
 0 0
 1 1
 2 2
 3 0
26 20 4
 0 3
 1 0
 2 2
 3 2
27 16 4
 0 3
 1 1
 2 3
 3 0
28 7 4
 0 0
 1 2
 2 0
 3 2
29 4 4
 0 1
 1 0
 2 0
 3 3
30 8 4
 0 0
 1 2
 2 0
 3 0
31 17 4
 0 0
 1 0
 2 3
 3 1
32 10 4
 0 1
 1 0
 2 1
 3 2
33 4 4
 0 0
 1 0
 2 1
 3 0
34 2 4
 0 1
 1 3
 2 2
 3 1
35 11 4
 0 0
 1 3
 2 0
 3 0
36 5 4
 0 1
 1 3
 2 1
 3 3
37 5 4
 0 0
 1 3
 2 2
 3 0
38 4 4
 0 2
 1 2
 2 3
 3 0
39 10 4
 0 2
 1 0
 2 0
 3 0
40 1 4
 0 1
 1 3
 2 3
 3 1
41 16 4
 0 3
 1 1
 2 3
 3 3
42 4 4
 0 3
 1 3
 2 0
 3 3
43 10 4
 0 2
 1 1
 2 2
 3 0
44 18 4
 0 3
 1 2
 2 1
 3 3
45 17 4
 0 1
 1 1
 2 0
 3 3
46 18 4
 0 0
 1 0
 2 2
 3 1
47 5 4
 0 0
 1 1
 2 0
 3 3
48 13 4
 0 0
 1 0
 2 0
 3 3
49 18 4
 0 3
 1 2
 2 2
 3 0
50 17 4
 0 0
 1 0
 2 1
 3 0
51 1 4
 0 1
 1 1
 2 0
 3 0
52 3 4
 0 1
 1 0
 2 0
 3 0
53 2 4
 0 2
 1 0
 2 3
 3 2
54 17 4
 0 3
 1 3
 2 0
 3 1
55 8 4
 0 3
 1 0
 2 2
 3 3
56 3 4
 0 0
 1 1
 2 0
 3 1
57 14 4
 0 3
 1 1
 2 1
 3 2
58 10 4
 0 3
 1 0
 2 2
 3 2
59 6 4
 0 2
 1 0
 2 0
 3 3
60 1 4
 0 1
 1 3
 2 3
 3 2
61 1 4
 0 2
 1 0
 2 0
 3 3
62 10 4
 0 2
 1 3
 2 0
 3 0
63 9 4
 0 2
 1 2
 2 2
 3 3
64 1 4
 0 1
 1 3
 2 1
 3 0
65 1 4
 0 2
 1 0
 2 1
 3 3
66 1 4
 0 1
 1 3
 2 0
 3 2
67 14 4
 0 3
 1 1
 2 0
 3 2
68 4 4
 0 3
 1 2
 2 3
 3 0
69 14 4
 0 3
 1 1
 2 0
 3 2
70 16 4
 0 3
 1 0
 2 3
 3 3
71 5 4
 0 2
 1 0
 2 3
 3 3
72 14 4
 0 3
 1 1
 2 0
 3 0
73 16 4
 0 3
 1 2
 2 0
 3 3
74 13 4
 0 1
 1 1
 2 0
 3 1
75 14 4
 0 1
 1 3
 2 1
 3 0
76 9 4
 0 1
 1 2
 2 3
 3 0
77 10 4
 0 1
 1 3
 2 0
 3 2
78 13 4
 0 0
 1 3
 2 0
 3 0
79 18 4
 0 0
 1 1
 2 2
 3 0
80 20 4
 0 0
 1 1
 2 0
 3 3
81 6 4
 0 0
 1 0
 2 1
 3 0
82 11 4
 0 1
 1 2
 2 2
 3 3
83 6 4
 0 1
 1 2
 2 0
 3 0
84 6 4
 0 3
 1 1
 2 0
 3 3
85 2 4
 0 0
 1 1
 2 0
 3 0
86 9 4
 0 0
 1 0
 2 0
 3 1
87 16 4
 0 1
 1 1
 2 3
 3 2
88 14 4
 0 2
 1 2
 2 2
 3 0
89 20 4
 0 1
 1 0
 2 1
 3 1
90 18 4
 0 0
 1 2
 2 1
 3 1
91 10 4
 0 3
 1 0
 2 1
 3 0
92 15 4
 0 0
 1 0
 2 0
 3 3
93 18 4
 0 1
 1 1
 2 3
 3 0
94 10 4
 0 2
 1 1
 2 0
 3 1
95 9 4
 0 3
 1 0
 2 1
 3 3
96 12 4
 0 0
 1 1
 2 2
 3 2
97 13 4
 0 3
 1 0
 2 2
 3 1
98 14 4
 0 2
 1 0
 2 0
 3 0
99 6 4
 0 0
 1 1
 2 3
 3 0
100 4 4
 0 0
 1 0
 2 1
 3 0
101 14 4
 0 1
 1 2
 2 0
 3 3
102 14 4
 0 0
 1 1
 2 1
 3 1
103 5 4
 0 1
 1 1
 2 1
 3 0
104 9 4
 0 2
 1 2
 2 1
 3 3
105 11 4
 0 3
 1 1
 2 2
 3 0
106 11 4
 0 3
 1 0
 2 0
 3 1
107 13 4
 0 3
 1 1
 2 0
 3 0
108 4 4
 0 1
 1 2
 2 0
 3 0
109 10 4
 0 3
 1 2
 2 1
 3 2
110 13 4
 0 0
 1 2
 2 0
 3 1
111 6 4
 0 0
 1 0
 2 0
 3 1
112 19 4
 0 0
 1 2
 2 1
 3 0
113 11 4
 0 1
 1 0
 2 0
 3 0
114 18 4
 0 3
 1 3
 2 2
 3 0
115 18 4
 0 0
 1 1
 2 0
 3 1
116 18 4
 0 3
 1 0
 2 1
 3 0
117 18 4
 0 0
 1 1
 2 0
 3 3
118 7 4
 0 0
 1 0
 2 2
 3 3
119 1 4
 0 1
 1 0
 2 0
 3 0
120 1 4
 0 3
 1 3
 2 1
 3 2
121 3 4
 0 0
 1 3
 2 0
 3 0
122 5 4
 0 3
 1 3
 2 2
 3 2
123 5 4
 0 1
 1 0
 2 3
 3 2
124 17 4
 0 0
 1 2
 2 3
 3 0
125 18 4
 0 0
 1 1
 2 0
 3 1
126 12 4
 0 0
 1 3
 2 2
 3 3
127 5 4
 0 0
 1 0
 2 0
 3 1
128 9 4
 0 1
 1 2
 2 2
 3 2
129 7 4
 0 0
 1 0
 2 3
 3 3
130 17 4
 0 0
 1 2
 2 0
 3 0
131 12 4
 0 2
 1 0
 2 2
 3 3
132 1 4
 0 3
 1 0
 2 2
 3 2
133 18 4
 0 0
 1 0
 2 0
 3 3
134 14 4
 0 2
 1 0
 2 3
 3 0
135 14 4
 0 3
 1 2
 2 0
 3 1
136 19 4
 0 0
 1 0
 2 3
 3 2
137 17 4
 0 2
 1 0
 2 0
 3 0
138 20 4
 0 0
 1 0
 2 0
 3 2
139 4 4
 0 0
 1 0
 2 1
 3 2
140 19 4
 0 0
 1 0
 2 3
 3 0
141 19 4
 0 1
 1 3
 2 1
 3 3
142 9 4
 0 0
 1 1
 2 2
 3 3
143 7 4
 0 0
 1 0
 2 0
 3 1
144 4 4
 0 3
 1 0
 2 1
 3 0
145 2 4
 0 0
 1 3
 2 0
 3 0
146 18 4
 0 0
 1 1
 2 0
 3 0
147 2 4
 0 1
 1 0
 2 0
 3 3
148 15 4
 0 3
 1 0
 2 2
 3 3
149 7 4
 0 0
 1 0
 2 0
 3 2
150 14 4
 0 3
 1 0
 2 1
 3 2
151 1 4
 0 1
 1 3
 2 2
 3 3
152 20 4
 0 1
 1 0
 2 3
 3 2
153 12 4
 0 2
 1 2
 2 2
 3 2
154 14 4
 0 0
 1 0
 2 1
 3 3
155 4 4
 0 0
 1 2
 2 2
 3 3
156 19 4
 0 0
 1 0
 2 1
 3 0
157 16 4
 0 2
 1 1
 2 3
 3 0
158 14 4
 0 1
 1 2
 2 0
 3 1
159 13 4
 0 3
 1 3
 2 2
 3 1
160 2 4
 0 1
 1 1
 2 2
 3 0
161 16 4
 0 0
 1 1
 2 0
 3 1
162 17 4
 0 3
 1 0
 2 0
 3 0
163 12 4
 0 3
 1 0
 2 0
 3 0
164 11 4
 0 2
 1 0
 2 1
 3 1
165 18 4
 0 3
 1 1
 2 0
 3 0
166 10 4
 0 0
 1 0
 2 3
 3 2
167 20 4
 0 2
 1 3
 2 2
 3 2
168 20 4
 0 0
 1 3
 2 0
 3 3
169 12 4
 0 1
 1 0
 2 0
 3 2
170 8 4
 0 1
 1 3
 2 3
 3 0
171 11 4
 0 1
 1 2
 2 0
 3 0
172 6 4
 0 3
 1 3
 2 3
 3 0
173 12 4
 0 2
 1 1
 2 3
 3 0
174 18 4
 0 1
 1 0
 2 1
 3 1
175 10 4
 0 1
 1 0
 2 0
 3 3
176 9 4
 0 3
 1 2
 2 3
 3 1
177 17 4
 0 0
 1 0
 2 0
 3 3
178 5 4
 0 1
 1 2
 2 1
 3 0
179 14 4
 0 0
 1 1
 2 2
 3 2
180 16 4
 0 2
 1 1
 2 0
 3 3
181 11 4
 0 3
 1 0
 2 0
 3 0
182 20 4
 0 1
 1 0
 2 0
 3 3
183 17 4
 0 0
 1 2
 2 0
 3 3
184 2 4
 0 3
 1 3
 2 1
 3 3
185 14 4
 0 1
 1 3
 2 2
 3 0
186 6 4
 0 1
 1 0
 2 3
 3 2
187 3 4
 0 0
 1 2
 2 2
 3 0
188 6 4
 0 3
 1 2
 2 0
 3 1
189 2 4
 0 0
 1 0
 2 3
 3 2
190 12 4
 0 1
 1 0
 2 2
 3 3
191 5 4
 0 0
 1 0
 2 2
 3 0
192 18 4
 0 2
 1 3
 2 0
 3 0
193 12 4
 0 0
 1 3
 2 0
 3 2
194 15 4
 0 0
 1 0
 2 2
 3 1
195 5 4
 0 2
 1 2
 2 1
 3 3
196 19 4
 0 3
 1 0
 2 0
 3 1
197 2 4
 0 2
 1 3
 2 0
 3 0
198 3 4
 0 3
 1 0
 2 3
 3 3
199 18 4
 0 2
 1 1
 2 3
 3 3
200 8 4
 0 3
 1 0
 2 0
 3 1
201 20 4
 0 0
 1 0
 2 1
 3 2
202 3 4
 0 1
 1 0
 2 2
 3 1
203 16 4
 0 2
 1 0
 2 3
 3 2
204 19 4
 0 2
 1 2
 2 0
 3 3
205 18 4
 0 2
 1 1
 2 1
 3 0
206 9 4
 0 2
 1 3
 2 0
 3 3
207 2 4
 0 2
 1 0
 2 1
 3 0
208 11 4
 0 3
 1 0
 2 2
 3 2
209 5 4
 0 2
 1 0
 2 0
 3 0
210 16 4
 0 2
 1 2
 2 0
 3 0
211 6 4
 0 1
 1 2
 2 2
 3 3
212 16 4
 0 1
 1 1
 2 3
 3 1
213 17 4
 0 3
 1 1
 2 2
 3 0
214 19 4
 0 1
 1 0
 2 0
 3 3
215 12 4
 0 1
 1 0
 2 0
 3 0
216 2 4
 0 0
 1 3
 2 2
 3 0
217 7 4
 0 1
 1 0
 2 0
 3 0
218 5 4
 0 2
 1 1
 2 2
 3 0
219 17 4
 0 0
 1 0
 2 2
 3 0
220 12 4
 0 3
 1 3
 2 0
 3 0
221 9 4
 0 0
 1 0
 2 3
 3 3
222 14 4
 0 3
 1 2
 2 2
 3 2
223 3 4
 0 0
 1 0
 2 3
 3 1
224 7 4
 0 1
 1 0
 2 3
 3 3
225 6 4
 0 0
 1 2
 2 2
 3 3
226 3 4
 0 1
 1 0
 2 0
 3 2
227 14 4
 0 0
 1 3
 2 0
 3 0
228 16 4
 0 0
 1 3
 2 0
 3 3
229 18 4
 0 2
 1 0
 2 0
 3 1
230 1 4
 0 1
 1 2
 2 1
 3 0
231 1 4
 0 0
 1 1
 2 0
 3 1
232 4 4
 0 0
 1 3
 2 0
 3 0
233 14 4
 0 1
 1 3
 2 2
 3 0
234 8 4
 0 0
 1 3
 2 1
 3 1
235 14 4
 0 3
 1 0
 2 1
 3 2
236 11 4
 0 3
 1 3
 2 0
 3 2
237 3 4
 0 0
 1 1
 2 0
 3 1
238 17 4
 0 1
 1 0
 2 0
 3 2
239 18 4
 0 3
 1 0
 2 0
 3 2
240 20 4
 0 3
 1 1
 2 2
 3 3
241 13 4
 0 1
 1 3
 2 1
 3 0
242 6 4
 0 2
 1 0
 2 1
 3 0
243 4 4
 0 0
 1 2
 2 0
 3 0
244 5 4
 0 3
 1 2
 2 0
 3 0
245 12 4
 0 3
 1 1
 2 3
 3 0
246 10 4
 0 0
 1 3
 2 3
 3 2
247 11 4
 0 1
 1 0
 2 3
 3 1
248 12 4
 0 0
 1 0
 2 2
 3 0
249 18 4
 0 2
 1 2
 2 0
 3 3
250 9 4
 0 3
 1 0
 2 3
 3 0
251 5 4
 0 2
 1 3
 2 3
 3 2
252 17 4
 0 1
 1 3
 2 0
 3 2
253 15 4
 0 2
 1 1
 2 1
 3 1
254 15 4
 0 3
 1 3
 2 0
 3 3
255 11 4
 0 3
 1 2
 2 1
 3 0
256 20 4
 0 2
 1 1
 2 3
 3 2
257 19 4
 0 0
 1 0
 2 0
 3 1
258 3 4
 0 0
 1 0
 2 1
 3 0
259 17 4
 0 2
 1 0
 2 0
 3 0
260 20 4
 0 0
 1 3
 2 2
 3 0
261 9 4
 0 3
 1 3
 2 0
 3 1
262 3 4
 0 1
 1 3
 2 0
 3 0
263 16 4
 0 0
 1 1
 2 2
 3 3
264 3 4
 0 2
 1 0
 2 3
 3 3
265 14 4
 0 1
 1 1
 2 1
 3 3
266 2 4
 0 3
 1 2
 2 0
 3 0
267 14 4
 0 1
 1 1
 2 0
 3 2
268 8 4
 0 0
 1 3
 2 0
 3 2
269 1 4
 0 3
 1 0
 2 1
 3 0
270 5 4
 0 1
 1 0
 2 2
 3 0
271 12 4
 0 0
 1 1
 2 3
 3 3
272 8 4
 0 1
 1 1
 2 0
 3 0
273 17 4
 0 3
 1 3
 2 2
 3 1
274 1 4
 0 3
 1 0
 2 0
 3 0
275 13 4
 0 3
 1 1
 2 0
 3 3
276 20 4
 0 2
 1 0
 2 3
 3 3
277 16 4
 0 0
 1 1
 2 0
 3 0
278 12 4
 0 2
 1 3
 2 0
 3 1
279 5 4
 0 2
 1 3
 2 1
 3 0
280 18 4
 0 1
 1 3
 2 0
 3 0
281 9 4
 0 2
 1 2
 2 3
 3 3
282 16 4
 0 0
 1 0
 2 3
 3 1
283 17 4
 0 0
 1 2
 2 3
 3 0
284 1 4
 0 3
 1 3
 2 0
 3 2
285 9 4
 0 2
 1 0
 2 3
 3 2
286 19 4
 0 1
 1 3
 2 3
 3 0
287 15 4
 0 0
 1 1
 2 1
 3 3
288 0 4
 0 0
 1 0
 2 0
 3 0

# PRECEDENCES
646
0 1
0 24
0 47
0 70
0 93
0 116
0 139
0 162
0 185
0 208
0 231
0 254
0 277
1 2
1 24
2 3
2 25
3 4
3 26
4 5
4 27
5 6
5 28
5 29
6 7
6 29
7 8
7 30
8 9
8 31
9 10
9 32
10 11
10 33
10 34
11 12
11 34
12 13
12 35
13 14
13 36
13 37
14 15
14 37
15 16
15 38
16 17
16 39
17 18
17 40
18 19
18 41
19 20
19 42
20 21
20 43
21 22
21 44
21 45
22 23
22 45
23 46
23 288
24 25
24 47
24 48
25 26
25 48
26 27
26 49
27 28
27 50
28 29
28 51
29 30
29 52
29 53
30 31
30 53
30 54
31 32
31 54
32 33
32 55
33 34
33 56
34 35
34 57
35 36
35 58
35 59
36 37
36 59
37 38
37 60
38 39
38 61
39 40
39 62
40 41
40 63
41 42
41 64
42 43
42 65
42 66
43 44
43 66
44 45
44 67
44 68
45 46
45 68
46 69
46 288
47 48
47 70
48 49
48 71
49 50
49 72
50 51
50 73
51 52
51 74
52 53
52 75
53 54
53 76
53 77
54 55
54 77
55 56
55 78
56 57
56 79
57 58
57 80
58 59
58 81
58 82
59 60
59 82
60 61
60 83
61 62
61 84
61 85
62 63
62 85
63 64
63 86
64 65
64 87
64 88
65 66
65 88
66 67
66 89
67 68
67 90
68 69
68 91
69 92
69 288
70 71
70 93
71 72
71 94
72 73
72 95
73 74
73 96
73 97
74 75
74 97
75 76
75 98
76 77
76 99
76 100
77 78
77 100
77 101
78 79
78 101
78 102
79 80
79 102
80 81
80 103
81 82
81 104
81 105
82 83
82 105
83 84
83 106
83 107
84 85
84 107
85 86
85 108
86 87
86 109
87 88
87 110
88 89
88 111
88 112
89 90
89 112
90 91
90 113
91 92
91 114
92 115
92 288
93 94
93 116
94 95
94 117
94 118
95 96
95 118
96 97
96 119
97 98
97 120
97 121
98 99
98 121
99 100
99 122
100 101
100 123
100 124
101 102
101 124
101 125
102 103
102 125
103 104
103 126
103 127
104 105
104 127
105 106
105 128
106 107
106 129
107 108
107 130
107 131
108 109
108 131
108 132
109 110
109 132
110 111
110 133
111 112
111 134
112 113
112 135
113 114
113 136
114 115
114 137
115 138
115 288
116 117
116 139
116 140
117 118
117 140
118 119
118 141
119 120
119 142
119 143
120 121
120 143
121 122
121 144
122 123
122 145
122 146
123 124
123 146
124 125
124 147
124 148
125 126
125 148
126 127
126 149
127 128
127 150
127 151
128 129
128 151
128 152
129 130
129 152
130 131
130 153
131 132
131 154
131 155
132 133
132 155
133 134
133 156
134 135
134 157
135 136
135 158
136 137
136 159
137 138
137 160
137 161
138 161
138 288
139 140
139 162
140 141
140 163
141 142
141 164
141 165
142 143
142 165
143 144
143 166
144 145
144 167
144 168
145 146
145 168
146 147
146 169
146 170
147 148
147 170
148 149
148 171
149 150
149 172
150 151
150 173
150 174
151 152
151 174
151 175
152 153
152 175
153 154
153 176
154 155
154 177
155 156
155 178
156 157
156 179
157 158
157 180
158 159
158 181
159 160
159 182
160 161
160 183
161 184
161 288
162 163
162 185
163 164
163 186
164 165
164 187
164 188
165 166
165 188
166 167
166 189
166 190
167 168
167 190
168 169
168 191
168 192
169 170
169 192
170 171
170 193
171 172
171 194
171 195
172 173
172 195
173 174
173 196
174 175
174 197
174 198
175 176
175 198
176 177
176 199
176 200
177 178
177 200
178 179
178 201
179 180
179 202
179 203
180 181
180 203
181 182
181 204
182 183
182 205
183 184
183 206
184 207
184 288
185 186
185 208
186 187
186 209
187 188
187 210
188 189
188 211
189 190
189 212
190 191
190 213
190 214
191 192
191 214
192 193
192 215
192 216
193 194
193 216
194 195
194 217
195 196
195 218
195 219
196 197
196 219
197 198
197 220
197 221
198 199
198 221
199 200
199 222
200 201
200 223
201 202
201 224
202 203
202 225
202 226
203 204
203 226
204 205
204 227
204 228
205 206
205 228
206 207
206 229
207 230
207 288
208 209
208 231
209 210
209 232
209 233
210 211
210 233
210 234
211 212
211 234
212 213
212 235
213 214
213 236
214 215
214 237
214 238
215 216
215 238
216 217
216 239
217 218
217 240
218 219
218 241
219 220
219 242
220 221
220 243
220 244
221 222
221 244
222 223
222 245
223 224
223 246
224 225
224 247
224 248
225 226
225 248
225 249
226 227
226 249
226 250
227 228
227 250
228 229
228 251
229 230
229 252
230 253
230 288
231 232
231 254
232 233
232 255
233 234
233 256
234 235
234 257
235 236
235 258
236 237
236 259
236 260
237 238
237 260
237 261
238 239
238 261
239 240
239 262
240 241
240 263
240 264
241 242
241 264
242 243
242 265
243 244
243 266
244 245
244 267
244 268
245 246
245 268
246 247
246 269
246 270
247 248
247 270
247 271
248 249
248 271
248 272
249 250
249 272
250 251
250 273
251 252
251 274
252 253
252 275
253 276
253 288
254 255
254 277
254 278
255 256
255 278
255 279
256 257
256 279
257 258
257 280
257 281
258 259
258 281
259 260
259 282
259 283
260 261
260 283
261 262
261 284
262 263
262 285
263 264
263 286
264 265
264 287
265 266
266 267
267 268
268 269
269 270
270 271
271 272
272 273
273 274
274 275
275 276
276 288
277 278
277 288
278 279
278 288
279 280
279 288
280 281
280 288
281 282
281 288
282 283
282 288
283 284
283 288
284 285
284 288
285 286
285 288
286 287
286 288
287 288
