# Tier 6 (Large) - Instance 4
# Generated with config: N=141, K=6, topology=random_dag, calendar=staggered

# HEADER: <num_tasks> <num_types> <num_units>
143 6 49

# RESOURCE TYPES
# Format: <type_id> <num_units> <unit_id1> <unit_id2> ...
0 6 0 1 2 3 4 5
1 10 6 7 8 9 10 11 12 13 14 15
2 8 16 17 18 19 20 21 22 23
3 9 24 25 26 27 28 29 30 31 32
4 6 33 34 35 36 37 38
5 10 39 40 41 42 43 44 45 46 47 48

# RESOURCE UNITS (Calendars)
# Format: <unit_id> <num_steps> <t1> <v1> <t2> <v2> ...
0 36 0 100 54 0 68 100 108 0 125 100 162 0 175 100 216 0 226 100 270 0 284 100 324 0 333 100 378 0 393 100 432 0 449 100 486 0 498 100 540 0 556 100 594 0 604 100 648 0 657 100 702 0 714 100 756 0 766 100 810 0 819 100 864 0 874 100 918 0 932 100 979 0
1 36 0 100 73 0 81 100 127 0 142 100 181 0 196 100 235 0 243 100 289 0 306 100 343 0 359 100 397 0 409 100 451 0 462 100 505 0 517 100 559 0 574 100 613 0 628 100 667 0 683 100 721 0 736 100 775 0 785 100 829 0 838 100 883 0 892 100 937 0 949 100 979 0
2 36 0 100 92 0 106 100 146 0 160 100 200 0 210 100 254 0 262 100 308 0 321 100 362 0 378 100 416 0 431 100 470 0 487 100 524 0 536 100 578 0 590 100 632 0 644 100 686 0 696 100 740 0 756 100 794 0 806 100 848 0 859 100 902 0 915 100 956 0 966 100 979 0
3 34 0 100 111 0 122 100 165 0 173 100 219 0 232 100 273 0 290 100 327 0 344 100 381 0 393 100 435 0 448 100 489 0 502 100 543 0 558 100 597 0 612 100 651 0 663 100 705 0 716 100 759 0 770 100 813 0 824 100 867 0 881 100 921 0 938 100 979 0
4 36 0 100 15 0 32 100 130 0 143 100 184 0 194 100 238 0 253 100 292 0 308 100 346 0 362 100 400 0 408 100 454 0 469 100 508 0 519 100 562 0 573 100 616 0 625 100 670 0 685 100 724 0 736 100 778 0 793 100 832 0 841 100 886 0 903 100 940 0 948 100 979 0
5 36 0 100 34 0 47 100 149 0 164 100 203 0 220 100 257 0 273 100 311 0 323 100 365 0 378 100 419 0 427 100 473 0 487 100 527 0 536 100 581 0 595 100 635 0 649 100 689 0 700 100 743 0 758 100 797 0 809 100 851 0 863 100 905 0 916 100 959 0 968 100 979 0
6 34 0 100 53 0 67 100 168 0 181 100 222 0 230 100 276 0 290 100 330 0 345 100 384 0 397 100 438 0 450 100 492 0 506 100 546 0 555 100 600 0 609 100 654 0 669 100 708 0 716 100 762 0 778 100 816 0 831 100 870 0 887 100 924 0 937 100 979 0
7 36 0 100 18 0 32 100 72 0 87 100 187 0 199 100 241 0 254 100 295 0 306 100 349 0 358 100 403 0 414 100 457 0 465 100 511 0 523 100 565 0 576 100 619 0 631 100 673 0 686 100 727 0 742 100 781 0 793 100 835 0 846 100 889 0 901 100 943 0 959 100 979 0
8 34 0 100 37 0 52 100 91 0 103 100 206 0 218 100 260 0 275 100 314 0 323 100 368 0 382 100 422 0 434 100 476 0 485 100 530 0 542 100 584 0 593 100 638 0 649 100 692 0 706 100 746 0 758 100 800 0 817 100 854 0 868 100 908 0 924 100 979 0
9 36 0 100 2 0 14 100 56 0 73 100 110 0 119 100 225 0 237 100 279 0 287 100 333 0 347 100 387 0 395 100 441 0 458 100 495 0 509 100 549 0 560 100 603 0 616 100 657 0 666 100 711 0 721 100 765 0 778 100 819 0 827 100 873 0 881 100 927 0 940 100 979 0
10 36 0 100 21 0 30 100 75 0 84 100 129 0 137 100 244 0 261 100 298 0 306 100 352 0 368 100 406 0 420 100 460 0 476 100 514 0 530 100 568 0 577 100 622 0 637 100 676 0 685 100 730 0 745 100 784 0 801 100 838 0 846 100 892 0 904 100 946 0 957 100 979 0
11 34 0 100 40 0 51 100 94 0 103 100 148 0 158 100 263 0 274 100 317 0 327 100 371 0 384 100 425 0 436 100 479 0 496 100 533 0 547 100 587 0 597 100 641 0 655 100 695 0 709 100 749 0 762 100 803 0 811 100 857 0 865 100 911 0 925 100 979 0
12 36 0 100 5 0 16 100 59 0 75 100 113 0 129 100 167 0 175 100 282 0 295 100 336 0 350 100 390 0 406 100 444 0 456 100 498 0 508 100 552 0 564 100 606 0 618 100 660 0 670 100 714 0 728 100 768 0 777 100 822 0 839 100 876 0 893 100 930 0 940 100 979 0
13 36 0 100 24 0 33 100 78 0 86 100 132 0 149 100 186 0 195 100 301 0 311 100 355 0 367 100 409 0 421 100 463 0 474 100 517 0 527 100 571 0 581 100 625 0 639 100 679 0 690 100 733 0 745 100 787 0 801 100 841 0 855 100 895 0 903 100 949 0 963 100 979 0
14 34 0 100 43 0 51 100 97 0 113 100 151 0 161 100 205 0 222 100 320 0 335 100 374 0 391 100 428 0 436 100 482 0 492 100 536 0 547 100 590 0 603 100 644 0 654 100 698 0 707 100 752 0 764 100 806 0 815 100 860 0 869 100 914 0 923 100 979 0
15 36 0 100 8 0 24 100 62 0 71 100 116 0 128 100 170 0 185 100 224 0 233 100 339 0 347 100 393 0 408 100 447 0 462 100 501 0 518 100 555 0 563 100 609 0 617 100 663 0 675 100 717 0 727 100 771 0 787 100 825 0 842 100 879 0 894 100 933 0 941 100 979 0
16 36 0 100 27 0 37 100 81 0 91 100 135 0 149 100 189 0 198 100 243 0 252 100 358 0 375 100 412 0 427 100 466 0 478 100 520 0 533 100 574 0 589 100 628 0 640 100 682 0 691 100 736 0 746 100 790 0 807 100 844 0 852 100 898 0 913 100 952 0 963 100 979 0
17 34 0 100 46 0 58 100 100 0 116 100 154 0 165 100 208 0 223 100 262 0 275 100 377 0 392 100 431 0 441 100 485 0 493 100 539 0 548 100 593 0 604 100 647 0 657 100 701 0 713 100 755 0 771 100 809 0 825 100 863 0 872 100 917 0 934 100 979 0
18 36 0 100 11 0 22 100 65 0 81 100 119 0 129 100 173 0 184 100 227 0 236 100 281 0 291 100 396 0 407 100 450 0 466 100 504 0 519 100 558 0 567 100 612 0 625 100 666 0 680 100 720 0 737 100 774 0 791 100 828 0 837 100 882 0 892 100 936 0 948 100 979 0
19 36 0 100 30 0 40 100 84 0 93 100 138 0 150 100 192 0 205 100 246 0 254 100 300 0 313 100 415 0 428 100 469 0 479 100 523 0 531 100 577 0 586 100 631 0 644 100 685 0 701 100 739 0 752 100 793 0 808 100 847 0 856 100 901 0 914 100 955 0 972 100 979 0
20 34 0 100 49 0 59 100 103 0 113 100 157 0 166 100 211 0 221 100 265 0 279 100 319 0 335 100 434 0 451 100 488 0 496 100 542 0 556 100 596 0 608 100 650 0 660 100 704 0 714 100 758 0 774 100 812 0 823 100 866 0 880 100 920 0 935 100 979 0
21 36 0 100 14 0 22 100 68 0 80 100 122 0 135 100 176 0 184 100 230 0 238 100 284 0 293 100 338 0 348 100 453 0 466 100 507 0 523 100 561 0 576 100 615 0 629 100 669 0 677 100 723 0 739 100 777 0 792 100 831 0 842 100 885 0 897 100 939 0 948 100 979 0
22 36 0 100 33 0 43 100 87 0 102 100 141 0 152 100 195 0 212 100 249 0 257 100 303 0 315 100 357 0 374 100 472 0 483 100 526 0 537 100 580 0 591 100 634 0 647 100 688 0 699 100 742 0 756 100 796 0 809 100 850 0 861 100 904 0 917 100 958 0 970 100 979 0
23 34 0 100 52 0 64 100 106 0 123 100 160 0 168 100 214 0 229 100 268 0 284 100 322 0 337 100 376 0 389 100 491 0 499 100 545 0 555 100 599 0 611 100 653 0 668 100 707 0 716 100 761 0 772 100 815 0 831 100 869 0 884 100 923 0 934 100 979 0
24 36 0 100 17 0 28 100 71 0 85 100 125 0 141 100 179 0 189 100 233 0 247 100 287 0 303 100 341 0 349 100 395 0 409 100 510 0 520 100 564 0 581 100 618 0 632 100 672 0 684 100 726 0 739 100 780 0 789 100 834 0 846 100 888 0 900 100 942 0 951 100 979 0
25 36 0 100 36 0 47 100 90 0 107 100 144 0 152 100 198 0 212 100 252 0 267 100 306 0 314 100 360 0 376 100 414 0 429 100 529 0 545 100 583 0 593 100 637 0 647 100 691 0 703 100 745 0 760 100 799 0 813 100 853 0 869 100 907 0 922 100 961 0 977 100 979 0
26 36 0 100 1 0 16 100 55 0 70 100 109 0 125 100 163 0 172 100 217 0 230 100 271 0 281 100 325 0 342 100 379 0 391 100 433 0 450 100 548 0 561 100 602 0 611 100 656 0 666 100 710 0 726 100 764 0 772 100 818 0 831 100 872 0 880 100 926 0 943 100 979 0
27 36 0 100 20 0 30 100 74 0 83 100 128 0 142 100 182 0 190 100 236 0 249 100 290 0 299 100 344 0 357 100 398 0 410 100 452 0 463 100 567 0 578 100 621 0 630 100 675 0 683 100 729 0 740 100 783 0 795 100 837 0 849 100 891 0 900 100 945 0 961 100 979 0
28 34 0 100 39 0 55 100 93 0 102 100 147 0 160 100 201 0 209 100 255 0 265 100 309 0 319 100 363 0 375 100 417 0 432 100 471 0 480 100 586 0 600 100 640 0 649 100 694 0 702 100 748 0 761 100 802 0 813 100 856 0 865 100 910 0 920 100 979 0
29 36 0 100 4 0 20 100 58 0 69 100 112 0 120 100 166 0 175 100 220 0 232 100 274 0 284 100 328 0 345 100 382 0 399 100 436 0 444 100 490 0 506 100 605 0 615 100 659 0 669 100 713 0 730 100 767 0 777 100 821 0 832 100 875 0 884 100 929 0 939 100 979 0
30 36 0 100 23 0 38 100 77 0 93 100 131 0 146 100 185 0 196 100 239 0 252 100 293 0 308 100 347 0 361 100 401 0 415 100 455 0 467 100 509 0 520 100 624 0 641 100 678 0 688 100 732 0 749 100 786 0 799 100 840 0 857 100 894 0 905 100 948 0 957 100 979 0
31 34 0 100 42 0 58 100 96 0 105 100 150 0 167 100 204 0 220 100 258 0 269 100 312 0 325 100 366 0 376 100 420 0 434 100 474 0 482 100 528 0 537 100 643 0 660 100 697 0 710 100 751 0 767 100 805 0 822 100 859 0 871 100 913 0 927 100 979 0
32 36 0 100 7 0 22 100 61 0 71 100 115 0 130 100 169 0 184 100 223 0 238 100 277 0 287 100 331 0 345 100 385 0 395 100 439 0 454 100 493 0 504 100 547 0 563 100 662 0 670 100 716 0 725 100 770 0 783 100 824 0 833 100 878 0 891 100 932 0 948 100 979 0
33 36 0 100 26 0 34 100 80 0 95 100 134 0 151 100 188 0 203 100 242 0 256 100 296 0 305 100 350 0 362 100 404 0 419 100 458 0 469 100 512 0 527 100 566 0 575 100 681 0 689 100 735 0 750 100 789 0 806 100 843 0 859 100 897 0 912 100 951 0 962 100 979 0
34 34 0 100 45 0 61 100 99 0 112 100 153 0 162 100 207 0 221 100 261 0 276 100 315 0 324 100 369 0 381 100 423 0 434 100 477 0 485 100 531 0 540 100 585 0 597 100 700 0 715 100 754 0 766 100 808 0 825 100 862 0 878 100 916 0 927 100 979 0
35 36 0 100 10 0 25 100 64 0 81 100 118 0 131 100 172 0 184 100 226 0 237 100 280 0 289 100 334 0 345 100 388 0 405 100 442 0 457 100 496 0 509 100 550 0 560 100 604 0 619 100 719 0 734 100 773 0 788 100 827 0 839 100 881 0 889 100 935 0 946 100 979 0
36 36 0 100 29 0 45 100 83 0 94 100 137 0 149 100 191 0 207 100 245 0 255 100 299 0 312 100 353 0 366 100 407 0 422 100 461 0 474 100 515 0 531 100 569 0 580 100 623 0 632 100 738 0 755 100 792 0 801 100 846 0 860 100 900 0 914 100 954 0 966 100 979 0
37 34 0 100 48 0 56 100 102 0 110 100 156 0 166 100 210 0 227 100 264 0 281 100 318 0 334 100 372 0 389 100 426 0 438 100 480 0 494 100 534 0 550 100 588 0 596 100 642 0 655 100 757 0 773 100 811 0 822 100 865 0 879 100 919 0 928 100 979 0
38 36 0 100 13 0 27 100 67 0 75 100 121 0 134 100 175 0 183 100 229 0 238 100 283 0 295 100 337 0 351 100 391 0 400 100 445 0 457 100 499 0 507 100 553 0 564 100 607 0 618 100 661 0 678 100 776 0 791 100 830 0 842 100 884 0 900 100 938 0 947 100 979 0
39 36 0 100 32 0 46 100 86 0 96 100 140 0 148 100 194 0 205 100 248 0 263 100 302 0 319 100 356 0 369 100 410 0 425 100 464 0 474 100 518 0 533 100 572 0 589 100 626 0 636 100 680 0 692 100 795 0 811 100 849 0 863 100 903 0 919 100 957 0 971 100 979 0
40 34 0 100 51 0 63 100 105 0 120 100 159 0 172 100 213 0 221 100 267 0 283 100 321 0 338 100 375 0 385 100 429 0 444 100 483 0 499 100 537 0 546 100 591 0 606 100 645 0 659 100 699 0 712 100 814 0 825 100 868 0 883 100 922 0 936 100 979 0
41 36 0 100 16 0 27 100 70 0 80 100 124 0 137 100 178 0 189 100 232 0 247 100 286 0 299 100 340 0 348 100 394 0 405 100 448 0 458 100 502 0 510 100 556 0 567 100 610 0 621 100 664 0 679 100 718 0 728 100 833 0 847 100 887 0 897 100 941 0 955 100 979 0
42 36 0 100 35 0 44 100 89 0 98 100 143 0 154 100 197 0 213 100 251 0 263 100 305 0 321 100 359 0 373 100 413 0 423 100 467 0 476 100 521 0 537 100 575 0 592 100 629 0 645 100 683 0 691 100 737 0 750 100 852 0 869 100 906 0 918 100 960 0 972 100 979 0
43 35 0 0 16 100 54 0 65 100 108 0 120 100 162 0 179 100 216 0 230 100 270 0 279 100 324 0 333 100 378 0 390 100 432 0 440 100 486 0 496 100 540 0 554 100 594 0 603 100 648 0 662 100 702 0 714 100 756 0 765 100 871 0 882 100 925 0 942 100 979 0
44 36 0 100 19 0 35 100 73 0 90 100 127 0 143 100 181 0 193 100 235 0 243 100 289 0 298 100 343 0 357 100 397 0 413 100 451 0 463 100 505 0 516 100 559 0 572 100 613 0 626 100 667 0 683 100 721 0 733 100 775 0 792 100 890 0 907 100 944 0 959 100 979 0
45 34 0 100 38 0 52 100 92 0 105 100 146 0 162 100 200 0 213 100 254 0 270 100 308 0 317 100 362 0 374 100 416 0 430 100 470 0 481 100 524 0 539 100 578 0 589 100 632 0 642 100 686 0 696 100 740 0 752 100 794 0 803 100 909 0 926 100 979 0
46 36 0 100 3 0 14 100 57 0 67 100 111 0 123 100 165 0 182 100 219 0 235 100 273 0 290 100 327 0 339 100 381 0 391 100 435 0 450 100 489 0 503 100 543 0 554 100 597 0 613 100 651 0 659 100 705 0 715 100 759 0 768 100 813 0 828 100 928 0 941 100 979 0
47 36 0 100 22 0 39 100 76 0 88 100 130 0 141 100 184 0 198 100 238 0 251 100 292 0 303 100 346 0 359 100 400 0 414 100 454 0 467 100 508 0 519 100 562 0 574 100 616 0 633 100 670 0 686 100 724 0 734 100 778 0 792 100 832 0 844 100 947 0 961 100 979 0
48 34 0 100 41 0 54 100 95 0 111 100 149 0 157 100 203 0 217 100 257 0 269 100 311 0 327 100 365 0 380 100 419 0 435 100 473 0 486 100 527 0 540 100 581 0 591 100 635 0 651 100 689 0 697 100 743 0 752 100 797 0 808 100 851 0 861 100 979 0

# TASKS
# Format: <task_id> <size> <num_reqs>
# Then for each requirement: <type_id> <qty>
0 0 6
 0 0
 1 0
 2 0
 3 0
 4 0
 5 0
1 12 6
 0 1
 1 0
 2 0
 3 3
 4 0
 5 0
2 11 6
 0 0
 1 1
 2 2
 3 3
 4 1
 5 0
3 6 6
 0 0
 1 0
 2 2
 3 3
 4 0
 5 0
4 12 6
 0 0
 1 2
 2 0
 3 2
 4 2
 5 0
5 15 6
 0 0
 1 2
 2 1
 3 3
 4 3
 5 0
6 6 6
 0 2
 1 1
 2 3
 3 2
 4 1
 5 0
7 5 6
 0 2
 1 2
 2 0
 3 0
 4 0
 5 1
8 4 6
 0 3
 1 2
 2 0
 3 3
 4 0
 5 1
9 9 6
 0 2
 1 3
 2 3
 3 3
 4 0
 5 1
10 8 6
 0 1
 1 0
 2 3
 3 0
 4 0
 5 2
11 5 6
 0 1
 1 3
 2 0
 3 3
 4 3
 5 3
12 6 6
 0 0
 1 1
 2 3
 3 1
 4 2
 5 3
13 14 6
 0 3
 1 0
 2 0
 3 3
 4 1
 5 3
14 10 6
 0 0
 1 3
 2 2
 3 3
 4 1
 5 1
15 5 6
 0 2
 1 0
 2 3
 3 0
 4 0
 5 2
16 11 6
 0 3
 1 1
 2 3
 3 1
 4 0
 5 0
17 7 6
 0 1
 1 2
 2 2
 3 3
 4 2
 5 2
18 6 6
 0 0
 1 0
 2 1
 3 3
 4 2
 5 3
19 6 6
 0 2
 1 0
 2 0
 3 3
 4 2
 5 2
20 3 6
 0 1
 1 2
 2 1
 3 3
 4 2
 5 2
21 10 6
 0 0
 1 3
 2 0
 3 2
 4 2
 5 0
22 15 6
 0 0
 1 3
 2 2
 3 3
 4 0
 5 2
23 5 6
 0 3
 1 2
 2 1
 3 0
 4 3
 5 1
24 14 6
 0 1
 1 0
 2 3
 3 3
 4 0
 5 2
25 13 6
 0 0
 1 0
 2 0
 3 3
 4 3
 5 2
26 5 6
 0 3
 1 3
 2 3
 3 1
 4 2
 5 2
27 15 6
 0 2
 1 0
 2 3
 3 1
 4 3
 5 2
28 15 6
 0 0
 1 2
 2 0
 3 0
 4 2
 5 0
29 13 6
 0 2
 1 3
 2 1
 3 1
 4 2
 5 2
30 11 6
 0 1
 1 3
 2 1
 3 1
 4 0
 5 2
31 6 6
 0 2
 1 3
 2 3
 3 3
 4 3
 5 3
32 6 6
 0 2
 1 0
 2 2
 3 0
 4 2
 5 3
33 6 6
 0 0
 1 0
 2 3
 3 3
 4 1
 5 0
34 15 6
 0 2
 1 1
 2 3
 3 2
 4 0
 5 0
35 11 6
 0 1
 1 0
 2 3
 3 0
 4 0
 5 0
36 15 6
 0 3
 1 3
 2 2
 3 0
 4 2
 5 3
37 8 6
 0 3
 1 2
 2 1
 3 0
 4 3
 5 2
38 8 6
 0 2
 1 1
 2 0
 3 1
 4 1
 5 3
39 6 6
 0 0
 1 2
 2 0
 3 0
 4 1
 5 1
40 12 6
 0 3
 1 3
 2 0
 3 1
 4 2
 5 1
41 9 6
 0 1
 1 2
 2 0
 3 0
 4 0
 5 0
42 10 6
 0 1
 1 1
 2 1
 3 0
 4 3
 5 0
43 9 6
 0 1
 1 2
 2 0
 3 3
 4 0
 5 1
44 6 6
 0 2
 1 1
 2 2
 3 3
 4 1
 5 3
45 6 6
 0 1
 1 2
 2 2
 3 1
 4 0
 5 2
46 4 6
 0 1
 1 0
 2 3
 3 2
 4 0
 5 3
47 14 6
 0 2
 1 0
 2 3
 3 3
 4 0
 5 3
48 12 6
 0 1
 1 3
 2 3
 3 0
 4 2
 5 2
49 8 6
 0 1
 1 2
 2 2
 3 3
 4 0
 5 2
50 9 6
 0 3
 1 3
 2 3
 3 2
 4 0
 5 3
51 7 6
 0 0
 1 3
 2 1
 3 1
 4 1
 5 0
52 12 6
 0 0
 1 2
 2 1
 3 0
 4 3
 5 3
53 11 6
 0 3
 1 3
 2 0
 3 3
 4 0
 5 2
54 4 6
 0 3
 1 2
 2 3
 3 1
 4 3
 5 0
55 5 6
 0 2
 1 0
 2 3
 3 0
 4 1
 5 0
56 11 6
 0 0
 1 0
 2 2
 3 0
 4 3
 5 3
57 5 6
 0 0
 1 3
 2 2
 3 3
 4 0
 5 0
58 7 6
 0 3
 1 3
 2 2
 3 0
 4 2
 5 1
59 4 6
 0 0
 1 2
 2 1
 3 1
 4 3
 5 3
60 6 6
 0 3
 1 0
 2 0
 3 1
 4 3
 5 1
61 8 6
 0 0
 1 2
 2 3
 3 3
 4 1
 5 0
62 4 6
 0 0
 1 3
 2 2
 3 3
 4 0
 5 3
63 15 6
 0 3
 1 0
 2 3
 3 3
 4 1
 5 1
64 4 6
 0 2
 1 3
 2 1
 3 3
 4 2
 5 1
65 7 6
 0 1
 1 0
 2 0
 3 1
 4 3
 5 1
66 8 6
 0 0
 1 0
 2 0
 3 0
 4 0
 5 1
67 7 6
 0 0
 1 3
 2 3
 3 0
 4 0
 5 0
68 5 6
 0 0
 1 2
 2 0
 3 0
 4 3
 5 0
69 4 6
 0 3
 1 2
 2 1
 3 0
 4 3
 5 1
70 8 6
 0 1
 1 2
 2 1
 3 0
 4 0
 5 2
71 11 6
 0 2
 1 2
 2 3
 3 0
 4 1
 5 0
72 6 6
 0 3
 1 2
 2 3
 3 0
 4 3
 5 1
73 11 6
 0 1
 1 0
 2 2
 3 3
 4 1
 5 2
74 10 6
 0 3
 1 1
 2 1
 3 3
 4 0
 5 3
75 13 6
 0 1
 1 0
 2 2
 3 2
 4 0
 5 0
76 11 6
 0 0
 1 0
 2 3
 3 0
 4 1
 5 0
77 14 6
 0 0
 1 3
 2 2
 3 1
 4 2
 5 1
78 4 6
 0 2
 1 0
 2 2
 3 2
 4 3
 5 2
79 5 6
 0 1
 1 0
 2 2
 3 0
 4 0
 5 1
80 15 6
 0 0
 1 2
 2 1
 3 0
 4 0
 5 0
81 12 6
 0 0
 1 0
 2 3
 3 3
 4 0
 5 0
82 8 6
 0 0
 1 2
 2 3
 3 3
 4 2
 5 3
83 5 6
 0 0
 1 3
 2 0
 3 0
 4 1
 5 3
84 9 6
 0 2
 1 2
 2 3
 3 0
 4 3
 5 3
85 13 6
 0 0
 1 0
 2 1
 3 1
 4 1
 5 3
86 8 6
 0 0
 1 1
 2 0
 3 0
 4 2
 5 1
87 8 6
 0 3
 1 0
 2 2
 3 2
 4 2
 5 3
88 14 6
 0 3
 1 2
 2 3
 3 3
 4 0
 5 2
89 7 6
 0 3
 1 0
 2 0
 3 0
 4 3
 5 3
90 3 6
 0 2
 1 0
 2 2
 3 1
 4 1
 5 3
91 4 6
 0 1
 1 1
 2 3
 3 2
 4 0
 5 3
92 8 6
 0 2
 1 0
 2 0
 3 1
 4 2
 5 0
93 7 6
 0 3
 1 2
 2 2
 3 0
 4 0
 5 0
94 5 6
 0 3
 1 1
 2 3
 3 0
 4 3
 5 2
95 6 6
 0 1
 1 3
 2 2
 3 2
 4 2
 5 3
96 7 6
 0 2
 1 0
 2 2
 3 3
 4 0
 5 2
97 12 6
 0 3
 1 3
 2 2
 3 0
 4 1
 5 1
98 8 6
 0 2
 1 3
 2 0
 3 3
 4 0
 5 2
99 7 6
 0 1
 1 1
 2 3
 3 1
 4 0
 5 0
100 10 6
 0 2
 1 0
 2 1
 3 3
 4 0
 5 3
101 6 6
 0 2
 1 1
 2 2
 3 2
 4 2
 5 3
102 4 6
 0 0
 1 2
 2 0
 3 3
 4 2
 5 1
103 8 6
 0 1
 1 2
 2 2
 3 0
 4 2
 5 1
104 7 6
 0 0
 1 1
 2 3
 3 1
 4 2
 5 2
105 9 6
 0 3
 1 0
 2 1
 3 2
 4 1
 5 0
106 6 6
 0 1
 1 3
 2 2
 3 1
 4 1
 5 0
107 5 6
 0 2
 1 0
 2 2
 3 1
 4 3
 5 1
108 14 6
 0 2
 1 0
 2 3
 3 3
 4 2
 5 0
109 13 6
 0 3
 1 1
 2 1
 3 2
 4 0
 5 2
110 7 6
 0 3
 1 1
 2 3
 3 0
 4 2
 5 3
111 14 6
 0 0
 1 3
 2 1
 3 3
 4 1
 5 3
112 11 6
 0 1
 1 0
 2 2
 3 0
 4 0
 5 3
113 12 6
 0 3
 1 3
 2 3
 3 3
 4 0
 5 0
114 7 6
 0 3
 1 2
 2 3
 3 0
 4 1
 5 0
115 3 6
 0 2
 1 2
 2 0
 3 0
 4 1
 5 3
116 12 6
 0 1
 1 1
 2 2
 3 3
 4 3
 5 0
117 9 6
 0 3
 1 2
 2 1
 3 3
 4 3
 5 0
118 11 6
 0 3
 1 0
 2 1
 3 0
 4 3
 5 0
119 10 6
 0 2
 1 0
 2 0
 3 2
 4 0
 5 3
120 11 6
 0 3
 1 2
 2 3
 3 2
 4 0
 5 2
121 7 6
 0 1
 1 0
 2 2
 3 0
 4 1
 5 1
122 5 6
 0 2
 1 0
 2 0
 3 2
 4 1
 5 0
123 14 6
 0 0
 1 2
 2 1
 3 0
 4 2
 5 0
124 7 6
 0 0
 1 1
 2 2
 3 0
 4 1
 5 3
125 11 6
 0 3
 1 3
 2 3
 3 2
 4 1
 5 0
126 6 6
 0 3
 1 2
 2 0
 3 2
 4 0
 5 2
127 9 6
 0 0
 1 3
 2 1
 3 1
 4 2
 5 0
128 3 6
 0 0
 1 0
 2 0
 3 0
 4 0
 5 2
129 15 6
 0 0
 1 2
 2 0
 3 0
 4 1
 5 0
130 4 6
 0 2
 1 2
 2 3
 3 0
 4 3
 5 2
131 14 6
 0 1
 1 3
 2 2
 3 3
 4 0
 5 3
132 11 6
 0 0
 1 1
 2 2
 3 2
 4 0
 5 3
133 6 6
 0 0
 1 3
 2 0
 3 3
 4 0
 5 0
134 6 6
 0 2
 1 1
 2 3
 3 0
 4 3
 5 0
135 13 6
 0 1
 1 0
 2 3
 3 0
 4 3
 5 0
136 6 6
 0 2
 1 3
 2 2
 3 1
 4 1
 5 0
137 8 6
 0 2
 1 2
 2 3
 3 2
 4 1
 5 2
138 13 6
 0 1
 1 2
 2 0
 3 0
 4 0
 5 0
139 10 6
 0 1
 1 2
 2 0
 3 2
 4 2
 5 0
140 11 6
 0 2
 1 2
 2 3
 3 2
 4 2
 5 3
141 8 6
 0 1
 1 0
 2 2
 3 3
 4 0
 5 3
142 0 6
 0 0
 1 0
 2 0
 3 0
 4 0
 5 0

# PRECEDENCES
2418
4 119
32 101
72 137
43 110
17 58
36 71
55 84
96 122
88 118
0 5
40 41
99 127
46 121
29 68
7 129
26 142
27 107
10 54
91 128
110 141
102 137
8 130
14 24
0 126
66 71
39 117
106 107
72 114
51 91
24 74
95 134
96 99
7 21
88 95
53 137
56 142
36 84
9 67
49 103
77 85
69 81
40 54
5 96
79 131
69 117
110 118
61 113
7 142
0 103
20 81
125 134
12 77
91 141
51 68
84 102
14 37
41 140
66 84
12 113
53 114
45 110
17 48
36 61
28 57
88 108
34 137
37 142
38 107
58 85
9 80
77 98
30 102
31 67
83 114
102 127
8 120
54 87
94 123
0 116
13 55
1 80
7 11
65 101
38 84
58 62
76 110
49 93
61 67
6 51
79 121
58 98
30 79
98 134
50 94
10 21
91 95
42 90
101 139
54 64
94 100
0 93
73 77
3 18
35 50
41 130
106 110
34 91
53 104
44 135
5 27
37 96
10 142
17 38
2 138
117 125
68 83
109 121
128 134
78 133
70 129
89 142
90 107
69 84
15 113
8 74
113 127
0 70
19 83
39 61
30 92
63 126
91 108
123 140
29 133
75 100
102 117
21 129
40 142
0 106
41 107
60 120
4 76
32 58
72 94
105 128
2 115
33 139
74 140
25 135
66 136
45 113
37 109
49 83
89 119
109 134
70 142
82 116
101 129
8 87
0 83
40 119
60 97
12 57
52 93
23 66
21 142
34 81
93 130
46 55
64 103
56 99
57 64
3 93
7 63
86 127
18 72
78 123
79 88
50 61
90 97
82 93
7 99
47 135
48 100
0 60
19 73
11 69
31 47
4 30
83 94
123 130
75 90
115 126
94 103
4 66
105 118
124 131
56 76
135 140
22 83
127 136
14 79
37 99
78 100
97 113
43 142
3 106
0 37
79 101
111 133
17 126
63 93
77 140
0 73
60 87
12 47
23 56
22 60
73 142
74 107
25 102
44 115
15 57
26 66
13 133
19 27
24 142
97 126
89 122
17 103
63 70
36 116
82 83
55 129
28 112
0 50
60 64
12 24
31 37
4 20
104 107
9 135
75 80
41 87
25 79
72 74
45 57
64 70
137 140
54 142
93 133
67 81
138 141
89 99
15 70
55 106
47 102
0 27
18 75
5 105
79 91
70 122
119 127
28 125
41 64
6 106
44 69
10 76
34 61
25 92
93 110
12 122
31 135
15 47
47 79
26 56
0 4
13 123
99 126
24 132
76 142
36 106
21 63
0 40
6 83
12 14
50 126
21 99
61 135
27 142
25 69
11 134
45 47
2 85
3 50
106 142
12 135
70 76
28 79
1 125
88 130
0 17
99 139
46 133
92 100
111 113
57 142
17 106
9 102
69 116
21 76
61 112
133 137
44 59
50 139
10 66
8 142
0 138
32 90
24 86
87 142
67 84
59 80
57 119
36 96
9 79
21 53
80 102
121 140
100 117
5 108
92 113
38 142
69 129
0 115
11 124
39 106
3 40
35 72
122 140
114 136
12 125
24 99
64 135
96 124
47 82
0 7
40 43
11 16
57 132
58 97
9 92
50 93
10 20
15 135
27 109
31 79
83 126
22 30
54 99
0 128
60 142
12 102
31 115
32 80
16 72
55 63
136 137
139 142
6 27
76 122
28 82
21 43
80 92
26 121
27 86
18 117
90 142
91 107
61 115
94 112
27 122
0 105
19 118
20 83
12 79
23 88
43 66
103 117
41 142
72 129
24 89
64 125
65 90
36 63
47 72
120 142
98 123
61 92
101 128
27 99
0 82
18 130
25 26
71 142
30 104
31 69
91 120
75 112
14 16
0 118
33 115
44 124
23 101
17 27
87 122
34 116
3 128
7 98
18 107
30 81
63 115
83 93
101 141
94 102
0 95
12 69
13 34
31 82
4 65
52 105
24 43
83 129
124 130
75 125
135 139
93 142
53 106
45 102
37 98
9 36
22 118
68 85
128 136
59 122
38 99
58 77
82 105
48 112
0 72
20 50
79 136
31 59
112 133
123 142
29 135
115 138
1 36
33 105
12 82
52 118
24 56
64 92
9 13
14 91
74 142
45 115
5 42
37 111
78 112
57 89
109 136
42 46
7 88
67 139
0 49
10 13
82 118
2 9
75 79
8 89
48 125
0 85
104 142
105 107
1 49
33 118
53 96
45 92
5 19
64 105
38 53
17 30
43 131
7 65
36 128
82 95
134 142
0 62
40 98
19 75
6 105
29 125
53 73
39 138
45 69
72 86
56 78
2 107
22 85
15 46
126 142
5 32
32 135
38 66
97 115
89 111
15 82
27 56
0 39
18 87
12 13
90 112
36 141
77 142
9 124
82 108
29 102
48 115
40 111
13 14
4 45
44 81
45 46
104 132
115 141
93 122
45 82
85 118
78 79
49 52
14 94
1 124
107 142
18 64
59 102
99 138
70 111
16 140
63 72
55 131
0 52
100 139
5 130
6 95
58 142
23 35
9 137
42 134
115 118
21 111
81 125
34 50
44 94
105 110
37 55
10 101
137 142
108 115
7 32
66 118
59 79
118 128
24 121
88 142
8 33
0 29
40 65
100 116
11 38
30 51
58 119
9 114
28 127
61 124
41 66
60 79
115 131
34 63
20 128
32 102
8 10
0 6
13 125
18 54
118 141
70 101
0 42
12 16
4 12
69 141
110 142
62 102
0 127
32 79
23 110
51 92
56 58
84 126
103 139
54 134
87 131
66 108
67 73
13 102
89 91
36 85
1 127
29 46
0 19
140 142
58 109
52 65
44 61
30 126
91 142
51 69
22 42
54 111
0 140
114 125
106 121
12 114
23 123
28 58
34 138
107 122
18 44
59 82
99 118
16 120
57 121
121 142
3 6
8 121
54 88
81 105
0 117
25 61
12 91
30 139
3 42
43 78
84 116
35 74
12 127
53 128
65 102
17 62
76 111
9 58
28 71
68 107
48 49
0 9
80 81
57 134
98 135
77 112
10 22
15 137
8 98
54 65
0 94
18 142
19 107
39 85
10 58
84 93
102 141
95 102
0 130
41 131
66 75
12 104
4 100
32 82
43 91
84 129
107 112
53 141
99 108
37 133
65 115
69 85
26 123
18 119
132 141
94 114
0 107
12 81
31 94
32 59
124 142
16 51
43 68
35 64
103 119
95 115
53 118
22 130
109 135
15 91
5 77
38 111
58 89
49 120
90 121
2 8
7 123
54 55
27 101
0 84
18 132
11 93
63 140
83 118
35 41
41 121
33 117
12 94
72 108
45 91
105 142
1 84
14 103
86 128
78 124
57 101
77 79
50 62
89 133
14 139
39 52
71 121
8 101
21 120
48 137
0 97
54 68
12 71
32 49
105 119
95 105
34 95
44 139
38 65
2 142
49 74
14 116
6 32
79 102
70 133
30 60
50 75
90 111
27 91
0 74
60 88
6 117
11 83
12 48
39 65
71 134
112 135
16 18
75 104
13 49
4 80
105 132
10 123
56 90
49 51
5 44
86 118
0 51
30 73
90 124
48 127
0 87
33 84
12 61
52 97
32 39
72 75
24 35
10 100
35 44
86 95
37 90
51 137
138 142
56 103
97 104
7 67
26 80
27 45
59 114
19 41
36 130
28 126
101 110
0 64
5 142
52 74
4 34
131 138
83 98
75 94
34 62
44 106
45 71
37 67
74 134
13 124
86 108
118 140
24 133
16 129
35 142
0 41
18 89
71 101
63 97
9 126
82 110
48 117
61 136
40 113
6 120
44 83
56 57
3 51
25 106
12 136
85 120
89 90
14 96
15 61
26 70
0 18
99 140
16 142
9 103
48 94
0 54
141 142
60 68
92 137
4 24
123 124
10 67
42 136
54 110
0 139
34 52
20 117
39 130
3 64
43 100
14 73
55 74
7 34
67 85
126 134
16 119
35 132
36 97
76 133
55 110
28 93
0 31
119 131
63 87
77 134
61 126
19 129
52 77
39 107
30 138
104 124
10 80
22 54
54 123
73 136
114 137
13 91
18 20
32 104
43 113
36 74
7 47
0 8
18 56
99 130
5 86
65 137
16 132
17 97
49 129
68 142
28 106
40 80
80 116
44 50
58 134
50 130
10 57
54 100
0 129
19 142
20 107
12 103
85 87
37 47
3 54
84 128
103 141
14 63
18 33
24 113
29 48
47 96
48 61
21 44
0 21
100 108
5 99
46 137
49 142
73 90
31 93
10 70
43 67
75 136
12 116
32 94
43 103
84 141
96 115
34 140
107 124
76 136
61 93
18 131
50 120
61 129
62 94
14 17
0 119
60 133
39 110
30 141
3 44
43 80
36 41
114 140
45 126
5 53
64 139
65 104
16 99
22 142
68 109
21 34
80 83
46 127
92 94
57 136
58 101
69 110
101 142
62 71
0 96
25 40
125 127
23 79
75 126
94 139
0 132
66 77
52 142
32 84
22 119
68 86
96 105
45 139
6 31
3 142
77 91
69 87
27 90
18 121
79 137
39 64
71 133
31 60
82 142
110 124
29 136
62 84
75 103
54 80
102 120
0 109
13 48
31 96
4 79
32 61
23 92
35 66
95 117
87 113
33 142
34 107
45 116
6 8
37 112
65 94
17 54
9 50
14 128
21 24
67 140
27 67
6 44
18 98
38 113
71 110
82 119
2 10
101 132
27 103
0 86
20 64
32 38
63 142
91 124
83 120
35 43
4 92
44 128
5 20
57 67
109 114
88 91
34 120
26 79
46 94
38 90
98 104
89 135
90 100
55 142
61 73
101 109
26 115
27 80
0 63
63 119
91 101
2 23
54 70
94 106
0 99
33 96
6 142
53 74
2 108
116 130
1 63
74 133
44 141
85 142
37 102
3 109
117 131
22 122
67 130
18 88
59 126
30 62
36 142
48 116
0 76
19 89
20 54
52 86
115 142
34 74
53 87
45 83
105 134
49 53
66 142
13 136
78 116
16 141
89 125
36 119
48 93
0 53
5 131
17 142
82 122
75 83
40 125
41 90
60 103
6 132
4 59
45 60
64 73
10 102
108 116
14 72
85 132
46 61
86 97
24 122
3 99
67 120
0 30
18 78
36 132
101 112
0 66
40 102
11 75
4 36
131 140
81 139
25 95
53 77
39 142
44 108
31 138
43 112
22 89
108 129
15 50
26 59
118 142
24 135
16 131
28 105
7 82
8 47
0 43
40 79
100 130
111 139
69 142
29 106
73 112
34 41
13 18
25 72
44 85
20 142
93 126
67 74
12 138
13 103
18 32
1 128
88 133
48 60
0 20
99 142
5 98
79 84
63 76
77 123
33 53
133 140
4 26
44 62
50 142
10 69
2 65
62 116
14 39
0 141
74 90
85 99
37 59
35 98
55 76
107 123
118 132
89 105
17 86
76 135
0 33
5 111
11 42
111 129
9 118
50 119
10 46
30 140
103 130
7 13
31 141
72 142
35 111
1 118
0 10
17 99
57 135
73 79
4 16
44 52
30 117
61 141
102 142
62 106
54 102
0 131
31 118
4 101
95 139
87 135
53 142
45 138
118 122
65 116
70 82
3 141
76 125
77 90
21 46
0 23
40 59
121 133
5 101
132 142
46 139
50 109
69 122
54 79
27 125
0 108
33 56
20 86
11 117
30 130
23 91
83 142
2 68
35 65
95 116
1 72
13 83
32 96
35 101
36 66
34 142
49 121
68 134
113 142
18 133
25 29
30 107
102 132
54 92
14 19
0 121
11 130
12 95
52 131
72 109
51 86
36 43
34 119
5 55
64 141
38 89
17 66
9 62
28 75
26 114
27 79
113 119
6 56
18 110
38 125
58 103
98 139
49 134
61 108
0 98
11 107
51 63
43 59
103 110
135 142
114 119
17 43
9 39
109 126
14 117
88 103
120 135
86 142
61 85
0 75
110 126
0 111
41 112
24 59
16 55
116 142
34 109
25 140
45 118
46 83
56 127
76 105
9 52
29 30
7 91
67 142
6 46
18 100
30 74
83 86
62 63
54 59
0 88
52 98
32 40
72 76
23 71
84 87
16 32
93 135
46 60
57 69
49 65
28 42
14 107
128 129
120 125
26 81
38 92
78 128
79 93
61 75
27 82
0 65
71 125
31 52
63 121
23 48
91 103
102 112
41 102
1 29
25 94
53 76
45 72
1 65
127 141
45 108
5 35
37 104
65 86
57 82
89 114
119 142
11 51
79 106
71 102
17 131
82 111
48 118
0 78
40 114
6 121
52 88
31 65
44 84
112 139
62 138
64 98
51 128
56 94
9 19
13 138
59 105
86 122
50 56
90 92
47 130
27 72
0 55
100 142
20 33
39 46
112 116
23 38
21 114
94 98
41 92
81 128
34 53
13 30
53 66
4 61
72 79
105 113
2 100
3 65
34 89
67 86
5 25
78 95
70 91
3 101
130 142
55 111
0 32
119 132
30 54
63 88
77 135
82 101
29 95
0 68
40 104
41 69
6 111
12 42
52 78
123 138
81 141
122 142
1 32
33 101
34 66
25 97
93 115
31 140
37 71
2 113
22 91
15 52
7 48
107 135
78 108
17 98
28 107
0 45
100 132
5 123
92 128
63 101
42 127
41 82
34 43
39 121
103 142
22 68
54 137
32 118
43 127
89 94
130 132
35 123
96 139
28 84
1 130
0 22
59 108
119 122
92 105
30 44
38 134
111 118
58 112
9 107
77 125
40 94
60 72
92 141
133 142
125 138
14 41
73 127
34 56
32 95
37 61
24 91
84 142
43 104
14 77
7 38
13 118
59 85
126 138
65 128
17 88
76 137
77 102
29 62
48 75
0 35
92 118
4 5
58 125
50 121
61 130
54 91
0 120
19 133
11 129
30 142
37 38
10 84
23 103
51 85
84 119
14 54
7 15
12 130
43 117
36 78
48 52
0 12
19 25
46 128
17 101
58 102
63 68
81 85
33 45
50 134
3 22
8 137
0 133
74 82
106 114
11 142
85 91
35 90
36 55
136 142
87 137
126 128
17 78
49 110
28 87
29 52
40 61
80 97
113 131
38 137
69 124
8 114
81 98
27 127
0 110
73 94
30 132
3 35
14 44
12 120
53 121
45 117
117 142
22 133
47 77
21 25
0 2
98 128
33 35
30 109
23 70
110 138
3 12
94 130
0 123
32 75
72 111
24 71
17 32
36 45
28 41
53 134
9 64
49 100
14 142
27 81
6 58
38 127
39 55
98 141
10 28
8 104
0 100
20 78
31 87
3 25
1 64
33 133
53 111
44 142
36 58
9 41
49 77
68 90
67 131
37 139
78 140
57 117
58 82
49 113
69 91
61 87
101 123
7 116
0 77
20 55
79 141
2 37
0 113
12 87
13 52
52 123
2 122
28 31
25 142
5 47
21 28
27 71
59 140
79 118
39 45
30 76
31 41
63 110
2 14
0 90
40 126
60 104
6 133
12 64
84 89
75 120
41 127
1 54
17 35
117 122
128 131
26 83
27 48
38 94
36 133
101 113
47 142
48 107
0 67
19 80
31 54
4 37
131 141
23 50
83 101
41 104
33 100
52 113
4 73
44 109
64 87
10 116
116 134
108 130
74 137
49 80
67 134
0 44
20 22
12 18
90 117
63 100
28 142
29 107
0 80
33 77
52 90
10 93
2 89
22 67
54 136
33 113
34 78
46 52
86 88
37 83
56 96
43 126
9 21
89 93
55 100
7 60
13 140
70 116
9 106
55 136
101 103
0 57
19 70
31 44
4 27
112 118
104 114
9 142
34 55
93 104
51 107
2 102
108 120
15 41
66 123
26 50
13 117
18 46
86 101
16 122
49 70
28 96
1 142
8 38
48 74
0 34
19 47
100 121
71 94
9 119
48 110
80 142
60 84
112 131
54 126
74 104
20 133
25 99
45 77
31 142
24 103
96 128
7 50
88 124
26 63
27 28
0 11
18 59
67 101
65 140
30 33
70 106
17 100
36 113
28 109
29 74
47 122
0 47
40 83
41 48
5 125
52 57
42 129
75 77
61 142
21 106
8 136
41 84
74 81
11 141
39 123
10 96
23 115
22 70
74 117
67 78
12 142
126 127
4 138
76 126
55 103
28 86
0 24
5 102
17 113
40 96
6 103
19 122
125 140
10 73
42 142
2 69
14 43
20 123
4 115
72 133
23 128
36 67
15 44
55 80
7 40
0 1
126 140
46 117
77 104
21 60
40 73
42 119
62 97
27 139
0 122
66 67
11 131
23 105
14 56
95 130
66 103
26 30
13 97
18 26
59 64
64 142
24 106
35 115
36 80
28 76
47 89
88 127
0 14
99 136
46 130
42 96
15 142
8 103
81 87
33 47
25 43
3 24
94 142
54 106
0 135
20 113
31 122
72 123
64 119
1 99
88 104
107 117
45 142
46 107
37 138
38 103
28 89
69 90
129 141
80 99
26 128
58 117
91 114
110 127
61 122
8 116
94 119
27 129
0 112
20 90
13 51
30 134
4 82
24 60
75 142
53 123
5 46
24 96
64 132
65 97
88 117
26 105
2 13
8 93
0 89
18 137
19 102
33 37
91 127
84 88
22 27
75 119
94 132
95 97
0 125
87 93
20 103
72 113
22 112
28 43
47 56
88 94
56 141
97 142
77 84
121 127
26 118
79 130
39 57
83 100
29 129
48 142
0 102
20 80
11 111
12 76
23 85
16 46
127 142
1 66
53 113
72 126
56 118
17 47
76 96
22 125
109 130
14 121
27 60
18 91
78 142
38 106
61 89
7 118
0 79
12 53
30 101
112 140
24 27
29 142
75 109
34 77
4 85
105 137
10 128
2 124
36 37
108 142
22 102
37 118
58 61
3 125
89 128
14 134
21 30
7 95
47 131
0 56
59 142
19 69
2 16
101 138
102 103
94 99
0 92
52 102
32 44
16 36
75 122
116 123
22 79
87 96
127 132
46 64
37 95
51 142
76 86
68 82
14 111
26 85
18 81
79 97
8 73
0 69
39 60
31 56
112 130
63 125
40 141
81 142
93 116
64 89
10 118
116 136
66 135
32 142
42 43
27 63
0 46
59 132
100 133
12 20
111 142
70 141
71 106
82 115
29 109
40 118
1 10
60 96
12 56
16 26
2 91
62 142
54 138
93 129
45 89
46 54
2 127
3 92
43 128
55 102
26 75
27 40
13 142
67 113
79 87
71 83
63 79
29 86
47 134
0 59
92 142
4 29
44 65
123 129
42 141
75 89
115 125
62 119
41 96
73 128
53 70
85 102
64 79
105 117
2 104
3 69
108 122
7 39
18 48
38 63
78 99
24 128
97 112
118 135
55 115
28 98
48 76
0 36
19 49
6 79
111 132
63 92
41 73
81 109
52 82
22 59
114 142
37 75
51 122
3 82
35 114
26 65
27 30
0 13
107 139
5 91
11 22
65 142
71 73
36 115
41 50
6 92
104 106
10 62
42 131
81 122
0 134
74 83
39 125
12 108
56 65
95 142
15 33
126 129
4 140
65 119
35 127
36 92
55 105
1 134
47 101
0 26
100 113
46 142
5 104
11 35
119 126
21 85
81 99
73 95
25 55
125 142
14 45
95 119
74 96
66 92
72 135
23 130
47 78
0 3
99 125
11 12
65 132
38 115
49 124
68 137
69 102
48 79
18 136
50 125
10 52
2 48
14 22
0 124
19 137
37 42
23 107
36 46
55 59
34 122
4 130
45 131
24 108
76 118
47 91
129 130
0 16
80 88
5 94
98 142
49 137
90 138
10 29
2 25
8 105
0 101
19 114
31 88
32 53
51 66
122 126
95 109
0 137
41 138
106 118
72 125
24 85
64 121
35 94
117 133
9 42
55 72
28 55
96 110
128 142
5 71
38 105
76 131
49 114
15 121
7 117
121 139
113 135
79 142
63 134
42 111
110 129
62 89
8 118
54 85
0 114
12 88
84 113
95 122
28 32
7 9
106 131
53 125
64 134
16 94
57 95
3 124
76 108
22 137
109 142
68 104
14 133
21 29
49 127
0 91
25 35
31 78
102 138
16 71
2 136
68 81
1 91
88 96
120 128
86 135
6 26
98 109
3 137
15 111
101 114
11 77
131 142
91 106
2 28
0 104
40 140
84 103
124 139
116 135
41 141
34 102
74 138
45 111
97 121
49 81
109 132
26 97
70 140
98 122
17 134
0 81
20 59
60 95
39 72
31 68
112 142
4 51
23 64
104 138
21 140
34 79
53 92
93 128
45 88
5 15
105 139
36 39
34 115
26 74
67 112
86 125
6 16
18 70
38 85
97 134
3 127
50 59
134 138
26 110
0 58
18 106
20 36
5 136
75 88
48 134
21 117
60 108
52 104
13 33
10 107
56 74
124 129
116 125
135 138
33 127
34 92
45 101
38 62
8 39
42 68
0 71
52 81
112 132
63 127
62 131
41 108
1 35
25 100
38 39
51 121
14 90
15 55
7 51
38 75
89 120
0 48
60 62
71 108
104 105
9 133
41 85
6 127
16 28
14 67
34 82
93 131
86 92
70 84
49 61
96 142
1 133
8 29
0 25
11 34
71 85
17 114
90 98
47 136
0 61
4 31
44 67
81 134
45 68
2 106
55 81
7 41
66 127
67 92
16 126
47 113
0 38
19 51
119 138
111 134
4 8
17 127
58 128
63 94
27 140
34 36
39 114
54 130
74 108
106 140
67 69
23 142
7 54
0 15
21 74
104 108
8 140
0 136
73 120
23 119
3 61
43 97
15 35
55 71
1 100
7 31
26 44
67 82
99 114
4 142
78 91
24 120
65 121
36 94
129 142
0 28
40 64
100 115
6 71
77 131
8 117
54 84
81 101
73 97
11 122
31 100
22 51
14 47
114 134
7 8
