# Tier 6 (Large) - Instance 43
# Generated with config: N=90, K=5, topology=grid, calendar=heavy_end

# HEADER: <num_tasks> <num_types> <num_units>
92 5 42

# RESOURCE TYPES
# Format: <type_id> <num_units> <unit_id1> <unit_id2> ...
0 7 0 1 2 3 4 5 6
1 9 7 8 9 10 11 12 13 14 15
2 8 16 17 18 19 20 21 22 23
3 8 24 25 26 27 28 29 30 31
4 10 32 33 34 35 36 37 38 39 40 41

# RESOURCE UNITS (Calendars)
# Format: <unit_id> <num_steps> <t1> <v1> <t2> <v2> ...
0 14 0 100 307 0 312 100 323 0 328 100 566 0 574 100 699 0 707 100 730 0 738 100 748 0 754 100 757 0
1 14 0 100 1 0 8 100 9 0 14 100 172 0 179 100 279 0 284 100 526 0 531 100 746 0 753 100 757 0
2 14 0 100 48 0 55 100 442 0 448 100 550 0 556 100 572 0 577 100 615 0 620 100 640 0 645 100 757 0
3 16 0 100 281 0 288 100 593 0 599 100 639 0 645 100 651 0 656 100 683 0 690 100 726 0 731 100 748 0 755 100 757 0
4 16 0 100 191 0 199 100 290 0 298 100 482 0 490 100 577 0 583 100 605 0 612 100 708 0 716 100 726 0 734 100 757 0
5 14 0 100 128 0 135 100 153 0 158 100 433 0 439 100 568 0 576 100 597 0 602 100 670 0 677 100 757 0
6 16 0 100 50 0 56 100 371 0 378 100 394 0 402 100 510 0 515 100 643 0 648 100 734 0 741 100 750 0 755 100 757 0
7 12 0 100 313 0 319 100 650 0 657 100 661 0 669 100 670 0 671 100 740 0 746 100 757 0
8 14 0 100 47 0 55 100 148 0 155 100 215 0 223 100 284 0 291 100 563 0 571 100 654 0 661 100 757 0
9 18 0 100 14 0 20 100 28 0 36 100 543 0 549 100 563 0 570 100 598 0 605 100 698 0 703 100 737 0 744 100 748 0 754 100 757 0
10 16 0 100 31 0 37 100 38 0 45 100 232 0 239 100 476 0 484 100 651 0 656 100 680 0 687 100 714 0 719 100 757 0
11 14 0 100 30 0 35 100 57 0 65 100 207 0 214 100 575 0 582 100 663 0 671 100 743 0 749 100 757 0
12 14 0 100 101 0 107 100 476 0 482 100 486 0 492 100 603 0 611 100 649 0 657 100 733 0 740 100 757 0
13 16 0 100 169 0 175 100 243 0 248 100 359 0 366 100 527 0 533 100 684 0 692 100 732 0 739 100 746 0 753 100 757 0
14 16 0 100 105 0 113 100 264 0 271 100 415 0 421 100 441 0 447 100 652 0 658 100 688 0 696 100 715 0 720 100 757 0
15 14 0 100 11 0 17 100 125 0 130 100 357 0 365 100 523 0 529 100 676 0 683 100 718 0 732 100 757 0
16 16 0 100 112 0 120 100 158 0 166 100 234 0 240 100 297 0 305 100 440 0 445 100 463 0 471 100 656 0 663 100 757 0
17 18 0 100 19 0 25 100 135 0 140 100 224 0 231 100 528 0 535 100 568 0 575 100 583 0 591 100 689 0 694 100 714 0 721 100 757 0
18 14 0 100 101 0 109 100 138 0 143 100 341 0 347 100 511 0 517 100 584 0 590 100 745 0 751 100 757 0
19 18 0 100 7 0 14 100 183 0 191 100 353 0 361 100 381 0 386 100 429 0 437 100 516 0 522 100 607 0 614 100 689 0 697 100 757 0
20 14 0 100 193 0 199 100 481 0 488 100 679 0 687 100 696 0 701 100 732 0 739 100 746 0 751 100 757 0
21 16 0 100 312 0 319 100 352 0 358 100 517 0 525 100 554 0 562 100 647 0 652 100 672 0 677 100 749 0 754 100 757 0
22 16 0 100 296 0 303 100 332 0 339 100 392 0 397 100 485 0 490 100 594 0 599 100 678 0 683 100 722 0 729 100 757 0
23 16 0 100 377 0 385 100 443 0 451 100 488 0 495 100 521 0 529 100 712 0 719 100 725 0 730 100 736 0 742 100 757 0
24 12 0 100 371 0 376 100 552 0 559 100 590 0 595 100 694 0 700 100 705 0 710 100 757 0
25 10 0 100 187 0 192 100 400 0 407 100 709 0 714 100 718 0 719 100 757 0
26 12 0 100 234 0 240 100 290 0 296 100 419 0 424 100 494 0 499 100 548 0 555 100 757 0
27 14 0 100 102 0 107 100 154 0 159 100 358 0 365 100 617 0 624 100 646 0 651 100 722 0 730 100 757 0
28 18 0 100 314 0 320 100 404 0 411 100 601 0 607 100 640 0 647 100 669 0 677 100 695 0 701 100 711 0 716 100 733 0 738 100 757 0
29 18 0 100 13 0 19 100 58 0 66 100 83 0 89 100 373 0 379 100 407 0 412 100 467 0 475 100 540 0 546 100 576 0 584 100 757 0
30 16 0 100 192 0 200 100 468 0 473 100 644 0 650 100 698 0 705 100 723 0 729 100 732 0 740 100 744 0 756 100 757 0
31 16 0 100 63 0 68 100 207 0 213 100 223 0 230 100 330 0 338 100 656 0 662 100 705 0 711 100 719 0 727 100 757 0
32 18 0 100 100 0 107 100 111 0 116 100 157 0 165 100 271 0 277 100 306 0 313 100 376 0 384 100 691 0 696 100 746 0 753 100 757 0
33 14 0 100 7 0 12 100 254 0 260 100 623 0 628 100 657 0 662 100 664 0 669 100 745 0 750 100 757 0
34 16 0 100 83 0 90 100 115 0 123 100 205 0 210 100 368 0 376 100 455 0 463 100 679 0 685 100 711 0 717 100 757 0
35 16 0 100 27 0 34 100 69 0 74 100 249 0 254 100 326 0 334 100 353 0 360 100 398 0 403 100 748 0 754 100 757 0
36 14 0 100 3 0 11 100 46 0 54 100 234 0 241 100 470 0 477 100 615 0 622 100 733 0 741 100 757 0
37 18 0 100 215 0 221 100 225 0 233 100 288 0 296 100 428 0 433 100 491 0 497 100 597 0 605 100 640 0 647 100 687 0 692 100 757 0
38 16 0 100 1 0 7 100 45 0 52 100 61 0 68 100 262 0 269 100 288 0 295 100 581 0 587 100 638 0 644 100 757 0
39 16 0 100 190 0 195 100 266 0 271 100 325 0 331 100 495 0 501 100 516 0 524 100 543 0 551 100 566 0 571 100 757 0
40 16 0 100 1 0 6 100 51 0 56 100 222 0 229 100 319 0 325 100 401 0 408 100 419 0 425 100 578 0 586 100 757 0
41 14 0 100 57 0 63 100 97 0 103 100 136 0 141 100 541 0 548 100 574 0 581 100 714 0 720 100 757 0

# TASKS
# Format: <task_id> <size> <num_reqs>
# Then for each requirement: <type_id> <qty>
0 0 5
 0 0
 1 0
 2 0
 3 0
 4 0
1 4 5
 0 0
 1 2
 2 3
 3 3
 4 1
2 5 5
 0 3
 1 1
 2 1
 3 3
 4 1
3 14 5
 0 3
 1 0
 2 2
 3 2
 4 1
4 14 5
 0 2
 1 1
 2 1
 3 0
 4 3
5 6 5
 0 0
 1 1
 2 0
 3 2
 4 3
6 10 5
 0 2
 1 0
 2 1
 3 2
 4 1
7 12 5
 0 3
 1 2
 2 0
 3 1
 4 3
8 3 5
 0 2
 1 2
 2 0
 3 2
 4 0
9 14 5
 0 2
 1 0
 2 0
 3 0
 4 2
10 15 5
 0 0
 1 0
 2 3
 3 2
 4 3
11 13 5
 0 3
 1 1
 2 3
 3 1
 4 1
12 8 5
 0 3
 1 0
 2 1
 3 1
 4 2
13 7 5
 0 0
 1 2
 2 3
 3 3
 4 1
14 7 5
 0 0
 1 1
 2 3
 3 3
 4 2
15 4 5
 0 1
 1 3
 2 2
 3 0
 4 2
16 10 5
 0 1
 1 1
 2 0
 3 1
 4 1
17 9 5
 0 2
 1 0
 2 1
 3 0
 4 3
18 14 5
 0 3
 1 2
 2 1
 3 2
 4 2
19 3 5
 0 2
 1 0
 2 2
 3 2
 4 2
20 11 5
 0 3
 1 2
 2 3
 3 0
 4 3
21 4 5
 0 1
 1 0
 2 3
 3 1
 4 3
22 3 5
 0 0
 1 0
 2 1
 3 1
 4 1
23 9 5
 0 0
 1 0
 2 0
 3 1
 4 1
24 7 5
 0 0
 1 3
 2 3
 3 1
 4 0
25 6 5
 0 0
 1 2
 2 1
 3 3
 4 2
26 11 5
 0 2
 1 3
 2 3
 3 1
 4 0
27 5 5
 0 0
 1 0
 2 0
 3 3
 4 1
28 8 5
 0 1
 1 3
 2 3
 3 0
 4 3
29 15 5
 0 1
 1 2
 2 0
 3 3
 4 1
30 14 5
 0 3
 1 2
 2 0
 3 2
 4 3
31 12 5
 0 3
 1 0
 2 3
 3 2
 4 3
32 3 5
 0 2
 1 1
 2 0
 3 3
 4 2
33 11 5
 0 3
 1 3
 2 1
 3 2
 4 2
34 9 5
 0 2
 1 1
 2 1
 3 2
 4 3
35 5 5
 0 1
 1 3
 2 3
 3 3
 4 3
36 3 5
 0 2
 1 3
 2 1
 3 0
 4 1
37 9 5
 0 2
 1 2
 2 1
 3 1
 4 2
38 15 5
 0 0
 1 2
 2 1
 3 2
 4 2
39 13 5
 0 2
 1 2
 2 3
 3 1
 4 0
40 7 5
 0 3
 1 0
 2 3
 3 0
 4 3
41 5 5
 0 1
 1 2
 2 0
 3 1
 4 2
42 13 5
 0 0
 1 2
 2 3
 3 3
 4 0
43 4 5
 0 0
 1 1
 2 1
 3 3
 4 0
44 11 5
 0 2
 1 2
 2 2
 3 3
 4 0
45 13 5
 0 0
 1 3
 2 1
 3 0
 4 1
46 12 5
 0 3
 1 3
 2 0
 3 0
 4 3
47 6 5
 0 2
 1 2
 2 3
 3 1
 4 2
48 8 5
 0 2
 1 2
 2 3
 3 3
 4 3
49 11 5
 0 3
 1 3
 2 0
 3 3
 4 0
50 11 5
 0 0
 1 3
 2 1
 3 1
 4 1
51 9 5
 0 1
 1 3
 2 0
 3 3
 4 2
52 3 5
 0 3
 1 1
 2 3
 3 1
 4 0
53 8 5
 0 3
 1 1
 2 0
 3 0
 4 3
54 14 5
 0 0
 1 0
 2 2
 3 0
 4 2
55 3 5
 0 2
 1 1
 2 0
 3 1
 4 0
56 13 5
 0 0
 1 0
 2 1
 3 3
 4 0
57 3 5
 0 0
 1 1
 2 1
 3 0
 4 2
58 8 5
 0 0
 1 3
 2 2
 3 1
 4 2
59 7 5
 0 1
 1 0
 2 2
 3 3
 4 1
60 14 5
 0 2
 1 3
 2 0
 3 2
 4 2
61 3 5
 0 2
 1 3
 2 0
 3 2
 4 3
62 12 5
 0 0
 1 2
 2 1
 3 0
 4 0
63 4 5
 0 1
 1 3
 2 2
 3 1
 4 0
64 3 5
 0 1
 1 2
 2 0
 3 2
 4 3
65 7 5
 0 3
 1 2
 2 3
 3 3
 4 1
66 9 5
 0 1
 1 0
 2 1
 3 2
 4 3
67 6 5
 0 0
 1 3
 2 3
 3 3
 4 1
68 11 5
 0 2
 1 0
 2 1
 3 1
 4 1
69 9 5
 0 2
 1 0
 2 1
 3 2
 4 3
70 12 5
 0 0
 1 1
 2 2
 3 2
 4 3
71 12 5
 0 0
 1 3
 2 0
 3 0
 4 0
72 11 5
 0 0
 1 1
 2 3
 3 3
 4 1
73 3 5
 0 0
 1 1
 2 1
 3 2
 4 0
74 9 5
 0 1
 1 2
 2 0
 3 3
 4 2
75 13 5
 0 1
 1 1
 2 2
 3 2
 4 1
76 12 5
 0 3
 1 0
 2 1
 3 1
 4 0
77 13 5
 0 1
 1 0
 2 2
 3 0
 4 3
78 15 5
 0 1
 1 1
 2 1
 3 3
 4 0
79 13 5
 0 3
 1 1
 2 2
 3 2
 4 2
80 12 5
 0 0
 1 0
 2 2
 3 1
 4 0
81 6 5
 0 3
 1 2
 2 2
 3 3
 4 1
82 9 5
 0 1
 1 3
 2 2
 3 0
 4 1
83 13 5
 0 3
 1 1
 2 0
 3 2
 4 3
84 10 5
 0 1
 1 3
 2 0
 3 0
 4 3
85 9 5
 0 1
 1 1
 2 3
 3 0
 4 0
86 8 5
 0 3
 1 0
 2 2
 3 1
 4 3
87 14 5
 0 2
 1 1
 2 1
 3 3
 4 0
88 5 5
 0 1
 1 1
 2 3
 3 2
 4 0
89 11 5
 0 0
 1 0
 2 3
 3 3
 4 1
90 11 5
 0 3
 1 2
 2 3
 3 3
 4 0
91 0 5
 0 0
 1 0
 2 0
 3 0
 4 0

# PRECEDENCES
171
72 73
7 17
62 72
67 68
72 82
44 45
67 77
44 54
3 13
8 9
0 5
8 18
40 50
36 46
41 42
18 19
73 74
41 51
18 28
73 83
14 15
9 10
0 7
14 24
74 75
9 19
74 84
10 20
15 16
47 48
15 25
42 43
47 57
42 52
38 39
48 49
38 48
0 9
48 58
75 76
80 90
85 86
75 85
16 17
71 72
81 82
16 26
71 81
12 13
22 23
77 78
12 22
0 2
22 32
77 87
49 50
49 59
13 14
45 46
13 23
55 56
45 55
55 65
82 83
51 52
46 47
51 61
23 24
78 79
46 56
23 33
78 88
83 84
19 20
19 29
24 25
79 80
56 57
79 89
56 66
52 53
20 30
52 62
57 58
89 90
53 54
53 63
25 26
30 40
25 35
26 27
21 22
26 36
31 32
86 87
21 31
17 18
27 28
17 27
27 37
54 55
64 65
54 64
5 6
50 60
60 70
87 88
1 2
0 4
1 11
28 29
28 38
88 89
24 34
29 30
84 85
61 62
61 71
0 6
2 3
2 12
57 67
62 63
3 4
58 59
35 36
58 68
35 45
0 8
31 41
36 37
68 69
63 64
68 78
63 73
32 33
32 42
4 5
59 60
64 74
69 70
4 14
59 69
69 79
0 1
5 15
65 66
0 10
65 75
37 38
37 47
6 7
6 16
33 34
43 44
33 43
43 53
70 80
39 40
0 3
29 39
34 35
39 49
11 12
66 67
34 44
76 77
11 21
66 76
76 86
7 8
