# Tier 6 (Large) - Instance 29
# Generated with config: N=103, K=5, topology=grid, calendar=staggered

# HEADER: <num_tasks> <num_types> <num_units>
105 5 42

# RESOURCE TYPES
# Format: <type_id> <num_units> <unit_id1> <unit_id2> ...
0 6 0 1 2 3 4 5
1 7 6 7 8 9 10 11 12
2 10 13 14 15 16 17 18 19 20 21 22
3 9 23 24 25 26 27 28 29 30 31
4 10 32 33 34 35 36 37 38 39 40 41

# RESOURCE UNITS (Calendars)
# Format: <unit_id> <num_steps> <t1> <v1> <t2> <v2> ...
0 24 0 100 78 0 90 100 156 0 166 100 234 0 244 100 312 0 326 100 390 0 403 100 468 0 478 100 546 0 558 100 624 0 634 100 702 0 714 100 780 0 795 100 858 0 876 100 941 0
1 24 0 100 99 0 110 100 177 0 186 100 255 0 267 100 333 0 350 100 411 0 426 100 489 0 501 100 567 0 585 100 645 0 662 100 723 0 734 100 801 0 817 100 879 0 890 100 941 0
2 24 0 100 120 0 137 100 198 0 209 100 276 0 288 100 354 0 372 100 432 0 441 100 510 0 522 100 588 0 606 100 666 0 679 100 744 0 755 100 822 0 836 100 900 0 912 100 941 0
3 24 0 100 141 0 152 100 219 0 229 100 297 0 307 100 375 0 384 100 453 0 468 100 531 0 547 100 609 0 620 100 687 0 702 100 765 0 783 100 843 0 857 100 921 0 935 100 941 0
4 24 0 100 1 0 14 100 162 0 178 100 240 0 253 100 318 0 333 100 396 0 414 100 474 0 492 100 552 0 565 100 630 0 643 100 708 0 718 100 786 0 804 100 864 0 881 100 941 0
5 24 0 100 22 0 36 100 183 0 196 100 261 0 270 100 339 0 353 100 417 0 431 100 495 0 505 100 573 0 586 100 651 0 661 100 729 0 741 100 807 0 825 100 885 0 900 100 941 0
6 24 0 100 43 0 59 100 204 0 221 100 282 0 293 100 360 0 374 100 438 0 453 100 516 0 527 100 594 0 608 100 672 0 687 100 750 0 765 100 828 0 845 100 906 0 919 100 941 0
7 22 0 100 64 0 79 100 225 0 241 100 303 0 316 100 381 0 396 100 459 0 468 100 537 0 555 100 615 0 628 100 693 0 704 100 771 0 784 100 849 0 862 100 941 0
8 24 0 100 7 0 16 100 85 0 102 100 246 0 255 100 324 0 340 100 402 0 411 100 480 0 498 100 558 0 568 100 636 0 648 100 714 0 723 100 792 0 808 100 870 0 883 100 941 0
9 24 0 100 28 0 44 100 106 0 120 100 267 0 278 100 345 0 359 100 423 0 438 100 501 0 519 100 579 0 595 100 657 0 673 100 735 0 745 100 813 0 822 100 891 0 903 100 941 0
10 24 0 100 49 0 58 100 127 0 136 100 288 0 298 100 366 0 383 100 444 0 461 100 522 0 532 100 600 0 613 100 678 0 694 100 756 0 770 100 834 0 852 100 912 0 930 100 941 0
11 22 0 100 70 0 79 100 148 0 159 100 309 0 318 100 387 0 400 100 465 0 478 100 543 0 558 100 621 0 639 100 699 0 712 100 777 0 786 100 855 0 867 100 941 0
12 24 0 100 13 0 22 100 91 0 102 100 169 0 179 100 330 0 348 100 408 0 424 100 486 0 496 100 564 0 576 100 642 0 660 100 720 0 732 100 798 0 816 100 876 0 886 100 941 0
13 24 0 100 34 0 45 100 112 0 126 100 190 0 204 100 351 0 363 100 429 0 442 100 507 0 525 100 585 0 600 100 663 0 680 100 741 0 759 100 819 0 830 100 897 0 912 100 941 0
14 24 0 100 55 0 71 100 133 0 145 100 211 0 224 100 372 0 386 100 450 0 462 100 528 0 539 100 606 0 618 100 684 0 696 100 762 0 773 100 840 0 856 100 918 0 933 100 941 0
15 22 0 100 76 0 92 100 154 0 171 100 232 0 248 100 393 0 405 100 471 0 481 100 549 0 563 100 627 0 640 100 705 0 721 100 783 0 800 100 861 0 875 100 941 0
16 24 0 100 19 0 28 100 97 0 113 100 175 0 185 100 253 0 267 100 414 0 428 100 492 0 506 100 570 0 586 100 648 0 665 100 726 0 736 100 804 0 817 100 882 0 894 100 941 0
17 24 0 100 40 0 50 100 118 0 128 100 196 0 209 100 274 0 290 100 435 0 446 100 513 0 530 100 591 0 604 100 669 0 685 100 747 0 759 100 825 0 837 100 903 0 920 100 941 0
18 24 0 100 61 0 71 100 139 0 154 100 217 0 232 100 295 0 304 100 456 0 465 100 534 0 546 100 612 0 630 100 690 0 706 100 768 0 786 100 846 0 858 100 924 0 935 100 941 0
19 24 0 100 4 0 21 100 82 0 99 100 160 0 177 100 238 0 249 100 316 0 328 100 477 0 491 100 555 0 564 100 633 0 642 100 711 0 729 100 789 0 801 100 867 0 883 100 941 0
20 24 0 100 25 0 39 100 103 0 113 100 181 0 195 100 259 0 277 100 337 0 355 100 498 0 512 100 576 0 590 100 654 0 669 100 732 0 745 100 810 0 825 100 888 0 898 100 941 0
21 24 0 100 46 0 57 100 124 0 138 100 202 0 218 100 280 0 296 100 358 0 373 100 519 0 530 100 597 0 607 100 675 0 691 100 753 0 764 100 831 0 846 100 909 0 927 100 941 0
22 24 0 100 67 0 85 100 145 0 158 100 223 0 236 100 301 0 317 100 379 0 396 100 540 0 549 100 618 0 632 100 696 0 707 100 774 0 788 100 852 0 869 100 930 0 940 100 941 0
23 24 0 100 10 0 21 100 88 0 102 100 166 0 184 100 244 0 261 100 322 0 338 100 400 0 409 100 561 0 576 100 639 0 649 100 717 0 734 100 795 0 807 100 873 0 888 100 941 0
24 24 0 100 31 0 49 100 109 0 123 100 187 0 202 100 265 0 274 100 343 0 354 100 421 0 432 100 582 0 595 100 660 0 673 100 738 0 753 100 816 0 826 100 894 0 906 100 941 0
25 24 0 100 52 0 64 100 130 0 144 100 208 0 224 100 286 0 303 100 364 0 376 100 442 0 458 100 603 0 616 100 681 0 690 100 759 0 768 100 837 0 853 100 915 0 925 100 941 0
26 22 0 100 73 0 84 100 151 0 165 100 229 0 241 100 307 0 321 100 385 0 401 100 463 0 479 100 624 0 639 100 702 0 712 100 780 0 789 100 858 0 874 100 941 0
27 24 0 100 16 0 27 100 94 0 109 100 172 0 184 100 250 0 266 100 328 0 337 100 406 0 420 100 484 0 500 100 645 0 656 100 723 0 734 100 801 0 815 100 879 0 888 100 941 0
28 24 0 100 37 0 46 100 115 0 131 100 193 0 205 100 271 0 288 100 349 0 367 100 427 0 437 100 505 0 514 100 666 0 684 100 744 0 753 100 822 0 835 100 900 0 915 100 941 0
29 24 0 100 58 0 68 100 136 0 153 100 214 0 225 100 292 0 309 100 370 0 388 100 448 0 464 100 526 0 538 100 687 0 704 100 765 0 782 100 843 0 852 100 921 0 931 100 941 0
30 24 0 100 1 0 19 100 79 0 91 100 157 0 167 100 235 0 252 100 313 0 330 100 391 0 400 100 469 0 478 100 547 0 563 100 708 0 725 100 786 0 799 100 864 0 878 100 941 0
31 24 0 100 22 0 33 100 100 0 111 100 178 0 188 100 256 0 271 100 334 0 348 100 412 0 422 100 490 0 506 100 568 0 583 100 729 0 746 100 807 0 818 100 885 0 900 100 941 0
32 24 0 100 43 0 61 100 121 0 133 100 199 0 214 100 277 0 288 100 355 0 370 100 433 0 442 100 511 0 528 100 589 0 606 100 750 0 768 100 828 0 842 100 906 0 923 100 941 0
33 24 0 100 64 0 75 100 142 0 154 100 220 0 237 100 298 0 307 100 376 0 387 100 454 0 466 100 532 0 542 100 610 0 623 100 771 0 788 100 849 0 867 100 927 0 939 100 941 0
34 24 0 100 7 0 21 100 85 0 100 100 163 0 180 100 241 0 258 100 319 0 333 100 397 0 411 100 475 0 491 100 553 0 568 100 631 0 641 100 792 0 805 100 870 0 882 100 941 0
35 24 0 100 28 0 37 100 106 0 124 100 184 0 195 100 262 0 276 100 340 0 355 100 418 0 433 100 496 0 505 100 574 0 584 100 652 0 667 100 813 0 823 100 891 0 902 100 941 0
36 24 0 100 49 0 65 100 127 0 136 100 205 0 221 100 283 0 297 100 361 0 373 100 439 0 457 100 517 0 528 100 595 0 613 100 673 0 687 100 834 0 845 100 912 0 924 100 941 0
37 22 0 100 70 0 84 100 148 0 164 100 226 0 235 100 304 0 315 100 382 0 391 100 460 0 471 100 538 0 555 100 616 0 629 100 694 0 704 100 855 0 868 100 941 0
38 24 0 100 13 0 31 100 91 0 105 100 169 0 183 100 247 0 256 100 325 0 342 100 403 0 419 100 481 0 498 100 559 0 572 100 637 0 648 100 715 0 725 100 876 0 888 100 941 0
39 24 0 100 34 0 45 100 112 0 128 100 190 0 203 100 268 0 283 100 346 0 355 100 424 0 433 100 502 0 520 100 580 0 596 100 658 0 672 100 736 0 752 100 897 0 912 100 941 0
40 24 0 100 55 0 72 100 133 0 144 100 211 0 227 100 289 0 306 100 367 0 381 100 445 0 455 100 523 0 539 100 601 0 613 100 679 0 690 100 757 0 770 100 918 0 930 100 941 0
41 22 0 100 76 0 85 100 154 0 171 100 232 0 242 100 310 0 319 100 388 0 401 100 466 0 478 100 544 0 561 100 622 0 637 100 700 0 713 100 778 0 789 100 941 0

# TASKS
# Format: <task_id> <size> <num_reqs>
# Then for each requirement: <type_id> <qty>
0 0 5
 0 0
 1 0
 2 0
 3 0
 4 0
1 5 5
 0 0
 1 1
 2 0
 3 0
 4 3
2 10 5
 0 2
 1 3
 2 2
 3 3
 4 3
3 14 5
 0 3
 1 0
 2 0
 3 3
 4 0
4 12 5
 0 3
 1 1
 2 2
 3 0
 4 0
5 8 5
 0 2
 1 3
 2 3
 3 0
 4 2
6 3 5
 0 1
 1 2
 2 2
 3 2
 4 1
7 14 5
 0 0
 1 0
 2 0
 3 2
 4 3
8 6 5
 0 0
 1 3
 2 0
 3 2
 4 0
9 15 5
 0 1
 1 2
 2 3
 3 3
 4 1
10 8 5
 0 3
 1 1
 2 0
 3 0
 4 2
11 13 5
 0 3
 1 1
 2 2
 3 3
 4 1
12 14 5
 0 1
 1 2
 2 1
 3 0
 4 3
13 7 5
 0 2
 1 3
 2 1
 3 3
 4 3
14 5 5
 0 3
 1 0
 2 3
 3 1
 4 1
15 10 5
 0 3
 1 1
 2 0
 3 0
 4 1
16 5 5
 0 3
 1 2
 2 0
 3 1
 4 3
17 7 5
 0 0
 1 3
 2 2
 3 2
 4 1
18 5 5
 0 3
 1 0
 2 3
 3 0
 4 0
19 13 5
 0 1
 1 1
 2 3
 3 0
 4 1
20 8 5
 0 2
 1 0
 2 3
 3 0
 4 3
21 7 5
 0 2
 1 1
 2 2
 3 0
 4 2
22 13 5
 0 1
 1 1
 2 2
 3 0
 4 0
23 11 5
 0 1
 1 2
 2 1
 3 1
 4 1
24 7 5
 0 0
 1 2
 2 1
 3 2
 4 2
25 8 5
 0 0
 1 2
 2 3
 3 3
 4 2
26 13 5
 0 0
 1 1
 2 1
 3 0
 4 2
27 3 5
 0 1
 1 0
 2 3
 3 1
 4 1
28 10 5
 0 2
 1 0
 2 3
 3 0
 4 0
29 4 5
 0 1
 1 0
 2 2
 3 3
 4 3
30 13 5
 0 3
 1 2
 2 0
 3 1
 4 0
31 10 5
 0 0
 1 3
 2 1
 3 1
 4 0
32 6 5
 0 2
 1 3
 2 3
 3 3
 4 3
33 3 5
 0 0
 1 3
 2 1
 3 0
 4 2
34 3 5
 0 0
 1 1
 2 2
 3 3
 4 3
35 10 5
 0 2
 1 0
 2 3
 3 2
 4 0
36 4 5
 0 0
 1 2
 2 3
 3 0
 4 0
37 13 5
 0 3
 1 1
 2 3
 3 2
 4 1
38 5 5
 0 0
 1 3
 2 2
 3 0
 4 0
39 11 5
 0 1
 1 2
 2 0
 3 0
 4 3
40 5 5
 0 3
 1 2
 2 0
 3 0
 4 1
41 11 5
 0 1
 1 3
 2 2
 3 0
 4 0
42 13 5
 0 3
 1 3
 2 2
 3 1
 4 0
43 11 5
 0 1
 1 3
 2 2
 3 2
 4 1
44 4 5
 0 0
 1 1
 2 1
 3 0
 4 2
45 5 5
 0 0
 1 2
 2 2
 3 1
 4 2
46 11 5
 0 0
 1 3
 2 3
 3 0
 4 1
47 10 5
 0 0
 1 3
 2 0
 3 2
 4 0
48 3 5
 0 3
 1 1
 2 1
 3 2
 4 0
49 12 5
 0 0
 1 1
 2 0
 3 0
 4 0
50 3 5
 0 2
 1 3
 2 2
 3 1
 4 3
51 3 5
 0 2
 1 3
 2 2
 3 3
 4 1
52 14 5
 0 2
 1 1
 2 3
 3 1
 4 3
53 3 5
 0 0
 1 0
 2 2
 3 1
 4 2
54 11 5
 0 1
 1 3
 2 2
 3 0
 4 1
55 11 5
 0 2
 1 0
 2 0
 3 0
 4 1
56 14 5
 0 1
 1 1
 2 2
 3 0
 4 0
57 14 5
 0 2
 1 1
 2 0
 3 0
 4 0
58 4 5
 0 0
 1 0
 2 2
 3 1
 4 2
59 11 5
 0 2
 1 0
 2 3
 3 3
 4 1
60 11 5
 0 1
 1 1
 2 0
 3 1
 4 2
61 11 5
 0 0
 1 0
 2 3
 3 3
 4 0
62 9 5
 0 2
 1 2
 2 0
 3 3
 4 1
63 7 5
 0 2
 1 0
 2 0
 3 3
 4 3
64 11 5
 0 0
 1 2
 2 1
 3 0
 4 0
65 13 5
 0 1
 1 3
 2 0
 3 2
 4 1
66 12 5
 0 3
 1 3
 2 3
 3 2
 4 2
67 7 5
 0 0
 1 3
 2 3
 3 0
 4 3
68 6 5
 0 1
 1 1
 2 2
 3 3
 4 2
69 12 5
 0 2
 1 0
 2 1
 3 1
 4 1
70 14 5
 0 0
 1 3
 2 0
 3 1
 4 0
71 9 5
 0 3
 1 1
 2 2
 3 1
 4 1
72 3 5
 0 0
 1 0
 2 3
 3 0
 4 1
73 6 5
 0 1
 1 2
 2 2
 3 3
 4 0
74 7 5
 0 3
 1 1
 2 1
 3 1
 4 2
75 5 5
 0 2
 1 0
 2 0
 3 0
 4 3
76 4 5
 0 0
 1 1
 2 0
 3 3
 4 1
77 15 5
 0 2
 1 1
 2 3
 3 1
 4 0
78 15 5
 0 0
 1 0
 2 2
 3 3
 4 2
79 6 5
 0 2
 1 0
 2 0
 3 2
 4 1
80 5 5
 0 0
 1 1
 2 2
 3 1
 4 3
81 5 5
 0 0
 1 1
 2 3
 3 0
 4 2
82 7 5
 0 2
 1 2
 2 0
 3 2
 4 0
83 12 5
 0 2
 1 0
 2 3
 3 3
 4 1
84 6 5
 0 0
 1 3
 2 1
 3 0
 4 2
85 4 5
 0 1
 1 3
 2 3
 3 1
 4 3
86 5 5
 0 3
 1 0
 2 3
 3 3
 4 2
87 3 5
 0 2
 1 1
 2 1
 3 3
 4 2
88 6 5
 0 3
 1 0
 2 3
 3 2
 4 3
89 14 5
 0 0
 1 0
 2 2
 3 1
 4 1
90 7 5
 0 1
 1 3
 2 3
 3 2
 4 2
91 13 5
 0 0
 1 0
 2 3
 3 2
 4 2
92 6 5
 0 3
 1 3
 2 3
 3 0
 4 2
93 12 5
 0 3
 1 1
 2 2
 3 3
 4 2
94 14 5
 0 3
 1 0
 2 3
 3 3
 4 2
95 3 5
 0 0
 1 1
 2 3
 3 3
 4 0
96 9 5
 0 2
 1 0
 2 0
 3 3
 4 2
97 8 5
 0 0
 1 1
 2 1
 3 2
 4 0
98 6 5
 0 3
 1 1
 2 0
 3 0
 4 0
99 8 5
 0 3
 1 0
 2 1
 3 1
 4 1
100 7 5
 0 1
 1 1
 2 0
 3 3
 4 1
101 13 5
 0 1
 1 0
 2 2
 3 3
 4 2
102 10 5
 0 2
 1 2
 2 1
 3 2
 4 1
103 7 5
 0 3
 1 1
 2 1
 3 3
 4 3
104 0 5
 0 0
 1 0
 2 0
 3 0
 4 0

# PRECEDENCES
196
72 73
55 66
67 68
50 61
82 93
8 9
51 62
0 5
40 41
46 57
23 34
100 101
83 94
41 42
96 97
18 19
24 35
73 74
79 90
56 67
14 15
20 31
9 10
0 7
74 75
57 68
89 100
15 16
47 48
53 64
30 41
42 43
25 36
90 101
38 39
48 49
21 32
0 9
31 42
80 81
86 97
75 76
85 86
68 79
27 38
16 17
71 72
81 82
54 65
64 75
59 70
12 13
0 2
5 16
60 71
49 50
87 98
1 12
13 14
92 103
45 46
28 39
50 51
82 83
33 44
88 99
51 52
46 47
23 24
29 40
78 79
84 95
61 72
83 84
66 77
19 20
2 13
24 25
79 80
56 57
62 73
20 21
52 53
3 14
58 69
35 46
57 58
89 90
40 51
53 54
30 31
36 47
91 102
25 26
90 91
63 74
73 84
26 27
32 43
21 22
31 32
4 15
86 87
14 25
69 80
17 18
27 28
0 11
10 21
65 76
54 55
64 65
37 48
47 58
6 17
5 6
60 61
43 54
87 88
38 49
97 98
70 81
1 2
0 4
80 91
39 50
28 29
34 45
93 94
11 22
76 87
71 82
7 18
29 30
72 83
84 85
61 62
12 23
67 78
44 55
0 6
2 3
8 19
62 63
94 95
45 56
3 4
58 59
35 36
41 52
18 29
95 96
78 89
0 8
36 37
9 20
91 92
68 69
19 30
74 85
63 64
32 33
15 26
4 5
59 60
69 70
42 53
101 102
52 63
0 1
10 11
65 66
0 10
48 59
37 38
92 93
102 103
75 86
6 7
85 96
43 44
16 27
98 99
26 37
81 92
70 71
39 40
0 3
22 33
34 35
77 88
17 28
76 77
49 60
7 8
13 24
