# Tier 5 (Very Hard) - Instance 54
# Generated with config: N=59, K=3, topology=random_dag, calendar=random

# HEADER: <num_tasks> <num_types> <num_units>
61 3 18

# RESOURCE TYPES
# Format: <type_id> <num_units> <unit_id1> <unit_id2> ...
0 7 0 1 2 3 4 5 6
1 6 7 8 9 10 11 12
2 5 13 14 15 16 17

# RESOURCE UNITS (Calendars)
# Format: <unit_id> <num_steps> <t1> <v1> <t2> <v2> ...
0 20 0 100 37 0 38 100 67 0 68 100 151 0 152 100 163 0 165 100 180 0 182 100 232 0 234 100 355 0 356 100 358 0 360 100 367 0 369 100 495 0
1 20 0 100 5 0 6 100 30 0 31 100 51 0 52 100 165 0 166 100 194 0 195 100 210 0 211 100 409 0 411 100 447 0 448 100 456 0 458 100 495 0
2 20 0 100 16 0 18 100 85 0 87 100 179 0 181 100 243 0 244 100 324 0 326 100 397 0 398 100 417 0 419 100 438 0 439 100 448 0 449 100 495 0
3 18 0 100 88 0 89 100 269 0 270 100 351 0 353 100 361 0 363 100 398 0 399 100 406 0 408 100 476 0 478 100 483 0 484 100 495 0
4 20 0 100 17 0 19 100 102 0 103 100 213 0 214 100 235 0 237 100 288 0 290 100 396 0 398 100 416 0 417 100 453 0 455 100 485 0 486 100 495 0
5 20 0 100 95 0 96 100 100 0 102 100 157 0 158 100 168 0 170 100 355 0 357 100 360 0 362 100 404 0 406 100 440 0 441 100 443 0 445 100 495 0
6 20 0 100 87 0 89 100 112 0 114 100 222 0 224 100 232 0 234 100 279 0 281 100 378 0 380 100 420 0 422 100 439 0 441 100 446 0 448 100 495 0
7 18 0 100 46 0 48 100 50 0 52 100 95 0 97 100 188 0 189 100 230 0 232 100 320 0 321 100 421 0 423 100 430 0 432 100 495 0
8 20 0 100 139 0 140 100 199 0 201 100 208 0 210 100 252 0 253 100 284 0 285 100 373 0 375 100 427 0 429 100 459 0 460 100 481 0 483 100 495 0
9 18 0 100 45 0 46 100 52 0 54 100 98 0 99 100 139 0 141 100 215 0 217 100 250 0 252 100 370 0 371 100 390 0 391 100 495 0
10 18 0 100 54 0 56 100 77 0 79 100 235 0 237 100 244 0 245 100 267 0 269 100 336 0 338 100 359 0 361 100 394 0 396 100 495 0
11 20 0 100 55 0 56 100 65 0 67 100 92 0 93 100 113 0 114 100 141 0 142 100 214 0 216 100 246 0 248 100 325 0 327 100 356 0 357 100 495 0
12 20 0 100 7 0 9 100 38 0 39 100 51 0 52 100 70 0 71 100 150 0 151 100 347 0 349 100 377 0 378 100 464 0 466 100 469 0 471 100 495 0
13 20 0 100 89 0 90 100 99 0 101 100 126 0 127 100 155 0 156 100 276 0 277 100 304 0 306 100 314 0 315 100 384 0 385 100 435 0 437 100 495 0
14 18 0 100 44 0 46 100 83 0 85 100 160 0 161 100 184 0 185 100 202 0 203 100 245 0 247 100 338 0 339 100 483 0 484 100 495 0
15 20 0 100 50 0 51 100 137 0 139 100 171 0 173 100 182 0 183 100 214 0 215 100 255 0 257 100 273 0 275 100 318 0 320 100 438 0 439 100 495 0
16 20 0 100 52 0 54 100 60 0 61 100 168 0 170 100 192 0 194 100 204 0 205 100 215 0 216 100 360 0 361 100 376 0 378 100 439 0 440 100 495 0
17 18 0 100 54 0 56 100 135 0 137 100 148 0 150 100 161 0 163 100 194 0 195 100 385 0 387 100 393 0 395 100 455 0 457 100 495 0

# TASKS
# Format: <task_id> <size> <num_reqs>
# Then for each requirement: <type_id> <qty>
0 0 3
 0 0
 1 0
 2 0
1 14 3
 0 2
 1 3
 2 3
2 7 3
 0 0
 1 2
 2 2
3 15 3
 0 3
 1 3
 2 0
4 14 3
 0 0
 1 3
 2 0
5 4 3
 0 2
 1 2
 2 2
6 9 3
 0 0
 1 2
 2 3
7 10 3
 0 2
 1 0
 2 0
8 10 3
 0 0
 1 3
 2 3
9 11 3
 0 2
 1 0
 2 0
10 3 3
 0 0
 1 3
 2 1
11 15 3
 0 1
 1 0
 2 0
12 7 3
 0 2
 1 1
 2 0
13 13 3
 0 3
 1 3
 2 3
14 7 3
 0 2
 1 0
 2 3
15 12 3
 0 3
 1 0
 2 2
16 7 3
 0 3
 1 2
 2 3
17 12 3
 0 0
 1 0
 2 2
18 11 3
 0 2
 1 3
 2 1
19 12 3
 0 2
 1 3
 2 3
20 4 3
 0 2
 1 1
 2 3
21 8 3
 0 1
 1 0
 2 1
22 2 3
 0 2
 1 0
 2 2
23 12 3
 0 1
 1 0
 2 3
24 14 3
 0 3
 1 2
 2 2
25 8 3
 0 2
 1 0
 2 0
26 3 3
 0 1
 1 0
 2 0
27 14 3
 0 2
 1 2
 2 1
28 6 3
 0 1
 1 1
 2 2
29 10 3
 0 1
 1 1
 2 3
30 4 3
 0 2
 1 0
 2 3
31 8 3
 0 3
 1 2
 2 2
32 13 3
 0 3
 1 3
 2 2
33 4 3
 0 2
 1 2
 2 3
34 11 3
 0 0
 1 2
 2 1
35 11 3
 0 0
 1 0
 2 3
36 6 3
 0 0
 1 0
 2 2
37 4 3
 0 3
 1 1
 2 2
38 11 3
 0 3
 1 1
 2 0
39 13 3
 0 3
 1 2
 2 2
40 5 3
 0 1
 1 0
 2 1
41 7 3
 0 2
 1 0
 2 0
42 7 3
 0 3
 1 0
 2 0
43 13 3
 0 2
 1 3
 2 3
44 5 3
 0 2
 1 3
 2 2
45 12 3
 0 2
 1 2
 2 1
46 11 3
 0 1
 1 3
 2 0
47 3 3
 0 3
 1 1
 2 3
48 8 3
 0 0
 1 0
 2 1
49 12 3
 0 3
 1 1
 2 0
50 15 3
 0 1
 1 0
 2 3
51 8 3
 0 2
 1 2
 2 1
52 9 3
 0 3
 1 0
 2 1
53 7 3
 0 3
 1 2
 2 1
54 6 3
 0 0
 1 3
 2 1
55 5 3
 0 0
 1 1
 2 0
56 11 3
 0 0
 1 3
 2 0
57 5 3
 0 0
 1 2
 2 2
58 14 3
 0 0
 1 1
 2 2
59 11 3
 0 3
 1 2
 2 3
60 0 3
 0 0
 1 0
 2 0

# PRECEDENCES
530
26 30
17 58
18 35
8 9
0 5
48 54
0 14
6 48
11 14
29 50
40 50
0 23
41 42
10 54
44 56
22 28
32 60
43 60
15 16
47 48
18 21
28 53
5 60
0 9
6 43
21 41
21 50
10 31
25 38
44 51
10 58
22 32
35 60
13 60
24 60
14 37
17 39
5 55
29 31
6 38
6 47
21 45
54 60
33 37
10 44
2 40
3 5
43 50
22 27
24 46
3 23
1 53
13 55
14 32
24 55
16 60
36 47
9 30
55 60
36 56
9 39
17 52
6 51
2 8
10 21
25 28
12 58
51 58
3 18
24 50
35 59
36 42
5 36
17 38
28 38
17 56
6 19
9 52
50 53
27 60
6 37
39 43
39 52
20 48
12 44
31 57
12 53
2 30
32 40
1 34
1 43
13 45
13 54
24 54
46 60
57 60
5 22
36 37
17 42
28 42
9 38
5 49
42 44
50 57
8 60
19 60
30 60
0 56
10 11
39 47
31 43
2 16
23 57
32 35
13 31
32 44
43 44
9 15
5 26
38 60
49 60
5 35
9 24
17 37
27 50
8 46
30 46
0 51
20 29
11 60
12 25
23 25
2 11
39 60
20 56
4 39
31 56
13 17
1 33
13 35
16 31
13 44
24 44
17 23
19 32
30 41
0 37
11 37
0 46
11 46
30 59
0 55
39 46
4 34
12 47
23 47
13 21
45 53
24 30
22 60
1 46
5 16
38 50
5 25
49 59
8 27
19 27
30 36
0 32
30 45
0 41
11 41
42 56
0 50
11 50
20 28
0 59
41 60
52 60
11 59
4 20
20 37
12 33
4 38
1 14
4 47
34 48
3 51
37 53
3 60
14 60
15 34
26 34
57 58
26 52
38 54
49 54
8 13
18 57
19 22
0 18
8 31
27 44
0 27
8 40
30 40
0 36
0 45
0 54
12 19
4 15
12 28
33 60
44 60
23 37
4 33
53 56
3 46
14 46
22 59
37 48
7 25
18 25
26 47
7 43
0 4
27 30
0 13
0 22
29 58
0 31
30 44
0 40
33 46
4 19
25 60
1 13
3 32
45 47
34 56
45 56
14 50
18 20
18 47
0 8
19 21
0 17
29 53
40 53
6 60
0 26
11 26
0 35
22 58
36 60
47 60
7 24
18 24
0 3
8 16
0 12
29 48
0 21
6 55
40 57
21 53
25 32
33 45
41 58
3 22
22 35
14 40
47 55
15 32
7 28
18 28
17 60
28 60
0 7
48 56
0 16
10 20
41 44
25 27
2 34
33 49
3 8
2 52
25 54
7 14
36 50
18 23
5 53
9 60
0 2
6 36
29 47
40 47
10 24
54 58
10 33
2 29
25 40
51 52
3 21
13 53
24 53
1 60
9 46
17 59
58 60
28 59
6 31
21 29
6 40
29 51
21 47
2 6
31 60
20 60
10 37
2 33
32 34
2 42
51 56
3 16
32 52
3 25
1 55
24 57
5 34
17 36
28 36
28 54
9 50
6 26
50 60
21 33
31 46
54 57
23 51
2 28
12 60
23 60
32 38
13 34
24 34
51 60
1 41
32 56
43 56
16 57
5 20
17 31
17 40
28 40
9 45
42 51
42 60
39 45
39 54
2 14
20 50
20 59
31 59
12 55
4 51
4 60
43 51
16 34
35 56
16 52
46 53
38 58
5 33
5 51
6 16
50 59
8 53
19 53
30 53
0 49
0 58
39 40
31 36
2 9
20 45
12 41
31 54
53 60
16 29
13 42
1 49
5 10
1 58
28 30
15 60
26 60
9 35
6 20
19 39
19 48
30 48
42 50
0 44
11 44
19 57
0 53
11 53
12 18
2 4
39 53
12 36
23 36
4 32
31 58
23 54
34 60
45 60
56 60
16 33
16 42
9 21
15 55
26 55
49 57
18 60
7 60
0 30
27 56
0 39
42 54
0 48
0 57
31 35
23 31
31 44
4 27
1 3
4 36
23 49
1 12
13 14
53 59
1 30
37 60
26 41
38 52
18 46
15 59
8 20
27 33
0 25
27 51
0 34
42 49
0 43
0 52
41 53
4 13
12 26
33 58
1 7
22 48
45 59
38 47
49 56
18 50
0 11
48 60
0 20
0 29
11 29
19 42
30 42
0 38
0 47
11 47
4 8
4 17
10 60
1 11
3 39
34 54
14 57
15 22
37 59
15 31
18 27
18 36
26 49
0 6
7 54
0 15
11 15
19 28
29 60
0 24
40 60
21 56
30 37
0 33
11 33
0 42
33 39
41 52
44 48
44 57
2 60
22 56
56 58
15 26
59 60
7 40
0 1
0 10
40 46
19 23
0 19
40 55
30 32
0 28
21 60
25 30
41 56
25 39
25 57
3 20
14 38
22 51
