# Tier 5 (Very Hard) - Instance 22
# Generated with config: N=52, K=3, topology=random_dag, calendar=staggered

# HEADER: <num_tasks> <num_types> <num_units>
54 3 16

# RESOURCE TYPES
# Format: <type_id> <num_units> <unit_id1> <unit_id2> ...
0 6 0 1 2 3 4 5
1 4 6 7 8 9
2 6 10 11 12 13 14 15

# RESOURCE UNITS (Calendars)
# Format: <unit_id> <num_steps> <t1> <v1> <t2> <v2> ...
0 14 0 100 65 0 68 100 130 0 132 100 195 0 198 100 260 0 262 100 325 0 327 100 390 0 393 100 460 0
1 14 0 100 92 0 94 100 157 0 160 100 222 0 224 100 287 0 289 100 352 0 355 100 417 0 419 100 460 0
2 14 0 100 119 0 121 100 184 0 186 100 249 0 251 100 314 0 317 100 379 0 381 100 444 0 446 100 460 0
3 14 0 100 11 0 14 100 146 0 149 100 211 0 214 100 276 0 278 100 341 0 343 100 406 0 409 100 460 0
4 14 0 100 38 0 41 100 173 0 175 100 238 0 241 100 303 0 305 100 368 0 371 100 433 0 436 100 460 0
5 13 0 0 3 100 65 0 68 100 200 0 202 100 265 0 268 100 330 0 332 100 395 0 398 100 460 0
6 14 0 100 27 0 29 100 92 0 95 100 227 0 230 100 292 0 294 100 357 0 360 100 422 0 424 100 460 0
7 14 0 100 54 0 57 100 119 0 121 100 254 0 256 100 319 0 322 100 384 0 387 100 449 0 452 100 460 0
8 14 0 100 16 0 19 100 81 0 83 100 146 0 148 100 281 0 283 100 346 0 349 100 411 0 413 100 460 0
9 14 0 100 43 0 45 100 108 0 111 100 173 0 175 100 308 0 310 100 373 0 376 100 438 0 441 100 460 0
10 14 0 100 5 0 7 100 70 0 73 100 135 0 138 100 200 0 203 100 335 0 338 100 400 0 403 100 460 0
11 14 0 100 32 0 35 100 97 0 99 100 162 0 165 100 227 0 229 100 362 0 364 100 427 0 429 100 460 0
12 14 0 100 59 0 61 100 124 0 126 100 189 0 191 100 254 0 257 100 389 0 392 100 454 0 456 100 460 0
13 14 0 100 21 0 24 100 86 0 89 100 151 0 153 100 216 0 218 100 281 0 283 100 416 0 419 100 460 0
14 14 0 100 48 0 50 100 113 0 115 100 178 0 181 100 243 0 245 100 308 0 310 100 443 0 446 100 460 0
15 14 0 100 10 0 12 100 75 0 78 100 140 0 143 100 205 0 207 100 270 0 273 100 335 0 337 100 460 0

# TASKS
# Format: <task_id> <size> <num_reqs>
# Then for each requirement: <type_id> <qty>
0 0 3
 0 0
 1 0
 2 0
1 10 3
 0 3
 1 3
 2 3
2 10 3
 0 0
 1 1
 2 3
3 7 3
 0 1
 1 2
 2 3
4 13 3
 0 1
 1 1
 2 3
5 5 3
 0 0
 1 1
 2 0
6 4 3
 0 1
 1 1
 2 0
7 2 3
 0 2
 1 2
 2 2
8 8 3
 0 2
 1 0
 2 0
9 4 3
 0 3
 1 0
 2 0
10 7 3
 0 0
 1 2
 2 0
11 9 3
 0 2
 1 2
 2 2
12 14 3
 0 0
 1 3
 2 3
13 3 3
 0 1
 1 1
 2 1
14 8 3
 0 0
 1 0
 2 3
15 13 3
 0 3
 1 3
 2 1
16 5 3
 0 0
 1 0
 2 1
17 8 3
 0 3
 1 1
 2 2
18 7 3
 0 0
 1 1
 2 2
19 14 3
 0 0
 1 2
 2 2
20 14 3
 0 1
 1 3
 2 1
21 7 3
 0 0
 1 1
 2 2
22 8 3
 0 0
 1 0
 2 1
23 11 3
 0 3
 1 3
 2 3
24 11 3
 0 2
 1 2
 2 1
25 3 3
 0 3
 1 0
 2 2
26 9 3
 0 1
 1 2
 2 1
27 5 3
 0 0
 1 2
 2 0
28 10 3
 0 0
 1 0
 2 1
29 2 3
 0 3
 1 1
 2 2
30 3 3
 0 0
 1 3
 2 1
31 9 3
 0 2
 1 2
 2 0
32 7 3
 0 0
 1 0
 2 1
33 12 3
 0 1
 1 0
 2 0
34 8 3
 0 2
 1 2
 2 2
35 5 3
 0 1
 1 3
 2 0
36 2 3
 0 3
 1 0
 2 3
37 4 3
 0 0
 1 1
 2 0
38 13 3
 0 2
 1 0
 2 2
39 5 3
 0 3
 1 2
 2 0
40 4 3
 0 1
 1 1
 2 2
41 4 3
 0 3
 1 0
 2 3
42 13 3
 0 1
 1 3
 2 1
43 4 3
 0 2
 1 0
 2 2
44 12 3
 0 0
 1 0
 2 2
45 6 3
 0 0
 1 3
 2 3
46 9 3
 0 2
 1 0
 2 3
47 14 3
 0 1
 1 1
 2 1
48 14 3
 0 1
 1 0
 2 2
49 11 3
 0 3
 1 2
 2 3
50 9 3
 0 1
 1 1
 2 2
51 13 3
 0 2
 1 2
 2 0
52 12 3
 0 1
 1 0
 2 3
53 0 3
 0 0
 1 0
 2 0

# PRECEDENCES
333
36 53
47 53
26 30
8 9
0 5
0 14
0 23
41 42
2 32
44 47
3 6
14 33
22 46
7 21
17 53
28 53
7 30
21 32
0 9
21 50
9 53
48 53
21 36
10 35
33 37
2 31
2 40
3 5
32 41
3 14
32 50
24 46
35 46
3 23
14 23
1 53
28 34
9 48
6 42
2 8
20 53
31 53
3 18
17 20
17 29
9 52
50 53
6 28
39 43
2 3
10 25
23 53
12 53
13 27
24 27
51 53
1 34
1 43
5 31
42 53
20 43
4 53
24 31
43 53
17 19
9 15
5 26
50 52
0 51
2 11
4 39
1 24
24 26
16 22
1 33
1 42
24 44
35 44
1 51
15 53
26 53
0 37
30 50
0 46
31 51
34 53
45 53
24 30
9 14
5 25
7 53
18 53
19 36
0 32
11 32
0 41
11 41
0 50
12 15
4 20
4 47
45 48
24 25
16 21
37 53
15 34
8 22
27 35
0 18
0 27
11 27
19 40
27 53
0 36
19 49
30 49
0 45
41 46
4 6
20 32
22 41
3 46
7 25
15 38
15 47
38 49
7 43
0 4
7 52
0 13
19 26
0 22
0 31
8 44
19 44
0 40
10 53
25 51
4 28
45 47
37 52
18 29
15 42
8 12
0 8
19 21
0 17
29 53
40 53
11 17
0 26
0 35
41 45
2 53
34 42
34 51
0 3
29 39
0 12
0 21
21 53
11 30
10 43
25 41
10 52
2 48
22 44
22 53
18 19
15 32
7 37
8 11
0 7
0 16
6 50
10 29
25 27
25 36
32 53
14 26
7 14
5 53
9 51
0 2
21 34
6 45
21 43
51 52
3 21
14 21
35 53
13 53
24 53
7 9
5 48
17 50
28 50
40 51
21 47
2 24
32 52
13 48
16 53
17 27
17 36
47 49
6 17
29 37
21 33
39 50
31 46
10 23
23 51
2 28
13 34
24 43
9 18
5 29
17 31
28 31
5 38
17 49
28 49
9 45
6 21
21 28
39 45
31 41
2 14
2 23
32 33
1 36
43 51
35 47
46 53
9 13
5 33
28 35
28 44
6 7
8 53
19 53
30 53
0 49
20 45
12 50
4 46
13 24
24 51
38 53
49 53
9 35
19 48
0 44
11 53
12 27
39 53
31 49
4 32
1 8
16 33
5 32
0 30
30 43
0 39
11 39
0 48
12 22
4 18
12 40
37 51
7 46
18 46
0 25
27 51
0 34
30 47
0 43
0 52
41 53
52 53
4 22
12 35
23 35
3 53
14 53
18 32
15 45
26 45
7 50
18 50
0 11
8 24
0 20
19 33
30 33
27 46
0 29
0 38
19 51
0 47
33 53
44 53
14 39
3 48
37 49
15 49
18 45
0 6
0 15
19 28
0 24
0 33
0 42
44 48
25 53
22 29
14 52
7 40
0 1
0 10
19 23
6 53
0 19
0 28
11 28
33 34
33 43
22 33
34 35
22 42
3 38
3 47
